39827
98807
158745
44720
249089
16922
59255
161154
152263
159023
255718
69791
27817
257175
174187
39558
62225
253888
77678
81499
238618
262860
172083
239579
240055
158689
41208
150655
80149
63099
68956
158215
98025
195237
192184
609471
252427
39957
290280
84646
95317
40933
36169
237946
416815
71680
280793
291633
98796
79412
96937
25024
171114
94612
58275
421891
65265
37408
193512
195251
87989
158164
198288
78853
155907
202125
41014
23142
174044
156498
167400
163488
171538
64974
430133
424583
94995
21934
155321
87887
9568
198449
60393
241484
110033
194770
290985
68167
602228
190726
248887
252421
257164
89303
262679
174043
61271
153909
41422
245174
75675
75710
9624
73275
183731
67106
72070
110021
257388
184331
27054
94602
36513
182391
416915
431369
250841
162778
152252
65057
188
172183
171823
86716
238624
153398
616200
240857
68363
67286
104898
97080
182917
9529
428778
166922
36425
159809
186863
24194
172299
2183
22032
77057
246447
168361
153070
164230
153760
40675
259350
4806
51911
153467
96976
153224
98953
200973
63222
2446
419800
88051
158214
240748
230142
72155
636729
188835
69663
411025
50898
153723
80021
94015
151519
155386
412048
250640
58653
58494
54511
76440
168383
107576
90711
181469
248734
180374
409849
174556
198735
174138
422797
434188
153025
158101
87229
158715
614306
259824
84587
87564
2206
51390
150238
153717
51446
73808
189968
280554
10035
166710
57714
30904
50897
86432
105510
24333
230328
150315
73981
84451
184975
184330
27402
230345
98892
99346
421272
91960
29355
252366
66105
67589
55871
161146
164624
194762
261766
172829
161692
81919
259861
152329
155562
200827
1565
260182
24801
21107
75525
88506
418692
39336
187612
71950
163882
417425
167996
193505
258112
162730
61025
51896
196120
51666
414387
418090
66064
414558
247001
58978
165408
415606
93328
240859
98579
159286
406613
153077
198633
195396
251858
602453
189550
261966
15734
170690
62891
78851
291563
193432
194878
87850
239652
85883
406612
28649
82913
75092
1000
20945
97461
414259
97618
181653
260584
245092
187916
417049
106482
416814
156595
152786
433337
102606
244299
420822
58737
316
77585
612194
76014
201213
157836
171448
25787
261530
238550
82423
78414
84661
30897
248676
75993
65671
68430
167918
291288
97071
79925
153975
72580
73529
36454
36574
74525
182773
2108
181046
188358
57409
417705
261174
39772
24190
50871
27187
22096
162162
248545
154189
90177
43420
169429
249996
153937
61753
91690
246311
195853
98808
632069
420476
162168
23708
66132
251498
246001
72504
68766
431008
2111
96933
187914
237361
68125
236004
72717
35329
641377
290324
165815
202348
89687
243643
81206
86759
11805
432040
180464
56134
158506
159205
153340
78808
85518
193302
151501
104380
11263
85415
152218
186605
42671
75210
418690
180576
183811
31078
238319
54777
188374
84580
72410
80967
153053
248230
290990
79385
59763
422387
257389
202019
78120
55660
153464
759444
91397
56505
14279
254072
150242
32560
105431
161648
185370
157399
2447
89936
243409
82981
73647
236269
290765
248559
82303
262933
194240
400222
262553
202124
2840
94616
167731
63225
416711
201818
194739
230388
167703
73661
23186
78123
171595
150976
198201
52037
168144
171837
172300
427458
156530
29390
61151
54404
75628
41803
27819
45822
193892
43969
9605
40766
166991
259073
154411
172839
154090
180819
55632
84133
190744
165779
165394
163411
230552
184593
30615
110318
93938
248167
161693
83947
64791
54855
237926
64752
5298
43724
161858
78055
158217
238627
432202
170168
154349
80143
193304
80197
55462
35272
24205
63221
30747
427870
187907
153342
93904
85360
72073
291637
16755
53800
84714
163389
201753
74871
258026
167742
247727
417699
93742
23446
43230
261135
43689
161670
60398
23853
71805
422397
96730
86508
247801
261846
82929
61021
94608
248237
164442
27399
415950
159396
171110
152465
414375
172792
187271
172133
88504
155116
68131
194374
86760
155665
91168
86203
260857
75626
290630
200522
259849
78390
186952
66742
163797
9148
432205
91675
181525
63281
91955
37052
251481
78135
195261
238496
27400
78412
241488
28482
98888
158227
246358
605634
173982
430616
258124
409850
180059
61070
759452
184972
88644
56337
170035
2010
257335
6166
87992
66100
51998
281378
65627
63164
41142
75513
156015
79919
188359
78143
106043
73403
173059
189597
190572
248236
247048
91703
4849
26990
9150
153720
421190
40707
193506
66101
415303
194925
67992
253421
92900
189343
172379
92536
281081
30583
153231
163443
45666
36050
418645
150097
41310
172278
195264
230262
59957
192360
152346
98618
162395
23432
150463
159768
250842
230102
197373
243413
248604
187922
237494
252619
240014
258148
80141
17036
15583
120
89347
54605
40315
246662
49554
52749
86355
260864
65493
66475
27423
93872
99758
85513
169152
165365
69163
642085
56352
247407
237343
31111
407962
248622
80671
54793
189201
263768
63659
79000
97898
413098
156466
61023
73604
194332
760017
245326
249077
417634
251384
173340
166492
78116
433456
258841
421716
65508
108974
261964
244146
40466
170301
130021
94020
188796
71532
262058
240021
190747
190348
254451
413112
78864
155279
169611
29283
180459
156537
168595
182920
56349
88915
79980
90447
69171
93944
188799
73687
415886
81112
23644
247327
202783
14395
190577
80246
26063
24211
20721
195245
97588
165370
153226
82407
264138
52113
163430
237753
26588
163415
28558
84918
159630
201456
163418
59196
26759
246904
196425
82312
250539
170148
80844
19069
416922
1457
100018
172309
34052
230332
230441
40751
83852
48137
98962
189896
430604
34050
78402
105172
237944
72560
193994
181011
58931
50275
616313
81497
60152
230341
98934
94954
622458
201453
413594
33897
40409
409928
78813
93439
24867
80282
56538
87328
168919
93634
157628
36148
201446
9174
30903
153125
81922
150645
66937
22009
430187
156495
69646
257709
41269
31112
246400
202047
74616
65628
167906
70031
50518
170300
280121
76167
45819
158672
41193
69893
628897
195852
248188
624035
95402
41426
15242
5248
33646
241489
246401
257798
88447
40584
171599
52179
30850
85953
74790
258177
6287
66238
96185
257331
600175
238988
237176
72059
100622
413103
99623
80222
98871
249078
29115
23710
251024
80387
262840
43199
96939
160097
202273
151506
161354
616177
255849
165168
26344
170149
164545
195847
163941
173346
150138
93456
152255
247049
413340
55664
47121
196987
421271
169612
44869
158712
160063
262998
20214
247529
252635
237964
10172
172277
151494
238490
248678
253319
194816
151732
425694
2009
180406
659106
151497
159247
24504
65465
171598
23965
95496
201641
62480
58727
415489
62683
151496
202323
74605
97077
55589
153933
54064
88314
195397
75369
193030
99963
80776
251590
162160
186781
78151
40279
71431
185712
155469
261220
153255
83458
415885
194245
428745
291314
83461
164451
50849
44749
102990
162645
30868
51667
174614
88959
43718
81942
97944
230346
257714
39161
98965
168117
72194
15757
2995
82872
193921
40928
193318
77651
96943
82347
68633
238489
60538
50311
32567
51264
95378
79793
78856
151522
192348
409272
27775
153741
109419
88907
85397
107636
643067
174552
415051
162165
80851
153718
65487
152795
67017
411327
152488
191119
79422
37145
65266
11254
241812
252071
81861
98810
9240
172832
9633
88725
607560
71989
168887
78145
92911
78496
160645
193913
237141
62872
238047
170159
36206
885
238287
189911
78554
86633
55649
86291
59192
73792
254068
410090
9425
73952
415518
109793
194377
96935
67739
153753
51469
155667
180041
429519
35138
155822
423443
173975
250659
33652
170656
410144
75126
171531
166918
201638
9021
257078
710036
27368
152035
52631
96872
162159
193993
24193
51736
77092
99055
41050
195239
162175
15577
422264
193433
248626
251484
83900
188802
22207
168137
62988
67071
194977
97162
167263
90200
291335
73809
170295
93989
94016
193912
91531
427389
255854
246404
24534
41005
74283
193029
195758
413193
54390
433241
74910
414260
248277
81217
44717
51419
180492
184592
256209
56363
161669
189555
158056
290624
605665
197859
20748
417695
27877
74959
95997
290281
43743
190345
417298
91396
257377
241660
93317
629100
26582
409854
153099
406614
81358
230348
908
14123
414174
247411
40927
170167
33928
84816
187413
189970
31250
170163
40307
88556
193150
72029
159605
249420
250796
151445
188361
166058
257376
181861
162405
71019
238638
182071
191527
198587
290123
85355
91828
38044
193312
2133
162760
24943
69356
259070
163730
254308
194430
600287
200131
404479
89301
73815
616448
262589
39533
249080
78804
240046
28054
620063
86926
75377
74029
83594
24536
408313
380483
65732
38229
159395
600266
198787
202328
248171
50802
153905
249069
90649
198190
248563
23770
23346
97553
63224
96456
89350
189942
248803
421548
238117
5611
163442
173984
201363
167009
33647
31092
84321
422259
82313
67021
280418
251488
415813
58207
97782
77300
158709
290632
160655
28214
95602
49663
183749
35537
170465
652896
79997
174189
94422
257155
628903
10160
164404
93543
166653
380115
88616
174574
59891
261758
98784
659561
166923
183769
31085
633213
405958
90483
79475
260858
85209
81812
188623
95052
15698
81323
251480
197860
71685
1530
230043
162403
27997
251500
91338
85663
86687
94342
5672
257285
80388
91702
189559
646265
253877
78136
209
85351
32558
54314
52785
92910
82912
417969
58454
93902
60181
103910
78686
201856
25825
417676
155323
425440
86818
181860
90719
171588
152457
76122
418688
89446
33826
260560
85604
5333
73810
24506
237418
2182
51665
169231
88128
245806
30333
9566
70027
615738
180817
157643
156376
628472
261552
167704
241242
411024
164636
616516
152467
67072
76151
40587
40510
200133
53754
244011
172174
407876
162007
185932
237766
251318
109719
72322
65065
400339
261560
245121
251846
161127
160436
380383
197557
83324
261044
155188
173328
418967
94390
152797
29047
156529
2801
89348
230329
171463
27765
80520
241404
83842
86758
73735
55872
258136
257393
94518
83269
182388
15012
100864
85443
24537
68537
263106
69430
88650
100290
237674
619730
167684
66938
24962
153934
424920
78183
409930
636880
238304
429182
100551
262601
193670
24152
195794
163862
163732
86509
9520
60539
94637
26308
162393
237414
194773
261683
415707
429734
159016
76156
237410
94951
62358
94890
41352
80518
162400
252137
27993
201444
98891
159615
40673
15981
78181
168139
84972
250630
2245
250864
419227
106534
76867
253320
246520
195204
616196
84458
155278
96172
415715
31057
164954
90666
163268
189922
72027
259023
90093
24763
35119
155280
249636
249048
97941
98552
202516
85706
250806
156489
171542
31989
166500
85520
44715
427174
152215
73567
108783
646670
253266
59881
198585
24870
36341
71432
66479
261687
158681
155186
69431
414393
247525
80096
78142
406525
36562
247047
150094
411145
250840
95625
258138
160600
193639
250907
238631
183768
150824
9023
409885
174087
65985
44670
110390
158718
158717
65629
241243
248945
50938
201211
78955
25821
71324
168859
2744
8751
39604
27818
41270
181570
248050
419479
158702
88981
410239
30805
89461
67103
77367
51496
158068
99129
417101
91096
186213
66851
153463
152211
258116
89840
81205
415027
600289
44719
161353
23848
96193
406531
99965
85773
9806
151433
423608
103446
154931
154400
41620
195400
247033
189929
194749
163278
184974
81486
26307
92034
75410
91692
400465
169423
237809
106400
182717
237145
194344
52348
629117
161347
172618
188295
73930
71434
4812
62098
417301
27349
161360
150236
10510
153078
197434
27401
72060
22274
155277
258135
41951
39389
152563
163275
158163
92576
421279
164080
183748
25725
158698
79859
646586
291286
41189
183970
102359
168360
157339
91706
34094
72546
251138
156469
59740
63657
187908
189044
8134
246403
152469
96746
248555
85211
72691
33276
247328
251568
163274
429189
73743
415997
24941
87429
254636
409852
627105
86774
260928
54062
192630
13425
172655
164285
181043
69461
181314
4682
163880
90487
151748
252132
261867
92394
189075
89056
94023
202942
83945
202322
32002
4639
607229
188158
189359
100529
431393
98960
82916
93364
248170
99996
24719
243725
167741
77091
30891
89444
261682
71884
416918
82118
64652
247729
87529
2181
404695
237575
262045
61026
41039
20819
24020
102039
16127
401210
236258
198289
24254
56321
185539
428512
38386
65004
151632
247051
55518
153752
27946
54018
195859
153742
195249
202940
74612
43578
156367
9549
56504
153465
41314
74994
30862
153749
98797
191847
96936
86910
196115
108763
611670
193510
152209
83268
161003
60372
251491
194244
153225
187428
170154
238495
158161
191526
41327
243646
92492
56547
31093
259166
1388
55508
158247
33502
22392
187917
258155
43220
183087
194640
59583
167952
70025
2444
95314
627393
237113
172143
185358
94601
166546
248886
228
189342
98774
48178
415884
98882
408431
97676
23714
170263
250622
422427
174321
52153
56339
65968
33872
39905
38171
245496
8399
34085
80472
156385
982
99479
83282
37300
259860
290982
172842
90674
94339
414396
2012
16463
55476
162648
249065
61700
241423
236045
8752
171029
79605
9637
185245
191842
258839
166494
95459
67709
157314
57213
96639
244143
16572
32627
100863
93475
77572
161355
44692
96170
195668
91261
53332
423147
65500
65494
6271
290811
57968
55483
202548
167905
11807
158107
152251
164438
195394
71023
88908
34201
240668
2860
156531
174573
81364
202941
66039
251856
89447
171115
183963
85620
190432
150095
33726
281412
102045
153714
29240
158719
172145
246852
93631
95913
642091
419802
39337
164435
249972
57569
173605
202346
96417
32591
65666
202743
49760
162184
158611
87211
185393
153731
258129
263032
39331
91339
151197
60180
200870
202875
55456
67895
153352
237246
41271
93254
200257
413107
14394
87872
156528
188648
87562
170152
258855
87612
99054
80589
98097
257408
93587
259141
73656
416917
425109
35691
158228
190441
31372
39906
89445
88237
65987
195405
201587
415064
78130
163394
2109
605623
51206
280120
97201
413496
192816
418257
55477
167738
23439
190652
155495
162761
96853
158665
64708
197227
63562
20169
165778
290992
100202
186954
86277
244746
105374
98056
158224
71149
75625
23769
413099
409848
5081
37305
81480
9818
193919
196119
39908
93326
170157
158682
259343
27741
173971
160318
76928
97555
156465
42012
56554
63427
71213
158229
236267
15134
250838
258922
39183
80224
64731
616172
238978
50796
195399
91785
162161
153399
163930
35555
43039
41112
58753
87735
192595
72859
65039
190396
85358
163944
24854
99458
56133
252128
40313
422798
245794
251850
256220
245061
191849
87871
251859
238303
30860
53218
247639
185583
91763
9471
150208
214
629116
407958
280400
78986
93207
180458
154480
82405
79396
79869
257051
202859
162266
202349
9237
130009
35544
63677
82745
110083
69952
68890
69892
173339
195241
416912
4538
90714
241154
20259
9026
195591
173334
37368
54816
164407
170322
164286
79669
186726
73972
29241
53240
77299
195124
616292
30221
72047
72068
174554
169148
607842
66528
261557
78890
252632
167425
62394
423306
2429
169145
4537
86168
39212
55465
94254
659562
202946
185540
89397
91784
89349
32626
153968
188423
406532
158684
252678
194641
195172
193031
162779
35166
249098
96162
5610
81365
429191
30740
189847
92795
81216
169151
50623
66244
93253
421629
259352
24488
5595
243948
14162
86305
183698
196328
90508
162929
246448
30814
248189
97336
99291
9526
194431
55471
245024
181863
62871
54321
620301
416715
44907
257382
417426
11797
162575
71956
191122
258057
239223
409715
247238
170863
413700
91823
98140
290327
246000
62040
186272
59391
27357
257231
433242
99617
63658
98819
100517
241824
169139
40464
51573
80847
150677
65664
97552
265592
3056
258151
239664
92562
259071
238613
89525
190000
153972
259347
84017
67970
230349
31376
68238
417697
246014
200817
83267
194751
87875
200635
241485
66476
185613
162606
168501
51734
173054
108297
9188
259424
96125
97473
78582
100219
75409
248808
241487
202657
251027
639951
237065
100823
89607
24549
23804
57964
157965
83942
20015
201362
93726
108873
50378
165410
37410
167950
280551
13019
51340
72678
71420
262229
68427
77271
5279
31508
37307
58708
239452
109718
89985
167250
65007
158221
195863
75207
79387
56991
154141
75079
405959
100728
98820
196284
404696
193507
40474
75374
185371
200437
251842
56980
85411
239227
168341
23962
73022
74057
28252
252791
78876
188360
250792
34838
188469
291331
39235
197717
419492
237808
93428
90181
89964
90172
63341
158676
419804
193317
72045
415568
230274
258692
248621
414392
245498
162186
169842
240013
78862
195028
190808
89110
71900
185612
237405
83839
28646
246217
154154
33874
2243
75672
22280
105208
71029
154935
625376
15536
173325
39952
9888
195243
244300
759651
83001
172080
191846
258690
74606
97096
172437
280549
158961
155764
27998
48147
53798
24156
24869
58933
416911
239761
42497
172305
158231
67351
182909
196111
249074
418600
50473
68612
74218
172525
188635
249722
88267
28340
89935
201445
249228
32509
77592
5306
159020
417681
27238
75708
243656
66352
68934
66669
172280
169153
16750
40129
80846
80077
74570
56331
759649
24868
92577
161865
260361
61027
280301
75499
182919
183810
180193
433336
76262
71628
23419
95037
616261
40518
187429
614675
192991
71896
69062
68267
152260
95430
247838
34678
67741
82914
421376
261901
240666
151495
163391
153349
194334
193301
22076
100179
415029
262847
41998
159806
43259
56343
248547
251854
28836
434079
78128
431391
417424
155908
54243
38233
46007
409578
40477
95915
250094
187928
422549
93632
62342
153403
194764
171594
65038
99620
5260
38418
172365
241803
237164
280122
759458
9176
70026
188368
419798
404478
246498
52905
195256
417777
55498
77090
33649
173343
408569
259355
423267
152451
158693
248554
245154
181754
243376
152212
203102
241330
95714
172833
39407
71256
84585
195633
84756
102353
246631
98493
99627
251564
426543
97937
40994
159800
60174
54375
66245
193818
159769
90677
194973
71095
250653
65626
57540
257216
66670
10364
250541
243416
163931
188356
93727
68764
31137
187924
107670
252327
79113
102038
100267
6022
432569
195168
50295
155275
168749
96974
78138
99340
24686
75677
41325
419137
59959
422386
258140
291636
180363
607358
32623
156492
202944
33983
187918
417251
235987
16533
246739
251026
65058
635637
261965
157560
74394
78811
248187
415714
182035
163881
87120
63239
20799
9693
261020
50626
180192
170626
89647
247002
88319
406526
1303
411820
153405
41772
154729
40871
152257
248882
9979
86151
10251
182425
26046
44762
202016
262934
16423
169937
416920
40949
8401
9347
95916
243377
249974
182068
243726
73973
245000
161808
264523
69045
170297
24500
154524
33592
66321
185368
171241
248234
412776
23378
73564
189628
291001
230340
248190
171591
152468
241818
180056
58930
169700
173052
202882
210
84593
78709
163412
51208
194769
259035
201246
412045
202356
173073
93687
201450
51211
241802
159796
152459
58735
190496
432199
247530
432201
31077
259069
237999
252131
244301
411800
82634
4231
73923
192341
414380
92561
94761
74614
241491
255842
78560
30529
17018
22226
628495
93491
253586
190469
193298
248139
58868
280106
165813
66726
600174
166591
158721
66124
430132
158635
257391
66558
158244
180036
413501
188801
55695
78860
69664
189795
79509
159148
107574
50570
244304
160699
151504
166526
60182
78052
10672
94781
94019
8750
167920
4532
20203
95072
54811
2390
57512
193647
108093
41038
78017
420847
24210
192338
10335
98616
94604
192181
173131
45667
241418
192361
166493
194337
426370
247003
80338
237424
75102
94906
81654
53656
77298
96167
163939
91876
259238
261945
200506
153758
24507
173342
88318
150476
257233
241000
37405
201443
417038
55033
161572
202747
79087
44045
75644
172831
415888
188727
23144
427596
80622
155019
158673
241813
24544
259623
83841
84460
188366
181312
72269
80064
153738
250655
237063
78019
202351
245294
153108
621651
241820
51725
188624
167120
158057
161426
433184
414384
257215
170292
169156
158537
236032
61022
9043
75909
158166
11255
81869
93490
290984
36545
189543
63022
88920
78405
33505
56324
153422
73108
1547
83323
171169
84258
88649
74992
154156
413697
161028
170949
165411
168343
77419
202350
161772
156496
627995
71887
8754
241408
239580
258120
48005
60560
22031
56552
89346
604514
203002
433312
72774
153727
77396
415498
153250
91708
105923
249063
7940
88668
56381
202597
198624
94603
161950
26036
433186
65169
77102
38811
252373
16980
158958
97616
230352
88544
245307
290133
261953
94872
31371
159426
94780
90056
195864
152220
31345
86714
422388
35693
55832
105170
23027
75910
195355
251658
251828
192857
184587
100851
162182
158670
92963
249092
427047
64998
88533
41209
247412
417040
237965
419334
290755
201785
98893
150093
81111
56342
280123
174445
183636
409511
153222
91745
50034
247638
90135
63289
71695
151903
67098
249158
38441
65440
150099
153763
80872
188399
163487
187912
75095
60537
262856
261778
10113
66162
79929
50595
167427
33794
78841
163733
98782
32037
428543
239224
29196
235757
72640
187878
34051
78406
95450
174616
59440
26749
153726
6027
63038
184696
202575
251492
34807
60013
183086
153936
248255
237962
156776
189796
48140
55490
63095
257387
74662
416886
430556
156258
83593
158165
237889
58633
59808
27649
29357
4040
24951
87886
189888
78420
78759
182772
155768
167740
420428
259438
181509
193300
200256
68121
25565
31600
180837
418436
166545
180033
55069
231009
41025
65061
89608
51418
163877
99775
258121
80283
68301
185907
259005
260397
24829
290761
35692
191330
413339
245937
55707
247244
31373
180846
51120
150210
156002
24532
93258
635099
100545
23846
87111
106808
10255
416713
86756
44849
189534
68082
420475
108940
99459
55725
56362
26477
42903
84812
241131
33898
52939
150394
62190
195439
87530
171237
245850
241162
162169
834
427670
413036
425845
426095
95639
60559
418095
73234
35056
154348
258842
238750
97069
8024
69889
247242
93984
27498
27995
160700
191990
174567
97479
280552
162688
194137
24201
201454
182770
237694
172130
78137
162727
74679
84376
157531
235903
15458
28481
402574
160864
74656
155185
158679
66103
250910
33657
202353
53388
245650
183730
48128
91285
241482
159799
153419
239716
432333
98027
24662
72772
60620
75398
67820
200862
9273
429967
194467
251563
34100
160470
39614
154759
26255
13023
187614
413255
171547
55491
81546
155227
103975
239627
202947
78877
66875
180038
84681
94421
80799
89352
104196
172276
29544
248893
95917
86923
433233
421960
193308
71235
154664
56556
90325
83476
23849
173068
161018
168145
602043
150114
612209
88546
87987
247237
94520
290421
41311
183960
91822
280104
162008
72032
36512
80879
28545
156438
97015
251486
94613
78367
152245
186453
72372
153737
105756
88264
1841
97078
196110
77296
202656
66733
4680
72716
195356
96190
35165
79918
413809
86928
248629
97943
181511
72065
163395
79927
202948
44754
154147
27152
62615
87233
151559
230333
260853
236347
163861
182377
413038
254060
71895
34925
195846
41140
58720
61750
78146
150344
1368
189873
91293
168005
95494
92301
52623
431822
99631
230784
200134
31175
190693
1719
105432
58680
40057
151734
85356
161349
410158
253869
189364
185244
40456
21931
84917
23143
11806
75646
290987
56555
15307
192182
87885
250623
174575
428060
254472
67405
48008
188752
153230
261606
67441
164443
243922
193931
83659
100518
157880
183632
68959
14306
248806
192502
85521
402882
158180
172369
24472
2738
66734
39833
73794
202085
69191
251562
162782
44759
54867
67518
200460
84753
290988
237928
171972
171831
98467
290986
170151
72775
251489
83016
236758
59766
433235
248623
172298
260026
60177
75674
66160
187926
202654
418849
106701
409833
659403
84655
91169
255853
246575
188355
249070
169162
90713
194638
259260
97480
260923
65338
170581
162959
258133
167426
35273
20233
93803
644866
162009
413498
39596
194763
74907
85207
40679
428096
79327
62890
252368
250656
187804
4809
95479
100532
100522
75630
90448
158663
238551
637669
173900
248186
71951
39895
164765
25349
73951
29350
159699
43568
247521
263107
257182
247800
248920
261859
69638
32038
74367
24485
66729
291000
59767
91704
183301
156985
172302
94617
259142
158662
23438
166133
96855
62937
67023
237406
87783
23855
202018
213
244567
107551
99455
44723
90132
93903
236331
237968
413492
260472
415294
195404
79989
158686
251144
28732
87215
84467
109266
2185
241938
261704
79388
247532
75327
87611
193107
17073
258115
43570
202998
80340
63157
72037
628907
97120
258936
51343
91676
250576
251452
53792
237114
39179
416807
75678
74626
616189
66243
9233
194668
65341
174188
58150
84588
241828
15633
248353
58957
258754
24373
421842
250834
419808
61193
172096
238628
261720
168856
188793
237290
241819
191521
93985
87982
159291
238492
51791
72305
189648
402372
159620
56254
37306
238196
191844
26169
59582
165771
87236
162402
11788
67993
74677
31378
182387
84885
81109
67005
63716
50292
189647
62479
290458
235896
50572
73787
193504
158219
27497
169095
160797
81947
78665
35479
189892
261604
628466
66723
36559
158716
66040
39515
9640
14316
40948
237421
152594
65062
23857
71437
96140
86644
262859
57034
63670
150234
38404
83340
41144
73659
103711
78404
130416
168114
258110
67433
182373
243415
153745
52542
193951
251843
71474
258905
26577
407752
159696
156585
161861
416885
30692
245185
73791
110020
78115
109271
172095
201452
86924
152796
196117
169613
79202
239717
258154
55562
98880
247534
28480
191117
155322
236330
86204
416913
290762
247526
251825
404694
189360
100530
263034
170156
250793
163413
50621
189366
164349
24505
57214
75633
63607
155180
51488
108975
603926
415889
415882
404375
171537
152213
414391
55442
261022
238637
39184
424716
1278
92986
108419
95322
153755
290631
35267
110080
156497
89443
75367
65340
171242
169144
95956
98955
68982
174177
40680
257222
262680
51461
172077
23241
26875
66732
248178
50903
77088
193293
291105
26849
26195
39955
250401
194774
257990
189919
67760
23711
245808
251851
99052
83658
422341
106238
50872
152454
2246
87231
77515
41754
194755
239368
7788
84461
110041
91170
4118
69597
95478
252370
94636
153351
194506
33660
65499
252424
80581
81083
425122
68266
86715
245275
402173
82607
68300
1879
69823
182936
161004
50625
54367
98170
86930
201087
98975
26848
38346
158195
259624
50894
37406
92387
170290
419799
424496
173330
89609
290378
89906
94762
194138
70024
31619
416619
170861
260470
41024
155178
257385
79196
91877
245071
403025
192990
38428
58692
80410
170294
165931
79317
59750
163387
93434
159198
108994
88728
195070
265063
159694
190468
427049
56548
49743
35268
230263
165232
260585
414163
67517
66261
96765
163731
166836
62191
264139
20805
9175
238114
193309
71679
95654
28179
94999
72127
238636
107671
158962
201583
415810
428744
166566
193307
10009
11801
80419
157640
2110
50289
162181
182931
247975
83000
84665
153347
50622
44323
414602
91171
73817
96957
107648
413823
627457
121
87109
165664
16
9923
420706
161000
65989
158664
193637
67358
421555
427561
5984
34277
250832
258139
249101
32718
426098
105173
5321
164437
416811
155668
2001
182385
169934
409832
58903
202544
236332
80099
253549
21930
52598
261851
245070
66853
57660
104654
28651
99719
50848
20008
248628
400093
44517
41776
188090
170785
252634
94760
53752
82109
422691
63637
22054
629147
52036
94609
239361
104616
54071
110166
246965
150118
257379
155762
81453
94839
29242
88669
28159
61024
241481
172081
33716
51006
5600
68635
246408
170910
50910
616423
85290
25
54420
43990
241872
628945
187881
80147
196116
24187
236348
186196
193635
23116
107145
252698
162397
108781
258119
249085
86757
162183
238000
158714
616327
193646
99736
197819
194243
15999
39467
249091
90320
171353
391475
165368
74382
251136
51093
39848
637667
83853
109376
196053
248615
197664
237929
50851
39014
248000
155540
616354
183118
153810
182789
407877
201278
83952
291945
241808
80874
414383
646094
50025
64714
93319
71212
27774
193113
289986
409449
44516
172092
49549
422884
78854
237412
193294
82940
237177
70045
152452
425443
194338
83840
79785
72579
196721
85401
58932
61465
150198
152798
188753
34452
53406
14236
65672
159235
422524
50899
24145
290629
238633
96192
263062
93856
110082
95316
180035
431512
90179
50901
427928
237417
238614
83310
195123
258125
78766
98617
5304
30561
155720
424900
241801
237947
85699
29250
88469
56801
88906
241163
52626
155772
243822
60394
31602
39234
195848
187920
243862
167392
412494
40170
153260
53802
194639
95301
10363
9547
159288
55480
182426
50801
60561
54223
249426
34365
9528
173333
163707
261762
180818
51586
150171
159021
93318
169149
430602
94888
33626
248149
180037
27525
169160
187915
152247
250619
94964
162164
156536
166924
252989
236005
89386
191843
16823
247531
72143
249073
254057
248148
409698
414389
203176
36204
161281
161864
94631
25681
80036
40472
93325
81110
422712
35152
91958
41268
40046
166827
241123
71533
188365
193916
261222
432270
55831
22399
249909
249066
72036
39694
604
257504
165932
182923
103434
161343
62719
82982
1001
41059
615825
189202
261136
86510
27523
259072
257381
259006
41423
52054
108193
73043
75270
153808
98047
41004
194737
77582
40566
290909
43800
429966
72956
245653
59614
625
26310
56592
169866
413109
154163
195518
241845
59831
40476
261644
31637
261716
201640
98795
50565
628479
189931
102382
171566
161764
237111
247520
158725
10288
41895
172370
89459
88266
264479
20400
247528
182384
845
161345
32559
188321
33656
248350
185476
241809
23285
159289
173978
171171
21933
194974
66200
30093
164142
616445
51441
86292
188297
74872
72006
252677
42987
44367
98553
188729
51737
616488
78072
100570
41141
290
417700
30018
247303
187226
431388
98811
9464
191557
280725
173752
57911
109346
77073
280399
9235
84132
419631
174270
155993
81372
87119
248550
237143
153208
107216
76313
109363
170052
1301
86353
261719
93112
257991
91294
202769
259170
95128
86276
659824
38345
89691
50416
71899
40070
78779
153809
110081
97621
84887
491556
194757
165231
431389
58003
5336
27816
77295
18125
173682
73055
152283
636995
78182
203008
94392
44392
248182
107394
27922
86762
417688
83002
82873
71831
33595
165230
72079
58385
84810
87237
104715
30864
94615
77919
291161
97477
251141
61144
250723
241873
78139
238616
250911
93321
108075
73166
72095
73021
230347
195756
89045
86913
150775
257712
60562
85522
182932
91254
64902
188047
411219
409596
605
91827
50909
417299
616416
78125
40947
93987
236975
429512
168998
432208
28133
40473
89945
248892
95379
87431
90678
426550
80382
153240
20351
409655
192358
9866
643739
99533
44393
159692
191125
248804
110317
41266
7941
245654
261549
261926
431617
78184
423441
253478
51613
97143
58707
642192
258117
96522
86063
78312
153344
170166
72078
29542
158312
194735
639950
5074
90319
172131
51158
262678
167685
417300
164633
30815
91053
68763
171119
163440
153246
182908
158505
255459
79415
75373
9319
191323
158692
39408
168116
24203
1361
72581
167998
291285
94891
66158
40993
239166
411210
415887
237139
238005
80970
172368
429208
236046
58651
78415
411804
85357
36448
59191
97743
54917
59387
106322
2993
34203
251034
83729
237403
197338
183819
280547
257330
248614
432680
75205
83939
57658
290989
36309
51426
157316
241821
161855
416601
196892
241003
93725
421563
84572
72072
171533
39181
96521
172308
171498
39188
162166
62395
15313
67583
93986
236264
166132
291282
157533
9227
73053
73107
2218
86673
258504
97533
290283
249064
68431
75627
391133
55713
86713
74611
261721
110313
102010
63223
200209
54815
66724
38232
191322
98360
90721
158216
105891
612191
154162
103737
37254
202962
27945
607808
100621
154726
261689
23100
153734
188788
6249
422385
239721
67505
290122
66477
96168
67357
54915
44970
152036
174046
83270
248278
413491
162170
152111
5070
417412
78581
71804
300277
42685
186780
416714
81082
50699
159808
636733
51894
82633
185369
238755
90322
158694
150777
56345
20834
249021
246999
291639
65983
26309
195197
55481
183663
172209
237751
261607
186269
610353
188653
26942
9527
52043
154347
98026
173606
52538
182934
23529
243724
35380
183873
155444
249022
98672
37404
67401
248551
433245
167622
73657
80623
91097
70055
98285
74613
95437
170227
110394
2709
66880
22033
24538
159697
55631
156494
168633
428059
15991
89513
66128
248482
67055
261688
416925
86205
240246
107542
82409
36254
158668
99720
172838
163927
201875
102918
72418
158695
76946
31988
153970
188936
62195
110309
31375
39416
65368
238488
248048
154161
87560
81484
412508
78410
109709
230460
201045
9525
155368
42473
152449
9864
67763
258681
634618
161405
245849
30530
281456
50161
619196
102758
51495
152462
180008
169140
31362
74759
92767
151515
161645
84466
249910
27128
79917
88072
170674
153757
24901
65838
158704
417702
160648
248632
75632
152246
60565
28445
154937
167046
150649
410866
40740
73600
107215
280304
43038
5590
186218
163424
240038
24206
154320
168889
152216
195855
4533
71515
194333
81946
23458
243406
71954
100510
254201
98894
607052
86212
43517
180890
79022
413102
173057
657600
65367
605385
237399
91395
418689
75360
72206
153721
174045
35093
153245
237495
290763
36523
185294
171003
181859
2094
16811
152450
258146
247408
172146
409929
171541
173974
24195
54864
189895
68067
259049
171835
33982
67102
71777
69017
27948
181654
90438
23607
75370
252390
91574
58899
29353
241002
165307
109708
22277
20091
245497
9077
152249
246976
77640
198725
261715
158402
43515
60208
94758
253485
417703
429178
164955
202784
258123
173392
168855
80117
21929
97070
191558
85820
52943
196228
252697
95319
187911
28557
252326
72351
153500
411483
97938
191523
238772
88555
150458
14374
187618
189607
77591
57863
613700
155182
249354
241937
6073
173730
429397
94962
413106
415735
75994
431957
152207
89946
241490
56338
53793
24567
84987
155388
43709
94889
170302
189797
158213
169545
28479
23773
78815
9092
83955
79446
162644
87990
54574
421950
68068
10441
250837
253194
186651
27035
195970
257049
172378
158678
67623
258143
35734
32740
56344
201744
40872
290116
174322
58750
81482
238046
432198
153744
2843
5599
100617
157957
99085
261942
23363
154727
94391
172366
32525
68338
411462
40199
195851
165061
190688
194766
50163
422523
28006
193303
280550
96631
183965
606170
249067
63570
239826
62193
5606
72096
236263
153750
173787
57690
72149
182374
51910
66854
280048
92102
427957
98402
34845
174446
257493
187731
88378
416916
195435
240188
36031
291281
413699
24540
63042
2449
151500
184595
4392
66868
75395
80674
86711
71678
153466
188322
74676
67259
193859
68472
81105
39675
4146
60542
9362
53753
79086
230101
88315
162729
172843
230927
57670
416712
257392
238629
252595
257338
95320
95401
159295
164005
184754
72350
153739
243411
66129
190490
430975
73462
69895
608269
290114
150113
249103
55950
95876
417693
2092
2093
237420
16177
93844
290812
230103
280825
412493
99629
181125
43041
252133
78767
9625
171749
430821
164169
68251
90176
291160
174190
93448
624184
245021
417679
78399
50873
202549
189551
260473
186195
155018
103158
250843
69625
97403
94633
109136
170946
5488
72822
844
90686
155560
281757
84453
108764
59290
421373
71439
187273
25718
163281
94457
80673
33600
55484
87208
54247
130019
36547
196113
153967
236638
98214
73277
98188
421276
150237
80301
78122
248256
290845
71632
166920
31121
163884
89093
50627
192369
158218
414559
166496
153228
154933
416919
40140
69075
291561
60682
30695
108643
98095
193915
78555
195860
159236
169165
409647
162957
238747
619367
202558
9635
108048
631441
171404
413983
170162
82422
99442
87870
260947
59744
79232
618714
41191
25824
54009
431463
71949
62616
4337
202086
81940
51600
161853
155390
163396
84448
257336
67846
35379
77103
92249
63165
417684
239711
193508
27680
40886
238761
15749
155906
62393
249635
163422
52852
155394
201086
186215
173996
193306
193914
184414
244302
161425
259345
24828
161862
193499
162171
83388
35269
290457
74618
78118
75624
79231
156368
184591
411476
248599
158744
60966
192340
157879
652897
150445
71861
291632
9639
155909
67621
55714
67766
157534
192365
193314
645
182922
40583
250575
185923
172147
161427
100258
430979
32690
93392
86927
88724
93743
43054
261547
153259
80225
26042
194336
261623
24946
41324
258150
161807
201636
38892
51391
185904
156584
152655
419664
162176
174378
9118
615718
241409
261718
188964
56350
84581
429179
27330
93393
75093
248561
200980
80247
433457
421902
67330
67348
248680
251487
414264
29540
9865
50197
167739
154157
86175
30703
99306
191327
65866
100149
91380
80219
98286
84135
196494
290379
80248
236268
62164
168890
160886
41427
61697
54821
54510
168420
153971
78018
195858
622452
110399
417384
159766
24242
183633
53804
414379
202697
153976
263105
104129
259168
77843
21884
623975
40508
83940
84755
39391
415604
98474
169482
82721
26994
291116
109138
74706
77763
167405
411179
189928
174644
230326
40329
83337
66478
86621
27682
189374
180029
31157
251473
68799
24620
36256
241825
108888
290993
33758
30816
154932
13022
230351
155769
23441
153735
158220
74333
4403
97590
55525
190495
244042
71258
164431
249634
800
251490
164006
15811
189361
245072
58311
252144
40967
98890
32054
190575
78812
93047
50211
108001
238630
32628
88953
24213
95403
196132
38136
193511
192989
40931
237888
5602
5987
93327
239396
106380
81831
169042
628489
239712
37106
109704
433311
67560
31097
415605
36550
161027
163269
235900
63605
409837
109702
157639
159712
260535
169150
250724
68265
10480
21059
31390
84450
94779
194664
77588
83953
44812
96955
606257
71890
238753
35637
258176
33591
238626
74332
252369
150206
193636
188730
26797
413502
29212
93322
155029
161422
76164
422396
75173
169756
254166
413184
291631
64613
155228
75393
96945
90450
162178
90680
50991
238952
190491
14359
188294
81943
27990
93630
174551
77600
68318
246519
55294
153243
82911
19068
248805
84968
257226
202961
29393
158431
645054
51252
240815
165814
391131
30851
63673
418686
77294
241159
255576
96773
616323
6270
91471
166642
78394
81322
194342
400786
33651
253879
14337
904
170160
260474
75642
108769
170912
200507
185372
71430
27773
413824
5607
161575
258271
153762
55662
192597
75326
169434
68169
238623
172837
88958
86929
40861
83946
288
246012
184318
252270
257122
412257
259622
80035
60415
35670
426760
628475
172059
409735
252365
159805
69008
41732
191542
69423
53322
153761
169757
261685
261137
90651
170625
190492
249068
40674
78140
97097
153722
50590
27843
90720
168143
44764
168634
170293
69894
190573
416808
75156
431382
83311
87731
253486
99806
186216
75376
51007
54043
86352
81207
172093
180839
290477
80037
86356
31722
164436
429472
78150
192631
35772
1548
167156
75508
159733
91379
50491
85410
80420
185711
261043
251561
49567
160866
97551
50911
248627
59930
187616
27921
162167
414162
15172
163936
240198
68473
9980
92974
290377
78391
195849
182386
78400
162728
59765
433307
188549
152466
189618
151880
259075
421645
96012
83475
414394
173060
66262
36002
188292
247675
9570
424636
80229
86914
153733
40328
192503
38140
152250
249094
417467
35572
183841
244077
96944
108966
29193
421549
92902
264191
154159
56354
184588
54268
240007
69102
66480
83481
189365
257217
603924
417680
250833
89941
27988
158740
600285
61192
51132
80320
81481
75316
154350
259346
79326
257713
193561
164907
158052
248607
190494
105565
421545
65988
80068
237162
161644
56412
160889
249049
58652
33602
73793
241817
259363
180371
5048
65801
55561
87114
159423
249723
255579
257380
99625
51620
83943
41267
236256
44368
249949
188367
93396
628494
39182
23042
280390
416923
84591
245186
80402
62084
158699
262427
153748
76165
76927
259479
172024
150395
80825
11799
30861
93430
74629
259139
173336
202017
249720
85614
94997
239653
100195
159767
97781
68337
15439
831
430695
71686
56815
169755
238745
83838
181470
418207
100860
50628
89934
152254
45823
259164
189622
40932
40139
290999
248150
162185
150973
188751
248602
71952
57035
409539
250795
161342
67050
55630
160059
237998
39626
411204
74908
94393
415566
8195
195856
253063
80146
84201
192807
79331
202810
102352
100789
45815
158063
68327
60416
89948
258503
81526
164440
79645
193634
28260
188754
90055
370032
642370
160720
237415
152453
421274
81077
92553
169936
42071
62368
237576
95930
280419
84971
88329
420509
248883
162180
180891
290626
189592
1619
93363
65728
188159
20927
99628
173788
98976
99164
102354
76264
51571
90676
159290
230549
412044
50847
247000
94504
53490
55545
180810
40562
163273
163271
261605
427140
254061
81500
156617
252633
430696
88343
192368
57069
93421
246967
82930
40052
189846
413497
77636
423423
71564
87525
162000
4807
237847
66647
104862
68960
90057
106998
235988
33899
58555
189571
51909
24486
428098
92393
80142
45816
76412
195593
236008
166919
87477
100547
195845
186775
434621
162396
173072
245495
645626
238763
62670
250845
163878
634631
160953
84969
428738
262624
68667
171830
158157
84647
173345
170161
63646
262756
52868
161538
291300
78057
152208
2179
75208
9523
238617
85399
159287
150464
258840
69890
74504
157645
158059
153756
157835
104861
109012
27129
99051
258109
91528
29541
41424
69142
72209
31638
61227
93323
202696
40093
257219
416810
2043
27103
187880
87522
73217
2997
93113
25566
35768
241407
81941
90384
174555
237966
616257
43352
27366
51487
652289
83378
15638
417687
180039
4147
85514
75096
55661
249081
76976
183732
616147
64787
70029
97095
433221
251853
65733
39105
86911
50489
107538
243417
4851
237925
237419
421488
27150
38385
65990
103090
52487
43385
190698
242122
161643
247533
41421
71322
166495
88909
261943
154730
290991
431392
159592
418693
426373
194645
79389
86516
154914
260856
194768
28645
83865
65984
5632
249105
59929
80414
281136
81498
81076
61270
235897
71832
74621
259161
93901
85607
58896
641378
77584
75010
154153
51682
422394
158856
88543
84592
81487
165910
52603
150090
71241
77590
424582
68412
152348
81737
238640
164449
24499
262849
71214
237247
189794
173170
241799
94597
414372
248889
81107
65153
169147
94297
237175
98977
11550
75094
201215
100309
68714
24545
50907
84464
75965
421275
64829
69678
240011
107808
66345
77561
174139
27237
612282
237910
162130
44523
35455
52996
262715
93943
230264
66408
172306
261764
36572
90679
290117
426375
78571
75097
62671
180030
247519
50305
412390
249110
25719
84590
71939
155382
24441
189617
78557
173789
39164
2593
66118
97997
57384
59696
50006
195437
23101
66063
103395
26269
417683
259001
194815
67456
67756
40966
130417
417692
158674
77384
8753
291944
432905
28123
51290
186535
279581
43300
257409
236262
249948
56167
172283
56365
402784
263090
249100
96181
75913
241659
93429
90648
56437
52575
165666
30592
38407
258921
248381
250093
159729
280108
183920
9521
420370
430751
89726
154482
261548
251942
79990
66159
51397
172841
151826
188293
9462
78054
429907
69666
51425
67880
409994
156593
15308
43691
41315
432041
159807
250906
200130
238754
80386
81316
34314
187923
106556
88795
90669
158743
100615
241810
152717
65779
96111
262941
237163
261717
81325
59764
170153
186862
155231
91946
39187
88542
157333
246234
64715
89944
159281
74526
151922
50905
81066
188940
100618
161578
59956
84667
260027
151948
250275
188704
109323
155761
238491
89932
422849
151780
43240
54464
183031
81305
54063
23223
4534
63555
102148
79400
240818
201637
72097
96166
41775
183812
260922
2359
94296
99302
241822
40794
56351
190535
237115
99368
153227
95482
240665
409853
80098
90180
98963
159018
236333
89933
154388
416921
75209
98599
640953
31381
68127
167355
60642
247241
43451
187910
172094
74998
90675
84809
156490
155770
67331
50273
26270
260282
230247
80888
168161
158638
280105
100401
248075
76593
78132
153747
174318
255577
54812
87213
73790
248185
63715
252425
418691
605381
163148
248183
6006
169935
169862
41003
153935
249318
68144
89302
62275
73956
196325
72042
410238
432740
94892
183687
74523
158636
39686
73722
43414
108406
168891
152877
15457
263099
157313
39300
62874
71062
72067
239663
68432
76279
187783
411240
21116
68284
193292
155230
88752
421179
85398
291562
759450
171836
280849
33728
69897
238622
78147
27362
96959
73192
54819
85612
75531
250460
105167
422804
633212
99626
88056
88502
153715
251478
74320
140546
56336
155056
290756
90718
424921
165816
257181
98429
33653
192596
65059
193310
88140
36146
201745
79099
261558
94607
26476
72563
616468
4237
154091
237144
161358
195595
252143
291284
184589
89442
79325
418947
54868
51692
246729
380114
167267
158854
240477
96059
82421
71604
28153
84136
258122
50035
33637
98053
261820
74915
253193
52528
24533
44761
67653
246042
70046
421178
14354
642937
53292
291126
55475
172307
193311
167406
102356
158707
63496
80337
97620
94953
154386
72044
409993
81321
66728
56539
32003
74997
252364
88910
64711
191845
249104
262016
33738
173977
97337
94546
166597
168693
89905
80458
185542
161389
413100
43464
160045
98096
63636
74995
431370
79691
155030
81108
259018
170123
281455
247295
606979
79928
100852
172840
201346
31377
23440
30899
75392
195807
182376
71888
39673
153743
93252
35769
56565
159804
172793
109545
100549
156986
84465
262846
290456
70028
257386
154479
252696
63013
50296
71190
260855
84517
51893
50617
92099
20732
99489
423252
245936
607911
189920
96195
201277
655768
92334
100862
1362
96319
167702
39956
50494
93905
61029
71337
29195
154316
63362
163438
247641
51612
258939
159865
91783
154526
37367
412496
243414
98783
246013
93983
59226
260925
97389
240166
92391
75629
39186
27764
418699
87420
88904
86560
244241
250836
160453
98897
6058
72905
415957
241337
1412
241658
1126
80969
257728
11265
16386
49772
248169
85359
100569
195398
185475
39847
67568
41198
230036
414371
54546
158198
239774
80404
261302
420155
9007
78713
96745
173344
428908
54725
606363
1125
81373
409530
290131
250867
27661
419626
171539
39514
291102
260310
248888
24543
65680
3909
248184
85606
192588
71433
193918
88553
167921
90665
187730
67147
2996
51693
185218
83954
10420
40278
190344
86170
261551
20216
78710
185477
202352
25576
90716
10197
67096
5269
89300
72033
68632
418500
161386
188372
73705
423254
187517
190773
249169
161734
155637
236261
53422
39832
50904
413174
290115
59655
259167
84929
189531
241804
421644
161852
160999
59362
163565
73581
171107
251474
154155
50036
2411
69112
75640
411218
244298
39231
71994
87873
50855
151467
155370
7220
161258
68269
159714
86815
162732
97942
410754
100857
83325
416812
14122
413104
87784
29249
69169
167919
93255
429726
158713
74663
280398
391189
35494
161346
619629
67622
158685
96163
183701
643934
96938
110730
55470
258937
257770
417690
185541
106567
91225
230037
260854
156096
409266
60179
182771
66104
413696
97904
81925
380386
61216
2729
609762
163439
36548
414557
167378
95788
155766
77330
158066
251477
15310
80871
35137
67761
202757
250625
85177
79329
155215
67762
428505
96119
36638
28327
84757
37262
249721
63606
259165
391132
108976
180405
65507
194975
166654
96169
606237
253023
196893
167577
174615
159802
411075
185584
98809
291280
151499
94871
170299
246402
248613
237675
190650
196149
32550
44524
24021
67349
80883
89500
158723
44707
165454
27815
86025
260198
172210
36522
263084
261019
262060
92220
251657
248890
80845
200144
109377
97125
180028
67649
39415
201217
237578
11259
154152
151770
202339
91874
161007
94614
153746
180491
159292
151528
45821
259160
256319
412375
230132
415809
86166
195181
159760
69298
246966
24547
629148
69111
194139
83083
21939
230327
413390
248605
241823
40280
63097
56326
2295
153400
201216
429181
174171
173750
171592
107845
69432
74607
187013
185912
187995
79910
74004
186214
243404
258113
23845
259340
80588
658980
93629
171546
88927
106670
281041
182422
41753
163879
616511
6017
155335
51659
256222
81917
198765
153974
248620
290128
68611
68873
102056
65867
194379
247029
193891
77599
58696
69637
249099
27365
72226
42743
161537
248579
11273
173338
2749
90449
159732
92913
22386
957
238338
77654
28079
194482
44755
41816
247522
82406
4536
71301
150096
79538
110314
156384
98781
90727
250763
181657
80140
241800
249093
246225
156310
54594
84131
72210
93747
173890
241416
173061
15732
60652
262732
98886
9934
154778
80672
170911
14396
186534
251385
429725
39831
98085
56353
87209
40507
39162
53118
241114
256677
85512
86307
77101
100787
31033
432434
158667
51688
65263
193313
247726
198525
189340
6110
264729
36561
15368
619600
241157
200657
158708
79490
246356
84677
70060
83595
251479
202960
68955
248132
161423
150092
24174
153241
616325
257225
259948
28504
150239
172301
86761
25823
402503
413101
69422
83457
195594
245792
257527
247725
158225
90297
30748
164762
251499
180842
166892
171596
55509
258141
249076
262446
77587
40509
78424
423519
67025
88554
20645
193320
66735
87214
54445
4083
73816
55467
9048
62113
57038
99621
56591
67758
196330
191350
250538
290132
623536
174642
94605
260262
166287
249419
44509
27364
257531
31601
37303
165409
151518
235756
425660
24221
82304
162646
88355
417698
291325
192594
243929
56329
194322
181862
23851
258691
44391
182768
96164
259159
51497
66831
419625
84754
183770
90326
408314
161857
29358
291327
290455
71282
97158
60395
290751
36560
254058
87230
158863
168358
51785
5165
290908
170584
241827
412639
94630
109389
194343
189652
58694
91465
162382
202522
158687
96174
251857
250658
71257
241870
409865
107850
104888
162177
85179
412779
36600
415767
230314
59768
89351
79628
26963
491557
158222
261586
161574
230330
97939
241814
429761
290759
108972
193995
428095
165667
74321
169164
290628
56964
421470
156982
34316
416909
759445
195862
154387
194335
88545
96772
412561
250794
72383
257716
79671
158197
80775
70030
73658
421278
245293
96060
250626
68411
68031
26945
24546
255806
79414
201210
155302
15392
250912
155383
94998
200532
50162
184976
79922
93489
75394
249330
67971
430466
97072
173326
160159
186278
107533
171585
256603
28030
193503
248733
21941
413539
257384
52033
87874
290124
16826
39241
35636
247301
51691
419747
249160
190225
15472
433248
165770
171597
201642
239781
86511
172163
78559
83459
186989
26846
187613
83004
409611
162953
182266
155649
163272
415812
194514
238746
238748
260586
24542
109342
95616
99722
51880
69170
163432
182265
172791
26724
251135
66317
100620
202964
78558
422796
429406
168141
653482
172279
257528
173331
198723
258142
92770
90662
74856
68181
31568
169232
67740
10362
193371
243
30854
164544
2445
656879
31090
252127
290120
163435
10440
92216
63037
196925
423255
105936
86925
152112
76269
201348
87785
408145
430681
155712
171565
97970
58758
88552
102273
1964
236637
236257
63474
158746
163306
247724
190347
50379
188728
194802
54865
20863
428378
169138
89344
23850
54552
166567
189848
421903
50502
97780
248179
65993
247799
291333
153730
98818
85568
193154
157750
198611
194599
28110
238762
244303
42963
158724
97141
54775
67753
20166
608629
151970
100614
290810
60644
77111
40513
174613
181864
158232
88422
429407
86854
240206
150098
51289
163427
248609
57212
237748
60643
158048
194345
53330
9560
50415
259341
202127
88322
249050
182382
39470
56802
90323
71889
248682
88929
15490
94251
616289
258131
252695
417696
195169
258152
241158
2088
76859
197820
413110
154087
180276
171870
433238
164441
194748
96103
57243
22221
78572
165772
71168
188373
93899
170146
291638
59195
188800
237887
291634
162196
249911
99723
67099
189887
190574
291283
42057
167404
71892
280003
184758
410000
84589
19006
188798
75098
260920
230146
259144
160698
289
160945
96954
56301
159019
80580
75402
93502
243644
172377
158050
173731
67127
49720
201451
158018
159025
56499
90199
29224
202501
250628
156493
280401
57207
189614
433232
237423
642934
158857
99547
90049
432112
195395
69078
72069
76969
54387
170882
94874
251692
404779
79328
151371
170165
68028
173732
246410
251389
190742
616262
158711
59555
413111
189461
241155
186220
422540
90883
260697
2381
65618
88145
76304
25373
86941
183820
247050
170784
152110
158061
183699
163421
616260
21936
172367
77721
152470
40582
66274
98881
251383
14090
153973
88651
86306
90446
171590
172511
68080
427107
52288
290130
261765
173607
28132
188398
41326
108099
86908
162102
80245
88138
182079
69490
246313
154525
62165
39189
427042
257797
290125
419801
87988
75390
76968
2180
41394
49566
168362
156468
249084
84584
248598
165113
75101
50900
193299
29248
159801
402891
73396
88794
170913
203009
86357
10181
195346
163270
413129
105162
88139
236265
412046
193295
157641
183635
1937
254059
11269
78152
56710
612316
62192
250620
201347
24769
188620
54818
252324
70064
4162
56498
36546
164481
26847
44514
66879
161432
50471
196327
173503
99622
426407
50048
152461
252597
236260
56502
41398
83949
165064
92221
188369
83950
158690
63461
238757
415293
154391
169728
86294
411238
73409
169172
74366
238115
9715
87232
50175
5299
51301
200984
9091
190117
82610
23145
160290
159698
187615
169699
60965
409273
153421
421270
93324
433086
251565
251390
37078
170768
158677
167157
8405
109107
153397
32741
98961
59500
160467
73170
241816
39958
75213
81920
155719
257375
4208
246903
40992
198423
91689
71286
71789
97068
260927
10180
93627
41934
9988
152038
72142
191329
54017
258130
421628
55620
616422
7221
58389
411026
183961
68593
256210
32624
57037
84932
252047
68264
22278
41265
4808
157340
162731
164546
21355
73771
193509
79324
239718
91062
187323
106997
42675
245640
236259
35204
41143
83597
250797
109701
22215
78129
69725
73232
187921
193920
60400
637680
72046
84767
26798
76416
84811
50800
81811
184034
153386
240054
83866
50493
154146
58751
78816
195198
86224
420371
31171
80517
156616
616509
192362
183750
151841
88446
194600
71323
202088
82927
68647
61754
192957
93636
86634
96956
416929
79332
5603
5671
181262
159022
291312
95900
260860
161877
165773
194515
611409
188851
263033
154942
44395
82608
171534
183697
631685
183132
172162
79145
54813
163428
33876
104393
600563
250621
98460
59741
66131
153174
261400
195166
99081
150540
168115
8406
420818
40029
107585
72071
53358
173329
93383
74617
55478
153072
28559
239222
50297
165804
68708
431580
163420
150922
245866
58862
50797
161428
30381
255807
164232
158705
156533
193917
420139
417691
429207
419228
43667
21938
194765
174576
193893
202746
411239
246372
26482
413108
60597
18111
417962
162937
190653
79449
192351
73648
75104
253267
169426
409856
169751
56348
28465
97554
27006
33659
261550
81359
78114
151980
154158
239221
81483
160966
236974
259957
600485
158196
250627
159313
183085
411415
91829
262936
244040
90681
155767
245608
30315
240339
54068
169544
173058
152258
254202
237967
56546
59770
75239
66667
53128
94252
290757
95687
237146
79233
24186
167948
59200
81213
73233
65792
415567
95996
413391
249088
94611
253675
33927
24243
87112
292097
417686
2448
418908
241492
69024
616304
160158
163414
72582
80051
61751
98814
72373
94618
413493
194775
422433
195182
290760
262621
78060
160096
158372
634722
252130
237969
71146
67097
153719
153210
87212
238619
194667
193950
70023
151514
72043
106748
37369
29543
237112
40056
628476
88055
430971
162392
31985
69718
151513
65549
5152
158162
82744
72211
77075
164543
163441
192587
151517
170907
65147
84519
159234
156534
172836
55559
39473
73601
183700
200472
413035
423582
238751
89977
110748
433594
241798
173620
230147
73798
62904
246931
427050
99053
183607
110315
158226
83336
164444
78849
49551
251482
78718
413698
94759
78313
152248
202768
150314
165169
94298
2297
55472
66731
24200
67590
41312
89947
38442
416910
429501
53335
201013
196286
421273
75980
194976
5335
252367
68182
38074
76168
156003
186783
238639
75366
9714
30263
160599
54614
608458
1286
74514
153759
169161
76043
166585
153740
97012
9936
92794
186779
56334
8055
412376
187516
24541
74383
56320
69437
81485
50306
249079
159237
33994
100544
78827
186778
153242
79126
193894
93586
94022
432114
165774
155184
159920
26041
2728
169753
37323
181045
31379
246741
59920
50852
66102
77074
257165
130010
259349
411325
79158
152663
52613
238615
55591
412258
243946
428956
40298
246255
152455
150470
418258
152221
85605
75264
96061
56782
280879
30704
158742
31677
181571
151502
69612
182380
63506
257525
95296
100531
51897
72148
156436
280548
23614
9355
251143
78119
88327
192808
58560
188791
83338
82404
192909
78141
4200
57273
158683
98183
90134
83902
100550
90484
182933
255578
84817
40471
257526
171589
4681
77589
182921
107605
71687
41351
10122
163276
250629
68120
192356
54388
247091
94314
249047
181655
245541
198779
237849
615454
430972
163801
246887
260695
19022
55474
161406
54065
82609
71438
80249
236976
53424
280946
154941
421217
193633
195122
238493
243412
247331
195165
248180
40019
97088
246211
197818
200972
2767
249095
26517
39652
248603
78730
188833
200309
189580
53023
258134
249090
259348
23854
607580
100393
54385
615560
190433
67819
35669
79998
63043
246011
241406
425444
251848
80145
201819
158706
161421
419796
96856
151505
186455
95035
33594
24468
411803
2276
91130
170158
158741
35271
163885
414388
415342
166712
28503
78389
191284
190497
414378
66855
38058
163860
414382
76782
30898
69076
40459
23712
90717
98879
34047
51142
241413
69808
162406
97633
427562
82748
59761
235899
41290
32742
78861
50815
39619
31138
90321
172091
159431
260324
167446
230508
98551
425681
200476
25584
76554
40924
5591
191303
257052
33603
202126
52431
186456
51681
99057
164231
82928
659405
190651
188984
40873
27539
5338
75999
252620
260556
290119
86922
163393
158373
2156
6273
252135
90436
67361
79230
102089
51428
259344
252134
168734
4811
243947
171532
185243
433313
203046
2720
106706
169142
24487
71995
252186
84264
97159
44613
90722
257395
72077
96416
243354
413984
95622
104766
87991
71894
195854
261686
81868
426096
88244
69596
197874
180987
191522
241419
181377
98952
37302
5601
433308
238635
195500
63563
150137
60926
80148
182767
406745
74675
607038
65800
80522
171682
93455
80341
431052
93964
245494
237297
174191
192353
164547
9569
171536
163437
40885
250654
25413
246397
61782
73255
155561
249075
172303
56970
202355
202089
258843
197006
410097
411976
600562
418091
433185
171889
60178
192501
202943
78583
163485
39597
152253
31118
76152
80582
50215
194376
73044
50839
167579
291003
608469
167265
237422
257396
98024
183962
189894
7789
92218
23811
185359
84886
156983
198780
263102
429190
74547
201783
86169
190434
84983
69669
186777
252608
421277
51614
94600
98547
55657
189932
60563
68709
173050
58713
91957
245641
74624
262935
50495
27772
248114
238113
92219
637163
173983
33503
157644
192355
67146
190489
190770
95697
91253
58168
72484
88142
433818
193563
9078
185906
71627
622460
161323
75206
237579
262999
103708
173683
240816
150240
251886
52034
29247
31567
55949
55694
259354
194513
27836
156295
79390
160160
156981
259239
62115
254635
87948
42961
74284
432207
259351
169863
52267
30272
5596
26585
58742
34046
432206
43569
237282
71893
417685
72010
409561
186861
28122
165063
173127
198625
87234
191896
27547
258126
106707
58733
56643
182381
248172
64774
36280
247524
96975
26068
83277
49734
78126
59749
256219
158158
91287
154724
28671
80968
239558
163423
78413
280124
89345
79926
78859
171170
150813
181315
55834
103620
65982
429686
50799
171191
237324
238494
187882
107528
78814
69101
89844
66133
24498
56346
241486
30351
259956
75673
85516
94378
426308
412043
11551
50272
78144
250863
90673
50983
41399
94635
9634
417039
80020
1458
85713
58747
158675
248975
39190
431390
183686
189923
92973
418501
180370
35651
81945
414386
432904
237001
161001
152237
241661
86859
180026
151509
192364
238976
239769
173453
90723
188362
96771
9236
192183
27370
5475
86167
66076
182769
193502
59584
98023
72690
622
158194
180816
170261
153977
165776
67592
84758
163416
300224
89689
88520
242280
153026
427051
281601
167141
59894
258127
418601
74855
28562
237927
1051
2184
262228
193645
163486
16435
195450
55473
250865
98022
51409
173049
51598
58639
55466
14368
2376
88141
2242
172619
81992
259140
88127
258111
80228
170624
156091
155559
36573
606971
245308
422547
182379
257050
281083
186819
257710
87767
610352
97589
74850
76087
16394
182036
154725
28007
25707
236276
98162
237110
67994
74017
161388
24326
52548
98812
412047
194642
249425
68426
66411
67006
68119
62691
422389
241869
65503
426406
103939
259947
158696
166677
95621
174203
192339
62178
67227
87947
25822
418499
160452
96173
83941
53103
171117
92042
67759
25583
23076
151444
31897
251845
605632
237805
190576
197523
158223
181510
60397
202945
62260
153402
188363
280417
41111
92768
248624
15393
51619
245306
89980
85702
180058
95626
85622
16592
84225
173979
237577
14387
38286
171832
180277
27858
158837
416357
40465
250211
152656
191525
15438
189564
159650
257397
165163
98775
162781
248176
52026
433239
172132
51344
57127
83948
200129
194432
421011
81921
34331
9442
96931
68780
413207
157646
50624
170868
425659
35057
87995
27043
71283
426376
240858
82408
78834
20090
83347
38294
16655
27992
69595
427045
427048
93457
241237
237192
89939
40965
248611
15171
182390
80250
239766
183964
261134
391089
247302
290967
183870
99367
30867
98669
73020
170147
75396
91705
99548
51470
104935
42516
31113
50027
85986
258718
432906
600286
15456
151503
156409
26229
59272
80218
157317
77297
433370
180403
194817
67216
259067
248173
255804
154758
247329
250908
257272
86717
171109
9254
162958
253844
153244
164366
91959
165115
629351
169158
38406
413105
290809
168888
243645
252391
171587
170623
428540
165775
9079
161002
12105
15800
88982
66861
39691
73253
30866
72034
99478
41680
172372
428519
16428
72094
156232
411144
251146
256037
158703
195438
40138
5594
248608
180843
162394
109700
171540
92217
261138
159333
82606
15336
31369
39193
30373
28650
56332
413825
154412
241657
49553
28483
190748
94610
185373
245540
154393
67765
66253
51733
90174
97998
97514
72031
50995
238001
248549
251651
62668
237930
201796
29239
24489
81832
198766
170675
36343
29443
183089
9173
159731
158067
88582
33650
62667
188364
91691
67764
93898
431053
170776
159233
42760
190746
158054
90318
159798
69435
12173
162179
41937
414373
66161
150207
53341
50908
57036
160161
152784
251827
160162
616281
75623
71630
81366
28080
155303
75352
16955
98935
34926
44494
894
61269
169810
8040
184973
170628
108615
76038
172164
83728
95413
181824
642400
74661
251852
417689
95899
73052
86817
281550
190745
604887
189166
37239
83309
407957
95623
33648
413086
78127
415602
257173
190668
201214
35270
258137
49649
182378
416680
80226
158666
409758
33596
260999
99456
74623
261021
154160
159015
26746
161863
162174
196114
432553
69665
13020
89907
170867
248049
43425
67045
94870
252322
54918
40512
158700
161356
251485
29223
26104
380184
170687
169159
71605
188370
247797
423107
9524
60191
193434
201012
1414
80878
202517
165308
413503
40565
83339
86773
171535
185524
257378
191325
153688
98815
89464
428097
241906
153728
78875
62396
81495
425857
200258
16044
164432
252699
77072
78556
180838
246155
173450
151638
100099
13424
188726
211
412667
50902
182423
90002
197901
243823
84766
152114
155753
62302
78407
23347
54056
248735
63495
155443
9863
300225
94994
87786
430576
108872
38153
163433
241001
93959
71287
169546
628841
152794
247332
291615
152264
83944
197001
167994
93114
281082
85318
290766
426374
94420
439
68958
251855
80512
41997
1586
9548
107543
260195
21115
71629
99290
416924
58749
40676
158669
33588
70063
40330
9587
35540
30237
600486
261624
416586
41188
63098
1920
57500
249950
42917
99718
180841
102712
94340
280126
8043
249086
68433
181044
56341
154938
80885
90650
250798
280125
56540
52615
201701
73976
94963
419807
41316
259158
73346
419805
159691
412778
612013
154756
41396
27920
189891
251145
235898
97459
152214
98902
73503
429192
200307
173751
110022
83928
10112
78573
155763
624022
171959
84883
236349
71631
261684
157532
41425
195586
163390
182766
158568
159246
16006
201149
97386
182389
40413
27327
57803
431038
280321
98898
33727
2136
158639
191989
238544
197703
186864
433244
420154
96744
172282
25538
51471
191328
198005
189572
420183
110750
71959
63288
188639
30015
97460
65730
39163
250657
246518
11144
163484
37308
56472
290978
2456
6113
50164
628473
84973
39907
172642
35495
625521
258147
430978
63564
166599
43619
759451
67755
171116
153724
170164
72562
65624
98277
259162
170291
260859
171545
155173
1050
174092
81067
55489
173684
188707
415050
160151
65037
89841
107469
86920
39437
639148
162173
151587
169413
45818
413224
258938
237409
168142
154145
417678
91820
196285
154351
74772
202965
77370
167058
174090
64763
78117
2296
192980
5060
190636
85354
44757
627752
24945
99457
247235
248684
259074
24212
165911
79330
160173
28250
43676
9270
197861
191519
23852
54810
28249
60207
49521
238621
5598
71284
48208
156583
248177
97940
9463
248548
6011
264710
91819
190435
409796
51596
261810
40563
30582
44322
79510
66062
170914
50580
174089
241815
39693
172834
1360
189912
72818
605805
36356
262062
172285
186454
71830
85705
241871
237886
33925
415811
91337
96940
53452
88421
185933
240958
153686
20211
84238
152261
257390
182891
241805
171137
82746
248553
628342
247236
51690
23204
180032
73310
71987
93633
29063
107649
93626
156579
55482
240092
192363
87563
68634
187272
90465
51342
251028
83407
195252
429404
182937
237616
78368
191520
84134
75299
156594
160061
26845
257221
412777
90372
156688
160468
67989
158486
194759
16462
260311
33685
78148
50288
60541
202304
68765
85349
44731
244521
170775
16066
202904
259004
56434
172304
291
9798
154142
91224
188622
238620
195861
607555
291635
260589
152259
191559
40912
240775
50290
194339
108978
55487
255805
83389
171879
622453
158691
26410
166491
616385
69723
58939
430575
198348
5393
87207
241483
414179
95877
60176
151769
166134
626999
85821
16569
86740
161860
79263
107599
162593
169968
202756
71891
608177
69567
245022
239151
55592
250909
100552
43235
93900
248807
169146
192593
51427
172078
95273
199183
181569
98954
153725
54599
75157
623991
71058
155229
153511
69724
78395
11803
619636
186555
52035
253268
98359
160646
153348
88053
657720
90175
41186
80403
78281
66672
83003
56330
89943
94021
658880
194771
201447
380356
10438
290764
421193
168007
159600
252325
15794
84462
159044
188787
63473
98878
246355
160647
280553
156230
52178
409716
240037
195436
1529
418208
250839
69339
59739
69299
259076
97476
61752
193319
68733
94606
157834
628955
34923
189967
67847
248610
52490
159803
153732
246043
172089
88726
71422
93908
31058
68936
251567
416679
75645
107946
61362
65625
260587
23447
191351
628487
62223
246226
290983
44756
623101
73056
418726
157642
249071
193316
166711
409480
90724
251483
93256
247787
185501
52285
72039
32689
411276
60514
38405
182421
710060
161006
75397
173976
