    0    0    0   0.000000000   0.000000000   0.000000E+00   0.000000E+00
    0    1    0  -0.000000000   0.431884509  -0.120163E-16   0.282603E-17
   -1    0    0  -0.431884509   0.000000000  -0.221507E-16   0.764727E-17
    1    0    0   0.431884509  -0.000000000  -0.221507E-16  -0.764727E-17
    0   -1    0   0.000000000  -0.431884509  -0.120163E-16  -0.282603E-17
    1   -1    0   0.431884509  -0.431884509   0.536418E-17  -0.369614E-02
   -1    1    0  -0.431884509   0.431884509   0.536418E-17   0.369614E-02
    1    1    0   0.431884509   0.431884509  -0.217560E-17  -0.369614E-02
   -1   -1    0  -0.431884509  -0.431884509  -0.217560E-17   0.369614E-02
   -2    0    0  -0.863769017   0.000000000  -0.293285E-17  -0.889647E-18
    0    2    0  -0.000000000   0.863769017  -0.949898E-17  -0.213819E-17
    2    0    0   0.863769017  -0.000000000  -0.293285E-17   0.889647E-18
    0   -2    0   0.000000000  -0.863769017  -0.949898E-17   0.213819E-17
    2   -1    0   0.863769017  -0.431884509   0.551759E-02  -0.282186E-17
    1   -2    0   0.431884509  -0.863769017  -0.859364E-17  -0.551759E-02
   -1   -2    0  -0.431884509  -0.863769017  -0.162071E-17  -0.551759E-02
   -2    1    0  -0.863769017   0.431884509   0.551759E-02   0.282186E-17
   -2   -1    0  -0.863769017  -0.431884509  -0.551759E-02  -0.504063E-17
    1    2    0   0.431884509   0.863769017  -0.162071E-17   0.551759E-02
    2    1    0   0.863769017   0.431884509  -0.551759E-02   0.504063E-17
   -1    2    0  -0.431884509   0.863769017  -0.859364E-17   0.551759E-02
    2    2    0   0.863769017   0.863769017   0.854890E-02  -0.135439E-17
   -2   -2    0  -0.863769017  -0.863769017   0.854890E-02   0.135439E-17
    2   -2    0   0.863769017  -0.863769017   0.854890E-02   0.480079E-17
   -2    2    0  -0.863769017   0.863769017   0.854890E-02  -0.480079E-17
    0   -3    0   0.000000000  -1.295653526  -0.112485E-16  -0.297963E-17
    0    3    0  -0.000000000   1.295653526  -0.112485E-16   0.297963E-17
   -3    0    0  -1.295653526   0.000000000  -0.534898E-17  -0.151592E-16
    3    0    0   1.295653526  -0.000000000  -0.534898E-17   0.151592E-16
   -1    3    0  -0.431884509   1.295653526   0.782264E-17  -0.141059E-01
   -3   -1    0  -1.295653526  -0.431884509   0.254226E-16   0.141059E-01
    3   -1    0   1.295653526  -0.431884509   0.598465E-18  -0.141059E-01
    1    3    0   0.431884509   1.295653526  -0.485376E-17   0.141059E-01
    1   -3    0   0.431884509  -1.295653526   0.782264E-17   0.141059E-01
   -1   -3    0  -0.431884509  -1.295653526  -0.485376E-17  -0.141059E-01
    3    1    0   1.295653526   0.431884509   0.254226E-16  -0.141059E-01
   -3    1    0  -1.295653526   0.431884509   0.598465E-18   0.141059E-01
   -3    2    0  -1.295653526   0.863769017   0.111620E-16   0.890196E-02
    3    2    0   1.295653526   0.863769017   0.471903E-17   0.890196E-02
   -2   -3    0  -0.863769017  -1.295653526   0.890196E-02   0.352548E-17
   -3   -2    0  -1.295653526  -0.863769017   0.471903E-17  -0.890196E-02
    2   -3    0   0.863769017  -1.295653526  -0.890196E-02   0.398969E-17
   -2    3    0  -0.863769017   1.295653526  -0.890196E-02  -0.398969E-17
    3   -2    0   1.295653526  -0.863769017   0.111620E-16  -0.890196E-02
    2    3    0   0.863769017   1.295653526   0.890196E-02  -0.352548E-17
    0    4    0  -0.000000000   1.727538035  -0.176861E-01  -0.659462E-17
    0   -4    0   0.000000000  -1.727538035  -0.176861E-01   0.659462E-17
   -4    0    0  -1.727538035   0.000000000  -0.176861E-01   0.251866E-16
    4    0    0   1.727538035  -0.000000000  -0.176861E-01  -0.251866E-16
   -1    4    0  -0.431884509   1.727538035  -0.470262E-17   0.793195E-02
   -4   -1    0  -1.727538035  -0.431884509   0.793195E-02   0.113770E-17
    4    1    0   1.727538035   0.431884509   0.793195E-02  -0.113770E-17
    1    4    0   0.431884509   1.727538035  -0.173652E-17   0.793195E-02
   -1   -4    0  -0.431884509  -1.727538035  -0.173652E-17  -0.793195E-02
   -4    1    0  -1.727538035   0.431884509  -0.793195E-02   0.134982E-16
    1   -4    0   0.431884509  -1.727538035  -0.470262E-17  -0.793195E-02
    4   -1    0   1.727538035  -0.431884509  -0.793195E-02  -0.134982E-16
    3   -3    0   1.295653526  -1.295653526  -0.107963E-16   0.684103E-02
    3    3    0   1.295653526   1.295653526  -0.895044E-17   0.684103E-02
   -3   -3    0  -1.295653526  -1.295653526  -0.895044E-17  -0.684103E-02
   -3    3    0  -1.295653526   1.295653526  -0.107963E-16  -0.684103E-02
   -4   -2    0  -1.727538035  -0.863769017   0.124171E-01  -0.184551E-16
    4   -2    0   1.727538035  -0.863769017   0.124171E-01   0.109063E-17
   -2    4    0  -0.863769017   1.727538035  -0.124171E-01  -0.242467E-16
    4    2    0   1.727538035   0.863769017   0.124171E-01   0.184551E-16
   -4    2    0  -1.727538035   0.863769017   0.124171E-01  -0.109063E-17
    2   -4    0   0.863769017  -1.727538035  -0.124171E-01   0.242467E-16
   -2   -4    0  -0.863769017  -1.727538035  -0.124171E-01   0.215354E-16
    2    4    0   0.863769017   1.727538035  -0.124171E-01  -0.215354E-16
    4    3    0   1.727538035   1.295653526   0.101936E-01  -0.110295E-16
   -3    4    0  -1.295653526   1.727538035   0.253988E-16  -0.101936E-01
    0    5    0  -0.000000000   2.159422544  -0.930346E-17  -0.307280E-18
    3    4    0   1.295653526   1.727538035   0.443951E-16  -0.101936E-01
    4   -3    0   1.727538035  -1.295653526  -0.101936E-01   0.377369E-17
   -3   -4    0  -1.295653526  -1.727538035   0.443951E-16   0.101936E-01
    5    0    0   2.159422544  -0.000000000  -0.182813E-19   0.527046E-17
   -4   -3    0  -1.727538035  -1.295653526   0.101936E-01   0.110295E-16
   -4    3    0  -1.727538035   1.295653526  -0.101936E-01  -0.377369E-17
   -5    0    0  -2.159422544   0.000000000  -0.182813E-19  -0.527046E-17
    3   -4    0   1.295653526  -1.727538035   0.253988E-16   0.101936E-01
    0   -5    0   0.000000000  -2.159422544  -0.930346E-17   0.307280E-18
    1   -5    0   0.431884509  -2.159422544  -0.230942E-16  -0.283030E-01
    5   -1    0   2.159422544  -0.431884509   0.195805E-16  -0.283030E-01
   -1    5    0  -0.431884509   2.159422544  -0.230942E-16   0.283030E-01
   -1   -5    0  -0.431884509  -2.159422544   0.294885E-16   0.283030E-01
    1    5    0   0.431884509   2.159422544   0.294885E-16  -0.283030E-01
    5    1    0   2.159422544   0.431884509   0.377655E-16  -0.283030E-01
   -5    1    0  -2.159422544   0.431884509   0.195805E-16   0.283030E-01
   -5   -1    0  -2.159422544  -0.431884509   0.377655E-16   0.283030E-01
   -2   -5    0  -0.863769017  -2.159422544  -0.174438E-01  -0.297868E-17
   -5    2    0  -2.159422544   0.863769017   0.126266E-16   0.174438E-01
    5   -2    0   2.159422544  -0.863769017   0.126266E-16  -0.174438E-01
    2    5    0   0.863769017   2.159422544  -0.174438E-01   0.297868E-17
    5    2    0   2.159422544   0.863769017  -0.164975E-16   0.174438E-01
   -2    5    0  -0.863769017   2.159422544   0.174438E-01  -0.705408E-17
    2   -5    0   0.863769017  -2.159422544   0.174438E-01   0.705408E-17
   -5   -2    0  -2.159422544  -0.863769017  -0.164975E-16  -0.174438E-01
    4    4    0   1.727538035   1.727538035   0.210188E-01   0.203102E-16
    4   -4    0   1.727538035  -1.727538035   0.210188E-01  -0.113587E-16
   -4   -4    0  -1.727538035  -1.727538035   0.210188E-01  -0.203102E-16
   -4    4    0  -1.727538035   1.727538035   0.210188E-01   0.113587E-16
   -3    5    0  -1.295653526   2.159422544  -0.125576E-16  -0.154820E-02
    5    3    0   2.159422544   1.295653526  -0.112182E-16  -0.154820E-02
   -5   -3    0  -2.159422544  -1.295653526  -0.112182E-16   0.154820E-02
    3   -5    0   1.295653526  -2.159422544  -0.125576E-16   0.154820E-02
    5   -3    0   2.159422544  -1.295653526  -0.287997E-17  -0.154820E-02
   -3   -5    0  -1.295653526  -2.159422544  -0.944488E-17  -0.154820E-02
   -5    3    0  -2.159422544   1.295653526  -0.287997E-17   0.154820E-02
    3    5    0   1.295653526   2.159422544  -0.944488E-17   0.154820E-02
    6    0    0   2.591307052  -0.000000000  -0.192649E-16   0.129760E-16
    0    6    0  -0.000000000   2.591307052  -0.119714E-16   0.392464E-17
    0   -6    0   0.000000000  -2.591307052  -0.119714E-16  -0.392464E-17
   -6    0    0  -2.591307052   0.000000000  -0.192649E-16  -0.129760E-16
    1    6    0   0.431884509   2.591307052   0.325198E-17   0.105536E-03
   -6   -1    0  -2.591307052  -0.431884509  -0.105536E-03  -0.251623E-16
   -1    6    0  -0.431884509   2.591307052   0.188490E-17   0.105536E-03
   -1   -6    0  -0.431884509  -2.591307052   0.325198E-17  -0.105536E-03
   -6    1    0  -2.591307052   0.431884509   0.105536E-03  -0.486080E-16
    6   -1    0   2.591307052  -0.431884509   0.105536E-03   0.486080E-16
    6    1    0   2.591307052   0.431884509  -0.105536E-03   0.251623E-16
    1   -6    0   0.431884509  -2.591307052   0.188490E-17  -0.105536E-03
   -2   -6    0  -0.863769017  -2.591307052   0.442925E-02   0.111944E-17
    2    6    0   0.863769017   2.591307052   0.442925E-02  -0.111944E-17
    6    2    0   2.591307052   0.863769017   0.442925E-02   0.144285E-17
    6   -2    0   2.591307052  -0.863769017   0.442925E-02   0.311626E-16
   -6   -2    0  -2.591307052  -0.863769017   0.442925E-02  -0.144285E-17
   -2    6    0  -0.863769017   2.591307052   0.442925E-02   0.171860E-16
    2   -6    0   0.863769017  -2.591307052   0.442925E-02  -0.171860E-16
   -6    2    0  -2.591307052   0.863769017   0.442925E-02  -0.311626E-16
    4   -5    0   1.727538035  -2.159422544  -0.313751E-03   0.462139E-17
    5    4    0   2.159422544   1.727538035  -0.136477E-16   0.313751E-03
   -4   -5    0  -1.727538035  -2.159422544   0.313751E-03   0.116854E-16
   -4    5    0  -1.727538035   2.159422544  -0.313751E-03  -0.462139E-17
   -5   -4    0  -2.159422544  -1.727538035  -0.136477E-16  -0.313751E-03
    4    5    0   1.727538035   2.159422544   0.313751E-03  -0.116854E-16
   -5    4    0  -2.159422544   1.727538035  -0.102175E-16   0.313751E-03
    5   -4    0   2.159422544  -1.727538035  -0.102175E-16  -0.313751E-03
   -6   -3    0  -2.591307052  -1.295653526  -0.106911E-02   0.297134E-16
    6    3    0   2.591307052   1.295653526  -0.106911E-02  -0.297134E-16
    6   -3    0   2.591307052  -1.295653526   0.106911E-02  -0.204401E-16
    3    6    0   1.295653526   2.591307052  -0.647762E-18  -0.106911E-02
   -6    3    0  -2.591307052   1.295653526   0.106911E-02   0.204401E-16
   -3    6    0  -1.295653526   2.591307052  -0.133066E-16  -0.106911E-02
   -3   -6    0  -1.295653526  -2.591307052  -0.647762E-18   0.106911E-02
    3   -6    0   1.295653526  -2.591307052  -0.133066E-16   0.106911E-02
   -7    0    0  -3.023191561   0.000000000  -0.567353E-17  -0.498537E-17
    7    0    0   3.023191561  -0.000000000  -0.567353E-17   0.498537E-17
    0   -7    0   0.000000000  -3.023191561   0.114481E-17  -0.363198E-17
    0    7    0  -0.000000000   3.023191561   0.114481E-17   0.363198E-17
   -1    7    0  -0.431884509   3.023191561  -0.418291E-17   0.180868E-02
    5    5    0   2.159422544   2.159422544  -0.276353E-17   0.897015E-02
    5   -5    0   2.159422544  -2.159422544   0.679902E-17   0.897015E-02
    1   -7    0   0.431884509  -3.023191561  -0.418291E-17  -0.180868E-02
    7    1    0   3.023191561   0.431884509  -0.154103E-16   0.180868E-02
   -5   -5    0  -2.159422544  -2.159422544  -0.276353E-17  -0.897015E-02
   -1   -7    0  -0.431884509  -3.023191561   0.581464E-17   0.180868E-02
   -5    5    0  -2.159422544   2.159422544   0.679902E-17  -0.897015E-02
    7   -1    0   3.023191561  -0.431884509  -0.254173E-16   0.180868E-02
   -7   -1    0  -3.023191561  -0.431884509  -0.154103E-16  -0.180868E-02
   -7    1    0  -3.023191561   0.431884509  -0.254173E-16  -0.180868E-02
    1    7    0   0.431884509   3.023191561   0.581464E-17  -0.180868E-02
    4    6    0   1.727538035   2.591307052  -0.728706E-02  -0.658420E-17
   -4   -6    0  -1.727538035  -2.591307052  -0.728706E-02   0.658420E-17
    6   -4    0   2.591307052  -1.727538035   0.728706E-02   0.632544E-18
   -6    4    0  -2.591307052   1.727538035   0.728706E-02  -0.632544E-18
    4   -6    0   1.727538035  -2.591307052  -0.728706E-02   0.977499E-18
   -4    6    0  -1.727538035   2.591307052  -0.728706E-02  -0.977499E-18
    6    4    0   2.591307052   1.727538035   0.728706E-02   0.723962E-17
   -6   -4    0  -2.591307052  -1.727538035   0.728706E-02  -0.723962E-17
   -2    7    0  -0.863769017   3.023191561   0.206388E-02   0.295598E-17
    2   -7    0   0.863769017  -3.023191561   0.206388E-02  -0.295598E-17
    2    7    0   0.863769017   3.023191561  -0.206388E-02  -0.755532E-17
   -2   -7    0  -0.863769017  -3.023191561  -0.206388E-02   0.755532E-17
   -7    2    0  -3.023191561   0.863769017  -0.168274E-16  -0.206388E-02
    7    2    0   3.023191561   0.863769017  -0.222786E-16  -0.206388E-02
    7   -2    0   3.023191561  -0.863769017  -0.168274E-16   0.206388E-02
   -7   -2    0  -3.023191561  -0.863769017  -0.222786E-16   0.206388E-02
   -3    7    0  -1.295653526   3.023191561  -0.191794E-16   0.144177E-01
    3    7    0   1.295653526   3.023191561   0.446127E-17  -0.144177E-01
   -7   -3    0  -3.023191561  -1.295653526   0.635235E-16   0.144177E-01
    7   -3    0   3.023191561  -1.295653526   0.280565E-16  -0.144177E-01
   -3   -7    0  -1.295653526  -3.023191561   0.446127E-17   0.144177E-01
   -7    3    0  -3.023191561   1.295653526   0.280565E-16   0.144177E-01
    7    3    0   3.023191561   1.295653526   0.635235E-16  -0.144177E-01
    3   -7    0   1.295653526  -3.023191561  -0.191794E-16  -0.144177E-01
   -5    6    0  -2.159422544   2.591307052   0.227894E-18   0.631326E-02
    5   -6    0   2.159422544  -2.591307052   0.227894E-18  -0.631326E-02
   -5   -6    0  -2.159422544  -2.591307052   0.958483E-17  -0.631326E-02
    6   -5    0   2.591307052  -2.159422544   0.631326E-02  -0.982619E-17
    6    5    0   2.591307052   2.159422544  -0.631326E-02  -0.215208E-16
   -6    5    0  -2.591307052   2.159422544   0.631326E-02   0.982619E-17
   -6   -5    0  -2.591307052  -2.159422544  -0.631326E-02   0.215208E-16
    5    6    0   2.159422544   2.591307052   0.958483E-17   0.631326E-02
    8    0    0   3.455076070  -0.000000000  -0.998220E-02  -0.797318E-17
    0   -8    0   0.000000000  -3.455076070  -0.998220E-02   0.115437E-16
   -8    0    0  -3.455076070   0.000000000  -0.998220E-02   0.797318E-17
    0    8    0  -0.000000000   3.455076070  -0.998220E-02  -0.115437E-16
   -7    4    0  -3.023191561   1.727538035  -0.431521E-17   0.258721E-02
    1    8    0   0.431884509   3.455076070   0.544793E-17   0.490116E-02
   -7   -4    0  -3.023191561  -1.727538035  -0.596950E-17  -0.258721E-02
   -1   -8    0  -0.431884509  -3.455076070   0.544793E-17  -0.490116E-02
    4   -7    0   1.727538035  -3.023191561   0.258721E-02   0.146544E-16
   -8   -1    0  -3.455076070  -0.431884509   0.490116E-02  -0.186476E-16
   -8    1    0  -3.455076070   0.431884509  -0.490116E-02   0.696472E-17
    1   -8    0   0.431884509  -3.455076070   0.185122E-17  -0.490116E-02
   -1    8    0  -0.431884509   3.455076070   0.185122E-17   0.490116E-02
    7    4    0   3.023191561   1.727538035  -0.596950E-17   0.258721E-02
    8    1    0   3.455076070   0.431884509   0.490116E-02   0.186476E-16
   -4    7    0  -1.727538035   3.023191561   0.258721E-02  -0.146544E-16
    4    7    0   1.727538035   3.023191561  -0.258721E-02   0.679296E-17
    8   -1    0   3.455076070  -0.431884509  -0.490116E-02  -0.696472E-17
   -4   -7    0  -1.727538035  -3.023191561  -0.258721E-02  -0.679296E-17
    7   -4    0   3.023191561  -1.727538035  -0.431521E-17  -0.258721E-02
    2    8    0   0.863769017   3.455076070   0.176917E-01   0.198222E-16
   -2    8    0  -0.863769017   3.455076070   0.176917E-01   0.217355E-16
    8    2    0   3.455076070   0.863769017  -0.176917E-01  -0.499390E-16
   -8   -2    0  -3.455076070  -0.863769017  -0.176917E-01   0.499390E-16
   -2   -8    0  -0.863769017  -3.455076070   0.176917E-01  -0.198222E-16
   -8    2    0  -3.455076070   0.863769017  -0.176917E-01   0.949998E-17
    8   -2    0   3.455076070  -0.863769017  -0.176917E-01  -0.949998E-17
    2   -8    0   0.863769017  -3.455076070   0.176917E-01  -0.217355E-16
   -6   -6    0  -2.591307052  -2.591307052   0.380489E-02  -0.598230E-17
    6   -6    0   2.591307052  -2.591307052   0.380489E-02   0.113297E-17
    6    6    0   2.591307052   2.591307052   0.380489E-02   0.598230E-17
   -6    6    0  -2.591307052   2.591307052   0.380489E-02  -0.113297E-17
    8   -3    0   3.455076070  -1.295653526  -0.131245E-02   0.426706E-18
   -8    3    0  -3.455076070   1.295653526  -0.131245E-02  -0.426706E-18
   -8   -3    0  -3.455076070  -1.295653526   0.131245E-02  -0.193086E-18
    3    8    0   1.295653526   3.455076070  -0.136617E-17  -0.131245E-02
    8    3    0   3.455076070   1.295653526   0.131245E-02   0.193086E-18
    3   -8    0   1.295653526  -3.455076070   0.126638E-17   0.131245E-02
   -3    8    0  -1.295653526   3.455076070   0.126638E-17  -0.131245E-02
   -3   -8    0  -1.295653526  -3.455076070  -0.136617E-17   0.131245E-02
   -7   -5    0  -3.023191561  -2.159422544   0.938505E-17   0.260224E-02
   -5    7    0  -2.159422544   3.023191561  -0.109763E-16  -0.260224E-02
   -5   -7    0  -2.159422544  -3.023191561  -0.204802E-17  -0.260224E-02
   -7    5    0  -3.023191561   2.159422544  -0.317457E-16   0.260224E-02
    7   -5    0   3.023191561  -2.159422544  -0.317457E-16  -0.260224E-02
    7    5    0   3.023191561   2.159422544   0.938505E-17  -0.260224E-02
    5   -7    0   2.159422544  -3.023191561  -0.109763E-16   0.260224E-02
    5    7    0   2.159422544   3.023191561  -0.204802E-17   0.260224E-02
   -8   -4    0  -3.455076070  -1.727538035   0.365712E-02  -0.245458E-16
    8   -4    0   3.455076070  -1.727538035   0.365712E-02  -0.769405E-17
    8    4    0   3.455076070   1.727538035   0.365712E-02   0.245458E-16
    4    8    0   1.727538035   3.455076070   0.365712E-02   0.332486E-17
   -8    4    0  -3.455076070   1.727538035   0.365712E-02   0.769405E-17
    4   -8    0   1.727538035  -3.455076070   0.365712E-02  -0.214192E-16
   -4    8    0  -1.727538035   3.455076070   0.365712E-02   0.214192E-16
   -4   -8    0  -1.727538035  -3.455076070   0.365712E-02  -0.332486E-17
   -9    0    0  -3.886960578   0.000000000   0.147194E-17  -0.867860E-17
    0   -9    0   0.000000000  -3.886960578  -0.239139E-17  -0.851198E-18
    9    0    0   3.886960578  -0.000000000   0.147194E-17   0.867860E-17
    0    9    0  -0.000000000   3.886960578  -0.239139E-17   0.851198E-18
    9    1    0   3.886960578   0.431884509  -0.188179E-16  -0.395311E-02
    1    9    0   0.431884509   3.886960578   0.353944E-17  -0.395311E-02
   -1   -9    0  -0.431884509  -3.886960578   0.353944E-17   0.395311E-02
   -9    1    0  -3.886960578   0.431884509   0.174780E-16   0.395311E-02
   -1    9    0  -0.431884509   3.886960578  -0.143228E-16   0.395311E-02
   -9   -1    0  -3.886960578  -0.431884509  -0.188179E-16   0.395311E-02
    9   -1    0   3.886960578  -0.431884509   0.174780E-16  -0.395311E-02
    1   -9    0   0.431884509  -3.886960578  -0.143228E-16  -0.395311E-02
   -2    9    0  -0.863769017   3.886960578  -0.744529E-02  -0.171269E-16
   -2   -9    0  -0.863769017  -3.886960578   0.744529E-02  -0.209076E-16
   -9   -2    0  -3.886960578  -0.863769017   0.533519E-16   0.744529E-02
   -9    2    0  -3.886960578   0.863769017   0.187167E-16  -0.744529E-02
    9   -2    0   3.886960578  -0.863769017   0.187167E-16   0.744529E-02
    2    9    0   0.863769017   3.886960578   0.744529E-02   0.209076E-16
    2   -9    0   0.863769017  -3.886960578  -0.744529E-02   0.171269E-16
    9    2    0   3.886960578   0.863769017   0.533519E-16  -0.744529E-02
    7    6    0   3.023191561   2.591307052  -0.501200E-18   0.363290E-02
    7   -6    0   3.023191561  -2.591307052   0.211654E-16  -0.363290E-02
   -7    6    0  -3.023191561   2.591307052   0.211654E-16   0.363290E-02
   -6    7    0  -2.591307052   3.023191561  -0.363290E-02  -0.523319E-17
   -7   -6    0  -3.023191561  -2.591307052  -0.501200E-18  -0.363290E-02
   -6   -7    0  -2.591307052  -3.023191561   0.363290E-02   0.887135E-17
    6   -7    0   2.591307052  -3.023191561  -0.363290E-02   0.523319E-17
    6    7    0   2.591307052   3.023191561   0.363290E-02  -0.887135E-17
    8   -5    0   3.455076070  -2.159422544  -0.541500E-02  -0.725064E-17
    8    5    0   3.455076070   2.159422544   0.541500E-02   0.753843E-18
    5    8    0   2.159422544   3.455076070  -0.185979E-16   0.541500E-02
   -8    5    0  -3.455076070   2.159422544  -0.541500E-02   0.725064E-17
    5   -8    0   2.159422544  -3.455076070  -0.216502E-16  -0.541500E-02
   -8   -5    0  -3.455076070  -2.159422544   0.541500E-02  -0.753843E-18
   -5    8    0  -2.159422544   3.455076070  -0.216502E-16   0.541500E-02
   -5   -8    0  -2.159422544  -3.455076070  -0.185979E-16  -0.541500E-02
    9   -3    0   3.886960578  -1.295653526  -0.573779E-17  -0.585666E-02
   -9    3    0  -3.886960578   1.295653526  -0.573779E-17   0.585666E-02
   -3   -9    0  -1.295653526  -3.886960578  -0.858361E-17  -0.585666E-02
   -3    9    0  -1.295653526   3.886960578   0.185587E-16  -0.585666E-02
    3   -9    0   1.295653526  -3.886960578   0.185587E-16   0.585666E-02
   -9   -3    0  -3.886960578  -1.295653526   0.178275E-16   0.585666E-02
    9    3    0   3.886960578   1.295653526   0.178275E-16  -0.585666E-02
    3    9    0   1.295653526   3.886960578  -0.858361E-17   0.585666E-02
    4   -9    0   1.727538035  -3.886960578  -0.600375E-02  -0.253936E-18
   -9   -4    0  -3.886960578  -1.727538035  -0.185928E-16  -0.600375E-02
   -9    4    0  -3.886960578   1.727538035   0.120444E-16   0.600375E-02
   -4   -9    0  -1.727538035  -3.886960578   0.600375E-02   0.981744E-17
    9   -4    0   3.886960578  -1.727538035   0.120444E-16  -0.600375E-02
   -4    9    0  -1.727538035   3.886960578  -0.600375E-02   0.253936E-18
    9    4    0   3.886960578   1.727538035  -0.185928E-16   0.600375E-02
    4    9    0   1.727538035   3.886960578   0.600375E-02  -0.981744E-17
   -7   -7    0  -3.023191561  -3.023191561   0.156494E-16   0.731741E-02
    7    7    0   3.023191561   3.023191561   0.156494E-16  -0.731741E-02
    7   -7    0   3.023191561  -3.023191561  -0.102288E-16  -0.731741E-02
   -7    7    0  -3.023191561   3.023191561  -0.102288E-16   0.731741E-02
   -6    8    0  -2.591307052   3.455076070  -0.852501E-02  -0.166151E-16
    0  -10    0   0.000000000  -4.318845087  -0.193264E-16  -0.407356E-17
    6    8    0   2.591307052   3.455076070  -0.852501E-02  -0.359959E-16
   -6   -8    0  -2.591307052  -3.455076070  -0.852501E-02   0.359959E-16
    6   -8    0   2.591307052  -3.455076070  -0.852501E-02   0.166151E-16
   -8   -6    0  -3.455076070  -2.591307052   0.852501E-02   0.836147E-17
   -8    6    0  -3.455076070   2.591307052   0.852501E-02   0.454644E-17
    0   10    0  -0.000000000   4.318845087  -0.193264E-16   0.407356E-17
  -10    0    0  -4.318845087   0.000000000  -0.197616E-16  -0.101796E-16
   10    0    0   4.318845087  -0.000000000  -0.197616E-16   0.101796E-16
    8    6    0   3.455076070   2.591307052   0.852501E-02  -0.836147E-17
    8   -6    0   3.455076070  -2.591307052   0.852501E-02  -0.454644E-17
    1  -10    0   0.431884509  -4.318845087  -0.155315E-16  -0.745209E-02
  -10   -1    0  -4.318845087  -0.431884509  -0.745209E-02   0.368258E-17
   -1   10    0  -0.431884509   4.318845087  -0.155315E-16   0.745209E-02
   10   -1    0   4.318845087  -0.431884509   0.745209E-02   0.170481E-16
  -10    1    0  -4.318845087   0.431884509   0.745209E-02  -0.170481E-16
   -1  -10    0  -0.431884509  -4.318845087  -0.774140E-17  -0.745209E-02
   10    1    0   4.318845087   0.431884509  -0.745209E-02  -0.368258E-17
    1   10    0   0.431884509   4.318845087  -0.774140E-17   0.745209E-02
   -2   10    0  -0.863769017   4.318845087  -0.129666E-02  -0.878232E-17
   10   -2    0   4.318845087  -0.863769017  -0.129666E-02  -0.127581E-16
   -2  -10    0  -0.863769017  -4.318845087  -0.129666E-02  -0.712364E-18
   10    2    0   4.318845087   0.863769017  -0.129666E-02   0.657470E-17
    2  -10    0   0.863769017  -4.318845087  -0.129666E-02   0.878232E-17
  -10   -2    0  -4.318845087  -0.863769017  -0.129666E-02  -0.657470E-17
  -10    2    0  -4.318845087   0.863769017  -0.129666E-02   0.127581E-16
    2   10    0   0.863769017   4.318845087  -0.129666E-02   0.712364E-18
   -9    5    0  -3.886960578   2.159422544   0.842493E-17   0.483957E-02
   -5   -9    0  -2.159422544  -3.886960578   0.337211E-17   0.483957E-02
   -5    9    0  -2.159422544   3.886960578   0.104427E-16   0.483957E-02
    9   -5    0   3.886960578  -2.159422544   0.842493E-17  -0.483957E-02
    5    9    0   2.159422544   3.886960578   0.337211E-17  -0.483957E-02
   -9   -5    0  -3.886960578  -2.159422544   0.282987E-16   0.483957E-02
    9    5    0   3.886960578   2.159422544   0.282987E-16  -0.483957E-02
    5   -9    0   2.159422544  -3.886960578   0.104427E-16  -0.483957E-02
  -10   -3    0  -4.318845087  -1.295653526   0.742078E-02  -0.282487E-16
    3  -10    0   1.295653526  -4.318845087  -0.126649E-16  -0.742078E-02
  -10    3    0  -4.318845087   1.295653526  -0.742078E-02  -0.391537E-17
   -3   10    0  -1.295653526   4.318845087  -0.126649E-16   0.742078E-02
   -3  -10    0  -1.295653526  -4.318845087  -0.101411E-16  -0.742078E-02
    3   10    0   1.295653526   4.318845087  -0.101411E-16   0.742078E-02
   10   -3    0   4.318845087  -1.295653526  -0.742078E-02   0.391537E-17
   10    3    0   4.318845087   1.295653526   0.742078E-02   0.282487E-16
   -8    7    0  -3.455076070   3.023191561  -0.470669E-02  -0.392507E-16
    8   -7    0   3.455076070  -3.023191561  -0.470669E-02   0.392507E-16
   -8   -7    0  -3.455076070  -3.023191561   0.470669E-02  -0.317787E-16
   -7    8    0  -3.023191561   3.455076070   0.149385E-17  -0.470669E-02
    7   -8    0   3.023191561  -3.455076070   0.149385E-17   0.470669E-02
    7    8    0   3.023191561   3.455076070  -0.733775E-17  -0.470669E-02
    8    7    0   3.455076070   3.023191561   0.470669E-02   0.317787E-16
   -7   -8    0  -3.023191561  -3.455076070  -0.733775E-17   0.470669E-02
   10    4    0   4.318845087   1.727538035   0.181034E-02  -0.365915E-17
    4   10    0   1.727538035   4.318845087  -0.181034E-02  -0.267966E-17
   -4  -10    0  -1.727538035  -4.318845087  -0.181034E-02   0.267966E-17
   10   -4    0   4.318845087  -1.727538035   0.181034E-02   0.206148E-16
  -10   -4    0  -4.318845087  -1.727538035   0.181034E-02   0.365915E-17
    4  -10    0   1.727538035  -4.318845087  -0.181034E-02   0.140830E-16
  -10    4    0  -4.318845087   1.727538035   0.181034E-02  -0.206148E-16
   -4   10    0  -1.727538035   4.318845087  -0.181034E-02  -0.140830E-16
   -9   -6    0  -3.886960578  -2.591307052   0.189215E-17   0.157802E-02
   -9    6    0  -3.886960578   2.591307052  -0.205014E-16  -0.157802E-02
   -6   -9    0  -2.591307052  -3.886960578   0.157802E-02   0.261960E-17
   -6    9    0  -2.591307052   3.886960578  -0.157802E-02   0.131377E-18
    6    9    0   2.591307052   3.886960578   0.157802E-02  -0.261960E-17
    9   -6    0   3.886960578  -2.591307052  -0.205014E-16   0.157802E-02
    6   -9    0   2.591307052  -3.886960578  -0.157802E-02  -0.131377E-18
    9    6    0   3.886960578   2.591307052   0.189215E-17  -0.157802E-02
   11    0    0   4.750729596  -0.000000000   0.169319E-16  -0.623369E-17
  -11    0    0  -4.750729596   0.000000000   0.169319E-16   0.623369E-17
    0  -11    0   0.000000000  -4.750729596   0.541271E-17   0.854068E-17
    0   11    0  -0.000000000   4.750729596   0.541271E-17  -0.854068E-17
   -1   11    0  -0.431884509   4.750729596  -0.714533E-17  -0.339259E-02
   11   -1    0   4.750729596  -0.431884509  -0.154293E-16  -0.339259E-02
    1  -11    0   0.431884509  -4.750729596  -0.714533E-17   0.339259E-02
  -11    1    0  -4.750729596   0.431884509  -0.154293E-16   0.339259E-02
   -1  -11    0  -0.431884509  -4.750729596  -0.411184E-17  -0.339259E-02
  -11   -1    0  -4.750729596  -0.431884509   0.191674E-17   0.339259E-02
   11    1    0   4.750729596   0.431884509   0.191674E-17  -0.339259E-02
    1   11    0   0.431884509   4.750729596  -0.411184E-17   0.339259E-02
    2   11    0   0.863769017   4.750729596   0.567219E-02   0.691430E-17
    5  -10    0   2.159422544  -4.318845087   0.646952E-17   0.167594E-02
   11    2    0   4.750729596   0.863769017  -0.100028E-16   0.567219E-02
    2  -11    0   0.863769017  -4.750729596  -0.567219E-02  -0.127116E-17
   -5   10    0  -2.159422544   4.318845087   0.646952E-17  -0.167594E-02
   -2  -11    0  -0.863769017  -4.750729596   0.567219E-02  -0.691430E-17
   -5  -10    0  -2.159422544  -4.318845087   0.155223E-16   0.167594E-02
  -11    2    0  -4.750729596   0.863769017   0.325786E-16   0.567219E-02
   -2   11    0  -0.863769017   4.750729596  -0.567219E-02   0.127116E-17
  -10   -5    0  -4.318845087  -2.159422544   0.167594E-02   0.162053E-16
   11   -2    0   4.750729596  -0.863769017   0.325786E-16  -0.567219E-02
  -10    5    0  -4.318845087   2.159422544  -0.167594E-02   0.139248E-17
   10   -5    0   4.318845087  -2.159422544  -0.167594E-02  -0.139248E-17
   10    5    0   4.318845087   2.159422544   0.167594E-02  -0.162053E-16
    5   10    0   2.159422544   4.318845087   0.155223E-16  -0.167594E-02
  -11   -2    0  -4.750729596  -0.863769017  -0.100028E-16  -0.567219E-02
   -8    8    0  -3.455076070   3.455076070  -0.374557E-02   0.746968E-18
    8    8    0   3.455076070   3.455076070  -0.374557E-02   0.445737E-17
    8   -8    0   3.455076070  -3.455076070  -0.374557E-02  -0.746968E-18
   -8   -8    0  -3.455076070  -3.455076070  -0.374557E-02  -0.445737E-17
  -11   -3    0  -4.750729596  -1.295653526  -0.296540E-16  -0.348736E-03
    3  -11    0   1.295653526  -4.750729596  -0.564191E-17   0.348736E-03
   -3  -11    0  -1.295653526  -4.750729596   0.704325E-17  -0.348736E-03
   -9    7    0  -3.886960578   3.023191561  -0.266842E-16  -0.796923E-02
   -7    9    0  -3.023191561   3.886960578   0.548367E-17   0.796923E-02
   -3   11    0  -1.295653526   4.750729596  -0.564191E-17  -0.348736E-03
    9    7    0   3.886960578   3.023191561  -0.278063E-16   0.796923E-02
    7   -9    0   3.023191561  -3.886960578   0.548367E-17  -0.796923E-02
   -7   -9    0  -3.023191561  -3.886960578   0.199919E-16   0.796923E-02
   11   -3    0   4.750729596  -1.295653526   0.129011E-16   0.348736E-03
   -9   -7    0  -3.886960578  -3.023191561  -0.278063E-16  -0.796923E-02
    7    9    0   3.023191561   3.886960578   0.199919E-16  -0.796923E-02
    9   -7    0   3.886960578  -3.023191561  -0.266842E-16   0.796923E-02
   11    3    0   4.750729596   1.295653526  -0.296540E-16   0.348736E-03
    3   11    0   1.295653526   4.750729596   0.704325E-17   0.348736E-03
  -11    3    0  -4.750729596   1.295653526   0.129011E-16  -0.348736E-03
  -10   -6    0  -4.318845087  -2.591307052   0.189692E-02  -0.360342E-16
   -6   10    0  -2.591307052   4.318845087   0.189692E-02   0.579135E-17
   10   -6    0   4.318845087  -2.591307052   0.189692E-02  -0.135647E-16
  -10    6    0  -4.318845087   2.591307052   0.189692E-02   0.135647E-16
   10    6    0   4.318845087   2.591307052   0.189692E-02   0.360342E-16
    6  -10    0   2.591307052  -4.318845087   0.189692E-02  -0.579135E-17
    6   10    0   2.591307052   4.318845087   0.189692E-02   0.253702E-16
   -6  -10    0  -2.591307052  -4.318845087   0.189692E-02  -0.253702E-16
    4   11    0   1.727538035   4.750729596   0.496794E-02   0.176244E-16
   11   -4    0   4.750729596  -1.727538035  -0.171679E-17   0.496794E-02
    4  -11    0   1.727538035  -4.750729596  -0.496794E-02   0.163910E-16
  -11    4    0  -4.750729596   1.727538035  -0.171679E-17  -0.496794E-02
   -4  -11    0  -1.727538035  -4.750729596   0.496794E-02  -0.176244E-16
   -4   11    0  -1.727538035   4.750729596  -0.496794E-02  -0.163910E-16
   11    4    0   4.750729596   1.727538035  -0.213528E-16  -0.496794E-02
  -11   -4    0  -4.750729596  -1.727538035  -0.213528E-16   0.496794E-02
    0  -12    0   0.000000000  -5.182614105  -0.609964E-02   0.939465E-17
    0   12    0  -0.000000000   5.182614105  -0.609964E-02  -0.939465E-17
  -12    0    0  -5.182614105   0.000000000  -0.609964E-02  -0.679054E-18
   12    0    0   5.182614105  -0.000000000  -0.609964E-02   0.679054E-18
    9   -8    0   3.886960578  -3.455076070   0.151469E-16  -0.107199E-02
   -8   -9    0  -3.455076070  -3.886960578   0.107199E-02  -0.252319E-16
    8    9    0   3.455076070   3.886960578   0.107199E-02   0.252319E-16
   -9    8    0  -3.886960578   3.455076070   0.151469E-16   0.107199E-02
    8   -9    0   3.455076070  -3.886960578  -0.107199E-02   0.316413E-16
    9    8    0   3.886960578   3.455076070  -0.228265E-16   0.107199E-02
   -9   -8    0  -3.886960578  -3.455076070  -0.228265E-16  -0.107199E-02
   -8    9    0  -3.455076070   3.886960578  -0.107199E-02  -0.316413E-16
   -1   12    0  -0.431884509   5.182614105  -0.383759E-17   0.617336E-03
   12    1    0   5.182614105   0.431884509   0.617336E-03   0.934877E-18
   12   -1    0   5.182614105  -0.431884509  -0.617336E-03   0.112439E-16
  -12   -1    0  -5.182614105  -0.431884509   0.617336E-03  -0.934877E-18
    1  -12    0   0.431884509  -5.182614105  -0.383759E-17  -0.617336E-03
   -1  -12    0  -0.431884509  -5.182614105  -0.292269E-17  -0.617336E-03
    1   12    0   0.431884509   5.182614105  -0.292269E-17   0.617336E-03
  -12    1    0  -5.182614105   0.431884509  -0.617336E-03  -0.112439E-16
    5  -11    0   2.159422544  -4.750729596   0.208693E-16   0.930505E-02
  -11    5    0  -4.750729596   2.159422544   0.874842E-17   0.930505E-02
   -5   11    0  -2.159422544   4.750729596   0.208693E-16  -0.930505E-02
   -5  -11    0  -2.159422544  -4.750729596  -0.169026E-16  -0.930505E-02
   11   -5    0   4.750729596  -2.159422544   0.874842E-17  -0.930505E-02
   11    5    0   4.750729596   2.159422544   0.426863E-16  -0.930505E-02
  -11   -5    0  -4.750729596  -2.159422544   0.426863E-16   0.930505E-02
    5   11    0   2.159422544   4.750729596  -0.169026E-16   0.930505E-02
   12    2    0   5.182614105   0.863769017   0.361434E-02  -0.216508E-18
    2  -12    0   0.863769017  -5.182614105  -0.361434E-02   0.595458E-17
  -12    2    0  -5.182614105   0.863769017   0.361434E-02  -0.464046E-16
  -12   -2    0  -5.182614105  -0.863769017   0.361434E-02   0.216508E-18
   12   -2    0   5.182614105  -0.863769017   0.361434E-02   0.464046E-16
   -2  -12    0  -0.863769017  -5.182614105  -0.361434E-02   0.982695E-17
   -2   12    0  -0.863769017   5.182614105  -0.361434E-02  -0.595458E-17
    2   12    0   0.863769017   5.182614105  -0.361434E-02  -0.982695E-17
   -7  -10    0  -3.023191561  -4.318845087   0.179241E-16  -0.442524E-02
   10    7    0   4.318845087   3.023191561   0.442524E-02   0.791089E-17
   -7   10    0  -3.023191561   4.318845087   0.689458E-17   0.442524E-02
   10   -7    0   4.318845087  -3.023191561  -0.442524E-02  -0.108522E-16
    7  -10    0   3.023191561  -4.318845087   0.689458E-17  -0.442524E-02
  -10   -7    0  -4.318845087  -3.023191561   0.442524E-02  -0.791089E-17
    7   10    0   3.023191561   4.318845087   0.179241E-16   0.442524E-02
  -10    7    0  -4.318845087   3.023191561  -0.442524E-02   0.108522E-16
   -3  -12    0  -1.295653526  -5.182614105  -0.168474E-16  -0.379042E-02
   12    3    0   5.182614105   1.295653526  -0.379042E-02  -0.290835E-16
    3   12    0   1.295653526   5.182614105  -0.168474E-16   0.379042E-02
    3  -12    0   1.295653526  -5.182614105  -0.172588E-16  -0.379042E-02
  -12    3    0  -5.182614105   1.295653526   0.379042E-02  -0.751401E-17
   12   -3    0   5.182614105  -1.295653526   0.379042E-02   0.751401E-17
  -12   -3    0  -5.182614105  -1.295653526  -0.379042E-02   0.290835E-16
   -3   12    0  -1.295653526   5.182614105  -0.172588E-16   0.379042E-02
  -11    6    0  -4.750729596   2.591307052   0.244414E-16   0.863870E-02
  -11   -6    0  -4.750729596  -2.591307052  -0.507178E-16  -0.863870E-02
   11   -6    0   4.750729596  -2.591307052   0.244414E-16  -0.863870E-02
    6   11    0   2.591307052   4.750729596   0.863870E-02   0.710673E-18
    6  -11    0   2.591307052  -4.750729596  -0.863870E-02   0.509805E-17
   11    6    0   4.750729596   2.591307052  -0.507178E-16   0.863870E-02
   -6   11    0  -2.591307052   4.750729596  -0.863870E-02  -0.509805E-17
   -6  -11    0  -2.591307052  -4.750729596   0.863870E-02  -0.710673E-18
   -4  -12    0  -1.727538035  -5.182614105  -0.910337E-02   0.143384E-16
   12   -4    0   5.182614105  -1.727538035  -0.910337E-02  -0.324324E-17
  -12   -4    0  -5.182614105  -1.727538035  -0.910337E-02   0.432902E-16
   -4   12    0  -1.727538035   5.182614105  -0.910337E-02  -0.193113E-16
   12    4    0   5.182614105   1.727538035  -0.910337E-02  -0.432902E-16
    4  -12    0   1.727538035  -5.182614105  -0.910337E-02   0.193113E-16
  -12    4    0  -5.182614105   1.727538035  -0.910337E-02   0.324324E-17
    4   12    0   1.727538035   5.182614105  -0.910337E-02  -0.143384E-16
   -9    9    0  -3.886960578   3.886960578  -0.181133E-16  -0.840512E-02
    9   -9    0   3.886960578  -3.886960578  -0.181133E-16   0.840512E-02
    9    9    0   3.886960578   3.886960578  -0.393876E-16   0.840512E-02
   -9   -9    0  -3.886960578  -3.886960578  -0.393876E-16  -0.840512E-02
    8  -10    0   3.455076070  -4.318845087   0.552099E-02   0.118933E-16
   -8   10    0  -3.455076070   4.318845087   0.552099E-02  -0.118933E-16
  -10   -8    0  -4.318845087  -3.455076070  -0.552099E-02   0.260846E-16
   10   -8    0   4.318845087  -3.455076070  -0.552099E-02   0.680811E-17
  -10    8    0  -4.318845087   3.455076070  -0.552099E-02  -0.680811E-17
   10    8    0   4.318845087   3.455076070  -0.552099E-02  -0.260846E-16
   -8  -10    0  -3.455076070  -4.318845087   0.552099E-02   0.122447E-16
    8   10    0   3.455076070   4.318845087   0.552099E-02  -0.122447E-16
  -13    0    0  -5.614498613   0.000000000   0.221049E-16  -0.281383E-17
    0  -13    0   0.000000000  -5.614498613   0.156964E-17   0.780245E-18
   13    0    0   5.614498613  -0.000000000   0.221049E-16   0.281383E-17
    0   13    0  -0.000000000   5.614498613   0.156964E-17  -0.780245E-18
   -5  -12    0  -2.159422544  -5.182614105   0.979748E-17  -0.733020E-02
   12   -5    0   5.182614105  -2.159422544  -0.733020E-02  -0.242650E-16
   -5   12    0  -2.159422544   5.182614105   0.333742E-17   0.733020E-02
  -12    5    0  -5.182614105   2.159422544  -0.733020E-02   0.242650E-16
    5  -12    0   2.159422544  -5.182614105   0.333742E-17  -0.733020E-02
    5   12    0   2.159422544   5.182614105   0.979748E-17   0.733020E-02
   12    5    0   5.182614105   2.159422544   0.733020E-02   0.434800E-16
  -12   -5    0  -5.182614105  -2.159422544   0.733020E-02  -0.434800E-16
   11    7    0   4.750729596   3.023191561  -0.188328E-16   0.270474E-02
   -1  -13    0  -0.431884509  -5.614498613  -0.446112E-17  -0.596984E-02
    1  -13    0   0.431884509  -5.614498613   0.195516E-16   0.596984E-02
   -7   11    0  -3.023191561   4.750729596   0.202132E-16  -0.270474E-02
   13   -1    0   5.614498613  -0.431884509  -0.374901E-16   0.596984E-02
    7  -11    0   3.023191561  -4.750729596   0.202132E-16   0.270474E-02
   -1   13    0  -0.431884509   5.614498613   0.195516E-16  -0.596984E-02
   13    1    0   5.614498613   0.431884509  -0.317810E-16   0.596984E-02
   11   -7    0   4.750729596  -3.023191561   0.450798E-17   0.270474E-02
  -13   -1    0  -5.614498613  -0.431884509  -0.317810E-16  -0.596984E-02
  -13    1    0  -5.614498613   0.431884509  -0.374901E-16  -0.596984E-02
  -11   -7    0  -4.750729596  -3.023191561  -0.188328E-16  -0.270474E-02
    1   13    0   0.431884509   5.614498613  -0.446112E-17   0.596984E-02
    7   11    0   3.023191561   4.750729596  -0.150248E-16   0.270474E-02
  -11    7    0  -4.750729596   3.023191561   0.450798E-17  -0.270474E-02
   -7  -11    0  -3.023191561  -4.750729596  -0.150248E-16  -0.270474E-02
  -13   -2    0  -5.614498613  -0.863769017  -0.895999E-17   0.224328E-02
   -2   13    0  -0.863769017   5.614498613  -0.224328E-02   0.173213E-18
    2   13    0   0.863769017   5.614498613   0.224328E-02   0.992230E-17
   -2  -13    0  -0.863769017  -5.614498613   0.224328E-02  -0.992230E-17
    2  -13    0   0.863769017  -5.614498613  -0.224328E-02  -0.173213E-18
   13    2    0   5.614498613   0.863769017  -0.895999E-17  -0.224328E-02
  -13    2    0  -5.614498613   0.863769017  -0.154332E-16  -0.224328E-02
   13   -2    0   5.614498613  -0.863769017  -0.154332E-16   0.224328E-02
  -13   -3    0  -5.614498613  -1.295653526   0.351827E-16   0.477211E-02
   13   -3    0   5.614498613  -1.295653526   0.759153E-17  -0.477211E-02
   13    3    0   5.614498613   1.295653526   0.351827E-16  -0.477211E-02
    3  -13    0   1.295653526  -5.614498613   0.188178E-16   0.477211E-02
   -3   13    0  -1.295653526   5.614498613   0.188178E-16  -0.477211E-02
    3   13    0   1.295653526   5.614498613  -0.110792E-16   0.477211E-02
   -3  -13    0  -1.295653526  -5.614498613  -0.110792E-16  -0.477211E-02
  -13    3    0  -5.614498613   1.295653526   0.759153E-17   0.477211E-02
  -12   -6    0  -5.182614105  -2.591307052  -0.548449E-02   0.574089E-16
    6   12    0   2.591307052   5.182614105   0.548449E-02   0.124436E-16
   12    6    0   5.182614105   2.591307052  -0.548449E-02  -0.574089E-16
  -12    6    0  -5.182614105   2.591307052  -0.548449E-02  -0.185870E-16
    6  -12    0   2.591307052  -5.182614105   0.548449E-02   0.753828E-17
   12   -6    0   5.182614105  -2.591307052  -0.548449E-02   0.185870E-16
   -6  -12    0  -2.591307052  -5.182614105   0.548449E-02  -0.124436E-16
   -6   12    0  -2.591307052   5.182614105   0.548449E-02  -0.753828E-17
   10   -9    0   4.318845087  -3.886960578  -0.451942E-02  -0.124704E-16
  -10   -9    0  -4.318845087  -3.886960578   0.451942E-02   0.775447E-17
   -9   10    0  -3.886960578   4.318845087  -0.279167E-17  -0.451942E-02
    9   10    0   3.886960578   4.318845087   0.432716E-17  -0.451942E-02
    9  -10    0   3.886960578  -4.318845087  -0.279167E-17   0.451942E-02
  -10    9    0  -4.318845087   3.886960578  -0.451942E-02   0.124704E-16
   10    9    0   4.318845087   3.886960578   0.451942E-02  -0.775447E-17
   -9  -10    0  -3.886960578  -4.318845087   0.432716E-17   0.451942E-02
   13    4    0   5.614498613   1.727538035   0.561011E-16  -0.599472E-02
   13   -4    0   5.614498613  -1.727538035  -0.395616E-17   0.599472E-02
  -13   -4    0  -5.614498613  -1.727538035   0.561011E-16   0.599472E-02
    8   11    0   3.455076070   4.750729596   0.178147E-02  -0.153645E-16
   -8   11    0  -3.455076070   4.750729596  -0.178147E-02   0.165258E-16
   11    8    0   4.750729596   3.455076070   0.553082E-17  -0.178147E-02
    4  -13    0   1.727538035  -5.614498613   0.599472E-02  -0.150116E-16
  -13    4    0  -5.614498613   1.727538035  -0.395616E-17  -0.599472E-02
  -11   -8    0  -4.750729596  -3.455076070   0.553082E-17   0.178147E-02
  -11    8    0  -4.750729596   3.455076070   0.116757E-16  -0.178147E-02
    8  -11    0   3.455076070  -4.750729596  -0.178147E-02  -0.165258E-16
    4   13    0   1.727538035   5.614498613  -0.599472E-02  -0.276281E-16
   -8  -11    0  -3.455076070  -4.750729596   0.178147E-02   0.153645E-16
   11   -8    0   4.750729596  -3.455076070   0.116757E-16   0.178147E-02
   -4   13    0  -1.727538035   5.614498613   0.599472E-02   0.150116E-16
   -4  -13    0  -1.727538035  -5.614498613  -0.599472E-02   0.276281E-16
   12    7    0   5.182614105   3.023191561   0.366778E-02   0.516528E-17
  -12   -7    0  -5.182614105  -3.023191561   0.366778E-02  -0.516528E-17
    7  -12    0   3.023191561  -5.182614105   0.453316E-17   0.366778E-02
   -7   12    0  -3.023191561   5.182614105   0.453316E-17  -0.366778E-02
  -12    7    0  -5.182614105   3.023191561  -0.366778E-02   0.105788E-16
    7   12    0   3.023191561   5.182614105   0.132770E-16  -0.366778E-02
   -7  -12    0  -3.023191561  -5.182614105   0.132770E-16   0.366778E-02
   12   -7    0   5.182614105  -3.023191561  -0.366778E-02  -0.105788E-16
  -13    5    0  -5.614498613   2.159422544  -0.147851E-16   0.110044E-03
   13    5    0   5.614498613   2.159422544   0.140619E-16  -0.110044E-03
    5  -13    0   2.159422544  -5.614498613  -0.842272E-17  -0.110044E-03
   -5   13    0  -2.159422544   5.614498613  -0.842272E-17   0.110044E-03
    5   13    0   2.159422544   5.614498613   0.156386E-16  -0.110044E-03
   13   -5    0   5.614498613  -2.159422544  -0.147851E-16  -0.110044E-03
  -13   -5    0  -5.614498613  -2.159422544   0.140619E-16   0.110044E-03
   -5  -13    0  -2.159422544  -5.614498613   0.156386E-16   0.110044E-03
    0  -14    0   0.000000000  -6.046383122   0.129465E-17   0.120128E-17
    0   14    0  -0.000000000   6.046383122   0.129465E-17  -0.120128E-17
  -14    0    0  -6.046383122   0.000000000  -0.864455E-17   0.212473E-17
   14    0    0   6.046383122  -0.000000000  -0.864455E-17  -0.212473E-17
  -14    1    0  -6.046383122   0.431884509   0.124312E-02   0.526356E-17
   -1   14    0  -0.431884509   6.046383122  -0.792384E-17   0.124312E-02
   14   -1    0   6.046383122  -0.431884509   0.124312E-02  -0.526356E-17
  -14   -1    0  -6.046383122  -0.431884509  -0.124312E-02   0.275913E-16
   14    1    0   6.046383122   0.431884509  -0.124312E-02  -0.275913E-16
   -1  -14    0  -0.431884509  -6.046383122  -0.718886E-17  -0.124312E-02
    1   14    0   0.431884509   6.046383122  -0.718886E-17   0.124312E-02
    1  -14    0   0.431884509  -6.046383122  -0.792384E-17  -0.124312E-02
    2  -14    0   0.863769017  -6.046383122  -0.337145E-02   0.100613E-16
   14   -2    0   6.046383122  -0.863769017  -0.337145E-02  -0.123998E-16
   10  -10    0   4.318845087  -4.318845087  -0.427478E-03  -0.515394E-18
   14    2    0   6.046383122   0.863769017  -0.337145E-02   0.125385E-17
   -2   14    0  -0.863769017   6.046383122  -0.337145E-02  -0.100613E-16
  -10  -10    0  -4.318845087  -4.318845087  -0.427478E-03   0.866032E-17
   10   10    0   4.318845087   4.318845087  -0.427478E-03  -0.866032E-17
  -10   10    0  -4.318845087   4.318845087  -0.427478E-03   0.515394E-18
  -14   -2    0  -6.046383122  -0.863769017  -0.337145E-02  -0.125385E-17
  -14    2    0  -6.046383122   0.863769017  -0.337145E-02   0.123998E-16
   -2  -14    0  -0.863769017  -6.046383122  -0.337145E-02   0.122248E-16
    2   14    0   0.863769017   6.046383122  -0.337145E-02  -0.122248E-16
  -11    9    0  -4.750729596   3.886960578   0.105835E-16  -0.475612E-02
   -9   11    0  -3.886960578   4.750729596   0.150039E-16   0.475612E-02
   11   -9    0   4.750729596  -3.886960578   0.105835E-16   0.475612E-02
   -9  -11    0  -3.886960578  -4.750729596  -0.157284E-17   0.475612E-02
    9  -11    0   3.886960578  -4.750729596   0.150039E-16  -0.475612E-02
  -11   -9    0  -4.750729596  -3.886960578  -0.108126E-16  -0.475612E-02
    9   11    0   3.886960578   4.750729596  -0.157284E-17  -0.475612E-02
   11    9    0   4.750729596   3.886960578  -0.108126E-16   0.475612E-02
   -3   14    0  -1.295653526   6.046383122  -0.930243E-17  -0.354714E-03
  -14   -3    0  -6.046383122  -1.295653526  -0.354714E-03   0.429365E-17
   -3  -14    0  -1.295653526  -6.046383122   0.400115E-17   0.354714E-03
  -14    3    0  -6.046383122   1.295653526   0.354714E-03  -0.150181E-17
   13   -6    0   5.614498613  -2.591307052  -0.238358E-16   0.634880E-02
  -13   -6    0  -5.614498613  -2.591307052   0.417745E-16   0.634880E-02
   -6   13    0  -2.591307052   5.614498613  -0.634880E-02  -0.190245E-16
   14   -3    0   6.046383122  -1.295653526   0.354714E-03   0.150181E-17
    6  -13    0   2.591307052  -5.614498613  -0.634880E-02   0.190245E-16
   14    3    0   6.046383122   1.295653526  -0.354714E-03  -0.429365E-17
    6   13    0   2.591307052   5.614498613   0.634880E-02   0.201575E-16
  -13    6    0  -5.614498613   2.591307052  -0.238358E-16  -0.634880E-02
    3  -14    0   1.295653526  -6.046383122  -0.930243E-17   0.354714E-03
   -6  -13    0  -2.591307052  -5.614498613   0.634880E-02  -0.201575E-16
    3   14    0   1.295653526   6.046383122   0.400115E-17  -0.354714E-03
   13    6    0   5.614498613   2.591307052   0.417745E-16  -0.634880E-02
   -8  -12    0  -3.455076070  -5.182614105   0.237712E-02  -0.354631E-17
   12   -8    0   5.182614105  -3.455076070   0.237712E-02   0.730217E-17
    8  -12    0   3.455076070  -5.182614105   0.237712E-02   0.902215E-17
    8   12    0   3.455076070   5.182614105   0.237712E-02   0.354631E-17
   -8   12    0  -3.455076070   5.182614105   0.237712E-02  -0.902215E-17
   12    8    0   5.182614105   3.455076070   0.237712E-02   0.577497E-17
  -12    8    0  -5.182614105   3.455076070   0.237712E-02  -0.730217E-17
  -12   -8    0  -5.182614105  -3.455076070   0.237712E-02  -0.577497E-17
  -14   -4    0  -6.046383122  -1.727538035  -0.515646E-02   0.164508E-16
  -14    4    0  -6.046383122   1.727538035  -0.515646E-02   0.269903E-16
    4  -14    0   1.727538035  -6.046383122   0.515646E-02  -0.618599E-17
   -4   14    0  -1.727538035   6.046383122   0.515646E-02   0.618599E-17
   14   -4    0   6.046383122  -1.727538035  -0.515646E-02  -0.269903E-16
   14    4    0   6.046383122   1.727538035  -0.515646E-02  -0.164508E-16
    4   14    0   1.727538035   6.046383122   0.515646E-02   0.963342E-18
   -4  -14    0  -1.727538035  -6.046383122   0.515646E-02  -0.963342E-18
   -7   13    0  -3.023191561   5.614498613   0.209802E-16  -0.350103E-02
   -7  -13    0  -3.023191561  -5.614498613  -0.157993E-16  -0.350103E-02
  -13    7    0  -5.614498613   3.023191561   0.140477E-16   0.350103E-02
    7   13    0   3.023191561   5.614498613  -0.157993E-16   0.350103E-02
    7  -13    0   3.023191561  -5.614498613   0.209802E-16   0.350103E-02
  -13   -7    0  -5.614498613  -3.023191561   0.414360E-16   0.350103E-02
   13    7    0   5.614498613   3.023191561   0.414360E-16  -0.350103E-02
   13   -7    0   5.614498613  -3.023191561   0.140477E-16  -0.350103E-02
  -11   10    0  -4.750729596   4.318845087   0.918404E-17  -0.133925E-02
   -5  -14    0  -2.159422544  -6.046383122   0.156836E-16   0.879376E-02
   11  -10    0   4.750729596  -4.318845087   0.918404E-17   0.133925E-02
  -14    5    0  -6.046383122   2.159422544  -0.879376E-02   0.294349E-16
  -14   -5    0  -6.046383122  -2.159422544   0.879376E-02  -0.512025E-16
   10  -11    0   4.318845087  -4.750729596   0.133925E-02  -0.164065E-17
   14    5    0   6.046383122   2.159422544   0.879376E-02   0.512025E-16
    5   14    0   2.159422544   6.046383122   0.156836E-16  -0.879376E-02
   -5   14    0  -2.159422544   6.046383122   0.149128E-16  -0.879376E-02
   14   -5    0   6.046383122  -2.159422544  -0.879376E-02  -0.294349E-16
  -10   11    0  -4.318845087   4.750729596   0.133925E-02   0.164065E-17
   11   10    0   4.750729596   4.318845087  -0.530056E-17  -0.133925E-02
  -10  -11    0  -4.318845087  -4.750729596  -0.133925E-02   0.107240E-17
   10   11    0   4.318845087   4.750729596  -0.133925E-02  -0.107240E-17
  -11  -10    0  -4.750729596  -4.318845087  -0.530056E-17   0.133925E-02
    5  -14    0   2.159422544  -6.046383122   0.149128E-16   0.879376E-02
   12   -9    0   5.182614105  -3.886960578   0.274467E-02   0.993473E-18
   -9  -12    0  -3.886960578  -5.182614105   0.307761E-17   0.274467E-02
  -12   -9    0  -5.182614105  -3.886960578  -0.274467E-02   0.387137E-16
   12    9    0   5.182614105   3.886960578  -0.274467E-02  -0.387137E-16
   -9   12    0  -3.886960578   5.182614105  -0.505080E-17  -0.274467E-02
    9   12    0   3.886960578   5.182614105   0.307761E-17  -0.274467E-02
  -12    9    0  -5.182614105   3.886960578   0.274467E-02  -0.993473E-18
    9  -12    0   3.886960578  -5.182614105  -0.505080E-17   0.274467E-02
   14   -6    0   6.046383122  -2.591307052  -0.402825E-02  -0.151397E-16
  -14   -6    0  -6.046383122  -2.591307052  -0.402825E-02   0.166625E-16
   -6   14    0  -2.591307052   6.046383122  -0.402825E-02  -0.151521E-17
    6  -14    0   2.591307052  -6.046383122  -0.402825E-02   0.151521E-17
  -14    6    0  -6.046383122   2.591307052  -0.402825E-02   0.151397E-16
   14    6    0   6.046383122   2.591307052  -0.402825E-02  -0.166625E-16
   -6  -14    0  -2.591307052  -6.046383122  -0.402825E-02   0.638643E-17
    6   14    0   2.591307052   6.046383122  -0.402825E-02  -0.638643E-17
   -8  -13    0  -3.455076070  -5.614498613  -0.149856E-02   0.236206E-16
  -13   -8    0  -5.614498613  -3.455076070  -0.399925E-17   0.149856E-02
   13    8    0   5.614498613   3.455076070  -0.399925E-17  -0.149856E-02
    8  -13    0   3.455076070  -5.614498613   0.149856E-02  -0.962818E-17
   13   -8    0   5.614498613  -3.455076070   0.192574E-16   0.149856E-02
   -8   13    0  -3.455076070   5.614498613   0.149856E-02   0.962818E-17
    8   13    0   3.455076070   5.614498613  -0.149856E-02  -0.236206E-16
  -13    8    0  -5.614498613   3.455076070   0.192574E-16  -0.149856E-02
   11  -11    0   4.750729596  -4.750729596  -0.120590E-16  -0.650220E-02
  -11  -11    0  -4.750729596  -4.750729596   0.136237E-16   0.650220E-02
   11   11    0   4.750729596   4.750729596   0.136237E-16  -0.650220E-02
  -11   11    0  -4.750729596   4.750729596  -0.120590E-16   0.650220E-02
  -10   12    0  -4.318845087   5.182614105  -0.193814E-02  -0.299163E-17
  -12   10    0  -5.182614105   4.318845087   0.193814E-02   0.912904E-17
  -12  -10    0  -5.182614105  -4.318845087   0.193814E-02  -0.105285E-16
   12   10    0   5.182614105   4.318845087   0.193814E-02   0.105285E-16
  -10  -12    0  -4.318845087  -5.182614105  -0.193814E-02  -0.245170E-16
   10   12    0   4.318845087   5.182614105  -0.193814E-02   0.245170E-16
   10  -12    0   4.318845087  -5.182614105  -0.193814E-02   0.299163E-17
   12  -10    0   5.182614105  -4.318845087   0.193814E-02  -0.912904E-17
  -14   -7    0  -6.046383122  -3.023191561   0.378197E-02  -0.350379E-16
    7   14    0   3.023191561   6.046383122  -0.125452E-17   0.378197E-02
   -7   14    0  -3.023191561   6.046383122  -0.906656E-17   0.378197E-02
   14    7    0   6.046383122   3.023191561   0.378197E-02   0.350379E-16
   -7  -14    0  -3.023191561  -6.046383122  -0.125452E-17  -0.378197E-02
  -14    7    0  -6.046383122   3.023191561  -0.378197E-02   0.583886E-18
   14   -7    0   6.046383122  -3.023191561  -0.378197E-02  -0.583886E-18
    7  -14    0   3.023191561  -6.046383122  -0.906656E-17  -0.378197E-02
    9  -13    0   3.886960578  -5.614498613  -0.165309E-17  -0.296288E-02
  -13   -9    0  -5.614498613  -3.886960578   0.181355E-16   0.296288E-02
   -9   13    0  -3.886960578   5.614498613  -0.165309E-17   0.296288E-02
   13    9    0   5.614498613   3.886960578   0.181355E-16  -0.296288E-02
   13   -9    0   5.614498613  -3.886960578   0.986954E-17  -0.296288E-02
  -13    9    0  -5.614498613   3.886960578   0.986954E-17   0.296288E-02
    9   13    0   3.886960578   5.614498613   0.426767E-17  -0.296288E-02
   -9  -13    0  -3.886960578  -5.614498613   0.426767E-17   0.296288E-02
   -8   14    0  -3.455076070   6.046383122  -0.429139E-02  -0.133191E-16
  -14    8    0  -6.046383122   3.455076070   0.429139E-02  -0.273986E-16
   14   -8    0   6.046383122  -3.455076070   0.429139E-02   0.273986E-16
   -8  -14    0  -3.455076070  -6.046383122  -0.429139E-02   0.546781E-17
   14    8    0   6.046383122   3.455076070   0.429139E-02   0.327979E-16
  -14   -8    0  -6.046383122  -3.455076070   0.429139E-02  -0.327979E-16
    8  -14    0   3.455076070  -6.046383122  -0.429139E-02   0.133191E-16
    8   14    0   3.455076070   6.046383122  -0.429139E-02  -0.546781E-17
  -12   11    0  -5.182614105   4.750729596  -0.130775E-02  -0.430032E-17
   11   12    0   4.750729596   5.182614105   0.599431E-17  -0.130775E-02
  -11  -12    0  -4.750729596  -5.182614105   0.599431E-17   0.130775E-02
   12  -11    0   5.182614105  -4.750729596  -0.130775E-02   0.430032E-17
   11  -12    0   4.750729596  -5.182614105  -0.742808E-17   0.130775E-02
  -11   12    0  -4.750729596   5.182614105  -0.742808E-17  -0.130775E-02
  -12  -11    0  -5.182614105  -4.750729596   0.130775E-02  -0.117371E-16
   12   11    0   5.182614105   4.750729596   0.130775E-02   0.117371E-16
  -13   10    0  -5.614498613   4.318845087   0.584903E-17  -0.637083E-04
  -13  -10    0  -5.614498613  -4.318845087  -0.988352E-17   0.637083E-04
   13  -10    0   5.614498613  -4.318845087   0.584903E-17   0.637083E-04
  -10   13    0  -4.318845087   5.614498613  -0.637083E-04  -0.333348E-17
   10  -13    0   4.318845087  -5.614498613  -0.637083E-04   0.333348E-17
   10   13    0   4.318845087   5.614498613   0.637083E-04   0.632550E-17
   13   10    0   5.614498613   4.318845087  -0.988352E-17  -0.637083E-04
  -10  -13    0  -4.318845087  -5.614498613   0.637083E-04  -0.632550E-17
   14   -9    0   6.046383122  -3.886960578   0.386839E-02   0.265702E-16
  -14    9    0  -6.046383122   3.886960578   0.386839E-02  -0.265702E-16
    9  -14    0   3.886960578  -6.046383122   0.857727E-17  -0.386839E-02
   -9   14    0  -3.886960578   6.046383122   0.857727E-17   0.386839E-02
   14    9    0   6.046383122   3.886960578  -0.386839E-02  -0.191447E-16
   -9  -14    0  -3.886960578  -6.046383122   0.432805E-17  -0.386839E-02
  -14   -9    0  -6.046383122  -3.886960578  -0.386839E-02   0.191447E-16
    9   14    0   3.886960578   6.046383122   0.432805E-17   0.386839E-02
   12   12    0   5.182614105   5.182614105   0.182683E-03   0.130674E-16
   12  -12    0   5.182614105  -5.182614105   0.182683E-03  -0.188176E-16
  -12  -12    0  -5.182614105  -5.182614105   0.182683E-03  -0.130674E-16
  -12   12    0  -5.182614105   5.182614105   0.182683E-03   0.188176E-16
   11   13    0   4.750729596   5.614498613   0.190082E-16  -0.411565E-03
  -13  -11    0  -5.614498613  -4.750729596  -0.337453E-16  -0.411565E-03
  -11  -13    0  -4.750729596  -5.614498613   0.190082E-16   0.411565E-03
  -13   11    0  -5.614498613   4.750729596   0.157684E-16  -0.411565E-03
  -11   13    0  -4.750729596   5.614498613   0.433797E-17   0.411565E-03
   11  -13    0   4.750729596  -5.614498613   0.433797E-17  -0.411565E-03
   13  -11    0   5.614498613  -4.750729596   0.157684E-16   0.411565E-03
   13   11    0   5.614498613   4.750729596  -0.337453E-16   0.411565E-03
  -14   10    0  -6.046383122   4.318845087   0.479022E-03   0.516895E-17
  -14  -10    0  -6.046383122  -4.318845087   0.479022E-03   0.747442E-18
   10  -14    0   4.318845087  -6.046383122   0.479022E-03   0.891317E-17
   14  -10    0   6.046383122  -4.318845087   0.479022E-03  -0.516895E-17
   14   10    0   6.046383122   4.318845087   0.479022E-03  -0.747442E-18
  -10  -14    0  -4.318845087  -6.046383122   0.479022E-03   0.155455E-16
  -10   14    0  -4.318845087   6.046383122   0.479022E-03  -0.891317E-17
   10   14    0   4.318845087   6.046383122   0.479022E-03  -0.155455E-16
  -12  -13    0  -5.182614105  -5.614498613   0.282678E-02  -0.151292E-16
   12  -13    0   5.182614105  -5.614498613  -0.282678E-02   0.984442E-17
  -13   12    0  -5.614498613   5.182614105  -0.458005E-18   0.282678E-02
  -13  -12    0  -5.614498613  -5.182614105  -0.274268E-16  -0.282678E-02
   13   12    0   5.614498613   5.182614105  -0.274268E-16   0.282678E-02
  -12   13    0  -5.182614105   5.614498613  -0.282678E-02  -0.984442E-17
   12   13    0   5.182614105   5.614498613   0.282678E-02   0.151292E-16
   13  -12    0   5.614498613  -5.182614105  -0.458005E-18  -0.282678E-02
   11  -14    0   4.750729596  -6.046383122   0.257968E-16   0.702908E-02
  -11   14    0  -4.750729596   6.046383122   0.257968E-16  -0.702908E-02
  -14  -11    0  -6.046383122  -4.750729596  -0.702908E-02  -0.285388E-17
  -14   11    0  -6.046383122   4.750729596   0.702908E-02  -0.242835E-16
  -11  -14    0  -4.750729596  -6.046383122   0.325239E-16   0.702908E-02
   14  -11    0   6.046383122  -4.750729596   0.702908E-02   0.242835E-16
   11   14    0   4.750729596   6.046383122   0.325239E-16  -0.702908E-02
   14   11    0   6.046383122   4.750729596  -0.702908E-02   0.285388E-17
  -13   13    0  -5.614498613   5.614498613   0.409309E-17  -0.195511E-04
   13   13    0   5.614498613   5.614498613  -0.611783E-17   0.195511E-04
  -13  -13    0  -5.614498613  -5.614498613  -0.611783E-17  -0.195511E-04
   13  -13    0   5.614498613  -5.614498613   0.409309E-17   0.195511E-04
   14  -12    0   6.046383122  -5.182614105  -0.599414E-02   0.158076E-16
  -12  -14    0  -5.182614105  -6.046383122   0.599414E-02  -0.315327E-16
   14   12    0   6.046383122   5.182614105  -0.599414E-02  -0.190732E-16
   12  -14    0   5.182614105  -6.046383122   0.599414E-02  -0.154805E-16
   12   14    0   5.182614105   6.046383122   0.599414E-02   0.315327E-16
  -14  -12    0  -6.046383122  -5.182614105  -0.599414E-02   0.190732E-16
  -12   14    0  -5.182614105   6.046383122   0.599414E-02   0.154805E-16
  -14   12    0  -6.046383122   5.182614105  -0.599414E-02  -0.158076E-16
  -14  -13    0  -6.046383122  -5.614498613   0.227876E-02  -0.226316E-16
   14   13    0   6.046383122   5.614498613   0.227876E-02   0.226316E-16
  -13  -14    0  -5.614498613  -6.046383122  -0.665959E-17   0.227876E-02
  -13   14    0  -5.614498613   6.046383122  -0.337488E-17  -0.227876E-02
   14  -13    0   6.046383122  -5.614498613  -0.227876E-02   0.613198E-17
   13   14    0   5.614498613   6.046383122  -0.665959E-17  -0.227876E-02
   13  -14    0   5.614498613  -6.046383122  -0.337488E-17   0.227876E-02
  -14   13    0  -6.046383122   5.614498613  -0.227876E-02  -0.613198E-17
  -14   14    0  -6.046383122   6.046383122   0.255131E-02   0.947426E-17
   14  -14    0   6.046383122  -6.046383122   0.255131E-02  -0.947426E-17
  -14  -14    0  -6.046383122  -6.046383122   0.255131E-02  -0.255678E-16
   14   14    0   6.046383122   6.046383122   0.255131E-02   0.255678E-16
