    0    0    0   0.000000000   0.000000000  -0.845761E-20  -0.240732E-05
    0    2    0  -0.000000000   1.301452562   0.166990E-01   0.264900E-03
   -2    0    0  -1.301452562   0.000000000   0.166990E-01   0.264900E-03
    2    0    0   1.301452562  -0.000000000   0.166990E-01   0.264900E-03
    0   -2    0   0.000000000  -1.301452562   0.166990E-01   0.264900E-03
    2   -2    0   1.301452562  -1.301452562   0.124063E-01   0.214182E-03
   -2    2    0  -1.301452562   1.301452562   0.124063E-01   0.214182E-03
    2    2    0   1.301452562   1.301452562   0.124063E-01   0.214182E-03
   -2   -2    0  -1.301452562  -1.301452562   0.124063E-01   0.214182E-03
   -4    0    0  -2.602905125   0.000000000  -0.593293E-01  -0.885389E-03
    0    4    0  -0.000000000   2.602905125  -0.593293E-01  -0.885389E-03
    4    0    0   2.602905125  -0.000000000  -0.593293E-01  -0.885389E-03
    0   -4    0   0.000000000  -2.602905125  -0.593293E-01  -0.885389E-03
    4   -2    0   2.602905125  -1.301452562   0.487093E-02   0.953722E-04
    2   -4    0   1.301452562  -2.602905125   0.487093E-02   0.953722E-04
   -2   -4    0  -1.301452562  -2.602905125   0.487093E-02   0.953722E-04
   -4    2    0  -2.602905125   1.301452562   0.487093E-02   0.953722E-04
   -4   -2    0  -2.602905125  -1.301452562   0.487093E-02   0.953722E-04
    2    4    0   1.301452562   2.602905125   0.487093E-02   0.953722E-04
    4    2    0   2.602905125   1.301452562   0.487093E-02   0.953722E-04
   -2    4    0  -1.301452562   2.602905125   0.487093E-02   0.953722E-04
    4    4    0   2.602905125   2.602905125   0.473889E-01   0.107772E-02
   -4   -4    0  -2.602905125  -2.602905125   0.473889E-01   0.107772E-02
    4   -4    0   2.602905125  -2.602905125   0.473889E-01   0.107772E-02
   -4    4    0  -2.602905125   2.602905125   0.473889E-01   0.107772E-02
    0   -6    0   0.000000000  -3.904357687   0.236673E-03  -0.552461E-04
    0    6    0  -0.000000000   3.904357687   0.236673E-03  -0.552461E-04
   -6    0    0  -3.904357687   0.000000000   0.236673E-03  -0.552461E-04
    6    0    0   3.904357687  -0.000000000   0.236673E-03  -0.552461E-04
   -2    6    0  -1.301452562   3.904357687   0.913410E-03   0.507187E-04
   -6   -2    0  -3.904357687  -1.301452562   0.913410E-03   0.507187E-04
    6   -2    0   3.904357687  -1.301452562   0.913410E-03   0.507187E-04
    2    6    0   1.301452562   3.904357687   0.913410E-03   0.507187E-04
    2   -6    0   1.301452562  -3.904357687   0.913410E-03   0.507187E-04
   -2   -6    0  -1.301452562  -3.904357687   0.913410E-03   0.507187E-04
    6    2    0   3.904357687   1.301452562   0.913410E-03   0.507187E-04
   -6    2    0  -3.904357687   1.301452562   0.913410E-03   0.507187E-04
   -6    4    0  -3.904357687   2.602905125   0.686102E-02   0.315703E-03
    6    4    0   3.904357687   2.602905125   0.686102E-02   0.315703E-03
   -4   -6    0  -2.602905125  -3.904357687   0.686102E-02   0.315703E-03
   -6   -4    0  -3.904357687  -2.602905125   0.686102E-02   0.315703E-03
    4   -6    0   2.602905125  -3.904357687   0.686102E-02   0.315703E-03
   -4    6    0  -2.602905125   3.904357687   0.686102E-02   0.315703E-03
    6   -4    0   3.904357687  -2.602905125   0.686102E-02   0.315703E-03
    4    6    0   2.602905125   3.904357687   0.686102E-02   0.315703E-03
    0    8    0  -0.000000000   5.205810249   0.255699E-01   0.835687E-03
    0   -8    0   0.000000000  -5.205810249   0.255699E-01   0.835687E-03
   -8    0    0  -5.205810249   0.000000000   0.255699E-01   0.835687E-03
    8    0    0   5.205810249  -0.000000000   0.255699E-01   0.835687E-03
   -2    8    0  -1.301452562   5.205810249   0.351669E-02   0.168961E-03
   -8   -2    0  -5.205810249  -1.301452562   0.351669E-02   0.168961E-03
    8    2    0   5.205810249   1.301452562   0.351669E-02   0.168961E-03
    2    8    0   1.301452562   5.205810249   0.351669E-02   0.168961E-03
   -2   -8    0  -1.301452562  -5.205810249   0.351669E-02   0.168961E-03
   -8    2    0  -5.205810249   1.301452562   0.351669E-02   0.168961E-03
    2   -8    0   1.301452562  -5.205810249   0.351669E-02   0.168961E-03
    8   -2    0   5.205810249  -1.301452562   0.351669E-02   0.168961E-03
    6   -6    0   3.904357687  -3.904357687   0.101669E-01   0.416111E-03
    6    6    0   3.904357687   3.904357687   0.101669E-01   0.416111E-03
   -6   -6    0  -3.904357687  -3.904357687   0.101669E-01   0.416111E-03
   -6    6    0  -3.904357687   3.904357687   0.101669E-01   0.416111E-03
   -8   -4    0  -5.205810249  -2.602905125  -0.143242E-01  -0.466734E-03
    8   -4    0   5.205810249  -2.602905125  -0.143242E-01  -0.466734E-03
   -4    8    0  -2.602905125   5.205810249  -0.143242E-01  -0.466734E-03
    8    4    0   5.205810249   2.602905125  -0.143242E-01  -0.466734E-03
   -8    4    0  -5.205810249   2.602905125  -0.143242E-01  -0.466734E-03
    4   -8    0   2.602905125  -5.205810249  -0.143242E-01  -0.466734E-03
   -4   -8    0  -2.602905125  -5.205810249  -0.143242E-01  -0.466734E-03
    4    8    0   2.602905125   5.205810249  -0.143242E-01  -0.466734E-03
    8    6    0   5.205810249   3.904357687   0.265161E-02   0.101454E-03
   -6    8    0  -3.904357687   5.205810249   0.265161E-02   0.101454E-03
    0   10    0  -0.000000000   6.507262812   0.570040E-02   0.350606E-03
    6    8    0   3.904357687   5.205810249   0.265161E-02   0.101454E-03
    8   -6    0   5.205810249  -3.904357687   0.265161E-02   0.101454E-03
   -6   -8    0  -3.904357687  -5.205810249   0.265161E-02   0.101454E-03
   10    0    0   6.507262812  -0.000000000   0.570040E-02   0.350606E-03
   -8   -6    0  -5.205810249  -3.904357687   0.265161E-02   0.101454E-03
   -8    6    0  -5.205810249   3.904357687   0.265161E-02   0.101454E-03
  -10    0    0  -6.507262812   0.000000000   0.570040E-02   0.350606E-03
    6   -8    0   3.904357687  -5.205810249   0.265161E-02   0.101454E-03
    0  -10    0   0.000000000  -6.507262812   0.570040E-02   0.350606E-03
    2  -10    0   1.301452562  -6.507262812   0.526003E-02   0.263303E-03
   10   -2    0   6.507262812  -1.301452562   0.526003E-02   0.263303E-03
   -2   10    0  -1.301452562   6.507262812   0.526003E-02   0.263303E-03
   -2  -10    0  -1.301452562  -6.507262812   0.526003E-02   0.263303E-03
    2   10    0   1.301452562   6.507262812   0.526003E-02   0.263303E-03
   10    2    0   6.507262812   1.301452562   0.526003E-02   0.263303E-03
  -10    2    0  -6.507262812   1.301452562   0.526003E-02   0.263303E-03
  -10   -2    0  -6.507262812  -1.301452562   0.526003E-02   0.263303E-03
   -4  -10    0  -2.602905125  -6.507262812   0.667949E-03  -0.159576E-04
  -10    4    0  -6.507262812   2.602905125   0.667949E-03  -0.159576E-04
   10   -4    0   6.507262812  -2.602905125   0.667949E-03  -0.159576E-04
    4   10    0   2.602905125   6.507262812   0.667949E-03  -0.159576E-04
   10    4    0   6.507262812   2.602905125   0.667949E-03  -0.159576E-04
   -4   10    0  -2.602905125   6.507262812   0.667949E-03  -0.159576E-04
    4  -10    0   2.602905125  -6.507262812   0.667949E-03  -0.159576E-04
  -10   -4    0  -6.507262812  -2.602905125   0.667949E-03  -0.159576E-04
    8    8    0   5.205810249   5.205810249   0.121608E-01   0.575659E-03
    8   -8    0   5.205810249  -5.205810249   0.121608E-01   0.575659E-03
   -8   -8    0  -5.205810249  -5.205810249   0.121608E-01   0.575659E-03
   -8    8    0  -5.205810249   5.205810249   0.121608E-01   0.575659E-03
   -6   10    0  -3.904357687   6.507262812  -0.354021E-02  -0.180731E-03
   10    6    0   6.507262812   3.904357687  -0.354021E-02  -0.180731E-03
  -10   -6    0  -6.507262812  -3.904357687  -0.354021E-02  -0.180731E-03
    6  -10    0   3.904357687  -6.507262812  -0.354021E-02  -0.180731E-03
   10   -6    0   6.507262812  -3.904357687  -0.354021E-02  -0.180731E-03
   -6  -10    0  -3.904357687  -6.507262812  -0.354021E-02  -0.180731E-03
  -10    6    0  -6.507262812   3.904357687  -0.354021E-02  -0.180731E-03
    6   10    0   3.904357687   6.507262812  -0.354021E-02  -0.180731E-03
   12    0    0   7.808715374  -0.000000000  -0.500307E-02  -0.192963E-03
    0   12    0  -0.000000000   7.808715374  -0.500307E-02  -0.192963E-03
    0  -12    0   0.000000000  -7.808715374  -0.500307E-02  -0.192963E-03
  -12    0    0  -7.808715374   0.000000000  -0.500307E-02  -0.192963E-03
    2   12    0   1.301452562   7.808715374   0.270166E-02   0.157483E-03
  -12   -2    0  -7.808715374  -1.301452562   0.270166E-02   0.157483E-03
   -2   12    0  -1.301452562   7.808715374   0.270166E-02   0.157483E-03
   -2  -12    0  -1.301452562  -7.808715374   0.270166E-02   0.157483E-03
  -12    2    0  -7.808715374   1.301452562   0.270166E-02   0.157483E-03
   12   -2    0   7.808715374  -1.301452562   0.270166E-02   0.157483E-03
   12    2    0   7.808715374   1.301452562   0.270166E-02   0.157483E-03
    2  -12    0   1.301452562  -7.808715374   0.270166E-02   0.157483E-03
   -4  -12    0  -2.602905125  -7.808715374   0.831320E-02   0.430807E-03
    4   12    0   2.602905125   7.808715374   0.831320E-02   0.430807E-03
   12    4    0   7.808715374   2.602905125   0.831320E-02   0.430807E-03
   12   -4    0   7.808715374  -2.602905125   0.831320E-02   0.430807E-03
  -12   -4    0  -7.808715374  -2.602905125   0.831320E-02   0.430807E-03
   -4   12    0  -2.602905125   7.808715374   0.831320E-02   0.430807E-03
    4  -12    0   2.602905125  -7.808715374   0.831320E-02   0.430807E-03
  -12    4    0  -7.808715374   2.602905125   0.831320E-02   0.430807E-03
    8  -10    0   5.205810249  -6.507262812   0.150179E-02   0.146933E-03
   10    8    0   6.507262812   5.205810249   0.150179E-02   0.146933E-03
   -8  -10    0  -5.205810249  -6.507262812   0.150179E-02   0.146933E-03
   -8   10    0  -5.205810249   6.507262812   0.150179E-02   0.146933E-03
  -10   -8    0  -6.507262812  -5.205810249   0.150179E-02   0.146933E-03
    8   10    0   5.205810249   6.507262812   0.150179E-02   0.146933E-03
  -10    8    0  -6.507262812   5.205810249   0.150179E-02   0.146933E-03
   10   -8    0   6.507262812  -5.205810249   0.150179E-02   0.146933E-03
  -12   -6    0  -7.808715374  -3.904357687   0.257757E-03   0.458813E-04
   12    6    0   7.808715374   3.904357687   0.257757E-03   0.458813E-04
   12   -6    0   7.808715374  -3.904357687   0.257757E-03   0.458813E-04
    6   12    0   3.904357687   7.808715374   0.257757E-03   0.458813E-04
  -12    6    0  -7.808715374   3.904357687   0.257757E-03   0.458813E-04
   -6   12    0  -3.904357687   7.808715374   0.257757E-03   0.458813E-04
   -6  -12    0  -3.904357687  -7.808715374   0.257757E-03   0.458813E-04
    6  -12    0   3.904357687  -7.808715374   0.257757E-03   0.458813E-04
  -14    0    0  -9.110167936   0.000000000   0.107355E-02   0.926485E-05
   14    0    0   9.110167936  -0.000000000   0.107355E-02   0.926485E-05
    0  -14    0   0.000000000  -9.110167936   0.107355E-02   0.926485E-05
    0   14    0  -0.000000000   9.110167936   0.107355E-02   0.926485E-05
   10  -10    0   6.507262812  -6.507262812   0.732097E-02   0.494175E-03
   10   10    0   6.507262812   6.507262812   0.732097E-02   0.494175E-03
  -10  -10    0  -6.507262812  -6.507262812   0.732097E-02   0.494175E-03
  -10   10    0  -6.507262812   6.507262812   0.732097E-02   0.494175E-03
   -2   14    0  -1.301452562   9.110167936   0.116362E-03   0.172178E-04
    2  -14    0   1.301452562  -9.110167936   0.116362E-03   0.172178E-04
  -14    2    0  -9.110167936   1.301452562   0.116362E-03   0.172178E-04
   -2  -14    0  -1.301452562  -9.110167936   0.116362E-03   0.172178E-04
   14   -2    0   9.110167936  -1.301452562   0.116362E-03   0.172178E-04
  -14   -2    0  -9.110167936  -1.301452562   0.116362E-03   0.172178E-04
   14    2    0   9.110167936   1.301452562   0.116362E-03   0.172178E-04
    2   14    0   1.301452562   9.110167936   0.116362E-03   0.172178E-04
    8   12    0   5.205810249   7.808715374  -0.307528E-02  -0.136216E-03
   -8  -12    0  -5.205810249  -7.808715374  -0.307528E-02  -0.136216E-03
   12   -8    0   7.808715374  -5.205810249  -0.307528E-02  -0.136216E-03
  -12    8    0  -7.808715374   5.205810249  -0.307528E-02  -0.136216E-03
    8  -12    0   5.205810249  -7.808715374  -0.307528E-02  -0.136216E-03
   -8   12    0  -5.205810249   7.808715374  -0.307528E-02  -0.136216E-03
   12    8    0   7.808715374   5.205810249  -0.307528E-02  -0.136216E-03
  -12   -8    0  -7.808715374  -5.205810249  -0.307528E-02  -0.136216E-03
   -4   14    0  -2.602905125   9.110167936   0.163535E-02   0.186511E-03
    4  -14    0   2.602905125  -9.110167936   0.163535E-02   0.186511E-03
    4   14    0   2.602905125   9.110167936   0.163535E-02   0.186511E-03
   -4  -14    0  -2.602905125  -9.110167936   0.163535E-02   0.186511E-03
  -14    4    0  -9.110167936   2.602905125   0.163535E-02   0.186511E-03
   14    4    0   9.110167936   2.602905125   0.163535E-02   0.186511E-03
   14   -4    0   9.110167936  -2.602905125   0.163535E-02   0.186511E-03
  -14   -4    0  -9.110167936  -2.602905125   0.163535E-02   0.186511E-03
   -6   14    0  -3.904357687   9.110167936   0.514995E-02   0.374790E-03
    6   14    0   3.904357687   9.110167936   0.514995E-02   0.374790E-03
  -14   -6    0  -9.110167936  -3.904357687   0.514995E-02   0.374790E-03
   14   -6    0   9.110167936  -3.904357687   0.514995E-02   0.374790E-03
   -6  -14    0  -3.904357687  -9.110167936   0.514995E-02   0.374790E-03
  -14    6    0  -9.110167936   3.904357687   0.514995E-02   0.374790E-03
   14    6    0   9.110167936   3.904357687   0.514995E-02   0.374790E-03
    6  -14    0   3.904357687  -9.110167936   0.514995E-02   0.374790E-03
  -10   12    0  -6.507262812   7.808715374   0.328596E-02   0.219015E-03
   10  -12    0   6.507262812  -7.808715374   0.328596E-02   0.219015E-03
  -10  -12    0  -6.507262812  -7.808715374   0.328596E-02   0.219015E-03
   12  -10    0   7.808715374  -6.507262812   0.328596E-02   0.219015E-03
   12   10    0   7.808715374   6.507262812   0.328596E-02   0.219015E-03
  -12   10    0  -7.808715374   6.507262812   0.328596E-02   0.219015E-03
  -12  -10    0  -7.808715374  -6.507262812   0.328596E-02   0.219015E-03
   10   12    0   6.507262812   7.808715374   0.328596E-02   0.219015E-03
   16    0    0  10.411620499  -0.000000000   0.312944E-02   0.178536E-03
    0  -16    0   0.000000000 -10.411620499   0.312944E-02   0.178536E-03
  -16    0    0 -10.411620499   0.000000000   0.312944E-02   0.178536E-03
    0   16    0  -0.000000000  10.411620499   0.312944E-02   0.178536E-03
  -14    8    0  -9.110167936   5.205810249   0.236536E-02   0.133282E-03
    2   16    0   1.301452562  10.411620499   0.579629E-03   0.548140E-04
  -14   -8    0  -9.110167936  -5.205810249   0.236536E-02   0.133282E-03
   -2  -16    0  -1.301452562 -10.411620499   0.579629E-03   0.548140E-04
    8  -14    0   5.205810249  -9.110167936   0.236536E-02   0.133282E-03
  -16   -2    0 -10.411620499  -1.301452562   0.579629E-03   0.548140E-04
  -16    2    0 -10.411620499   1.301452562   0.579629E-03   0.548140E-04
    2  -16    0   1.301452562 -10.411620499   0.579629E-03   0.548140E-04
   -2   16    0  -1.301452562  10.411620499   0.579629E-03   0.548140E-04
   14    8    0   9.110167936   5.205810249   0.236536E-02   0.133282E-03
   16    2    0  10.411620499   1.301452562   0.579629E-03   0.548140E-04
   -8   14    0  -5.205810249   9.110167936   0.236536E-02   0.133282E-03
    8   14    0   5.205810249   9.110167936   0.236536E-02   0.133282E-03
   16   -2    0  10.411620499  -1.301452562   0.579629E-03   0.548140E-04
   -8  -14    0  -5.205810249  -9.110167936   0.236536E-02   0.133282E-03
   14   -8    0   9.110167936  -5.205810249   0.236536E-02   0.133282E-03
    4   16    0   2.602905125  10.411620499  -0.571890E-03   0.254087E-04
   -4   16    0  -2.602905125  10.411620499  -0.571890E-03   0.254087E-04
   16    4    0  10.411620499   2.602905125  -0.571890E-03   0.254087E-04
  -16   -4    0 -10.411620499  -2.602905125  -0.571890E-03   0.254087E-04
   -4  -16    0  -2.602905125 -10.411620499  -0.571890E-03   0.254087E-04
  -16    4    0 -10.411620499   2.602905125  -0.571890E-03   0.254087E-04
   16   -4    0  10.411620499  -2.602905125  -0.571890E-03   0.254087E-04
    4  -16    0   2.602905125 -10.411620499  -0.571890E-03   0.254087E-04
  -12  -12    0  -7.808715374  -7.808715374   0.425374E-02   0.292754E-03
   12  -12    0   7.808715374  -7.808715374   0.425374E-02   0.292754E-03
   12   12    0   7.808715374   7.808715374   0.425374E-02   0.292754E-03
  -12   12    0  -7.808715374   7.808715374   0.425374E-02   0.292754E-03
   16   -6    0  10.411620499  -3.904357687   0.305092E-02   0.243330E-03
  -16    6    0 -10.411620499   3.904357687   0.305092E-02   0.243330E-03
  -16   -6    0 -10.411620499  -3.904357687   0.305092E-02   0.243330E-03
    6   16    0   3.904357687  10.411620499   0.305092E-02   0.243330E-03
   16    6    0  10.411620499   3.904357687   0.305092E-02   0.243330E-03
    6  -16    0   3.904357687 -10.411620499   0.305092E-02   0.243330E-03
   -6   16    0  -3.904357687  10.411620499   0.305092E-02   0.243330E-03
   -6  -16    0  -3.904357687 -10.411620499   0.305092E-02   0.243330E-03
  -14  -10    0  -9.110167936  -6.507262812  -0.290456E-02  -0.219676E-03
  -10   14    0  -6.507262812   9.110167936  -0.290456E-02  -0.219676E-03
  -10  -14    0  -6.507262812  -9.110167936  -0.290456E-02  -0.219676E-03
  -14   10    0  -9.110167936   6.507262812  -0.290456E-02  -0.219676E-03
   14  -10    0   9.110167936  -6.507262812  -0.290456E-02  -0.219676E-03
   14   10    0   9.110167936   6.507262812  -0.290456E-02  -0.219676E-03
   10  -14    0   6.507262812  -9.110167936  -0.290456E-02  -0.219676E-03
   10   14    0   6.507262812   9.110167936  -0.290456E-02  -0.219676E-03
  -16   -8    0 -10.411620499  -5.205810249   0.299643E-02   0.205070E-03
   16   -8    0  10.411620499  -5.205810249   0.299643E-02   0.205070E-03
   16    8    0  10.411620499   5.205810249   0.299643E-02   0.205070E-03
    8   16    0   5.205810249  10.411620499   0.299643E-02   0.205070E-03
  -16    8    0 -10.411620499   5.205810249   0.299643E-02   0.205070E-03
    8  -16    0   5.205810249 -10.411620499   0.299643E-02   0.205070E-03
   -8   16    0  -5.205810249  10.411620499   0.299643E-02   0.205070E-03
   -8  -16    0  -5.205810249 -10.411620499   0.299643E-02   0.205070E-03
  -18    0    0 -11.713073061   0.000000000   0.125312E-03   0.865830E-04
    0  -18    0   0.000000000 -11.713073061   0.125312E-03   0.865830E-04
   18    0    0  11.713073061  -0.000000000   0.125312E-03   0.865830E-04
    0   18    0  -0.000000000  11.713073061   0.125312E-03   0.865830E-04
   18    2    0  11.713073061   1.301452562   0.184973E-02   0.161706E-03
    2   18    0   1.301452562  11.713073061   0.184973E-02   0.161706E-03
   -2  -18    0  -1.301452562 -11.713073061   0.184973E-02   0.161706E-03
  -18    2    0 -11.713073061   1.301452562   0.184973E-02   0.161706E-03
   -2   18    0  -1.301452562  11.713073061   0.184973E-02   0.161706E-03
  -18   -2    0 -11.713073061  -1.301452562   0.184973E-02   0.161706E-03
   18   -2    0  11.713073061  -1.301452562   0.184973E-02   0.161706E-03
    2  -18    0   1.301452562 -11.713073061   0.184973E-02   0.161706E-03
   -4   18    0  -2.602905125  11.713073061   0.212778E-02   0.126478E-03
  -14  -12    0  -9.110167936  -7.808715374  -0.784913E-03  -0.222464E-04
  -18   -4    0 -11.713073061  -2.602905125   0.212778E-02   0.126478E-03
   14   12    0   9.110167936   7.808715374  -0.784913E-03  -0.222464E-04
   12   14    0   7.808715374   9.110167936  -0.784913E-03  -0.222464E-04
  -12   14    0  -7.808715374   9.110167936  -0.784913E-03  -0.222464E-04
  -14   12    0  -9.110167936   7.808715374  -0.784913E-03  -0.222464E-04
   -4  -18    0  -2.602905125 -11.713073061   0.212778E-02   0.126478E-03
   14  -12    0   9.110167936  -7.808715374  -0.784913E-03  -0.222464E-04
  -12  -14    0  -7.808715374  -9.110167936  -0.784913E-03  -0.222464E-04
    4  -18    0   2.602905125 -11.713073061   0.212778E-02   0.126478E-03
   12  -14    0   7.808715374  -9.110167936  -0.784913E-03  -0.222464E-04
   18   -4    0  11.713073061  -2.602905125   0.212778E-02   0.126478E-03
   18    4    0  11.713073061   2.602905125   0.212778E-02   0.126478E-03
  -18    4    0 -11.713073061   2.602905125   0.212778E-02   0.126478E-03
    4   18    0   2.602905125  11.713073061   0.212778E-02   0.126478E-03
   16  -10    0  10.411620499  -6.507262812  -0.122636E-02  -0.843412E-04
   16   10    0  10.411620499   6.507262812  -0.122636E-02  -0.843412E-04
   10   16    0   6.507262812  10.411620499  -0.122636E-02  -0.843412E-04
  -16   10    0 -10.411620499   6.507262812  -0.122636E-02  -0.843412E-04
   10  -16    0   6.507262812 -10.411620499  -0.122636E-02  -0.843412E-04
  -16  -10    0 -10.411620499  -6.507262812  -0.122636E-02  -0.843412E-04
  -10   16    0  -6.507262812  10.411620499  -0.122636E-02  -0.843412E-04
  -10  -16    0  -6.507262812 -10.411620499  -0.122636E-02  -0.843412E-04
   18   -6    0  11.713073061  -3.904357687  -0.100963E-02  -0.729325E-04
  -18    6    0 -11.713073061   3.904357687  -0.100963E-02  -0.729325E-04
   -6  -18    0  -3.904357687 -11.713073061  -0.100963E-02  -0.729325E-04
   -6   18    0  -3.904357687  11.713073061  -0.100963E-02  -0.729325E-04
    6  -18    0   3.904357687 -11.713073061  -0.100963E-02  -0.729325E-04
  -18   -6    0 -11.713073061  -3.904357687  -0.100963E-02  -0.729325E-04
   18    6    0  11.713073061   3.904357687  -0.100963E-02  -0.729325E-04
    6   18    0   3.904357687  11.713073061  -0.100963E-02  -0.729325E-04
    8  -18    0   5.205810249 -11.713073061  -0.478806E-03   0.178847E-04
  -18   -8    0 -11.713073061  -5.205810249  -0.478806E-03   0.178847E-04
  -18    8    0 -11.713073061   5.205810249  -0.478806E-03   0.178847E-04
   -8  -18    0  -5.205810249 -11.713073061  -0.478806E-03   0.178847E-04
   18   -8    0  11.713073061  -5.205810249  -0.478806E-03   0.178847E-04
   -8   18    0  -5.205810249  11.713073061  -0.478806E-03   0.178847E-04
   18    8    0  11.713073061   5.205810249  -0.478806E-03   0.178847E-04
    8   18    0   5.205810249  11.713073061  -0.478806E-03   0.178847E-04
  -14  -14    0  -9.110167936  -9.110167936   0.416945E-02   0.375351E-03
   14   14    0   9.110167936   9.110167936   0.416945E-02   0.375351E-03
   14  -14    0   9.110167936  -9.110167936   0.416945E-02   0.375351E-03
  -14   14    0  -9.110167936   9.110167936   0.416945E-02   0.375351E-03
  -12   16    0  -7.808715374  10.411620499  -0.932323E-03  -0.368295E-04
    0  -20    0   0.000000000 -13.014525623   0.956472E-03   0.146694E-03
   12   16    0   7.808715374  10.411620499  -0.932323E-03  -0.368295E-04
  -12  -16    0  -7.808715374 -10.411620499  -0.932323E-03  -0.368295E-04
   12  -16    0   7.808715374 -10.411620499  -0.932323E-03  -0.368295E-04
  -16  -12    0 -10.411620499  -7.808715374  -0.932323E-03  -0.368295E-04
  -16   12    0 -10.411620499   7.808715374  -0.932323E-03  -0.368295E-04
    0   20    0  -0.000000000  13.014525623   0.956472E-03   0.146694E-03
  -20    0    0 -13.014525623   0.000000000   0.956472E-03   0.146694E-03
   20    0    0  13.014525623  -0.000000000   0.956472E-03   0.146694E-03
   16   12    0  10.411620499   7.808715374  -0.932323E-03  -0.368295E-04
   16  -12    0  10.411620499  -7.808715374  -0.932323E-03  -0.368295E-04
    2  -20    0   1.301452562 -13.014525623   0.146406E-02   0.143461E-03
  -20   -2    0 -13.014525623  -1.301452562   0.146406E-02   0.143461E-03
   -2   20    0  -1.301452562  13.014525623   0.146406E-02   0.143461E-03
   20   -2    0  13.014525623  -1.301452562   0.146406E-02   0.143461E-03
  -20    2    0 -13.014525623   1.301452562   0.146406E-02   0.143461E-03
   -2  -20    0  -1.301452562 -13.014525623   0.146406E-02   0.143461E-03
   20    2    0  13.014525623   1.301452562   0.146406E-02   0.143461E-03
    2   20    0   1.301452562  13.014525623   0.146406E-02   0.143461E-03
   -4   20    0  -2.602905125  13.014525623   0.958826E-03   0.510815E-04
   20   -4    0  13.014525623  -2.602905125   0.958826E-03   0.510815E-04
   -4  -20    0  -2.602905125 -13.014525623   0.958826E-03   0.510815E-04
   20    4    0  13.014525623   2.602905125   0.958826E-03   0.510815E-04
    4  -20    0   2.602905125 -13.014525623   0.958826E-03   0.510815E-04
  -20   -4    0 -13.014525623  -2.602905125   0.958826E-03   0.510815E-04
  -20    4    0 -13.014525623   2.602905125   0.958826E-03   0.510815E-04
    4   20    0   2.602905125  13.014525623   0.958826E-03   0.510815E-04
  -18   10    0 -11.713073061   6.507262812   0.321069E-02   0.296848E-03
  -10  -18    0  -6.507262812 -11.713073061   0.321069E-02   0.296848E-03
  -10   18    0  -6.507262812  11.713073061   0.321069E-02   0.296848E-03
   18  -10    0  11.713073061  -6.507262812   0.321069E-02   0.296848E-03
   10   18    0   6.507262812  11.713073061   0.321069E-02   0.296848E-03
  -18  -10    0 -11.713073061  -6.507262812   0.321069E-02   0.296848E-03
   18   10    0  11.713073061   6.507262812   0.321069E-02   0.296848E-03
   10  -18    0   6.507262812 -11.713073061   0.321069E-02   0.296848E-03
  -20   -6    0 -13.014525623  -3.904357687  -0.728052E-03  -0.594419E-04
    6  -20    0   3.904357687 -13.014525623  -0.728052E-03  -0.594419E-04
  -20    6    0 -13.014525623   3.904357687  -0.728052E-03  -0.594419E-04
   -6   20    0  -3.904357687  13.014525623  -0.728052E-03  -0.594419E-04
   -6  -20    0  -3.904357687 -13.014525623  -0.728052E-03  -0.594419E-04
    6   20    0   3.904357687  13.014525623  -0.728052E-03  -0.594419E-04
   20   -6    0  13.014525623  -3.904357687  -0.728052E-03  -0.594419E-04
   20    6    0  13.014525623   3.904357687  -0.728052E-03  -0.594419E-04
  -16   14    0 -10.411620499   9.110167936   0.271552E-02   0.250265E-03
   16  -14    0  10.411620499  -9.110167936   0.271552E-02   0.250265E-03
  -16  -14    0 -10.411620499  -9.110167936   0.271552E-02   0.250265E-03
  -14   16    0  -9.110167936  10.411620499   0.271552E-02   0.250265E-03
   14  -16    0   9.110167936 -10.411620499   0.271552E-02   0.250265E-03
   14   16    0   9.110167936  10.411620499   0.271552E-02   0.250265E-03
   16   14    0  10.411620499   9.110167936   0.271552E-02   0.250265E-03
  -14  -16    0  -9.110167936 -10.411620499   0.271552E-02   0.250265E-03
   20    8    0  13.014525623   5.205810249   0.170044E-03   0.633241E-04
    8   20    0   5.205810249  13.014525623   0.170044E-03   0.633241E-04
   -8  -20    0  -5.205810249 -13.014525623   0.170044E-03   0.633241E-04
   20   -8    0  13.014525623  -5.205810249   0.170044E-03   0.633241E-04
  -20   -8    0 -13.014525623  -5.205810249   0.170044E-03   0.633241E-04
    8  -20    0   5.205810249 -13.014525623   0.170044E-03   0.633241E-04
  -20    8    0 -13.014525623   5.205810249   0.170044E-03   0.633241E-04
   -8   20    0  -5.205810249  13.014525623   0.170044E-03   0.633241E-04
  -18  -12    0 -11.713073061  -7.808715374   0.226784E-02   0.192382E-03
  -18   12    0 -11.713073061   7.808715374   0.226784E-02   0.192382E-03
  -12  -18    0  -7.808715374 -11.713073061   0.226784E-02   0.192382E-03
  -12   18    0  -7.808715374  11.713073061   0.226784E-02   0.192382E-03
   12   18    0   7.808715374  11.713073061   0.226784E-02   0.192382E-03
   18  -12    0  11.713073061  -7.808715374   0.226784E-02   0.192382E-03
   12  -18    0   7.808715374 -11.713073061   0.226784E-02   0.192382E-03
   18   12    0  11.713073061   7.808715374   0.226784E-02   0.192382E-03
   22    0    0  14.315978186  -0.000000000   0.230082E-02   0.181522E-03
  -22    0    0 -14.315978186   0.000000000   0.230082E-02   0.181522E-03
    0  -22    0   0.000000000 -14.315978186   0.230082E-02   0.181522E-03
    0   22    0  -0.000000000  14.315978186   0.230082E-02   0.181522E-03
   -2   22    0  -1.301452562  14.315978186   0.380246E-03   0.509416E-04
   22   -2    0  14.315978186  -1.301452562   0.380246E-03   0.509416E-04
    2  -22    0   1.301452562 -14.315978186   0.380246E-03   0.509416E-04
  -22    2    0 -14.315978186   1.301452562   0.380246E-03   0.509416E-04
   -2  -22    0  -1.301452562 -14.315978186   0.380246E-03   0.509416E-04
  -22   -2    0 -14.315978186  -1.301452562   0.380246E-03   0.509416E-04
   22    2    0  14.315978186   1.301452562   0.380246E-03   0.509416E-04
    2   22    0   1.301452562  14.315978186   0.380246E-03   0.509416E-04
    4   22    0   2.602905125  14.315978186  -0.858120E-03  -0.245440E-04
   10  -20    0   6.507262812 -13.014525623   0.252736E-02   0.257606E-03
   22    4    0  14.315978186   2.602905125  -0.858120E-03  -0.245440E-04
    4  -22    0   2.602905125 -14.315978186  -0.858120E-03  -0.245440E-04
  -10   20    0  -6.507262812  13.014525623   0.252736E-02   0.257606E-03
   -4  -22    0  -2.602905125 -14.315978186  -0.858120E-03  -0.245440E-04
  -10  -20    0  -6.507262812 -13.014525623   0.252736E-02   0.257606E-03
  -22    4    0 -14.315978186   2.602905125  -0.858120E-03  -0.245440E-04
   -4   22    0  -2.602905125  14.315978186  -0.858120E-03  -0.245440E-04
  -20  -10    0 -13.014525623  -6.507262812   0.252736E-02   0.257606E-03
   22   -4    0  14.315978186  -2.602905125  -0.858120E-03  -0.245440E-04
  -20   10    0 -13.014525623   6.507262812   0.252736E-02   0.257606E-03
   20  -10    0  13.014525623  -6.507262812   0.252736E-02   0.257606E-03
   20   10    0  13.014525623   6.507262812   0.252736E-02   0.257606E-03
   10   20    0   6.507262812  13.014525623   0.252736E-02   0.257606E-03
  -22   -4    0 -14.315978186  -2.602905125  -0.858120E-03  -0.245440E-04
  -16   16    0 -10.411620499  10.411620499   0.217997E-02   0.201809E-03
   16   16    0  10.411620499  10.411620499   0.217997E-02   0.201809E-03
   16  -16    0  10.411620499 -10.411620499   0.217997E-02   0.201809E-03
  -16  -16    0 -10.411620499 -10.411620499   0.217997E-02   0.201809E-03
  -22   -6    0 -14.315978186  -3.904357687   0.151335E-02   0.150508E-03
    6  -22    0   3.904357687 -14.315978186   0.151335E-02   0.150508E-03
   -6  -22    0  -3.904357687 -14.315978186   0.151335E-02   0.150508E-03
   22   -6    0  14.315978186  -3.904357687   0.151335E-02   0.150508E-03
   22    6    0  14.315978186   3.904357687   0.151335E-02   0.150508E-03
   -6   22    0  -3.904357687  14.315978186   0.151335E-02   0.150508E-03
  -22    6    0 -14.315978186   3.904357687   0.151335E-02   0.150508E-03
    6   22    0   3.904357687  14.315978186   0.151335E-02   0.150508E-03
   14  -18    0   9.110167936 -11.713073061  -0.146225E-02  -0.119221E-03
   18   14    0  11.713073061   9.110167936  -0.146225E-02  -0.119221E-03
  -14   18    0  -9.110167936  11.713073061  -0.146225E-02  -0.119221E-03
  -14  -18    0  -9.110167936 -11.713073061  -0.146225E-02  -0.119221E-03
   18  -14    0  11.713073061  -9.110167936  -0.146225E-02  -0.119221E-03
  -18  -14    0 -11.713073061  -9.110167936  -0.146225E-02  -0.119221E-03
   14   18    0   9.110167936  11.713073061  -0.146225E-02  -0.119221E-03
  -18   14    0 -11.713073061   9.110167936  -0.146225E-02  -0.119221E-03
  -20  -12    0 -13.014525623  -7.808715374   0.159180E-02   0.146679E-03
  -12   20    0  -7.808715374  13.014525623   0.159180E-02   0.146679E-03
   20  -12    0  13.014525623  -7.808715374   0.159180E-02   0.146679E-03
  -20   12    0 -13.014525623   7.808715374   0.159180E-02   0.146679E-03
   20   12    0  13.014525623   7.808715374   0.159180E-02   0.146679E-03
   12  -20    0   7.808715374 -13.014525623   0.159180E-02   0.146679E-03
   12   20    0   7.808715374  13.014525623   0.159180E-02   0.146679E-03
  -12  -20    0  -7.808715374 -13.014525623   0.159180E-02   0.146679E-03
    8   22    0   5.205810249  14.315978186   0.202170E-02   0.173379E-03
   22   -8    0  14.315978186  -5.205810249   0.202170E-02   0.173379E-03
    8  -22    0   5.205810249 -14.315978186   0.202170E-02   0.173379E-03
  -22    8    0 -14.315978186   5.205810249   0.202170E-02   0.173379E-03
   -8  -22    0  -5.205810249 -14.315978186   0.202170E-02   0.173379E-03
   -8   22    0  -5.205810249  14.315978186   0.202170E-02   0.173379E-03
   22    8    0  14.315978186   5.205810249   0.202170E-02   0.173379E-03
  -22   -8    0 -14.315978186  -5.205810249   0.202170E-02   0.173379E-03
    0  -24    0   0.000000000 -15.617430748   0.257457E-04   0.109191E-04
    0   24    0  -0.000000000  15.617430748   0.257457E-04   0.109191E-04
  -24    0    0 -15.617430748   0.000000000   0.257457E-04   0.109191E-04
   24    0    0  15.617430748  -0.000000000   0.257457E-04   0.109191E-04
   18  -16    0  11.713073061 -10.411620499  -0.847313E-03  -0.557610E-04
  -16  -18    0 -10.411620499 -11.713073061  -0.847313E-03  -0.557610E-04
   16   18    0  10.411620499  11.713073061  -0.847313E-03  -0.557610E-04
  -18   16    0 -11.713073061  10.411620499  -0.847313E-03  -0.557610E-04
   16  -18    0  10.411620499 -11.713073061  -0.847313E-03  -0.557610E-04
   18   16    0  11.713073061  10.411620499  -0.847313E-03  -0.557610E-04
  -18  -16    0 -11.713073061 -10.411620499  -0.847313E-03  -0.557610E-04
  -16   18    0 -10.411620499  11.713073061  -0.847313E-03  -0.557610E-04
   -2   24    0  -1.301452562  15.617430748   0.188019E-03   0.285368E-04
   24    2    0  15.617430748   1.301452562   0.188019E-03   0.285368E-04
   24   -2    0  15.617430748  -1.301452562   0.188019E-03   0.285368E-04
  -24   -2    0 -15.617430748  -1.301452562   0.188019E-03   0.285368E-04
    2  -24    0   1.301452562 -15.617430748   0.188019E-03   0.285368E-04
   -2  -24    0  -1.301452562 -15.617430748   0.188019E-03   0.285368E-04
    2   24    0   1.301452562  15.617430748   0.188019E-03   0.285368E-04
  -24    2    0 -15.617430748   1.301452562   0.188019E-03   0.285368E-04
   10  -22    0   6.507262812 -14.315978186  -0.548264E-03  -0.294630E-04
  -22   10    0 -14.315978186   6.507262812  -0.548264E-03  -0.294630E-04
  -10   22    0  -6.507262812  14.315978186  -0.548264E-03  -0.294630E-04
  -10  -22    0  -6.507262812 -14.315978186  -0.548264E-03  -0.294630E-04
   22  -10    0  14.315978186  -6.507262812  -0.548264E-03  -0.294630E-04
   22   10    0  14.315978186   6.507262812  -0.548264E-03  -0.294630E-04
  -22  -10    0 -14.315978186  -6.507262812  -0.548264E-03  -0.294630E-04
   10   22    0   6.507262812  14.315978186  -0.548264E-03  -0.294630E-04
   24    4    0  15.617430748   2.602905125   0.945390E-03   0.137039E-03
    4  -24    0   2.602905125 -15.617430748   0.945390E-03   0.137039E-03
  -24    4    0 -15.617430748   2.602905125   0.945390E-03   0.137039E-03
  -24   -4    0 -15.617430748  -2.602905125   0.945390E-03   0.137039E-03
   24   -4    0  15.617430748  -2.602905125   0.945390E-03   0.137039E-03
   -4  -24    0  -2.602905125 -15.617430748   0.945390E-03   0.137039E-03
   -4   24    0  -2.602905125  15.617430748   0.945390E-03   0.137039E-03
    4   24    0   2.602905125  15.617430748   0.945390E-03   0.137039E-03
  -14  -20    0  -9.110167936 -13.014525623  -0.105345E-02  -0.928604E-04
   20   14    0  13.014525623   9.110167936  -0.105345E-02  -0.928604E-04
  -14   20    0  -9.110167936  13.014525623  -0.105345E-02  -0.928604E-04
   20  -14    0  13.014525623  -9.110167936  -0.105345E-02  -0.928604E-04
   14  -20    0   9.110167936 -13.014525623  -0.105345E-02  -0.928604E-04
  -20  -14    0 -13.014525623  -9.110167936  -0.105345E-02  -0.928604E-04
   14   20    0   9.110167936  13.014525623  -0.105345E-02  -0.928604E-04
  -20   14    0 -13.014525623   9.110167936  -0.105345E-02  -0.928604E-04
   -6  -24    0  -3.904357687 -15.617430748   0.154434E-02   0.175702E-03
   24    6    0  15.617430748   3.904357687   0.154434E-02   0.175702E-03
    6   24    0   3.904357687  15.617430748   0.154434E-02   0.175702E-03
    6  -24    0   3.904357687 -15.617430748   0.154434E-02   0.175702E-03
  -24    6    0 -15.617430748   3.904357687   0.154434E-02   0.175702E-03
   24   -6    0  15.617430748  -3.904357687   0.154434E-02   0.175702E-03
  -24   -6    0 -15.617430748  -3.904357687   0.154434E-02   0.175702E-03
   -6   24    0  -3.904357687  15.617430748   0.154434E-02   0.175702E-03
  -22   12    0 -14.315978186   7.808715374  -0.655385E-03  -0.265042E-04
  -22  -12    0 -14.315978186  -7.808715374  -0.655385E-03  -0.265042E-04
   22  -12    0  14.315978186  -7.808715374  -0.655385E-03  -0.265042E-04
   12   22    0   7.808715374  14.315978186  -0.655385E-03  -0.265042E-04
   12  -22    0   7.808715374 -14.315978186  -0.655385E-03  -0.265042E-04
   22   12    0  14.315978186   7.808715374  -0.655385E-03  -0.265042E-04
  -12   22    0  -7.808715374  14.315978186  -0.655385E-03  -0.265042E-04
  -12  -22    0  -7.808715374 -14.315978186  -0.655385E-03  -0.265042E-04
   -8  -24    0  -5.205810249 -15.617430748   0.547644E-03   0.474019E-04
   24   -8    0  15.617430748  -5.205810249   0.547644E-03   0.474019E-04
  -24   -8    0 -15.617430748  -5.205810249   0.547644E-03   0.474019E-04
   -8   24    0  -5.205810249  15.617430748   0.547644E-03   0.474019E-04
   24    8    0  15.617430748   5.205810249   0.547644E-03   0.474019E-04
    8  -24    0   5.205810249 -15.617430748   0.547644E-03   0.474019E-04
  -24    8    0 -15.617430748   5.205810249   0.547644E-03   0.474019E-04
    8   24    0   5.205810249  15.617430748   0.547644E-03   0.474019E-04
  -18   18    0 -11.713073061  11.713073061   0.203132E-02   0.206184E-03
   18  -18    0  11.713073061 -11.713073061   0.203132E-02   0.206184E-03
   18   18    0  11.713073061  11.713073061   0.203132E-02   0.206184E-03
  -18  -18    0 -11.713073061 -11.713073061   0.203132E-02   0.206184E-03
   16  -20    0  10.411620499 -13.014525623  -0.610326E-03  -0.399162E-04
  -16   20    0 -10.411620499  13.014525623  -0.610326E-03  -0.399162E-04
  -20  -16    0 -13.014525623 -10.411620499  -0.610326E-03  -0.399162E-04
   20  -16    0  13.014525623 -10.411620499  -0.610326E-03  -0.399162E-04
  -20   16    0 -13.014525623  10.411620499  -0.610326E-03  -0.399162E-04
   20   16    0  13.014525623  10.411620499  -0.610326E-03  -0.399162E-04
  -16  -20    0 -10.411620499 -13.014525623  -0.610326E-03  -0.399162E-04
   16   20    0  10.411620499  13.014525623  -0.610326E-03  -0.399162E-04
  -26    0    0 -16.918883311   0.000000000  -0.115086E-02  -0.758789E-04
    0  -26    0   0.000000000 -16.918883311  -0.115086E-02  -0.758789E-04
   26    0    0  16.918883311  -0.000000000  -0.115086E-02  -0.758789E-04
    0   26    0  -0.000000000  16.918883311  -0.115086E-02  -0.758789E-04
  -10  -24    0  -6.507262812 -15.617430748  -0.748971E-03  -0.717319E-04
   24  -10    0  15.617430748  -6.507262812  -0.748971E-03  -0.717319E-04
  -10   24    0  -6.507262812  15.617430748  -0.748971E-03  -0.717319E-04
  -24   10    0 -15.617430748   6.507262812  -0.748971E-03  -0.717319E-04
   10  -24    0   6.507262812 -15.617430748  -0.748971E-03  -0.717319E-04
   10   24    0   6.507262812  15.617430748  -0.748971E-03  -0.717319E-04
   24   10    0  15.617430748   6.507262812  -0.748971E-03  -0.717319E-04
  -24  -10    0 -15.617430748  -6.507262812  -0.748971E-03  -0.717319E-04
   -2  -26    0  -1.301452562 -16.918883311   0.554891E-03   0.662749E-04
   -2   26    0  -1.301452562  16.918883311   0.554891E-03   0.662749E-04
    2  -26    0   1.301452562 -16.918883311   0.554891E-03   0.662749E-04
   26   -2    0  16.918883311  -1.301452562   0.554891E-03   0.662749E-04
    2   26    0   1.301452562  16.918883311   0.554891E-03   0.662749E-04
   26    2    0  16.918883311   1.301452562   0.554891E-03   0.662749E-04
  -26   -2    0 -16.918883311  -1.301452562   0.554891E-03   0.662749E-04
  -26    2    0 -16.918883311   1.301452562   0.554891E-03   0.662749E-04
  -14   22    0  -9.110167936  14.315978186   0.158649E-02   0.161163E-03
   14  -22    0   9.110167936 -14.315978186   0.158649E-02   0.161163E-03
   22  -14    0  14.315978186  -9.110167936   0.158649E-02   0.161163E-03
  -22  -14    0 -14.315978186  -9.110167936   0.158649E-02   0.161163E-03
   22   14    0  14.315978186   9.110167936   0.158649E-02   0.161163E-03
   14   22    0   9.110167936  14.315978186   0.158649E-02   0.161163E-03
  -22   14    0 -14.315978186   9.110167936   0.158649E-02   0.161163E-03
  -14  -22    0  -9.110167936 -14.315978186   0.158649E-02   0.161163E-03
  -26   -4    0 -16.918883311  -2.602905125   0.198377E-02   0.189693E-03
   -4   26    0  -2.602905125  16.918883311   0.198377E-02   0.189693E-03
    4   26    0   2.602905125  16.918883311   0.198377E-02   0.189693E-03
   -4  -26    0  -2.602905125 -16.918883311   0.198377E-02   0.189693E-03
    4  -26    0   2.602905125 -16.918883311   0.198377E-02   0.189693E-03
   26    4    0  16.918883311   2.602905125   0.198377E-02   0.189693E-03
  -26    4    0 -16.918883311   2.602905125   0.198377E-02   0.189693E-03
   26   -4    0  16.918883311  -2.602905125   0.198377E-02   0.189693E-03
  -26   -6    0 -16.918883311  -3.904357687   0.222151E-03   0.471159E-04
   26   -6    0  16.918883311  -3.904357687   0.222151E-03   0.471159E-04
   26    6    0  16.918883311   3.904357687   0.222151E-03   0.471159E-04
    6  -26    0   3.904357687 -16.918883311   0.222151E-03   0.471159E-04
   -6   26    0  -3.904357687  16.918883311   0.222151E-03   0.471159E-04
    6   26    0   3.904357687  16.918883311   0.222151E-03   0.471159E-04
   -6  -26    0  -3.904357687 -16.918883311   0.222151E-03   0.471159E-04
  -26    6    0 -16.918883311   3.904357687   0.222151E-03   0.471159E-04
  -24  -12    0 -15.617430748  -7.808715374  -0.125580E-04  -0.133339E-05
   12   24    0   7.808715374  15.617430748  -0.125580E-04  -0.133339E-05
   24   12    0  15.617430748   7.808715374  -0.125580E-04  -0.133339E-05
  -24   12    0 -15.617430748   7.808715374  -0.125580E-04  -0.133339E-05
   12  -24    0   7.808715374 -15.617430748  -0.125580E-04  -0.133339E-05
   24  -12    0  15.617430748  -7.808715374  -0.125580E-04  -0.133339E-05
  -12  -24    0  -7.808715374 -15.617430748  -0.125580E-04  -0.133339E-05
  -12   24    0  -7.808715374  15.617430748  -0.125580E-04  -0.133339E-05
   20  -18    0  13.014525623 -11.713073061   0.155608E-02   0.170011E-03
  -20  -18    0 -13.014525623 -11.713073061   0.155608E-02   0.170011E-03
  -18   20    0 -11.713073061  13.014525623   0.155608E-02   0.170011E-03
   18   20    0  11.713073061  13.014525623   0.155608E-02   0.170011E-03
   18  -20    0  11.713073061 -13.014525623   0.155608E-02   0.170011E-03
  -20   18    0 -13.014525623  11.713073061   0.155608E-02   0.170011E-03
   20   18    0  13.014525623  11.713073061   0.155608E-02   0.170011E-03
  -18  -20    0 -11.713073061 -13.014525623   0.155608E-02   0.170011E-03
   26    8    0  16.918883311   5.205810249  -0.794148E-03  -0.444033E-04
   26   -8    0  16.918883311  -5.205810249  -0.794148E-03  -0.444033E-04
  -26   -8    0 -16.918883311  -5.205810249  -0.794148E-03  -0.444033E-04
   16   22    0  10.411620499  14.315978186   0.133052E-02   0.135235E-03
  -16   22    0 -10.411620499  14.315978186   0.133052E-02   0.135235E-03
   22   16    0  14.315978186  10.411620499   0.133052E-02   0.135235E-03
    8  -26    0   5.205810249 -16.918883311  -0.794148E-03  -0.444033E-04
  -26    8    0 -16.918883311   5.205810249  -0.794148E-03  -0.444033E-04
  -22  -16    0 -14.315978186 -10.411620499   0.133052E-02   0.135235E-03
  -22   16    0 -14.315978186  10.411620499   0.133052E-02   0.135235E-03
   16  -22    0  10.411620499 -14.315978186   0.133052E-02   0.135235E-03
    8   26    0   5.205810249  16.918883311  -0.794148E-03  -0.444033E-04
  -16  -22    0 -10.411620499 -14.315978186   0.133052E-02   0.135235E-03
   22  -16    0  14.315978186 -10.411620499   0.133052E-02   0.135235E-03
   -8   26    0  -5.205810249  16.918883311  -0.794148E-03  -0.444033E-04
   -8  -26    0  -5.205810249 -16.918883311  -0.794148E-03  -0.444033E-04
   24   14    0  15.617430748   9.110167936   0.148552E-02   0.173783E-03
  -24  -14    0 -15.617430748  -9.110167936   0.148552E-02   0.173783E-03
   14  -24    0   9.110167936 -15.617430748   0.148552E-02   0.173783E-03
  -14   24    0  -9.110167936  15.617430748   0.148552E-02   0.173783E-03
  -24   14    0 -15.617430748   9.110167936   0.148552E-02   0.173783E-03
   14   24    0   9.110167936  15.617430748   0.148552E-02   0.173783E-03
  -14  -24    0  -9.110167936 -15.617430748   0.148552E-02   0.173783E-03
   24  -14    0  15.617430748  -9.110167936   0.148552E-02   0.173783E-03
  -26   10    0 -16.918883311   6.507262812   0.756243E-03   0.773396E-04
   26   10    0  16.918883311   6.507262812   0.756243E-03   0.773396E-04
   10  -26    0   6.507262812 -16.918883311   0.756243E-03   0.773396E-04
  -10   26    0  -6.507262812  16.918883311   0.756243E-03   0.773396E-04
   10   26    0   6.507262812  16.918883311   0.756243E-03   0.773396E-04
   26  -10    0  16.918883311  -6.507262812   0.756243E-03   0.773396E-04
  -26  -10    0 -16.918883311  -6.507262812   0.756243E-03   0.773396E-04
  -10  -26    0  -6.507262812 -16.918883311   0.756243E-03   0.773396E-04
    0  -28    0   0.000000000 -18.220335873   0.880149E-03   0.121446E-03
    0   28    0  -0.000000000  18.220335873   0.880149E-03   0.121446E-03
  -28    0    0 -18.220335873   0.000000000   0.880149E-03   0.121446E-03
   28    0    0  18.220335873  -0.000000000   0.880149E-03   0.121446E-03
  -28    2    0 -18.220335873   1.301452562   0.596319E-03   0.780123E-04
   -2   28    0  -1.301452562  18.220335873   0.596319E-03   0.780123E-04
   28   -2    0  18.220335873  -1.301452562   0.596319E-03   0.780123E-04
  -28   -2    0 -18.220335873  -1.301452562   0.596319E-03   0.780123E-04
   28    2    0  18.220335873   1.301452562   0.596319E-03   0.780123E-04
   -2  -28    0  -1.301452562 -18.220335873   0.596319E-03   0.780123E-04
    2   28    0   1.301452562  18.220335873   0.596319E-03   0.780123E-04
    2  -28    0   1.301452562 -18.220335873   0.596319E-03   0.780123E-04
  -20   20    0 -13.014525623  13.014525623   0.137347E-02   0.155685E-03
   20  -20    0  13.014525623 -13.014525623   0.137347E-02   0.155685E-03
  -20  -20    0 -13.014525623 -13.014525623   0.137347E-02   0.155685E-03
   20   20    0  13.014525623  13.014525623   0.137347E-02   0.155685E-03
    4  -28    0   2.602905125 -18.220335873   0.116724E-04   0.470522E-05
   28    4    0  18.220335873   2.602905125   0.116724E-04   0.470522E-05
   28   -4    0  18.220335873  -2.602905125   0.116724E-04   0.470522E-05
  -28   -4    0 -18.220335873  -2.602905125   0.116724E-04   0.470522E-05
   -4   28    0  -2.602905125  18.220335873   0.116724E-04   0.470522E-05
  -28    4    0 -18.220335873   2.602905125   0.116724E-04   0.470522E-05
   -4  -28    0  -2.602905125 -18.220335873   0.116724E-04   0.470522E-05
    4   28    0   2.602905125  18.220335873   0.116724E-04   0.470522E-05
  -22   18    0 -14.315978186  11.713073061  -0.539287E-03  -0.273744E-04
  -18   22    0 -11.713073061  14.315978186  -0.539287E-03  -0.273744E-04
   22  -18    0  14.315978186 -11.713073061  -0.539287E-03  -0.273744E-04
  -18  -22    0 -11.713073061 -14.315978186  -0.539287E-03  -0.273744E-04
   18  -22    0  11.713073061 -14.315978186  -0.539287E-03  -0.273744E-04
  -22  -18    0 -14.315978186 -11.713073061  -0.539287E-03  -0.273744E-04
   18   22    0  11.713073061  14.315978186  -0.539287E-03  -0.273744E-04
   22   18    0  14.315978186  11.713073061  -0.539287E-03  -0.273744E-04
   -6   28    0  -3.904357687  18.220335873  -0.145310E-03  -0.738182E-05
  -28   -6    0 -18.220335873  -3.904357687  -0.145310E-03  -0.738182E-05
   -6  -28    0  -3.904357687 -18.220335873  -0.145310E-03  -0.738182E-05
  -28    6    0 -18.220335873   3.904357687  -0.145310E-03  -0.738182E-05
   26  -12    0  16.918883311  -7.808715374   0.122615E-02   0.121895E-03
  -26  -12    0 -16.918883311  -7.808715374   0.122615E-02   0.121895E-03
  -12   26    0  -7.808715374  16.918883311   0.122615E-02   0.121895E-03
   28   -6    0  18.220335873  -3.904357687  -0.145310E-03  -0.738182E-05
   12  -26    0   7.808715374 -16.918883311   0.122615E-02   0.121895E-03
   28    6    0  18.220335873   3.904357687  -0.145310E-03  -0.738182E-05
   12   26    0   7.808715374  16.918883311   0.122615E-02   0.121895E-03
  -26   12    0 -16.918883311   7.808715374   0.122615E-02   0.121895E-03
    6  -28    0   3.904357687 -18.220335873  -0.145310E-03  -0.738182E-05
  -12  -26    0  -7.808715374 -16.918883311   0.122615E-02   0.121895E-03
    6   28    0   3.904357687  18.220335873  -0.145310E-03  -0.738182E-05
   26   12    0  16.918883311   7.808715374   0.122615E-02   0.121895E-03
  -16  -24    0 -10.411620499 -15.617430748   0.106560E-02   0.122243E-03
   24  -16    0  15.617430748 -10.411620499   0.106560E-02   0.122243E-03
   16  -24    0  10.411620499 -15.617430748   0.106560E-02   0.122243E-03
   16   24    0  10.411620499  15.617430748   0.106560E-02   0.122243E-03
  -16   24    0 -10.411620499  15.617430748   0.106560E-02   0.122243E-03
   24   16    0  15.617430748  10.411620499   0.106560E-02   0.122243E-03
  -24   16    0 -15.617430748  10.411620499   0.106560E-02   0.122243E-03
  -24  -16    0 -15.617430748 -10.411620499   0.106560E-02   0.122243E-03
  -28   -8    0 -18.220335873  -5.205810249   0.473764E-03   0.728515E-04
  -28    8    0 -18.220335873   5.205810249   0.473764E-03   0.728515E-04
    8  -28    0   5.205810249 -18.220335873   0.473764E-03   0.728515E-04
   -8   28    0  -5.205810249  18.220335873   0.473764E-03   0.728515E-04
   28   -8    0  18.220335873  -5.205810249   0.473764E-03   0.728515E-04
   28    8    0  18.220335873   5.205810249   0.473764E-03   0.728515E-04
    8   28    0   5.205810249  18.220335873   0.473764E-03   0.728515E-04
   -8  -28    0  -5.205810249 -18.220335873   0.473764E-03   0.728515E-04
  -14   26    0  -9.110167936  16.918883311  -0.912651E-04   0.162474E-04
  -14  -26    0  -9.110167936 -16.918883311  -0.912651E-04   0.162474E-04
  -26   14    0 -16.918883311   9.110167936  -0.912651E-04   0.162474E-04
   14   26    0   9.110167936  16.918883311  -0.912651E-04   0.162474E-04
   14  -26    0   9.110167936 -16.918883311  -0.912651E-04   0.162474E-04
  -26  -14    0 -16.918883311  -9.110167936  -0.912651E-04   0.162474E-04
   26   14    0  16.918883311   9.110167936  -0.912651E-04   0.162474E-04
   26  -14    0  16.918883311  -9.110167936  -0.912651E-04   0.162474E-04
  -22   20    0 -14.315978186  13.014525623  -0.273126E-03  -0.688297E-05
  -10  -28    0  -6.507262812 -18.220335873   0.982001E-03   0.123066E-03
   22  -20    0  14.315978186 -13.014525623  -0.273126E-03  -0.688297E-05
  -28   10    0 -18.220335873   6.507262812   0.982001E-03   0.123066E-03
  -28  -10    0 -18.220335873  -6.507262812   0.982001E-03   0.123066E-03
   20  -22    0  13.014525623 -14.315978186  -0.273126E-03  -0.688297E-05
   28   10    0  18.220335873   6.507262812   0.982001E-03   0.123066E-03
   10   28    0   6.507262812  18.220335873   0.982001E-03   0.123066E-03
  -10   28    0  -6.507262812  18.220335873   0.982001E-03   0.123066E-03
   28  -10    0  18.220335873  -6.507262812   0.982001E-03   0.123066E-03
  -20   22    0 -13.014525623  14.315978186  -0.273126E-03  -0.688297E-05
   22   20    0  14.315978186  13.014525623  -0.273126E-03  -0.688297E-05
  -20  -22    0 -13.014525623 -14.315978186  -0.273126E-03  -0.688297E-05
   20   22    0  13.014525623  14.315978186  -0.273126E-03  -0.688297E-05
  -22  -20    0 -14.315978186 -13.014525623  -0.273126E-03  -0.688297E-05
   10  -28    0   6.507262812 -18.220335873   0.982001E-03   0.123066E-03
   24  -18    0  15.617430748 -11.713073061  -0.393550E-03  -0.285815E-04
  -18  -24    0 -11.713073061 -15.617430748  -0.393550E-03  -0.285815E-04
  -24  -18    0 -15.617430748 -11.713073061  -0.393550E-03  -0.285815E-04
   24   18    0  15.617430748  11.713073061  -0.393550E-03  -0.285815E-04
  -18   24    0 -11.713073061  15.617430748  -0.393550E-03  -0.285815E-04
   18   24    0  11.713073061  15.617430748  -0.393550E-03  -0.285815E-04
  -24   18    0 -15.617430748  11.713073061  -0.393550E-03  -0.285815E-04
   18  -24    0  11.713073061 -15.617430748  -0.393550E-03  -0.285815E-04
   28  -12    0  18.220335873  -7.808715374   0.486324E-03   0.599780E-04
  -28  -12    0 -18.220335873  -7.808715374   0.486324E-03   0.599780E-04
  -12   28    0  -7.808715374  18.220335873   0.486324E-03   0.599780E-04
   12  -28    0   7.808715374 -18.220335873   0.486324E-03   0.599780E-04
  -28   12    0 -18.220335873   7.808715374   0.486324E-03   0.599780E-04
   28   12    0  18.220335873   7.808715374   0.486324E-03   0.599780E-04
  -12  -28    0  -7.808715374 -18.220335873   0.486324E-03   0.599780E-04
   12   28    0   7.808715374  18.220335873   0.486324E-03   0.599780E-04
  -16  -26    0 -10.411620499 -16.918883311  -0.190167E-03   0.816230E-05
  -26  -16    0 -16.918883311 -10.411620499  -0.190167E-03   0.816230E-05
   26   16    0  16.918883311  10.411620499  -0.190167E-03   0.816230E-05
   16  -26    0  10.411620499 -16.918883311  -0.190167E-03   0.816230E-05
   26  -16    0  16.918883311 -10.411620499  -0.190167E-03   0.816230E-05
  -16   26    0 -10.411620499  16.918883311  -0.190167E-03   0.816230E-05
   16   26    0  10.411620499  16.918883311  -0.190167E-03   0.816230E-05
  -26   16    0 -16.918883311  10.411620499  -0.190167E-03   0.816230E-05
   22  -22    0  14.315978186 -14.315978186   0.972969E-03   0.100641E-03
  -22  -22    0 -14.315978186 -14.315978186   0.972969E-03   0.100641E-03
   22   22    0  14.315978186  14.315978186   0.972969E-03   0.100641E-03
  -22   22    0 -14.315978186  14.315978186   0.972969E-03   0.100641E-03
  -20   24    0 -13.014525623  15.617430748  -0.412353E-03  -0.311138E-04
  -24   20    0 -15.617430748  13.014525623  -0.412353E-03  -0.311138E-04
  -24  -20    0 -15.617430748 -13.014525623  -0.412353E-03  -0.311138E-04
   24   20    0  15.617430748  13.014525623  -0.412353E-03  -0.311138E-04
  -20  -24    0 -13.014525623 -15.617430748  -0.412353E-03  -0.311138E-04
   20   24    0  13.014525623  15.617430748  -0.412353E-03  -0.311138E-04
   20  -24    0  13.014525623 -15.617430748  -0.412353E-03  -0.311138E-04
   24  -20    0  15.617430748 -13.014525623  -0.412353E-03  -0.311138E-04
  -28  -14    0 -18.220335873  -9.110167936  -0.268324E-03  -0.196145E-04
   14   28    0   9.110167936  18.220335873  -0.268324E-03  -0.196145E-04
  -14   28    0  -9.110167936  18.220335873  -0.268324E-03  -0.196145E-04
   28   14    0  18.220335873   9.110167936  -0.268324E-03  -0.196145E-04
  -14  -28    0  -9.110167936 -18.220335873  -0.268324E-03  -0.196145E-04
  -28   14    0 -18.220335873   9.110167936  -0.268324E-03  -0.196145E-04
   28  -14    0  18.220335873  -9.110167936  -0.268324E-03  -0.196145E-04
   14  -28    0   9.110167936 -18.220335873  -0.268324E-03  -0.196145E-04
   18  -26    0  11.713073061 -16.918883311   0.754525E-03   0.772079E-04
  -26  -18    0 -16.918883311 -11.713073061   0.754525E-03   0.772079E-04
  -18   26    0 -11.713073061  16.918883311   0.754525E-03   0.772079E-04
   26   18    0  16.918883311  11.713073061   0.754525E-03   0.772079E-04
   26  -18    0  16.918883311 -11.713073061   0.754525E-03   0.772079E-04
  -26   18    0 -16.918883311  11.713073061   0.754525E-03   0.772079E-04
   18   26    0  11.713073061  16.918883311   0.754525E-03   0.772079E-04
  -18  -26    0 -11.713073061 -16.918883311   0.754525E-03   0.772079E-04
  -16   28    0 -10.411620499  18.220335873  -0.850414E-04   0.974235E-05
  -28   16    0 -18.220335873  10.411620499  -0.850414E-04   0.974235E-05
   28  -16    0  18.220335873 -10.411620499  -0.850414E-04   0.974235E-05
  -16  -28    0 -10.411620499 -18.220335873  -0.850414E-04   0.974235E-05
   28   16    0  18.220335873  10.411620499  -0.850414E-04   0.974235E-05
  -28  -16    0 -18.220335873 -10.411620499  -0.850414E-04   0.974235E-05
   16  -28    0  10.411620499 -18.220335873  -0.850414E-04   0.974235E-05
   16   28    0  10.411620499  18.220335873  -0.850414E-04   0.974235E-05
  -24   22    0 -15.617430748  14.315978186   0.619012E-03   0.737895E-04
   22   24    0  14.315978186  15.617430748   0.619012E-03   0.737895E-04
  -22  -24    0 -14.315978186 -15.617430748   0.619012E-03   0.737895E-04
   24  -22    0  15.617430748 -14.315978186   0.619012E-03   0.737895E-04
   22  -24    0  14.315978186 -15.617430748   0.619012E-03   0.737895E-04
  -22   24    0 -14.315978186  15.617430748   0.619012E-03   0.737895E-04
  -24  -22    0 -15.617430748 -14.315978186   0.619012E-03   0.737895E-04
   24   22    0  15.617430748  14.315978186   0.619012E-03   0.737895E-04
  -26   20    0 -16.918883311  13.014525623   0.506617E-03   0.557968E-04
  -26  -20    0 -16.918883311 -13.014525623   0.506617E-03   0.557968E-04
   26  -20    0  16.918883311 -13.014525623   0.506617E-03   0.557968E-04
  -20   26    0 -13.014525623  16.918883311   0.506617E-03   0.557968E-04
   20  -26    0  13.014525623 -16.918883311   0.506617E-03   0.557968E-04
   20   26    0  13.014525623  16.918883311   0.506617E-03   0.557968E-04
   26   20    0  16.918883311  13.014525623   0.506617E-03   0.557968E-04
  -20  -26    0 -13.014525623 -16.918883311   0.506617E-03   0.557968E-04
   28  -18    0  18.220335873 -11.713073061   0.614282E-03   0.778062E-04
  -28   18    0 -18.220335873  11.713073061   0.614282E-03   0.778062E-04
   18  -28    0  11.713073061 -18.220335873   0.614282E-03   0.778062E-04
  -18   28    0 -11.713073061  18.220335873   0.614282E-03   0.778062E-04
   28   18    0  18.220335873  11.713073061   0.614282E-03   0.778062E-04
  -18  -28    0 -11.713073061 -18.220335873   0.614282E-03   0.778062E-04
  -28  -18    0 -18.220335873 -11.713073061   0.614282E-03   0.778062E-04
   18   28    0  11.713073061  18.220335873   0.614282E-03   0.778062E-04
   24   24    0  15.617430748  15.617430748   0.787874E-03   0.947490E-04
   24  -24    0  15.617430748 -15.617430748   0.787874E-03   0.947490E-04
  -24  -24    0 -15.617430748 -15.617430748   0.787874E-03   0.947490E-04
  -24   24    0 -15.617430748  15.617430748   0.787874E-03   0.947490E-04
   22   26    0  14.315978186  16.918883311  -0.213747E-03   0.306156E-05
  -26  -22    0 -16.918883311 -14.315978186  -0.213747E-03   0.306156E-05
  -22  -26    0 -14.315978186 -16.918883311  -0.213747E-03   0.306156E-05
  -26   22    0 -16.918883311  14.315978186  -0.213747E-03   0.306156E-05
  -22   26    0 -14.315978186  16.918883311  -0.213747E-03   0.306156E-05
   22  -26    0  14.315978186 -16.918883311  -0.213747E-03   0.306156E-05
   26  -22    0  16.918883311 -14.315978186  -0.213747E-03   0.306156E-05
   26   22    0  16.918883311  14.315978186  -0.213747E-03   0.306156E-05
  -28   20    0 -18.220335873  13.014525623   0.628365E-03   0.770785E-04
  -28  -20    0 -18.220335873 -13.014525623   0.628365E-03   0.770785E-04
   20  -28    0  13.014525623 -18.220335873   0.628365E-03   0.770785E-04
   28  -20    0  18.220335873 -13.014525623   0.628365E-03   0.770785E-04
   28   20    0  18.220335873  13.014525623   0.628365E-03   0.770785E-04
  -20  -28    0 -13.014525623 -18.220335873   0.628365E-03   0.770785E-04
  -20   28    0 -13.014525623  18.220335873   0.628365E-03   0.770785E-04
   20   28    0  13.014525623  18.220335873   0.628365E-03   0.770785E-04
  -24  -26    0 -15.617430748 -16.918883311   0.118607E-03   0.292059E-04
   24  -26    0  15.617430748 -16.918883311   0.118607E-03   0.292059E-04
  -26   24    0 -16.918883311  15.617430748   0.118607E-03   0.292059E-04
  -26  -24    0 -16.918883311 -15.617430748   0.118607E-03   0.292059E-04
   26   24    0  16.918883311  15.617430748   0.118607E-03   0.292059E-04
  -24   26    0 -15.617430748  16.918883311   0.118607E-03   0.292059E-04
   24   26    0  15.617430748  16.918883311   0.118607E-03   0.292059E-04
   26  -24    0  16.918883311 -15.617430748   0.118607E-03   0.292059E-04
   22  -28    0  14.315978186 -18.220335873   0.455357E-04   0.125710E-04
  -22   28    0 -14.315978186  18.220335873   0.455357E-04   0.125710E-04
  -28  -22    0 -18.220335873 -14.315978186   0.455357E-04   0.125710E-04
  -28   22    0 -18.220335873  14.315978186   0.455357E-04   0.125710E-04
  -22  -28    0 -14.315978186 -18.220335873   0.455357E-04   0.125710E-04
   28  -22    0  18.220335873 -14.315978186   0.455357E-04   0.125710E-04
   22   28    0  14.315978186  18.220335873   0.455357E-04   0.125710E-04
   28   22    0  18.220335873  14.315978186   0.455357E-04   0.125710E-04
  -26   26    0 -16.918883311  16.918883311   0.565711E-03   0.568238E-04
   26   26    0  16.918883311  16.918883311   0.565711E-03   0.568238E-04
  -26  -26    0 -16.918883311 -16.918883311   0.565711E-03   0.568238E-04
   26  -26    0  16.918883311 -16.918883311   0.565711E-03   0.568238E-04
   28  -24    0  18.220335873 -15.617430748  -0.154693E-03  -0.348783E-05
  -24  -28    0 -15.617430748 -18.220335873  -0.154693E-03  -0.348783E-05
   28   24    0  18.220335873  15.617430748  -0.154693E-03  -0.348783E-05
   24  -28    0  15.617430748 -18.220335873  -0.154693E-03  -0.348783E-05
   24   28    0  15.617430748  18.220335873  -0.154693E-03  -0.348783E-05
  -28  -24    0 -18.220335873 -15.617430748  -0.154693E-03  -0.348783E-05
  -24   28    0 -15.617430748  18.220335873  -0.154693E-03  -0.348783E-05
  -28   24    0 -18.220335873  15.617430748  -0.154693E-03  -0.348783E-05
  -28  -26    0 -18.220335873 -16.918883311   0.169233E-03   0.250611E-04
   28   26    0  18.220335873  16.918883311   0.169233E-03   0.250611E-04
  -26  -28    0 -16.918883311 -18.220335873   0.169233E-03   0.250611E-04
  -26   28    0 -16.918883311  18.220335873   0.169233E-03   0.250611E-04
   28  -26    0  18.220335873 -16.918883311   0.169233E-03   0.250611E-04
   26   28    0  16.918883311  18.220335873   0.169233E-03   0.250611E-04
   26  -28    0  16.918883311 -18.220335873   0.169233E-03   0.250611E-04
  -28   26    0 -18.220335873  16.918883311   0.169233E-03   0.250611E-04
  -28   28    0 -18.220335873  18.220335873   0.361548E-03   0.417832E-04
   28  -28    0  18.220335873 -18.220335873   0.361548E-03   0.417832E-04
  -28  -28    0 -18.220335873 -18.220335873   0.361548E-03   0.417832E-04
   28   28    0  18.220335873  18.220335873   0.361548E-03   0.417832E-04
