    0    0    0   0.000000000   0.000000000   0.445116E-20  -0.317955E-05
    0    1    0   0.000000000   1.408504932  -0.291599E-05   0.106698E-16
   -1    0    0  -1.408504932   0.000000000  -0.291599E-05   0.241523E-16
    1    0    0   1.408504932  -0.000000000  -0.291599E-05  -0.241388E-16
    0   -1    0  -0.000000000  -1.408504932  -0.291599E-05  -0.106562E-16
    1   -1    0   1.408504932  -1.408504932   0.397499E-03  -0.120840E-01
   -1    1    0  -1.408504932   1.408504932  -0.397499E-03   0.120840E-01
    1    1    0   1.408504932   1.408504932   0.397499E-03  -0.120840E-01
   -1   -1    0  -1.408504932  -1.408504932  -0.397499E-03   0.120840E-01
   -2    0    0  -2.817009864   0.000000000  -0.268254E-01  -0.322781E-03
    0    2    0   0.000000000   2.817009864  -0.268254E-01  -0.322781E-03
    2    0    0   2.817009864  -0.000000000  -0.268254E-01  -0.322781E-03
    0   -2    0  -0.000000000  -2.817009864  -0.268254E-01  -0.322781E-03
    2   -1    0   2.817009864  -1.408504932   0.728333E-01   0.115251E-02
    1   -2    0   1.408504932  -2.817009864  -0.132778E-16   0.188689E-01
   -1   -2    0  -1.408504932  -2.817009864  -0.406936E-16   0.188689E-01
   -2    1    0  -2.817009864   1.408504932   0.728333E-01   0.115251E-02
   -2   -1    0  -2.817009864  -1.408504932  -0.728333E-01   0.115251E-02
    1    2    0   1.408504932   2.817009864  -0.412238E-16  -0.165639E-01
    2    1    0   2.817009864   1.408504932  -0.728333E-01   0.115251E-02
   -1    2    0  -1.408504932   2.817009864  -0.138080E-16  -0.165639E-01
    2    2    0   2.817009864   2.817009864   0.524496E-02   0.808678E-04
   -2   -2    0  -2.817009864  -2.817009864   0.524496E-02   0.808678E-04
    2   -2    0   2.817009864  -2.817009864   0.524496E-02   0.808678E-04
   -2    2    0  -2.817009864   2.817009864   0.524496E-02   0.808678E-04
    0   -3    0  -0.000000000  -4.225514796   0.328356E-17  -0.587410E-05
    0    3    0   0.000000000   4.225514796   0.328356E-17  -0.587410E-05
   -3    0    0  -4.225514796   0.000000000  -0.185889E-18  -0.587410E-05
    3    0    0   4.225514796  -0.000000000  -0.185889E-18  -0.587410E-05
   -1    3    0  -1.408504932   4.225514796   0.342157E-03  -0.656190E-02
   -3   -1    0  -4.225514796  -1.408504932  -0.342157E-03   0.119212E-01
    3   -1    0   4.225514796  -1.408504932   0.342157E-03  -0.119212E-01
    1    3    0   1.408504932   4.225514796  -0.342157E-03   0.656190E-02
    1   -3    0   1.408504932  -4.225514796  -0.342157E-03   0.656190E-02
   -1   -3    0  -1.408504932  -4.225514796   0.342157E-03  -0.656190E-02
    3    1    0   4.225514796   1.408504932   0.342157E-03  -0.119212E-01
   -3    1    0  -4.225514796   1.408504932  -0.342157E-03   0.119212E-01
   -3    2    0  -4.225514796   2.817009864  -0.552588E-03   0.115999E-01
    3    2    0   4.225514796   2.817009864  -0.552588E-03   0.115999E-01
   -2   -3    0  -2.817009864  -4.225514796  -0.223118E-01  -0.250581E-16
   -3   -2    0  -4.225514796  -2.817009864   0.552588E-03  -0.115999E-01
    2   -3    0   2.817009864  -4.225514796   0.212066E-01   0.246441E-16
   -2    3    0  -2.817009864   4.225514796   0.212066E-01  -0.235063E-16
    3   -2    0   4.225514796  -2.817009864   0.552588E-03  -0.115999E-01
    2    3    0   2.817009864   4.225514796  -0.223118E-01   0.261959E-16
    0    4    0   0.000000000   5.634019728  -0.409164E-01  -0.120642E-02
    0   -4    0  -0.000000000  -5.634019728  -0.409164E-01  -0.120642E-02
   -4    0    0  -5.634019728   0.000000000  -0.409164E-01  -0.120642E-02
    4    0    0   5.634019728  -0.000000000  -0.409164E-01  -0.120642E-02
   -1    4    0  -1.408504932   5.634019728  -0.258169E-17  -0.351428E-03
   -4   -1    0  -5.634019728  -1.408504932   0.159930E-01   0.421707E-03
    4    1    0   5.634019728   1.408504932   0.159930E-01   0.421707E-03
    1    4    0   1.408504932   5.634019728  -0.195945E-16  -0.351428E-03
   -1   -4    0  -1.408504932  -5.634019728  -0.223395E-16   0.119484E-02
   -4    1    0  -5.634019728   1.408504932  -0.159930E-01   0.421707E-03
    1   -4    0   1.408504932  -5.634019728  -0.532661E-17   0.119484E-02
    4   -1    0   5.634019728  -1.408504932  -0.159930E-01   0.421707E-03
    3   -3    0   4.225514796  -4.225514796  -0.390979E-03   0.101905E-01
    3    3    0   4.225514796   4.225514796  -0.390979E-03   0.101905E-01
   -3   -3    0  -4.225514796  -4.225514796   0.390979E-03  -0.101905E-01
   -3    3    0  -4.225514796   4.225514796   0.390979E-03  -0.101905E-01
   -4   -2    0  -5.634019728  -2.817009864   0.750259E-02   0.224616E-03
    4   -2    0   5.634019728  -2.817009864   0.750259E-02   0.224616E-03
   -2    4    0  -2.817009864   5.634019728   0.750259E-02   0.224616E-03
    4    2    0   5.634019728   2.817009864   0.750259E-02   0.224616E-03
   -4    2    0  -5.634019728   2.817009864   0.750259E-02   0.224616E-03
    2   -4    0   2.817009864  -5.634019728   0.750259E-02   0.224616E-03
   -2   -4    0  -2.817009864  -5.634019728   0.750259E-02   0.224616E-03
    2    4    0   2.817009864   5.634019728   0.750259E-02   0.224616E-03
    4    3    0   5.634019728   4.225514796   0.501715E-02   0.184134E-03
   -3    4    0  -4.225514796   5.634019728   0.505574E-17   0.319412E-02
    3   -4    0   4.225514796  -5.634019728   0.524738E-17  -0.282585E-02
    3    4    0   4.225514796   5.634019728   0.776762E-18   0.319412E-02
    4   -3    0   5.634019728  -4.225514796  -0.501715E-02   0.184134E-03
   -3   -4    0  -4.225514796  -5.634019728   0.968394E-18  -0.282585E-02
   -4   -3    0  -5.634019728  -4.225514796   0.501715E-02   0.184134E-03
   -4    3    0  -5.634019728   4.225514796  -0.501715E-02   0.184134E-03
    5    0    0   7.042524660  -0.000000000  -0.816364E-16   0.665273E-05
   -5    0    0  -7.042524660   0.000000000  -0.816364E-16   0.665273E-05
    0    5    0   0.000000000   7.042524660  -0.425254E-16   0.665273E-05
    0   -5    0  -0.000000000  -7.042524660  -0.425254E-16   0.665273E-05
    1   -5    0   1.408504932  -7.042524660  -0.342487E-03   0.889331E-02
    5   -1    0   7.042524660  -1.408504932  -0.342487E-03   0.681444E-02
   -1    5    0  -1.408504932   7.042524660   0.342487E-03  -0.889331E-02
   -1   -5    0  -1.408504932  -7.042524660   0.342487E-03  -0.889331E-02
    1    5    0   1.408504932   7.042524660  -0.342487E-03   0.889331E-02
    5    1    0   7.042524660   1.408504932  -0.342487E-03   0.681444E-02
   -5    1    0  -7.042524660   1.408504932   0.342487E-03  -0.681444E-02
   -5   -1    0  -7.042524660  -1.408504932   0.342487E-03  -0.681444E-02
   -2   -5    0  -2.817009864  -7.042524660   0.276892E-01   0.108197E-02
   -5    2    0  -7.042524660   2.817009864  -0.139866E-16   0.113665E-01
    5   -2    0   7.042524660  -2.817009864  -0.839411E-17  -0.920255E-02
    2    5    0   2.817009864   7.042524660   0.276892E-01   0.108197E-02
    5    2    0   7.042524660   2.817009864   0.682183E-16   0.113665E-01
   -2    5    0  -2.817009864   7.042524660  -0.276892E-01   0.108197E-02
    2   -5    0   2.817009864  -7.042524660  -0.276892E-01   0.108197E-02
   -5   -2    0  -7.042524660  -2.817009864   0.738108E-16  -0.920255E-02
    4    4    0   5.634019728   5.634019728   0.217443E-01   0.944274E-03
    4   -4    0   5.634019728  -5.634019728   0.217443E-01   0.944274E-03
   -4   -4    0  -5.634019728  -5.634019728   0.217443E-01   0.944274E-03
   -4    4    0  -5.634019728   5.634019728   0.217443E-01   0.944274E-03
   -3    5    0  -4.225514796   7.042524660   0.386731E-03  -0.424334E-02
    5    3    0   7.042524660   4.225514796   0.386731E-03  -0.452008E-02
   -5   -3    0  -7.042524660  -4.225514796  -0.386731E-03   0.452008E-02
    3   -5    0   4.225514796  -7.042524660  -0.386731E-03   0.424334E-02
    5   -3    0   7.042524660  -4.225514796   0.386731E-03  -0.452008E-02
   -3   -5    0  -4.225514796  -7.042524660   0.386731E-03  -0.424334E-02
   -5    3    0  -7.042524660   4.225514796  -0.386731E-03   0.452008E-02
    3    5    0   4.225514796   7.042524660  -0.386731E-03   0.424334E-02
    6    0    0   8.451029592  -0.000000000   0.155637E-01   0.624356E-03
    0    6    0   0.000000000   8.451029592   0.155637E-01   0.624356E-03
    0   -6    0  -0.000000000  -8.451029592   0.155637E-01   0.624356E-03
   -6    0    0  -8.451029592   0.000000000   0.155637E-01   0.624356E-03
    1    6    0   1.408504932   8.451029592  -0.443272E-03   0.800237E-02
   -6   -1    0  -8.451029592  -1.408504932   0.134103E-01   0.325352E-16
   -1    6    0  -1.408504932   8.451029592  -0.443272E-03   0.800237E-02
   -1   -6    0  -1.408504932  -8.451029592   0.443272E-03  -0.800237E-02
   -6    1    0  -8.451029592   1.408504932  -0.142968E-01   0.297669E-17
    6   -1    0   8.451029592  -1.408504932  -0.142968E-01  -0.254747E-17
    6    1    0   8.451029592   1.408504932   0.134103E-01  -0.321060E-16
    1   -6    0   1.408504932  -8.451029592   0.443272E-03  -0.800237E-02
   -2   -6    0  -2.817009864  -8.451029592  -0.399227E-02  -0.151237E-03
    2    6    0   2.817009864   8.451029592  -0.399227E-02  -0.151237E-03
    6    2    0   8.451029592   2.817009864  -0.399227E-02  -0.151237E-03
    6   -2    0   8.451029592  -2.817009864  -0.399227E-02  -0.151237E-03
   -6   -2    0  -8.451029592  -2.817009864  -0.399227E-02  -0.151237E-03
   -2    6    0  -2.817009864   8.451029592  -0.399227E-02  -0.151237E-03
    2   -6    0   2.817009864  -8.451029592  -0.399227E-02  -0.151237E-03
   -6    2    0  -8.451029592   2.817009864  -0.399227E-02  -0.151237E-03
    4   -5    0   5.634019728  -7.042524660   0.966593E-02   0.405229E-03
    5    4    0   7.042524660   5.634019728   0.158891E-16  -0.265690E-02
   -4   -5    0  -5.634019728  -7.042524660  -0.966593E-02   0.405229E-03
   -4    5    0  -5.634019728   7.042524660   0.966593E-02   0.405229E-03
   -5   -4    0  -7.042524660  -5.634019728   0.154895E-16   0.346736E-02
    4    5    0   5.634019728   7.042524660  -0.966593E-02   0.405229E-03
   -5    4    0  -7.042524660   5.634019728   0.354367E-16  -0.265690E-02
    5   -4    0   7.042524660  -5.634019728   0.350371E-16   0.346736E-02
   -6   -3    0  -8.451029592  -4.225514796   0.718786E-02   0.400767E-03
    6    3    0   8.451029592   4.225514796   0.718786E-02   0.400767E-03
    6   -3    0   8.451029592  -4.225514796  -0.718786E-02   0.400767E-03
    3    6    0   4.225514796   8.451029592  -0.146348E-17  -0.752871E-02
   -6    3    0  -8.451029592   4.225514796  -0.718786E-02   0.400767E-03
   -3    6    0  -4.225514796   8.451029592  -0.310153E-16  -0.752871E-02
   -3   -6    0  -4.225514796  -8.451029592  -0.308953E-17   0.833024E-02
    3   -6    0   4.225514796  -8.451029592  -0.326413E-16   0.833024E-02
   -7    0    0  -9.859534524   0.000000000   0.103371E-16   0.683974E-05
    7    0    0   9.859534524  -0.000000000   0.103371E-16   0.683974E-05
    0   -7    0  -0.000000000  -9.859534524   0.467750E-17   0.683974E-05
    0    7    0   0.000000000   9.859534524   0.467750E-17   0.683974E-05
   -1    7    0  -1.408504932   9.859534524  -0.382865E-03   0.445422E-02
    7   -1    0   9.859534524  -1.408504932  -0.382865E-03   0.444878E-02
    1   -7    0   1.408504932  -9.859534524   0.382865E-03  -0.445422E-02
    7    1    0   9.859534524   1.408504932  -0.382865E-03   0.444878E-02
   -1   -7    0  -1.408504932  -9.859534524  -0.382865E-03   0.445422E-02
    1    7    0   1.408504932   9.859534524   0.382865E-03  -0.445422E-02
   -7   -1    0  -9.859534524  -1.408504932   0.382865E-03  -0.444878E-02
   -7    1    0  -9.859534524   1.408504932   0.382865E-03  -0.444878E-02
    5   -5    0   7.042524660  -7.042524660   0.338308E-03  -0.615283E-02
   -5   -5    0  -7.042524660  -7.042524660  -0.338308E-03   0.615283E-02
    5    5    0   7.042524660   7.042524660   0.338308E-03  -0.615283E-02
   -5    5    0  -7.042524660   7.042524660  -0.338308E-03   0.615283E-02
    4    6    0   5.634019728   8.451029592  -0.920016E-02  -0.465359E-03
   -4   -6    0  -5.634019728  -8.451029592  -0.920016E-02  -0.465359E-03
    6   -4    0   8.451029592  -5.634019728  -0.920016E-02  -0.465359E-03
   -6    4    0  -8.451029592   5.634019728  -0.920016E-02  -0.465359E-03
    4   -6    0   5.634019728  -8.451029592  -0.920016E-02  -0.465359E-03
   -4    6    0  -5.634019728   8.451029592  -0.920016E-02  -0.465359E-03
    6    4    0   8.451029592   5.634019728  -0.920016E-02  -0.465359E-03
   -6   -4    0  -8.451029592  -5.634019728  -0.920016E-02  -0.465359E-03
   -2    7    0  -2.817009864   9.859534524   0.348382E-03  -0.667517E-04
    2   -7    0   2.817009864  -9.859534524   0.348382E-03  -0.667517E-04
    2    7    0   2.817009864   9.859534524  -0.348382E-03  -0.667517E-04
   -2   -7    0  -2.817009864  -9.859534524  -0.348382E-03  -0.667517E-04
   -7    2    0  -9.859534524   2.817009864  -0.104015E-16  -0.645832E-02
    7    2    0   9.859534524   2.817009864  -0.184263E-16  -0.645832E-02
    7   -2    0   9.859534524  -2.817009864  -0.993132E-17   0.632482E-02
   -7   -2    0  -9.859534524  -2.817009864  -0.179561E-16   0.632482E-02
   -3    7    0  -4.225514796   9.859534524  -0.336414E-03   0.472530E-02
    3    7    0   4.225514796   9.859534524   0.336414E-03  -0.472530E-02
   -7   -3    0  -9.859534524  -4.225514796  -0.336414E-03   0.597036E-02
    7   -3    0   9.859534524  -4.225514796   0.336414E-03  -0.597036E-02
   -3   -7    0  -4.225514796  -9.859534524  -0.336414E-03   0.472530E-02
   -7    3    0  -9.859534524   4.225514796  -0.336414E-03   0.597036E-02
    7    3    0   9.859534524   4.225514796   0.336414E-03  -0.597036E-02
    3   -7    0   4.225514796  -9.859534524   0.336414E-03  -0.472530E-02
   -5    6    0  -7.042524660   8.451029592   0.278451E-03  -0.426922E-02
    5   -6    0   7.042524660  -8.451029592  -0.278451E-03   0.426922E-02
   -5   -6    0  -7.042524660  -8.451029592  -0.278451E-03   0.426922E-02
    6   -5    0   8.451029592  -7.042524660   0.102361E-01   0.158541E-16
    6    5    0   8.451029592   7.042524660  -0.107930E-01   0.611637E-16
   -6    5    0  -8.451029592   7.042524660   0.102361E-01  -0.161755E-16
   -6   -5    0  -8.451029592  -7.042524660  -0.107930E-01  -0.614851E-16
    5    6    0   7.042524660   8.451029592   0.278451E-03  -0.426922E-02
    8    0    0  11.268039456  -0.000000000   0.797106E-02   0.565220E-03
    0   -8    0  -0.000000000 -11.268039456   0.797106E-02   0.565220E-03
   -8    0    0 -11.268039456   0.000000000   0.797106E-02   0.565220E-03
    0    8    0   0.000000000  11.268039456   0.797106E-02   0.565220E-03
   -7    4    0  -9.859534524   5.634019728  -0.570964E-04  -0.502988E-03
    1    8    0   1.408504932  11.268039456   0.121857E-03  -0.490179E-03
   -7   -4    0  -9.859534524  -5.634019728   0.570964E-04   0.502988E-03
   -1   -8    0  -1.408504932 -11.268039456  -0.121857E-03   0.490179E-03
    4   -7    0   5.634019728  -9.859534524  -0.148830E-02   0.801106E-17
   -8   -1    0 -11.268039456  -1.408504932  -0.868646E-02  -0.499255E-16
   -8    1    0 -11.268039456   1.408504932   0.844274E-02   0.227849E-16
    1   -8    0   1.408504932 -11.268039456  -0.121857E-03   0.490179E-03
   -1    8    0  -1.408504932  11.268039456   0.121857E-03  -0.490179E-03
    7    4    0   9.859534524   5.634019728  -0.570964E-04  -0.502988E-03
    8    1    0  11.268039456   1.408504932  -0.868646E-02   0.506413E-16
   -4    7    0  -5.634019728   9.859534524  -0.148830E-02  -0.914675E-17
    4    7    0   5.634019728   9.859534524   0.160249E-02   0.863303E-17
    8   -1    0  11.268039456  -1.408504932   0.844274E-02  -0.220691E-16
   -4   -7    0  -5.634019728  -9.859534524   0.160249E-02  -0.976873E-17
    7   -4    0   9.859534524  -5.634019728   0.570964E-04   0.502988E-03
    2    8    0   2.817009864  11.268039456  -0.103348E-02  -0.775773E-04
   -2    8    0  -2.817009864  11.268039456  -0.103348E-02  -0.775773E-04
    8    2    0  11.268039456   2.817009864  -0.103348E-02  -0.775773E-04
   -8   -2    0 -11.268039456  -2.817009864  -0.103348E-02  -0.775773E-04
   -2   -8    0  -2.817009864 -11.268039456  -0.103348E-02  -0.775773E-04
   -8    2    0 -11.268039456   2.817009864  -0.103348E-02  -0.775773E-04
    8   -2    0  11.268039456  -2.817009864  -0.103348E-02  -0.775773E-04
    2   -8    0   2.817009864 -11.268039456  -0.103348E-02  -0.775773E-04
   -6   -6    0  -8.451029592  -8.451029592   0.587716E-02   0.305003E-03
    6   -6    0   8.451029592  -8.451029592   0.587716E-02   0.305003E-03
    6    6    0   8.451029592   8.451029592   0.587716E-02   0.305003E-03
   -6    6    0  -8.451029592   8.451029592   0.587716E-02   0.305003E-03
    8   -3    0  11.268039456  -4.225514796   0.341049E-02   0.229890E-03
   -8    3    0 -11.268039456   4.225514796   0.341049E-02   0.229890E-03
   -8   -3    0 -11.268039456  -4.225514796  -0.341049E-02   0.229890E-03
    3    8    0   4.225514796  11.268039456   0.498699E-17  -0.558365E-03
    8    3    0  11.268039456   4.225514796  -0.341049E-02   0.229890E-03
    3   -8    0   4.225514796 -11.268039456   0.541630E-17   0.101815E-02
   -3    8    0  -4.225514796  11.268039456   0.503688E-17  -0.558365E-03
   -3   -8    0  -4.225514796 -11.268039456   0.536641E-17   0.101815E-02
   -7   -5    0  -9.859534524  -7.042524660  -0.441029E-04   0.318369E-03
   -5    7    0  -7.042524660   9.859534524   0.441029E-04  -0.364893E-02
   -5   -7    0  -7.042524660  -9.859534524   0.441029E-04  -0.364893E-02
   -7    5    0  -9.859534524   7.042524660  -0.441029E-04   0.318369E-03
    7   -5    0   9.859534524  -7.042524660   0.441029E-04  -0.318369E-03
    7    5    0   9.859534524   7.042524660   0.441029E-04  -0.318369E-03
    5   -7    0   7.042524660  -9.859534524  -0.441029E-04   0.364893E-02
    5    7    0   7.042524660   9.859534524  -0.441029E-04   0.364893E-02
   -8   -4    0 -11.268039456  -5.634019728  -0.610627E-02  -0.489598E-03
    8   -4    0  11.268039456  -5.634019728  -0.610627E-02  -0.489598E-03
    8    4    0  11.268039456   5.634019728  -0.610627E-02  -0.489598E-03
    4    8    0   5.634019728  11.268039456  -0.610627E-02  -0.489598E-03
   -8    4    0 -11.268039456   5.634019728  -0.610627E-02  -0.489598E-03
    4   -8    0   5.634019728 -11.268039456  -0.610627E-02  -0.489598E-03
   -4    8    0  -5.634019728  11.268039456  -0.610627E-02  -0.489598E-03
   -4   -8    0  -5.634019728 -11.268039456  -0.610627E-02  -0.489598E-03
   -9    0    0 -12.676544388   0.000000000  -0.223716E-05  -0.166342E-16
    0   -9    0  -0.000000000 -12.676544388  -0.223716E-05  -0.152235E-17
    9    0    0  12.676544388  -0.000000000  -0.223716E-05   0.166088E-16
    0    9    0   0.000000000  12.676544388  -0.223716E-05   0.149699E-17
    9    1    0  12.676544388   1.408504932   0.202825E-03  -0.369788E-02
    1    9    0   1.408504932  12.676544388   0.202825E-03  -0.383710E-02
   -1   -9    0  -1.408504932 -12.676544388  -0.202825E-03   0.383710E-02
   -9    1    0 -12.676544388   1.408504932  -0.202825E-03   0.369788E-02
   -1    9    0  -1.408504932  12.676544388  -0.202825E-03   0.383710E-02
   -9   -1    0 -12.676544388  -1.408504932  -0.202825E-03   0.369788E-02
    9   -1    0  12.676544388  -1.408504932   0.202825E-03  -0.369788E-02
    1   -9    0   1.408504932 -12.676544388   0.202825E-03  -0.383710E-02
   -6    7    0  -8.451029592   9.859534524   0.937180E-03   0.107331E-03
   -7   -6    0  -9.859534524  -8.451029592   0.112930E-16  -0.507470E-02
    7   -6    0   9.859534524  -8.451029592   0.190324E-16  -0.507470E-02
    7    6    0   9.859534524   8.451029592   0.113923E-16   0.528936E-02
    6    7    0   8.451029592   9.859534524  -0.937180E-03   0.107331E-03
    6   -7    0   8.451029592  -9.859534524   0.937180E-03   0.107331E-03
   -7    6    0  -9.859534524   8.451029592   0.191317E-16   0.528936E-02
   -6   -7    0  -8.451029592  -9.859534524  -0.937180E-03   0.107331E-03
   -2   -9    0  -2.817009864 -12.676544388  -0.914834E-02  -0.682044E-03
   -9   -2    0 -12.676544388  -2.817009864  -0.285050E-16   0.353914E-02
    2   -9    0   2.817009864 -12.676544388   0.914834E-02  -0.682044E-03
   -2    9    0  -2.817009864  12.676544388   0.914834E-02  -0.682044E-03
    9   -2    0  12.676544388  -2.817009864   0.227950E-16   0.353914E-02
    9    2    0  12.676544388   2.817009864  -0.384349E-16  -0.490323E-02
   -9    2    0 -12.676544388   2.817009864   0.128651E-16  -0.490323E-02
    2    9    0   2.817009864  12.676544388  -0.914834E-02  -0.682044E-03
    8   -5    0  11.268039456  -7.042524660  -0.736823E-02  -0.480098E-03
    8    5    0  11.268039456   7.042524660   0.736823E-02  -0.480098E-03
    5    8    0   7.042524660  11.268039456   0.100442E-16   0.196352E-02
   -8    5    0 -11.268039456   7.042524660  -0.736823E-02  -0.480098E-03
    5   -8    0   7.042524660 -11.268039456  -0.460279E-17  -0.292371E-02
   -8   -5    0 -11.268039456  -7.042524660   0.736823E-02  -0.480098E-03
   -5    8    0  -7.042524660  11.268039456  -0.595096E-17   0.196352E-02
   -5   -8    0  -7.042524660 -11.268039456   0.113923E-16  -0.292371E-02
    9   -3    0  12.676544388  -4.225514796  -0.391285E-03   0.375979E-02
   -9    3    0 -12.676544388   4.225514796   0.391285E-03  -0.375979E-02
   -3   -9    0  -4.225514796 -12.676544388  -0.391285E-03   0.108011E-02
   -3    9    0  -4.225514796  12.676544388  -0.391285E-03   0.108011E-02
    3   -9    0   4.225514796 -12.676544388   0.391285E-03  -0.108011E-02
   -9   -3    0 -12.676544388  -4.225514796   0.391285E-03  -0.375979E-02
    9    3    0  12.676544388   4.225514796  -0.391285E-03   0.375979E-02
    3    9    0   4.225514796  12.676544388   0.391285E-03  -0.108011E-02
    4   -9    0   5.634019728 -12.676544388  -0.315228E-02  -0.226203E-03
   -9   -4    0 -12.676544388  -5.634019728   0.144062E-16  -0.270467E-02
   -9    4    0 -12.676544388   5.634019728  -0.230022E-16   0.225226E-02
   -4   -9    0  -5.634019728 -12.676544388   0.315228E-02  -0.226203E-03
    9   -4    0  12.676544388  -5.634019728  -0.241502E-16  -0.270467E-02
   -4    9    0  -5.634019728  12.676544388  -0.315228E-02  -0.226203E-03
    9    4    0  12.676544388   5.634019728   0.155541E-16   0.225226E-02
    4    9    0   5.634019728  12.676544388   0.315228E-02  -0.226203E-03
   -7   -7    0  -9.859534524  -9.859534524   0.230252E-03  -0.333944E-02
    7    7    0   9.859534524   9.859534524  -0.230252E-03   0.333944E-02
    7   -7    0   9.859534524  -9.859534524  -0.230252E-03   0.333944E-02
   -7    7    0  -9.859534524   9.859534524   0.230252E-03  -0.333944E-02
   -6    8    0  -8.451029592  11.268039456   0.202370E-02   0.186750E-03
    6   -8    0   8.451029592 -11.268039456   0.202370E-02   0.186750E-03
    6    8    0   8.451029592  11.268039456   0.202370E-02   0.186750E-03
   -6   -8    0  -8.451029592 -11.268039456   0.202370E-02   0.186750E-03
    8    6    0  11.268039456   8.451029592   0.202370E-02   0.186750E-03
   -8   -6    0 -11.268039456  -8.451029592   0.202370E-02   0.186750E-03
   -8    6    0 -11.268039456   8.451029592   0.202370E-02   0.186750E-03
    8   -6    0  11.268039456  -8.451029592   0.202370E-02   0.186750E-03
    0  -10    0  -0.000000000 -14.085049320  -0.723963E-02  -0.524751E-03
  -10    0    0 -14.085049320   0.000000000  -0.723963E-02  -0.524751E-03
    0   10    0   0.000000000  14.085049320  -0.723963E-02  -0.524751E-03
   10    0    0  14.085049320  -0.000000000  -0.723963E-02  -0.524751E-03
    1  -10    0   1.408504932 -14.085049320  -0.307565E-03   0.377658E-02
  -10   -1    0 -14.085049320  -1.408504932  -0.247586E-02  -0.170870E-16
   -1   10    0  -1.408504932  14.085049320   0.307565E-03  -0.377658E-02
   10   -1    0  14.085049320  -1.408504932   0.186073E-02  -0.220355E-16
  -10    1    0 -14.085049320   1.408504932   0.186073E-02   0.191499E-16
   -1  -10    0  -1.408504932 -14.085049320  -0.307565E-03   0.377658E-02
   10    1    0  14.085049320   1.408504932  -0.247586E-02   0.142014E-16
    1   10    0   1.408504932  14.085049320   0.307565E-03  -0.377658E-02
   -2   10    0  -2.817009864  14.085049320   0.175575E-02   0.112815E-03
   10   -2    0  14.085049320  -2.817009864   0.175575E-02   0.112815E-03
   -2  -10    0  -2.817009864 -14.085049320   0.175575E-02   0.112815E-03
   10    2    0  14.085049320   2.817009864   0.175575E-02   0.112815E-03
    2  -10    0   2.817009864 -14.085049320   0.175575E-02   0.112815E-03
  -10   -2    0 -14.085049320  -2.817009864   0.175575E-02   0.112815E-03
  -10    2    0 -14.085049320   2.817009864   0.175575E-02   0.112815E-03
    2   10    0   2.817009864  14.085049320   0.175575E-02   0.112815E-03
   -9    5    0 -12.676544388   7.042524660   0.233835E-03  -0.269842E-02
   -5   -9    0  -7.042524660 -12.676544388   0.233835E-03  -0.342334E-02
   -5    9    0  -7.042524660  12.676544388   0.233835E-03  -0.342334E-02
    9   -5    0  12.676544388  -7.042524660  -0.233835E-03   0.269842E-02
    5    9    0   7.042524660  12.676544388  -0.233835E-03   0.342334E-02
   -9   -5    0 -12.676544388  -7.042524660   0.233835E-03  -0.269842E-02
    9    5    0  12.676544388   7.042524660  -0.233835E-03   0.269842E-02
    5   -9    0   7.042524660 -12.676544388  -0.233835E-03   0.342334E-02
  -10   -3    0 -14.085049320  -4.225514796  -0.197923E-02  -0.195391E-03
    3  -10    0   4.225514796 -14.085049320   0.289880E-16  -0.504481E-02
  -10    3    0 -14.085049320   4.225514796   0.197923E-02  -0.195391E-03
   -3   10    0  -4.225514796  14.085049320   0.325811E-16   0.465403E-02
   -3  -10    0  -4.225514796 -14.085049320   0.117300E-16  -0.504481E-02
    3   10    0   4.225514796  14.085049320   0.153232E-16   0.465403E-02
   10   -3    0  14.085049320  -4.225514796   0.197923E-02  -0.195391E-03
   10    3    0  14.085049320   4.225514796  -0.197923E-02  -0.195391E-03
   -8    7    0 -11.268039456   9.859534524   0.992303E-03   0.191098E-04
    8   -7    0  11.268039456  -9.859534524   0.992303E-03   0.191098E-04
   -8   -7    0 -11.268039456  -9.859534524  -0.992303E-03   0.191098E-04
   -7    8    0  -9.859534524  11.268039456  -0.554085E-17  -0.333611E-03
    7   -8    0   9.859534524 -11.268039456  -0.623976E-17   0.371831E-03
    7    8    0   9.859534524  11.268039456   0.105737E-16  -0.333611E-03
    8    7    0  11.268039456   9.859534524  -0.992303E-03   0.191098E-04
   -7   -8    0  -9.859534524 -11.268039456   0.987476E-17   0.371831E-03
   10    4    0  14.085049320   5.634019728   0.515446E-02   0.418191E-03
    4   10    0   5.634019728  14.085049320   0.515446E-02   0.418191E-03
   -4  -10    0  -5.634019728 -14.085049320   0.515446E-02   0.418191E-03
   10   -4    0  14.085049320  -5.634019728   0.515446E-02   0.418191E-03
  -10   -4    0 -14.085049320  -5.634019728   0.515446E-02   0.418191E-03
    4  -10    0   5.634019728 -14.085049320   0.515446E-02   0.418191E-03
  -10    4    0 -14.085049320   5.634019728   0.515446E-02   0.418191E-03
   -4   10    0  -5.634019728  14.085049320   0.515446E-02   0.418191E-03
   -9   -6    0 -12.676544388  -8.451029592   0.105986E-03  -0.148789E-02
   -9    6    0 -12.676544388   8.451029592  -0.105986E-03   0.148789E-02
   -6   -9    0  -8.451029592 -12.676544388   0.503399E-02   0.138486E-16
   -6    9    0  -8.451029592  12.676544388  -0.524596E-02   0.172501E-16
    6    9    0   8.451029592  12.676544388   0.503399E-02  -0.137183E-16
    9   -6    0  12.676544388  -8.451029592   0.105986E-03  -0.148789E-02
    6   -9    0   8.451029592 -12.676544388  -0.524596E-02  -0.171197E-16
    9    6    0  12.676544388   8.451029592  -0.105986E-03   0.148789E-02
   11    0    0  15.493554252  -0.000000000  -0.155199E-05   0.420371E-17
  -11    0    0 -15.493554252   0.000000000  -0.155199E-05  -0.447000E-17
    0  -11    0  -0.000000000 -15.493554252  -0.155199E-05  -0.485005E-17
    0   11    0   0.000000000  15.493554252  -0.155199E-05   0.458376E-17
   -1   11    0  -1.408504932  15.493554252   0.347934E-03  -0.337760E-02
   11   -1    0  15.493554252  -1.408504932   0.347934E-03  -0.147432E-02
    1  -11    0   1.408504932 -15.493554252  -0.347934E-03   0.337760E-02
  -11    1    0 -15.493554252   1.408504932  -0.347934E-03   0.147432E-02
   -1  -11    0  -1.408504932 -15.493554252   0.347934E-03  -0.337760E-02
  -11   -1    0 -15.493554252  -1.408504932  -0.347934E-03   0.147432E-02
   11    1    0  15.493554252   1.408504932   0.347934E-03  -0.147432E-02
    1   11    0   1.408504932  15.493554252  -0.347934E-03   0.337760E-02
    2   11    0   2.817009864  15.493554252   0.255202E-02   0.144749E-03
   -2  -11    0  -2.817009864 -15.493554252   0.255202E-02   0.144749E-03
   11    2    0  15.493554252   2.817009864   0.248730E-16   0.450271E-02
    2  -11    0   2.817009864 -15.493554252  -0.255202E-02   0.144749E-03
   11   -2    0  15.493554252  -2.817009864  -0.114054E-16  -0.421321E-02
   -2   11    0  -2.817009864  15.493554252  -0.255202E-02   0.144749E-03
  -11   -2    0 -15.493554252  -2.817009864   0.228376E-16  -0.421321E-02
  -11    2    0 -15.493554252   2.817009864  -0.936994E-17   0.450271E-02
    5  -10    0   7.042524660 -14.085049320   0.130445E-03  -0.118916E-02
   -5  -10    0  -7.042524660 -14.085049320   0.130445E-03  -0.118916E-02
   -5   10    0  -7.042524660  14.085049320  -0.130445E-03   0.118916E-02
  -10    5    0 -14.085049320   7.042524660  -0.222231E-02  -0.152292E-16
   10   -5    0  14.085049320  -7.042524660  -0.222231E-02   0.152165E-16
   10    5    0  14.085049320   7.042524660   0.196142E-02  -0.180457E-16
    5   10    0   7.042524660  14.085049320  -0.130445E-03   0.118916E-02
  -10   -5    0 -14.085049320  -7.042524660   0.196142E-02   0.180331E-16
   -8    8    0 -11.268039456  11.268039456   0.322608E-02   0.325841E-03
    8    8    0  11.268039456  11.268039456   0.322608E-02   0.325841E-03
    8   -8    0  11.268039456 -11.268039456   0.322608E-02   0.325841E-03
   -8   -8    0 -11.268039456 -11.268039456   0.322608E-02   0.325841E-03
  -11   -3    0 -15.493554252  -4.225514796   0.244471E-03  -0.246338E-02
    3  -11    0   4.225514796 -15.493554252  -0.244471E-03   0.237329E-02
   -3  -11    0  -4.225514796 -15.493554252   0.244471E-03  -0.237329E-02
   -9    7    0 -12.676544388   9.859534524  -0.380160E-03   0.325106E-02
   -7    9    0  -9.859534524  12.676544388  -0.380160E-03   0.114340E-02
   -3   11    0  -4.225514796  15.493554252   0.244471E-03  -0.237329E-02
    9    7    0  12.676544388   9.859534524   0.380160E-03  -0.325106E-02
    7   -9    0   9.859534524 -12.676544388   0.380160E-03  -0.114340E-02
   -7   -9    0  -9.859534524 -12.676544388  -0.380160E-03   0.114340E-02
   11   -3    0  15.493554252  -4.225514796  -0.244471E-03   0.246338E-02
   -9   -7    0 -12.676544388  -9.859534524  -0.380160E-03   0.325106E-02
    7    9    0   9.859534524  12.676544388   0.380160E-03  -0.114340E-02
    9   -7    0  12.676544388  -9.859534524   0.380160E-03  -0.325106E-02
   11    3    0  15.493554252   4.225514796  -0.244471E-03   0.246338E-02
    3   11    0   4.225514796  15.493554252  -0.244471E-03   0.237329E-02
  -11    3    0 -15.493554252   4.225514796   0.244471E-03  -0.246338E-02
  -10   -6    0 -14.085049320  -8.451029592  -0.328546E-02  -0.244669E-03
   -6   10    0  -8.451029592  14.085049320  -0.328546E-02  -0.244669E-03
   10   -6    0  14.085049320  -8.451029592  -0.328546E-02  -0.244669E-03
  -10    6    0 -14.085049320   8.451029592  -0.328546E-02  -0.244669E-03
   10    6    0  14.085049320   8.451029592  -0.328546E-02  -0.244669E-03
    6  -10    0   8.451029592 -14.085049320  -0.328546E-02  -0.244669E-03
    6   10    0   8.451029592  14.085049320  -0.328546E-02  -0.244669E-03
   -6  -10    0  -8.451029592 -14.085049320  -0.328546E-02  -0.244669E-03
    4   11    0   5.634019728  15.493554252  -0.175909E-02  -0.101905E-03
   11   -4    0  15.493554252  -5.634019728   0.471513E-17   0.884084E-03
    4  -11    0   5.634019728 -15.493554252   0.175909E-02  -0.101905E-03
  -11    4    0 -15.493554252   5.634019728   0.676943E-17  -0.108789E-02
   -4  -11    0  -5.634019728 -15.493554252  -0.175909E-02  -0.101905E-03
   -4   11    0  -5.634019728  15.493554252   0.175909E-02  -0.101905E-03
   11    4    0  15.493554252   5.634019728   0.512252E-17  -0.108789E-02
  -11   -4    0 -15.493554252  -5.634019728   0.306822E-17   0.884084E-03
    0  -12    0  -0.000000000 -16.902059184  -0.864165E-03  -0.174306E-03
    0   12    0   0.000000000  16.902059184  -0.864165E-03  -0.174306E-03
  -12    0    0 -16.902059184   0.000000000  -0.864165E-03  -0.174306E-03
   12    0    0  16.902059184  -0.000000000  -0.864165E-03  -0.174306E-03
   12   -1    0  16.902059184  -1.408504932  -0.356551E-02  -0.320569E-03
    1   12    0   1.408504932  16.902059184   0.106992E-17   0.856625E-03
  -12   -1    0 -16.902059184  -1.408504932   0.356551E-02  -0.320569E-03
   -1  -12    0  -1.408504932 -16.902059184   0.144871E-17  -0.149776E-02
  -12    1    0 -16.902059184   1.408504932  -0.356551E-02  -0.320569E-03
    1  -12    0   1.408504932 -16.902059184   0.111872E-16  -0.149776E-02
   -1   12    0  -1.408504932  16.902059184   0.108084E-16   0.856625E-03
   12    1    0  16.902059184   1.408504932   0.356551E-02  -0.320569E-03
   -8   -9    0 -11.268039456 -12.676544388  -0.334453E-02  -0.300960E-03
    8   -9    0  11.268039456 -12.676544388   0.334453E-02  -0.300960E-03
    9    8    0  12.676544388  11.268039456  -0.274495E-16  -0.252489E-02
    8    9    0  11.268039456  12.676544388  -0.334453E-02  -0.300960E-03
    9   -8    0  12.676544388 -11.268039456   0.133344E-16   0.192297E-02
   -9   -8    0 -12.676544388 -11.268039456  -0.240781E-16   0.192297E-02
   -9    8    0 -12.676544388  11.268039456   0.996289E-17  -0.252489E-02
   -8    9    0 -11.268039456  12.676544388   0.334453E-02  -0.300960E-03
    5  -11    0   7.042524660 -15.493554252   0.317592E-04  -0.331147E-02
  -11    5    0 -15.493554252   7.042524660  -0.317592E-04   0.518580E-03
   -5   11    0  -7.042524660  15.493554252  -0.317592E-04   0.331147E-02
   -5  -11    0  -7.042524660 -15.493554252  -0.317592E-04   0.331147E-02
   11   -5    0  15.493554252  -7.042524660   0.317592E-04  -0.518580E-03
   11    5    0  15.493554252   7.042524660   0.317592E-04  -0.518580E-03
  -11   -5    0 -15.493554252  -7.042524660  -0.317592E-04   0.518580E-03
    5   11    0   7.042524660  15.493554252   0.317592E-04  -0.331147E-02
   12    2    0  16.902059184   2.817009864  -0.288057E-03   0.610590E-06
    2  -12    0   2.817009864 -16.902059184  -0.288057E-03   0.610590E-06
  -12    2    0 -16.902059184   2.817009864  -0.288057E-03   0.610590E-06
  -12   -2    0 -16.902059184  -2.817009864  -0.288057E-03   0.610590E-06
   12   -2    0  16.902059184  -2.817009864  -0.288057E-03   0.610590E-06
   -2  -12    0  -2.817009864 -16.902059184  -0.288057E-03   0.610590E-06
   -2   12    0  -2.817009864  16.902059184  -0.288057E-03   0.610590E-06
    2   12    0   2.817009864  16.902059184  -0.288057E-03   0.610590E-06
   -7  -10    0  -9.859534524 -14.085049320  -0.344708E-03   0.353798E-02
   10    7    0  14.085049320   9.859534524   0.991953E-03  -0.160562E-16
   -7   10    0  -9.859534524  14.085049320   0.344708E-03  -0.353798E-02
   10   -7    0  14.085049320  -9.859534524  -0.168137E-02   0.542941E-17
    7  -10    0   9.859534524 -14.085049320  -0.344708E-03   0.353798E-02
  -10   -7    0 -14.085049320  -9.859534524   0.991953E-03   0.123014E-16
    7   10    0   9.859534524  14.085049320   0.344708E-03  -0.353798E-02
  -10    7    0 -14.085049320   9.859534524  -0.168137E-02  -0.918416E-17
   -3  -12    0  -4.225514796 -16.902059184  -0.182135E-03   0.104704E-02
   12    3    0  16.902059184   4.225514796   0.160970E-02  -0.774008E-17
    3   12    0   4.225514796  16.902059184   0.182135E-03  -0.104704E-02
    3  -12    0   4.225514796 -16.902059184  -0.182135E-03   0.104704E-02
  -12    3    0 -16.902059184   4.225514796  -0.197397E-02   0.934799E-18
   12   -3    0  16.902059184  -4.225514796  -0.197397E-02  -0.309812E-17
  -12   -3    0 -16.902059184  -4.225514796   0.160970E-02   0.557676E-17
   -3   12    0  -4.225514796  16.902059184   0.182135E-03  -0.104704E-02
  -11    6    0 -15.493554252   8.451029592   0.356190E-03  -0.318517E-02
  -11   -6    0 -15.493554252  -8.451029592  -0.356190E-03   0.318517E-02
   11   -6    0  15.493554252  -8.451029592  -0.356190E-03   0.318517E-02
    6   11    0   8.451029592  15.493554252  -0.112532E-02   0.137636E-17
    6  -11    0   8.451029592 -15.493554252   0.412944E-03   0.320934E-17
   11    6    0  15.493554252   8.451029592   0.356190E-03  -0.318517E-02
   -6   11    0  -8.451029592  15.493554252   0.412944E-03  -0.723035E-17
   -6  -11    0  -8.451029592 -15.493554252  -0.112532E-02  -0.539737E-17
   -4  -12    0  -5.634019728 -16.902059184   0.113878E-02   0.178764E-03
   12   -4    0  16.902059184  -5.634019728   0.113878E-02   0.178764E-03
  -12   -4    0 -16.902059184  -5.634019728   0.113878E-02   0.178764E-03
   -4   12    0  -5.634019728  16.902059184   0.113878E-02   0.178764E-03
   12    4    0  16.902059184   5.634019728   0.113878E-02   0.178764E-03
    4  -12    0   5.634019728 -16.902059184   0.113878E-02   0.178764E-03
  -12    4    0 -16.902059184   5.634019728   0.113878E-02   0.178764E-03
    4   12    0   5.634019728  16.902059184   0.113878E-02   0.178764E-03
   -9    9    0 -12.676544388  12.676544388  -0.102761E-03   0.131402E-02
    9   -9    0  12.676544388 -12.676544388   0.102761E-03  -0.131402E-02
    9    9    0  12.676544388  12.676544388   0.102761E-03  -0.131402E-02
   -9   -9    0 -12.676544388 -12.676544388  -0.102761E-03   0.131402E-02
    8  -10    0  11.268039456 -14.085049320  -0.183664E-02  -0.209776E-03
   -8   10    0 -11.268039456  14.085049320  -0.183664E-02  -0.209776E-03
  -10   -8    0 -14.085049320 -11.268039456  -0.183664E-02  -0.209776E-03
   10   -8    0  14.085049320 -11.268039456  -0.183664E-02  -0.209776E-03
  -10    8    0 -14.085049320  11.268039456  -0.183664E-02  -0.209776E-03
   10    8    0  14.085049320  11.268039456  -0.183664E-02  -0.209776E-03
   -8  -10    0 -11.268039456 -14.085049320  -0.183664E-02  -0.209776E-03
    8   10    0  11.268039456  14.085049320  -0.183664E-02  -0.209776E-03
  -13    0    0 -18.310564116   0.000000000  -0.636014E-17   0.197277E-05
    0  -13    0  -0.000000000 -18.310564116  -0.970676E-17   0.197277E-05
   13    0    0  18.310564116  -0.000000000  -0.636014E-17   0.197277E-05
    0   13    0   0.000000000  18.310564116  -0.970676E-17   0.197277E-05
   -5  -12    0  -7.042524660 -16.902059184  -0.134590E-03   0.131002E-02
   12   -5    0  16.902059184  -7.042524660   0.338161E-02   0.515205E-17
   -5   12    0  -7.042524660  16.902059184   0.134590E-03  -0.131002E-02
  -12    5    0 -16.902059184   7.042524660   0.338161E-02  -0.536752E-17
    5  -12    0   7.042524660 -16.902059184  -0.134590E-03   0.131002E-02
    5   12    0   7.042524660  16.902059184   0.134590E-03  -0.131002E-02
   12    5    0  16.902059184   7.042524660  -0.365079E-02   0.202090E-16
  -12   -5    0 -16.902059184  -7.042524660  -0.365079E-02  -0.204244E-16
   11    7    0  15.493554252   9.859534524   0.110742E-03  -0.142753E-02
   -1  -13    0  -1.408504932 -18.310564116   0.463391E-04  -0.108253E-02
    1  -13    0   1.408504932 -18.310564116  -0.463391E-04   0.108253E-02
   -7   11    0  -9.859534524  15.493554252  -0.110742E-03   0.104166E-02
   13   -1    0  18.310564116  -1.408504932  -0.463391E-04   0.238829E-02
    7  -11    0   9.859534524 -15.493554252   0.110742E-03  -0.104166E-02
   -1   13    0  -1.408504932  18.310564116   0.463391E-04  -0.108253E-02
   13    1    0  18.310564116   1.408504932  -0.463391E-04   0.238829E-02
   11   -7    0  15.493554252  -9.859534524   0.110742E-03  -0.142753E-02
  -13   -1    0 -18.310564116  -1.408504932   0.463391E-04  -0.238829E-02
  -13    1    0 -18.310564116   1.408504932   0.463391E-04  -0.238829E-02
  -11   -7    0 -15.493554252  -9.859534524  -0.110742E-03   0.142753E-02
    1   13    0   1.408504932  18.310564116  -0.463391E-04   0.108253E-02
    7   11    0   9.859534524  15.493554252   0.110742E-03  -0.104166E-02
  -11    7    0 -15.493554252   9.859534524  -0.110742E-03   0.142753E-02
   -7  -11    0  -9.859534524 -15.493554252  -0.110742E-03   0.104166E-02
  -13   -2    0 -18.310564116  -2.817009864   0.116708E-16  -0.141643E-02
   -2   13    0  -2.817009864  18.310564116  -0.270656E-02  -0.332261E-03
    2   13    0   2.817009864  18.310564116   0.270656E-02  -0.332261E-03
   -2  -13    0  -2.817009864 -18.310564116   0.270656E-02  -0.332261E-03
    2  -13    0   2.817009864 -18.310564116  -0.270656E-02  -0.332261E-03
   13    2    0  18.310564116   2.817009864   0.854779E-17   0.751908E-03
  -13    2    0 -18.310564116   2.817009864  -0.452999E-17   0.751908E-03
   13   -2    0  18.310564116  -2.817009864  -0.140701E-17  -0.141643E-02
  -13   -3    0 -18.310564116  -4.225514796  -0.326871E-03   0.303260E-02
   13   -3    0  18.310564116  -4.225514796   0.326871E-03  -0.303260E-02
   13    3    0  18.310564116   4.225514796   0.326871E-03  -0.303260E-02
    3  -13    0   4.225514796 -18.310564116  -0.326871E-03   0.307956E-04
   -3   13    0  -4.225514796  18.310564116   0.326871E-03  -0.307956E-04
    3   13    0   4.225514796  18.310564116  -0.326871E-03   0.307956E-04
   -3  -13    0  -4.225514796 -18.310564116   0.326871E-03  -0.307956E-04
  -13    3    0 -18.310564116   4.225514796  -0.326871E-03   0.303260E-02
  -12   -6    0 -16.902059184  -8.451029592   0.367518E-03  -0.207794E-04
    6   12    0   8.451029592  16.902059184   0.367518E-03  -0.207794E-04
   12    6    0  16.902059184   8.451029592   0.367518E-03  -0.207794E-04
  -12    6    0 -16.902059184   8.451029592   0.367518E-03  -0.207794E-04
    6  -12    0   8.451029592 -16.902059184   0.367518E-03  -0.207794E-04
   12   -6    0  16.902059184  -8.451029592   0.367518E-03  -0.207794E-04
   -6  -12    0  -8.451029592 -16.902059184   0.367518E-03  -0.207794E-04
   -6   12    0  -8.451029592  16.902059184   0.367518E-03  -0.207794E-04
   10   -9    0  14.085049320 -12.676544388   0.187238E-02   0.237579E-03
  -10   -9    0 -14.085049320 -12.676544388  -0.187238E-02   0.237579E-03
   -9   10    0 -12.676544388  14.085049320  -0.849109E-18   0.571211E-03
    9   10    0  12.676544388  14.085049320   0.294398E-17   0.571211E-03
    9  -10    0  12.676544388 -14.085049320  -0.297170E-17  -0.960527E-04
  -10    9    0 -14.085049320  12.676544388   0.187238E-02   0.237579E-03
   10    9    0  14.085049320  12.676544388  -0.187238E-02   0.237579E-03
   -9  -10    0 -12.676544388 -14.085049320   0.821384E-18  -0.960527E-04
   13    4    0  18.310564116   5.634019728  -0.425073E-17  -0.929339E-03
   -4   13    0  -5.634019728  18.310564116   0.527088E-03   0.783839E-04
  -13   -4    0 -18.310564116  -5.634019728  -0.348134E-17   0.108611E-02
   13   -4    0  18.310564116  -5.634019728   0.109866E-16   0.108611E-02
  -13    4    0 -18.310564116   5.634019728   0.102172E-16  -0.929339E-03
    4   13    0   5.634019728  18.310564116  -0.527088E-03   0.783839E-04
    4  -13    0   5.634019728 -18.310564116   0.527088E-03   0.783839E-04
   -4  -13    0  -5.634019728 -18.310564116  -0.527088E-03   0.783839E-04
    8   11    0  11.268039456  15.493554252   0.165289E-02   0.106620E-03
  -11    8    0 -15.493554252  11.268039456   0.365466E-17   0.150926E-02
  -11   -8    0 -15.493554252 -11.268039456   0.680361E-17  -0.129602E-02
    8  -11    0  11.268039456 -15.493554252  -0.165289E-02   0.106620E-03
   -8  -11    0 -11.268039456 -15.493554252   0.165289E-02   0.106620E-03
   11   -8    0  15.493554252 -11.268039456   0.533361E-18  -0.129602E-02
   11    8    0  15.493554252  11.268039456   0.992492E-17   0.150926E-02
   -8   11    0 -11.268039456  15.493554252  -0.165289E-02   0.106620E-03
   12    7    0  16.902059184   9.859534524   0.154601E-04  -0.297586E-17
  -12   -7    0 -16.902059184  -9.859534524   0.154601E-04   0.291189E-17
    7  -12    0   9.859534524 -16.902059184   0.295509E-06  -0.123953E-02
   -7   12    0  -9.859534524  16.902059184  -0.295509E-06   0.123953E-02
  -12    7    0 -16.902059184   9.859534524  -0.160512E-04  -0.231097E-17
    7   12    0   9.859534524  16.902059184  -0.295509E-06   0.123953E-02
   -7  -12    0  -9.859534524 -16.902059184   0.295509E-06  -0.123953E-02
   12   -7    0  16.902059184  -9.859534524  -0.160512E-04   0.224700E-17
  -13    5    0 -18.310564116   7.042524660  -0.127698E-03   0.103276E-02
   13    5    0  18.310564116   7.042524660   0.127698E-03  -0.103276E-02
    5  -13    0   7.042524660 -18.310564116   0.127698E-03  -0.103741E-02
   -5   13    0  -7.042524660  18.310564116  -0.127698E-03   0.103741E-02
    5   13    0   7.042524660  18.310564116   0.127698E-03  -0.103741E-02
   13   -5    0  18.310564116  -7.042524660   0.127698E-03  -0.103276E-02
  -13   -5    0 -18.310564116  -7.042524660  -0.127698E-03   0.103276E-02
   -5  -13    0  -7.042524660 -18.310564116  -0.127698E-03   0.103741E-02
    0  -14    0  -0.000000000 -19.719069047   0.281418E-02   0.309924E-03
    0   14    0   0.000000000  19.719069047   0.281418E-02   0.309924E-03
  -14    0    0 -19.719069047   0.000000000   0.281418E-02   0.309924E-03
   14    0    0  19.719069047  -0.000000000   0.281418E-02   0.309924E-03
  -14    1    0 -19.719069047   1.408504932   0.113331E-03  -0.198536E-05
   -1   14    0  -1.408504932  19.719069047   0.913622E-17   0.171864E-02
   14   -1    0  19.719069047  -1.408504932   0.113331E-03  -0.198536E-05
  -14   -1    0 -19.719069047  -1.408504932  -0.113331E-03  -0.198536E-05
   14    1    0  19.719069047   1.408504932  -0.113331E-03  -0.198536E-05
   -1  -14    0  -1.408504932 -19.719069047   0.116277E-16  -0.172261E-02
    1   14    0   1.408504932  19.719069047   0.117151E-16   0.171864E-02
    1  -14    0   1.408504932 -19.719069047   0.904881E-17  -0.172261E-02
    2  -14    0   2.817009864 -19.719069047  -0.511902E-03  -0.515249E-04
   14   -2    0  19.719069047  -2.817009864  -0.511902E-03  -0.515249E-04
   14    2    0  19.719069047   2.817009864  -0.511902E-03  -0.515249E-04
  -14    2    0 -19.719069047   2.817009864  -0.511902E-03  -0.515249E-04
   -2   14    0  -2.817009864  19.719069047  -0.511902E-03  -0.515249E-04
  -14   -2    0 -19.719069047  -2.817009864  -0.511902E-03  -0.515249E-04
    2   14    0   2.817009864  19.719069047  -0.511902E-03  -0.515249E-04
   -2  -14    0  -2.817009864 -19.719069047  -0.511902E-03  -0.515249E-04
   10  -10    0  14.085049320 -14.085049320   0.238537E-02   0.220482E-03
  -10  -10    0 -14.085049320 -14.085049320   0.238537E-02   0.220482E-03
  -10   10    0 -14.085049320  14.085049320   0.238537E-02   0.220482E-03
   10   10    0  14.085049320  14.085049320   0.238537E-02   0.220482E-03
  -11    9    0 -15.493554252  12.676544388   0.811347E-04  -0.123881E-02
   -9   11    0 -12.676544388  15.493554252   0.811347E-04  -0.251523E-02
   11   -9    0  15.493554252 -12.676544388  -0.811347E-04   0.123881E-02
   -9  -11    0 -12.676544388 -15.493554252   0.811347E-04  -0.251523E-02
    9  -11    0  12.676544388 -15.493554252  -0.811347E-04   0.251523E-02
  -11   -9    0 -15.493554252 -12.676544388   0.811347E-04  -0.123881E-02
    9   11    0  12.676544388  15.493554252  -0.811347E-04   0.251523E-02
   11    9    0  15.493554252  12.676544388  -0.811347E-04   0.123881E-02
   -3   14    0  -4.225514796  19.719069047  -0.766804E-17  -0.239953E-02
  -14   -3    0 -19.719069047  -4.225514796   0.484973E-03   0.721094E-04
   -3  -14    0  -4.225514796 -19.719069047  -0.126872E-16   0.254375E-02
  -14    3    0 -19.719069047   4.225514796  -0.484973E-03   0.721094E-04
   13   -6    0  18.310564116  -8.451029592   0.246394E-17   0.129222E-03
  -13   -6    0 -18.310564116  -8.451029592  -0.450384E-17   0.129222E-03
   -6   13    0  -8.451029592  18.310564116   0.218350E-02   0.236718E-04
   14   -3    0  19.719069047  -4.225514796  -0.484973E-03   0.721094E-04
    6  -13    0   8.451029592 -18.310564116   0.218350E-02   0.236718E-04
   14    3    0  19.719069047   4.225514796   0.484973E-03   0.721094E-04
    6   13    0   8.451029592  18.310564116  -0.218350E-02   0.236718E-04
  -13    6    0 -18.310564116   8.451029592   0.179539E-17  -0.818780E-04
    3  -14    0   4.225514796 -19.719069047  -0.772792E-17   0.254375E-02
   -6  -13    0  -8.451029592 -18.310564116  -0.218350E-02   0.236718E-04
    3   14    0   4.225514796  19.719069047  -0.126273E-16  -0.239953E-02
   13    6    0  18.310564116   8.451029592  -0.517238E-17  -0.818780E-04
   -8  -12    0 -11.268039456 -16.902059184  -0.140480E-02  -0.168182E-03
   12   -8    0  16.902059184 -11.268039456  -0.140480E-02  -0.168182E-03
    8  -12    0  11.268039456 -16.902059184  -0.140480E-02  -0.168182E-03
    8   12    0  11.268039456  16.902059184  -0.140480E-02  -0.168182E-03
   -8   12    0 -11.268039456  16.902059184  -0.140480E-02  -0.168182E-03
   12    8    0  16.902059184  11.268039456  -0.140480E-02  -0.168182E-03
  -12    8    0 -16.902059184  11.268039456  -0.140480E-02  -0.168182E-03
  -12   -8    0 -16.902059184 -11.268039456  -0.140480E-02  -0.168182E-03
  -14   -4    0 -19.719069047  -5.634019728  -0.231545E-02  -0.266415E-03
  -14    4    0 -19.719069047   5.634019728  -0.231545E-02  -0.266415E-03
    4  -14    0   5.634019728 -19.719069047  -0.231545E-02  -0.266415E-03
   -4   14    0  -5.634019728  19.719069047  -0.231545E-02  -0.266415E-03
   14   -4    0  19.719069047  -5.634019728  -0.231545E-02  -0.266415E-03
   14    4    0  19.719069047   5.634019728  -0.231545E-02  -0.266415E-03
    4   14    0   5.634019728  19.719069047  -0.231545E-02  -0.266415E-03
   -4  -14    0  -5.634019728 -19.719069047  -0.231545E-02  -0.266415E-03
   -7   13    0  -9.859534524  18.310564116   0.617995E-04  -0.840261E-03
   -7  -13    0  -9.859534524 -18.310564116   0.617995E-04  -0.840261E-03
  -13    7    0 -18.310564116   9.859534524   0.617995E-04  -0.254371E-02
    7   13    0   9.859534524  18.310564116  -0.617995E-04   0.840261E-03
    7  -13    0   9.859534524 -18.310564116  -0.617995E-04   0.840261E-03
  -13   -7    0 -18.310564116  -9.859534524   0.617995E-04  -0.254371E-02
   13    7    0  18.310564116   9.859534524  -0.617995E-04   0.254371E-02
   13   -7    0  18.310564116  -9.859534524  -0.617995E-04   0.254371E-02
  -14    5    0 -19.719069047   7.042524660  -0.627563E-04  -0.223220E-17
   -5  -14    0  -7.042524660 -19.719069047  -0.967485E-06   0.233123E-03
   14   -5    0  19.719069047  -7.042524660  -0.627563E-04   0.224730E-17
  -14   -5    0 -19.719069047  -7.042524660   0.608213E-04   0.101158E-16
   14    5    0  19.719069047   7.042524660   0.608213E-04  -0.101007E-16
    5   14    0   7.042524660  19.719069047   0.967485E-06  -0.233123E-03
   -5   14    0  -7.042524660  19.719069047   0.967485E-06  -0.233123E-03
    5  -14    0   7.042524660 -19.719069047  -0.967485E-06   0.233123E-03
  -11   10    0 -15.493554252  14.085049320  -0.220996E-03   0.182330E-02
   10  -11    0  14.085049320 -15.493554252   0.295082E-03  -0.711655E-19
   11  -10    0  15.493554252 -14.085049320   0.220996E-03  -0.182330E-02
  -10   11    0 -14.085049320  15.493554252   0.295082E-03   0.200299E-18
  -10  -11    0 -14.085049320 -15.493554252  -0.737073E-03  -0.127592E-16
   10   11    0  14.085049320  15.493554252  -0.737073E-03   0.128883E-16
   11   10    0  15.493554252  14.085049320  -0.220996E-03   0.182330E-02
  -11  -10    0 -15.493554252 -14.085049320   0.220996E-03  -0.182330E-02
   12   -9    0  16.902059184 -12.676544388  -0.216240E-02  -0.244312E-03
   -9  -12    0 -12.676544388 -16.902059184   0.907387E-17  -0.117324E-02
  -12   -9    0 -16.902059184 -12.676544388   0.216240E-02  -0.244312E-03
   12    9    0  16.902059184  12.676544388   0.216240E-02  -0.244312E-03
   -9   12    0 -12.676544388  16.902059184   0.387958E-17   0.684621E-03
    9   12    0  12.676544388  16.902059184   0.954569E-17   0.684621E-03
  -12    9    0 -16.902059184  12.676544388  -0.216240E-02  -0.244312E-03
    9  -12    0  12.676544388 -16.902059184   0.340776E-17  -0.117324E-02
   14   -6    0  19.719069047  -8.451029592   0.113848E-02   0.122418E-03
  -14   -6    0 -19.719069047  -8.451029592   0.113848E-02   0.122418E-03
   -6   14    0  -8.451029592  19.719069047   0.113848E-02   0.122418E-03
    6  -14    0   8.451029592 -19.719069047   0.113848E-02   0.122418E-03
  -14    6    0 -19.719069047   8.451029592   0.113848E-02   0.122418E-03
   14    6    0  19.719069047   8.451029592   0.113848E-02   0.122418E-03
   -6  -14    0  -8.451029592 -19.719069047   0.113848E-02   0.122418E-03
    6   14    0   8.451029592  19.719069047   0.113848E-02   0.122418E-03
   -8  -13    0 -11.268039456 -18.310564116   0.876069E-03   0.127556E-03
  -13   -8    0 -18.310564116 -11.268039456   0.415287E-17  -0.813651E-03
   13    8    0  18.310564116  11.268039456   0.162920E-17   0.106876E-02
    8  -13    0  11.268039456 -18.310564116  -0.876069E-03   0.127556E-03
   13   -8    0  18.310564116 -11.268039456  -0.458852E-17  -0.813651E-03
   -8   13    0 -11.268039456  18.310564116  -0.876069E-03   0.127556E-03
    8   13    0  11.268039456  18.310564116   0.876069E-03   0.127556E-03
  -13    8    0 -18.310564116  11.268039456  -0.711219E-17   0.106876E-02
   11  -11    0  15.493554252 -15.493554252  -0.768888E-06   0.117189E-03
  -11  -11    0 -15.493554252 -15.493554252   0.768888E-06  -0.117189E-03
   11   11    0  15.493554252  15.493554252  -0.768888E-06   0.117189E-03
  -11   11    0 -15.493554252  15.493554252   0.768888E-06  -0.117189E-03
  -10   12    0 -14.085049320  16.902059184   0.118664E-03   0.156995E-17
  -12   10    0 -16.902059184  14.085049320   0.118664E-03  -0.348214E-17
  -12  -10    0 -16.902059184 -14.085049320   0.118664E-03   0.252021E-17
   12   10    0  16.902059184  14.085049320   0.118664E-03  -0.268380E-17
  -10  -12    0 -14.085049320 -16.902059184   0.118664E-03  -0.666216E-17
   10   12    0  14.085049320  16.902059184   0.118664E-03   0.649857E-17
   10  -12    0  14.085049320 -16.902059184   0.118664E-03  -0.173354E-17
   12  -10    0  16.902059184 -14.085049320   0.118664E-03   0.331855E-17
  -14   -7    0 -19.719069047  -9.859534524  -0.896340E-03  -0.779629E-04
    7   14    0   9.859534524  19.719069047   0.193459E-16   0.178503E-02
   -7   14    0  -9.859534524  19.719069047   0.370878E-17   0.178503E-02
   14    7    0  19.719069047   9.859534524  -0.896340E-03  -0.779629E-04
   -7  -14    0  -9.859534524 -19.719069047   0.164459E-16  -0.194095E-02
  -14    7    0 -19.719069047   9.859534524   0.896340E-03  -0.779629E-04
   14   -7    0  19.719069047  -9.859534524   0.896340E-03  -0.779629E-04
    7  -14    0   9.859534524 -19.719069047   0.808818E-18  -0.194095E-02
    9  -13    0  12.676544388 -18.310564116   0.193664E-17   0.229725E-03
  -13   -9    0 -18.310564116 -12.676544388  -0.551884E-18   0.714450E-05
   -9   13    0 -12.676544388  18.310564116   0.135729E-17  -0.187606E-03
   13    9    0  18.310564116  12.676544388   0.274690E-19   0.349742E-04
   13   -9    0  18.310564116 -12.676544388  -0.278213E-17   0.349742E-04
  -13    9    0 -18.310564116  12.676544388  -0.336148E-17   0.714450E-05
    9   13    0  12.676544388  18.310564116   0.209084E-17   0.229725E-03
   -9  -13    0 -12.676544388 -18.310564116   0.151149E-17  -0.187606E-03
   -8   14    0 -11.268039456  19.719069047   0.131711E-02   0.169663E-03
  -14    8    0 -19.719069047  11.268039456   0.131711E-02   0.169663E-03
   14   -8    0  19.719069047 -11.268039456   0.131711E-02   0.169663E-03
   -8  -14    0 -11.268039456 -19.719069047   0.131711E-02   0.169663E-03
   14    8    0  19.719069047  11.268039456   0.131711E-02   0.169663E-03
  -14   -8    0 -19.719069047 -11.268039456   0.131711E-02   0.169663E-03
    8  -14    0  11.268039456 -19.719069047   0.131711E-02   0.169663E-03
    8   14    0  11.268039456  19.719069047   0.131711E-02   0.169663E-03
  -12   11    0 -16.902059184  15.493554252   0.653428E-03   0.463556E-04
   11   12    0  15.493554252  16.902059184  -0.169910E-16  -0.126206E-02
  -11  -12    0 -15.493554252 -16.902059184  -0.171622E-16   0.135477E-02
   12  -11    0  16.902059184 -15.493554252   0.653428E-03   0.463556E-04
   11  -12    0  15.493554252 -16.902059184  -0.449641E-17   0.135477E-02
  -11   12    0 -15.493554252  16.902059184  -0.432516E-17  -0.126206E-02
  -12  -11    0 -16.902059184 -15.493554252  -0.653428E-03   0.463556E-04
   12   11    0  16.902059184  15.493554252  -0.653428E-03   0.463556E-04
  -13   10    0 -18.310564116  14.085049320   0.546729E-04  -0.606165E-03
  -13  -10    0 -18.310564116 -14.085049320  -0.546729E-04   0.606165E-03
   13  -10    0  18.310564116 -14.085049320  -0.546729E-04   0.606165E-03
  -10   13    0 -14.085049320  18.310564116  -0.147183E-02  -0.145456E-17
   10  -13    0  14.085049320 -18.310564116  -0.147183E-02   0.140426E-17
   10   13    0  14.085049320  18.310564116   0.136248E-02  -0.133447E-16
   13   10    0  18.310564116  14.085049320   0.546729E-04  -0.606165E-03
  -10  -13    0 -14.085049320 -18.310564116   0.136248E-02   0.132944E-16
   14   -9    0  19.719069047 -12.676544388  -0.445373E-03  -0.842628E-04
  -14    9    0 -19.719069047  12.676544388  -0.445373E-03  -0.842628E-04
    9  -14    0  12.676544388 -19.719069047   0.459908E-17   0.531585E-03
   -9   14    0 -12.676544388  19.719069047   0.423910E-17  -0.700111E-03
   14    9    0  19.719069047  12.676544388   0.445373E-03  -0.842628E-04
   -9  -14    0 -12.676544388 -19.719069047  -0.732310E-17   0.531585E-03
  -14   -9    0 -19.719069047 -12.676544388   0.445373E-03  -0.842628E-04
    9   14    0  12.676544388  19.719069047  -0.768308E-17  -0.700111E-03
   12   12    0  16.902059184  16.902059184   0.113687E-02   0.119206E-03
   12  -12    0  16.902059184 -16.902059184   0.113687E-02   0.119206E-03
  -12  -12    0 -16.902059184 -16.902059184   0.113687E-02   0.119206E-03
  -12   12    0 -16.902059184  16.902059184   0.113687E-02   0.119206E-03
   11   13    0  15.493554252  18.310564116   0.207096E-03  -0.791633E-03
  -13  -11    0 -18.310564116 -15.493554252  -0.207096E-03   0.160178E-02
  -11  -13    0 -15.493554252 -18.310564116  -0.207096E-03   0.791633E-03
  -13   11    0 -18.310564116  15.493554252  -0.207096E-03   0.160178E-02
  -11   13    0 -15.493554252  18.310564116  -0.207096E-03   0.791633E-03
   11  -13    0  15.493554252 -18.310564116   0.207096E-03  -0.791633E-03
   13  -11    0  18.310564116 -15.493554252   0.207096E-03  -0.160178E-02
   13   11    0  18.310564116  15.493554252   0.207096E-03  -0.160178E-02
  -14   10    0 -19.719069047  14.085049320  -0.110361E-02  -0.130386E-03
  -14  -10    0 -19.719069047 -14.085049320  -0.110361E-02  -0.130386E-03
   10  -14    0  14.085049320 -19.719069047  -0.110361E-02  -0.130386E-03
   14  -10    0  19.719069047 -14.085049320  -0.110361E-02  -0.130386E-03
   14   10    0  19.719069047  14.085049320  -0.110361E-02  -0.130386E-03
  -10  -14    0 -14.085049320 -19.719069047  -0.110361E-02  -0.130386E-03
  -10   14    0 -14.085049320  19.719069047  -0.110361E-02  -0.130386E-03
   10   14    0  14.085049320  19.719069047  -0.110361E-02  -0.130386E-03
  -12  -13    0 -16.902059184 -18.310564116  -0.946267E-03  -0.132241E-03
   12  -13    0  16.902059184 -18.310564116   0.946267E-03  -0.132241E-03
  -13   12    0 -18.310564116  16.902059184   0.234399E-18  -0.423268E-03
  -13  -12    0 -18.310564116 -16.902059184  -0.277032E-17   0.158786E-03
   13   12    0  18.310564116  16.902059184  -0.545149E-17  -0.423268E-03
  -12   13    0 -16.902059184  18.310564116   0.946267E-03  -0.132241E-03
   12   13    0  16.902059184  18.310564116  -0.946267E-03  -0.132241E-03
   13  -12    0  18.310564116 -16.902059184   0.291557E-17   0.158786E-03
   11  -14    0  15.493554252 -19.719069047  -0.102079E-03   0.820014E-03
  -11   14    0 -15.493554252  19.719069047   0.102079E-03  -0.820014E-03
  -14  -11    0 -19.719069047 -15.493554252   0.560131E-03   0.168098E-16
  -14   11    0 -19.719069047  15.493554252  -0.764288E-03  -0.102584E-17
  -11  -14    0 -15.493554252 -19.719069047  -0.102079E-03   0.820014E-03
   14  -11    0  19.719069047 -15.493554252  -0.764288E-03   0.104233E-18
   11   14    0  15.493554252  19.719069047   0.102079E-03  -0.820014E-03
   14   11    0  19.719069047  15.493554252   0.560131E-03  -0.177314E-16
  -13   13    0 -18.310564116  18.310564116   0.375905E-04  -0.362180E-03
   13   13    0  18.310564116  18.310564116  -0.375905E-04   0.362180E-03
  -13  -13    0 -18.310564116 -18.310564116   0.375905E-04  -0.362180E-03
   13  -13    0  18.310564116 -18.310564116  -0.375905E-04   0.362180E-03
   14  -12    0  19.719069047 -16.902059184  -0.530536E-03  -0.793193E-04
  -12  -14    0 -16.902059184 -19.719069047  -0.530536E-03  -0.793193E-04
   14   12    0  19.719069047  16.902059184  -0.530536E-03  -0.793193E-04
   12  -14    0  16.902059184 -19.719069047  -0.530536E-03  -0.793193E-04
   12   14    0  16.902059184  19.719069047  -0.530536E-03  -0.793193E-04
  -14  -12    0 -19.719069047 -16.902059184  -0.530536E-03  -0.793193E-04
  -12   14    0 -16.902059184  19.719069047  -0.530536E-03  -0.793193E-04
  -14   12    0 -19.719069047  16.902059184  -0.530536E-03  -0.793193E-04
  -14  -13    0 -19.719069047 -18.310564116  -0.709823E-03  -0.846877E-04
   14   13    0  19.719069047  18.310564116  -0.709823E-03  -0.846877E-04
  -13  -14    0 -18.310564116 -19.719069047   0.106911E-16  -0.689036E-03
  -13   14    0 -18.310564116  19.719069047   0.173074E-17   0.519661E-03
   14  -13    0  19.719069047 -18.310564116   0.709823E-03  -0.846877E-04
   13   14    0  18.310564116  19.719069047   0.131148E-16   0.519661E-03
   13  -14    0  18.310564116 -19.719069047  -0.693001E-18  -0.689036E-03
  -14   13    0 -19.719069047  18.310564116   0.709823E-03  -0.846877E-04
  -14   14    0 -19.719069047  19.719069047   0.758644E-03   0.962510E-04
   14  -14    0  19.719069047 -19.719069047   0.758644E-03   0.962510E-04
  -14  -14    0 -19.719069047 -19.719069047   0.758644E-03   0.962510E-04
   14   14    0  19.719069047  19.719069047   0.758644E-03   0.962510E-04
