253773
155116
290327
37604
34152
144130
11798
252632
141581
155277
188351
32496
429472
290027
167906
164810
124241
55725
248552
97551
143413
168104
184072
124717
133724
243498
261573
261964
18510
125739
154066
186279
169548
245335
56233
155576
170784
155637
180670
27606
420824
184162
11144
189520
239761
119336
93547
194257
42261
415696
162761
235838
157054
240015
252324
428699
156963
172689
252027
169231
51340
49858
5610
98500
159615
239693
114314
115520
182532
168257
48242
194506
163195
239781
249423
417691
257746
411204
261682
249097
154986
51692
184329
123150
19947
290625
34389
193109
237407
427635
24964
262660
128165
190769
250907
416925
93490
14666
116680
90988
267275
111474
171498
115741
92196
181679
145308
14787
253777
409465
99290
171474
141293
258529
172076
89905
259345
260340
194335
61080
237730
261551
18514
240012
237964
116091
97717
423640
165415
193676
259168
125496
29903
411415
194418
246355
180671
70301
133134
154060
155280
13774
247797
151561
153411
186659
116136
70348
147213
159020
291576
128053
189903
259141
248555
188797
17619
94343
760464
46314
181401
251599
89294
423426
137785
158198
182280
147443
262348
258598
237575
230140
252421
121781
165931
5531
238305
37579
24889
173181
164831
161852
239057
118520
147821
415197
432680
230699
153686
246101
151826
96181
123856
290477
412496
252228
48875
187850
118598
171592
98952
192896
36636
29758
418272
128294
99298
8700
252391
170668
259035
159106
241658
241872
167576
247025
35905
171114
418500
195196
184198
14748
136504
120083
260649
155598
130644
146146
183590
169013
189384
257048
90650
291574
425125
409928
11254
99622
125323
262082
416995
29586
171030
238605
246409
238884
135001
170775
255854
422690
117525
181219
413926
187068
417702
58914
244241
149081
253236
120565
189800
165899
258692
32193
259297
421488
93255
17713
84440
250794
70170
403509
96195
154824
148767
126156
415228
186898
247015
168425
186525
172701
433384
151535
158768
184585
114310
147497
169751
253782
171586
193818
419453
117622
416926
413530
165703
131825
184165
162890
251015
230177
158215
230262
7845
155561
22452
38754
409837
55713
36710
194738
145955
93400
5965
239048
245029
172305
188123
238304
192359
422288
115566
117703
170198
55070
412998
230404
247827
163769
415957
51600
245689
166137
145321
418185
190002
97503
246234
290860
34001
250658
189119
172679
250796
12706
180679
123359
5602
257866
184340
187094
186729
6040
136565
239782
190331
5556
101868
171120
192596
417962
93747
37571
257839
168342
250841
167156
12974
164582
239244
409578
94872
17661
36748
239584
173588
155822
163441
125324
238876
189350
262841
94454
259119
169482
39033
192228
117582
104645
161018
37514
169460
92577
12171
172299
51427
246100
136226
257375
159855
152479
181153
235900
130387
195794
124235
241123
163722
193625
3302
237192
246219
428745
109464
93820
147424
173531
147229
157284
259606
184446
114245
138548
120082
260687
134646
93382
91820
252627
426866
5963
38762
255719
25067
239152
417692
138211
90171
34120
98878
195486
97633
250838
417829
415030
254407
246410
421950
429880
189799
252013
161351
146066
155387
290845
185200
42360
191132
186171
181433
161559
192160
257764
148751
241476
291520
247000
116221
24965
130015
133764
185286
119335
167893
152488
134496
111840
252999
291613
17193
156991
104710
173796
279580
116608
173195
281746
411800
109419
153968
421271
253673
409758
421891
183873
168888
4691
55714
66931
236627
147820
194138
155393
92334
160467
415803
143770
164551
132214
172303
29916
169842
257395
245025
195592
252009
143811
19284
159246
14738
145307
250837
196419
260517
33354
290117
39065
22991
8405
148362
155546
166873
426858
412778
91254
260493
188624
48331
160031
90665
262655
424151
190053
239361
115813
22455
425767
35856
99720
44284
759459
248015
144661
759423
184117
137132
186592
109465
252325
14709
166677
156012
97620
5577
155668
5252
151557
427233
73677
244198
90448
8851
247016
146062
258840
260801
8626
235839
33358
159149
94341
249002
163394
163278
168706
417454
119266
166153
248660
280553
194344
96185
195756
12634
195159
143476
112007
249947
193407
173066
174322
237910
5967
257309
260525
281757
426168
32612
51880
238889
29674
70807
416744
153039
418545
423736
172661
240907
165933
237961
36697
143769
429725
94314
148763
261708
170581
114296
187822
253786
90715
260770
238196
184232
409903
147221
417372
180448
415498
419528
180660
174633
189374
238367
259666
172719
260871
132520
257765
143771
248882
161905
380344
5672
161323
185930
51790
138576
291029
258711
247407
190104
136241
195273
160443
152252
238907
8750
153229
266646
194999
238112
99621
155216
51808
185399
155278
258467
173532
246251
97676
125409
26113
133439
245688
151732
252247
237819
124887
145272
172706
59212
187728
93814
249110
186926
19820
142741
281412
159697
144943
186479
248548
126208
245495
171473
261568
117426
165179
249911
119332
144830
137618
91076
413983
32833
237281
187279
260923
59197
195594
32324
412508
156135
5304
97477
290038
262460
167891
251025
119497
148753
111970
121970
148757
47508
135345
157351
117531
189237
164996
121052
142198
422540
107087
191841
96958
161387
413224
263031
239397
257220
188367
172801
260474
193132
17635
135072
246212
11641
64065
162101
249424
258366
424863
14854
184131
168143
243823
193737
134082
266726
171119
410778
155469
193646
163276
163485
188359
238898
136041
168053
427140
38861
101764
237967
165900
418686
258596
37473
238874
187999
258691
238878
422798
253771
29907
194645
162606
188550
249420
195438
194421
239223
37822
423636
181745
167158
245360
290628
148498
160151
290318
188753
34150
162397
166241
33356
5261
191848
422533
37508
196221
137103
159169
247530
180677
153614
432611
122936
125149
191512
248733
148496
159421
418265
180157
247026
186731
189945
138480
180027
43082
119365
160390
239119
157138
257743
51817
262662
419798
51734
147391
188361
190493
262998
172083
257393
186924
415707
159870
90727
160448
230349
193526
98963
196220
230227
249078
431464
253792
259806
117619
39034
121222
184145
156531
243416
159166
238880
121721
118875
183702
42764
174464
260147
417680
418270
147295
122039
253394
253675
144672
172276
118370
160966
230464
185183
195130
148698
192631
240594
159165
251589
186781
118223
263034
426372
238046
182071
154403
161426
96945
260859
147527
420370
189125
237258
155228
885
169754
39016
291262
96141
37489
264190
190434
188373
91285
134875
427745
144978
98472
237766
258478
249720
106925
413809
180028
423267
120119
257634
417684
167589
246971
250503
117877
12958
136577
193133
99052
190103
33402
151548
230224
431021
31510
239052
173479
127430
162654
185181
32232
11649
91081
91676
191601
194770
160657
145810
70351
169601
131528
153905
59761
97940
258517
426030
62633
260427
419753
245370
119367
163862
188294
260721
160096
432250
191468
182772
194814
153351
158566
183500
185541
193529
230118
153463
171116
36354
180647
93391
230420
123353
249048
427685
245201
191509
125917
12818
153211
96193
149160
31670
236083
11790
55831
188791
190101
237176
166892
257884
235712
17707
419479
142165
252134
142801
165494
237860
415029
51809
55695
158210
181467
158586
291458
259767
239448
251506
421645
258258
138089
54229
193561
19738
187887
237087
155596
261960
143886
172654
190056
134495
145190
409848
98506
291162
281500
122852
19667
183116
251566
417502
116515
429169
156136
36741
115716
280417
194976
138987
42972
25057
166650
118509
37461
189902
245496
19742
136677
12962
428095
136279
759691
196236
188912
420934
192364
94903
5533
262764
189928
24959
45923
162165
113354
93883
260133
91689
119170
95068
252211
166795
172714
253375
107098
153895
189220
132724
19145
263121
172652
230691
95379
130885
173353
414357
105989
139055
126190
172025
190474
421287
249829
428429
237968
63897
155390
261558
259700
185187
422044
185233
245870
137733
144745
426370
99620
70621
167971
432206
160863
418726
186660
258614
134374
249996
193179
246972
239305
99455
112536
48560
166346
422652
35850
185846
248262
411863
73717
189007
6521
19853
245655
94518
121690
112038
159794
9513
32846
93986
5552
126310
118403
168653
182666
171278
125583
188488
11795
427458
128360
192588
248114
7811
190476
262427
164445
11656
141881
189124
248662
195345
35532
409994
195355
38852
186170
247391
431390
433268
248807
257116
161560
238495
142248
150366
252538
252323
260486
165418
234594
173639
99443
117559
421484
190003
110021
128243
55484
155388
413500
162829
105484
159920
417697
183733
240092
155741
151980
155230
145301
182043
121103
185927
261565
166792
258547
164568
241657
184082
259242
142742
426729
50225
417047
264138
421279
249129
132102
157674
416260
260523
249810
194404
246729
99915
29813
33177
192324
193358
173050
192560
261711
173535
428541
429034
134217
93256
144946
196182
237406
46127
188161
239801
155019
94963
237283
31511
144680
416275
51497
426761
55949
195157
426383
98170
137236
124120
249827
94783
51470
42741
173103
145289
239050
180926
94953
180863
123220
418687
240668
4682
180649
135180
12813
32838
174567
249815
418744
111385
192808
120937
251564
259709
248397
250600
173831
99548
137786
45745
250502
414558
93823
144982
239227
159592
132921
99984
155740
182908
243848
252075
262500
419529
163427
95403
126084
237146
261718
113349
195166
195991
290126
70813
189847
165665
11784
154891
261235
409853
196183
91278
172646
258619
403512
55699
189207
189911
247268
246042
6003
415225
11048
117202
244196
55294
239222
418766
24358
193950
164231
45054
48238
149168
189115
90647
183088
128295
191695
183768
260101
195123
158217
793
137477
262788
409615
170464
181228
19899
17631
159695
174147
291028
237191
194499
136212
262078
245198
420154
49859
161645
122264
411448
120560
165777
185196
257174
121146
249818
280609
248115
126052
163271
8418
243382
98366
174642
170776
125259
97942
259772
164407
291602
148779
155229
280825
116882
126080
191849
155719
146598
132728
47539
235184
166990
119320
248945
147292
239452
166139
45746
9145
230778
432904
259032
188100
257525
186595
163277
9177
196334
115461
193530
423107
161654
85035
248973
419747
182434
133345
44474
8639
32274
181218
420139
194162
194768
192573
413854
132836
14667
126073
166286
416461
38990
110081
237965
170295
230245
416746
253387
413731
36772
33444
248808
96497
422340
159160
118775
110309
167668
148490
260865
196531
98783
64150
236286
160893
172285
245811
33428
12817
119244
170329
260925
169934
884
281751
186807
64290
412144
111095
158940
36313
260515
96521
182198
166114
47589
247523
97904
412375
263099
422691
423441
145083
259108
248809
183107
412003
760467
241481
35874
142245
5645
76697
161574
159767
250246
257630
261605
131611
36935
409959
239282
96172
230415
147822
143967
195154
239054
162229
90662
185273
105141
137293
187013
32161
37388
156980
173062
257932
193406
241562
424860
122037
184073
182693
121812
192807
194223
151694
94391
248806
38960
135348
91785
431388
19637
153969
70525
97088
236866
45561
119418
109897
433336
125267
19739
248650
416996
148421
230943
122937
195204
264460
38772
154411
134522
153077
106937
257486
290981
187621
173752
172678
94420
185109
256219
238805
36679
131343
166827
267278
194752
251639
258736
192275
138804
184932
237116
184314
155916
195263
93393
241475
137569
252043
18577
193670
154790
417679
247505
380483
98216
45268
11658
193030
261859
180839
22990
170628
257489
98951
174171
416911
134882
98470
122042
143276
248350
120145
163395
11729
96062
248664
124236
246740
145252
96522
185589
112338
136503
94960
433517
148765
194051
148758
113366
118536
154939
133333
188799
85453
193868
184933
192566
153060
152209
144853
111094
290991
85031
95609
142247
251078
137977
93899
253412
434419
42964
131078
759643
92986
119417
26296
38202
262601
161352
409743
260311
180041
260922
250832
168361
240749
137967
417471
247235
259667
261574
196473
99988
5297
414244
259211
107504
253764
416132
166452
191845
31411
135205
62705
158312
156581
429879
173068
99291
117200
168258
137409
191694
230329
415027
152254
140985
144668
237925
47593
14928
38962
391177
145185
181680
11517
240155
413539
238725
188964
188398
118624
257155
161702
118736
259166
264522
96981
141255
99617
186142
184169
98953
259624
188446
160015
63920
155056
190489
117649
5517
92224
173325
55664
109466
150445
186233
125997
181653
240128
130344
162352
418850
163419
166923
149088
261764
118723
173821
21931
230747
147386
193150
132221
413496
245687
262553
154469
759450
195151
246739
36681
5251
32381
18513
264712
193391
189888
19998
419613
117984
257838
3056
147910
252677
147675
260242
186169
245173
253761
185098
259768
280400
172712
119345
248663
46830
101869
160024
230014
291260
158570
261771
115749
253320
195197
154468
172077
258910
17347
258469
119274
263097
160705
183613
263032
73682
169985
172665
19131
236758
94906
257770
253869
194336
120573
189364
258466
42767
89942
99048
29741
98495
154249
414365
194969
73683
180026
119362
160018
84218
195405
122044
125967
21933
193329
257376
411476
56231
241425
159654
194980
247265
252242
56244
5934
191535
154460
19688
153897
32874
250276
11789
236070
191122
153527
433371
180838
238001
193865
64144
238865
280735
32604
248473
173189
171986
51586
418765
263101
98162
431555
260521
187726
261685
127953
253912
35159
98502
70349
17789
99051
12144
195408
247582
426308
97478
120555
194975
185923
126209
97337
181021
27177
144507
160697
90668
189923
172648
257388
70531
11792
37602
417456
126066
160187
415487
230413
37626
156990
261044
144818
91078
76687
34988
258719
126056
238217
156091
252359
150759
153404
186483
237998
196325
159420
153461
98797
188126
124246
153072
154465
172685
11638
247545
180658
253918
260070
153422
181301
194417
43083
186735
409872
54179
185542
173230
133132
37481
195450
426094
103553
168998
414356
98569
418015
172669
174631
91080
238551
85986
112039
98504
160927
155977
8881
184444
248632
245358
91946
33244
260004
187649
163391
230411
238894
33221
14679
54234
172905
132422
171531
409796
22936
411820
253239
160042
155382
158232
239627
55227
187343
281497
235756
91339
165774
159448
245540
98961
126222
184974
49090
241115
171536
262935
34981
118855
159693
183105
238890
122000
70799
126065
14882
170584
11263
11806
290116
128177
171749
187996
247331
230662
180687
261897
241563
248167
152454
403510
185591
168098
164633
25066
37699
153748
136301
431357
145387
19193
119324
63896
423939
125989
252935
165420
166791
117423
138401
191049
260527
170867
145189
122295
94378
258459
121150
230581
425958
168469
244047
128080
241237
89726
63916
158219
251826
290123
157906
43118
253759
157679
36714
98798
148399
51813
135718
46312
169565
126260
281499
165061
91130
48698
162143
152250
128320
122957
125399
421011
123598
416714
136832
85056
247875
180030
238909
33403
194061
152343
5550
183686
160753
258901
144475
133313
239432
93026
37570
192315
263521
134961
115722
64068
14728
154388
183633
18876
64203
160088
261022
291633
173823
416443
248278
113740
14798
147415
259004
253790
418267
193193
244011
169755
163306
45263
415568
181231
170146
422137
415997
247048
241372
419068
173352
246981
246401
409616
145715
290379
249635
430364
419162
21936
238888
244186
147232
95430
181043
249881
151705
253778
409854
93821
122831
141882
259783
97438
109389
147394
187888
248469
11259
158106
107083
89907
152251
5213
187925
191329
117548
155779
164699
149132
90134
151538
29900
434767
174544
11660
247234
51598
84219
70797
259075
230223
261497
97386
183112
162356
51737
159728
115745
138380
120120
142562
184200
118538
127713
97068
433241
153243
254302
164761
92214
155858
166347
241978
48362
183770
90372
90728
166287
250656
252270
157470
250368
143870
425441
51425
196111
190181
425694
115751
27605
98214
155295
263108
171481
419067
238872
253376
152451
290984
159187
193434
156065
260531
137480
235842
44462
169342
126025
132035
194338
169564
413339
237751
47588
141775
245090
186217
5961
128244
894
238902
245513
126098
92963
117195
118016
142166
89940
38964
181743
248626
248272
412839
90397
245085
247302
420444
14822
411483
4660
33422
118278
85064
191757
230130
168095
187924
42197
180743
242037
107094
172516
238688
160967
59581
173534
134648
59762
6050
243863
167892
247259
113302
154056
263095
259860
96495
91900
259695
118850
195978
167317
4640
156115
165771
189893
36666
252166
150809
239583
183011
258723
189227
180987
143928
415565
31802
149165
266878
431822
131607
426865
191203
249050
97907
281735
131348
110022
158227
262060
113004
236088
159778
262367
244743
133372
163990
112527
193499
421821
95914
257399
162953
145306
260509
38755
247870
259702
91708
253010
171534
52122
98880
188878
163484
247544
173183
161537
95623
133280
188641
253788
244149
157670
230036
246528
144134
418488
144225
185693
186663
164982
167997
38837
253318
163442
419631
117663
17634
247584
17629
22460
252085
183043
99141
250278
58521
248623
35025
190092
425123
190636
760465
6060
423773
154453
195251
290999
166666
131349
117785
118841
241006
423443
166349
412047
99996
161359
115516
290755
136798
169026
85009
184168
94390
413257
99457
258738
184234
173198
238306
22992
180644
66935
150808
22459
194775
7396
429205
99533
124973
167607
148750
391189
258503
118015
183022
433313
182194
427928
51685
152211
414343
253099
4663
240954
183222
291146
117191
280551
290811
19759
13326
124344
409561
258557
120972
9175
19512
94926
196113
250091
32566
181209
281753
84425
32371
120345
136077
193194
169078
109553
11633
170664
187851
14793
119329
258477
51816
290988
93113
186307
147660
240665
183842
241404
246255
188363
11783
119204
236012
33305
261862
127544
195970
380390
105976
139060
240903
169725
5650
185473
151696
45743
49604
127982
163772
252393
116077
237713
244302
117620
164377
188789
259824
168115
166227
115731
173682
257876
160060
93402
154756
261575
122930
194736
165666
194767
249100
185475
55950
98895
126086
262229
42237
105728
241405
244303
189919
189014
409537
236262
64075
174151
262656
419805
127835
239449
14776
95320
267194
188399
137784
431581
165683
5519
188827
46853
258632
415890
149032
31806
237585
259116
112455
142094
411860
118733
14553
151556
130791
262195
180134
158279
136352
147280
142164
46989
168097
416992
280996
45044
38733
37660
117669
160387
121534
137481
259956
259381
181669
99963
290631
19831
240188
126317
418849
14811
94964
99267
37484
163799
7844
147204
180810
191335
118335
246931
119310
76704
37472
119416
195270
138937
426552
257333
92547
190497
119338
259743
190330
188158
194815
252015
181736
70653
159247
99512
161764
119368
230250
234557
159287
138780
252422
127512
163880
259947
235711
238220
239718
153241
146505
98099
161427
281456
417324
185108
12959
119344
413699
191131
126071
5562
47293
134311
253193
156015
149147
144981
90651
261841
190045
142739
172281
159696
244042
97096
144166
168426
166201
180664
411442
290179
191112
155394
416916
258224
251847
156308
94455
136936
34761
37482
160037
118178
160011
410838
118627
136351
55224
147823
426404
252950
180668
230410
257330
159658
258922
245356
262997
290363
35915
5288
32275
112006
267271
422718
145838
422396
142167
12476
249426
180949
433235
130916
260606
190178
263778
234592
237259
170290
434658
413185
126100
244305
259764
14610
186713
416912
192858
239564
173620
18544
187070
180645
153898
166651
173967
249832
131826
99926
109171
260492
230226
81716
29936
260516
98911
193122
181754
194735
91518
189016
160442
188833
186884
234587
5594
125260
153255
33468
117199
98881
192008
169862
290622
163269
152396
192109
70081
116675
237162
135032
96059
46128
252426
191557
170670
251024
154089
242110
122302
154347
235841
8669
248889
38201
254284
188621
230053
423425
32828
136569
94781
160010
131550
247273
409655
120275
186209
258299
254068
97073
34198
161772
243862
116677
127824
264759
257394
51469
38716
125337
249068
107222
195417
172028
34411
189846
172694
11511
237926
266647
37586
257379
144674
182663
138553
70256
414264
249177
261564
115719
186534
180639
59753
432569
138702
186480
154525
111081
280760
237404
196256
185204
167157
170897
419454
413697
37698
138712
248894
107574
184729
126192
161398
190830
244674
291636
259774
427095
55731
11841
168094
98027
259023
247013
246400
95697
90055
98947
107085
166924
254215
188795
289986
155647
415224
422476
291113
230379
99047
424888
192209
244041
90648
122387
117618
133338
146844
195048
184597
159583
132637
239664
58913
154320
98273
194803
8621
418266
409993
261860
261494
156184
266645
99935
54918
291106
238550
259787
427579
267200
238893
195760
156426
110313
38749
172164
73679
250620
12707
89939
73678
259385
230340
432978
258895
238916
113924
230416
70232
127494
98888
182464
155548
427389
139258
5567
185100
230251
189920
97778
159652
290129
25860
153717
119275
264458
154981
21939
125598
163741
157052
191469
166919
5524
147252
31777
189040
258709
427184
416203
422427
249807
180008
181511
195860
160162
161400
196475
38873
249828
138894
248625
257724
245663
257264
189894
94424
119333
252965
184170
174337
148688
5204
90324
163770
413109
159428
34188
8694
157139
163755
22995
167970
162228
188456
159163
99626
247398
180946
429876
237115
160032
59764
159670
265063
246214
97776
267196
418736
247301
187069
95052
259355
37510
138467
136570
191019
195150
192034
117753
63904
111102
166507
47786
160888
47625
249941
260775
146790
195047
185119
122798
174188
187479
146140
247033
150241
117384
159873
251504
13511
48170
163461
33304
193681
434439
47587
117580
161348
119380
430971
157144
152263
125336
29919
166642
185472
259353
172735
130021
63894
13887
253959
418436
253909
48957
156409
422849
138976
95234
92913
166989
125608
42364
246397
92920
57127
259608
258990
145310
257487
290751
191568
37542
157367
131630
169699
291270
237111
422524
145298
163774
158247
144786
230179
194139
152035
98507
96191
141580
22993
154775
253785
262941
243791
431971
245786
261560
416405
119383
163926
120556
419211
236332
188368
165454
34086
148420
411923
192475
421563
188996
412159
182567
291637
186726
161734
248794
241386
189906
193124
258550
132223
195269
252931
51910
245186
99478
9936
172024
415883
32340
188371
152220
11045
162400
195249
89946
154479
261570
186783
120092
32266
291325
259167
117198
253062
425845
15918
172691
240328
5526
166790
12639
291634
190348
180814
261901
185287
258109
156331
14727
237577
183033
251347
155586
250801
34059
188148
29618
184201
92227
417515
418413
97437
419070
159760
11643
261762
161646
159647
153348
54855
101191
96957
19530
155649
230539
241131
159793
29914
54599
429416
22959
193176
183089
239118
417251
189909
251939
230569
143768
181699
190431
173059
183731
37697
180638
258271
241337
192796
5558
194378
165038
162403
173731
236052
158567
391185
112535
419069
97998
253769
173787
166653
121056
236144
10624
101871
182923
25981
139004
190743
259074
192409
96943
189261
429907
93901
428908
244194
38628
5651
73674
29475
59770
230586
250867
194461
8522
419492
158225
113735
261709
117415
250840
190327
99081
117895
192226
433337
181654
174613
257234
95398
430571
70535
117201
5253
258173
147343
180169
248804
118308
85030
196285
119008
250183
193404
164403
13667
119415
258681
120089
161407
29762
252862
191146
230514
192208
425458
421131
149265
141710
241362
17489
243958
192360
161758
155731
29672
188546
136225
247635
243409
36773
118402
248237
174338
55033
124244
172650
267741
149086
145865
241847
258450
253950
253029
249300
195406
254060
35027
418014
122663
96234
190469
166156
85070
121221
172690
247721
31931
238004
173814
238606
159769
411000
424636
138746
192227
425661
70537
251139
243657
148472
164455
189772
262228
187692
431022
45041
416994
189003
126016
37653
250626
49147
417044
34137
145256
132222
126092
5748
414359
152887
124997
181824
54228
34442
164373
59831
39023
94993
9443
125978
230213
160008
246517
158209
248621
431617
193506
248975
139049
118597
192452
128230
98739
246213
159874
169535
155864
421285
165417
133283
42975
160645
260243
30302
93558
427639
57060
192816
424900
247520
186813
421470
230583
180591
51693
259888
182566
170465
412777
191151
290908
230537
189870
250820
250621
155587
247396
180149
255718
185218
132424
195265
193433
258713
187670
160090
159396
12092
290985
169381
96976
38611
169610
14564
32267
118318
236014
133316
249820
5560
260984
168113
167903
159602
117180
236056
195435
5333
181665
117197
424887
118595
144679
245785
253791
172014
14760
48361
147389
250653
113890
190535
240669
251135
59926
183106
184981
188372
99306
33313
186860
160155
247408
196238
262602
144673
94900
145187
291161
95876
291314
32221
55739
125153
136353
184312
169810
161670
247193
173170
165776
133285
38855
142436
172656
151534
254472
183224
89945
115717
164006
11916
195182
429966
195851
162354
173818
291433
154937
37689
252360
162593
230174
156008
154087
247542
157836
35848
235937
169415
242200
157651
252514
230037
156014
95496
291111
424715
173231
160391
132254
168117
184969
11640
247949
37493
145822
259708
4658
280622
91468
63918
246968
165053
64209
191551
163913
425726
194602
157417
147682
291545
409539
148764
252090
174556
262592
251600
246225
143988
173592
126344
122308
162648
423252
9118
280419
156578
154482
258771
159425
98950
137231
62817
195152
259343
260504
186708
182036
195046
413297
433182
236333
34898
183017
161648
46126
150094
55226
252605
194163
133890
12475
125977
8847
141683
19127
124232
8668
37624
260924
182554
430133
262840
183465
258843
149217
109416
56199
165169
148754
152259
149126
151695
8822
146103
409833
252623
418967
26306
155551
180841
124245
243799
147662
409551
99721
134645
160945
147681
155887
97936
173480
186871
237411
95820
5553
258549
189383
155573
98277
154373
101277
70539
148697
162353
420132
163415
263103
236267
247640
98616
267197
117407
89943
35843
256037
240107
47541
411758
248132
421178
194514
107599
425857
150239
192357
254213
250115
253098
429207
262085
113923
127712
192321
415195
95528
187836
196333
260771
188047
186651
195149
262587
194755
180942
98893
117183
117184
146134
258230
418164
230378
238382
250833
262351
55069
119268
187802
267199
160091
116671
183841
149148
421552
171448
96744
154228
97944
98664
92921
188293
37651
230173
54231
418738
154145
417501
250166
8378
133375
32834
173184
433217
125412
421278
131263
186952
168142
32231
416917
45947
245362
417040
187067
247866
165449
14957
194759
7391
76691
291264
118619
411975
184202
145290
186269
163390
421210
110317
132774
38156
161808
185135
90506
188288
97908
119552
429312
422395
135827
147373
257219
95997
149183
117583
191561
238303
165803
190488
420476
64218
281455
430565
169846
64079
258555
249998
118442
99980
188164
250367
118179
140254
243383
70887
38981
290987
134379
8677
237139
162007
35917
153226
9174
166798
46852
46841
261687
107419
136574
412780
147507
432434
249064
164376
180669
96933
241409
55476
180685
417676
194406
196326
8696
144676
157185
244249
140200
99053
153728
237862
157333
160445
156333
415825
160045
148788
138813
759452
143871
150464
190496
230286
174298
253423
259383
125976
37490
159135
433626
137853
243947
257173
409480
422549
252186
291590
12095
133135
173819
241241
148717
30963
186732
138561
14683
11651
249824
154664
32338
112124
125741
259749
230592
194160
174190
188983
55456
167255
264139
41073
134647
246093
186305
117786
97533
90320
421286
163469
124322
146061
246183
172094
151734
230101
48576
262663
118399
185136
230466
187730
38748
189368
144648
173228
172651
194065
427050
237847
192229
119572
186477
147397
166655
34132
126077
260535
259769
291563
167738
147205
247874
48266
173976
253378
125582
155068
118763
51396
157677
239712
190468
250213
245557
156310
99085
34154
250842
153505
710060
118190
180975
138557
250279
48348
174408
120574
239059
136073
247524
160161
185234
185094
163470
171242
152213
142438
160163
182951
106924
29880
125981
194762
95830
154692
416742
258842
119443
91053
54810
195167
184279
163671
134307
157905
424342
97992
257465
248050
151587
250640
89941
192725
151546
252951
155550
169025
33404
253386
170687
123459
35020
183032
188736
193356
29894
417698
90521
167041
152260
132013
253952
257635
161643
190433
252998
121951
93428
235899
96527
196114
254301
432114
189532
260490
152717
164955
128242
131936
759445
427234
160022
190173
43081
93803
252633
237175
14794
412494
152795
107481
262732
70258
170908
184034
259363
134313
45260
121155
134381
133314
139202
7940
263021
138805
171483
423646
252010
190826
184083
7829
242111
90663
187729
420481
160928
144804
431463
99563
291562
90672
254069
167905
499448
241012
190480
432041
157339
32276
96571
126076
10672
95956
122935
154934
134511
37544
430979
257390
142497
163938
98431
432202
190482
92391
258952
48899
96166
153740
33230
36944
409614
5539
92211
192729
423637
57768
191653
105820
118307
170148
164981
119271
93983
230352
147380
93475
192590
121166
118222
261012
146122
167581
91763
48382
246731
113228
247538
180860
5619
134713
257217
13968
126063
261689
155323
253377
153333
254018
174135
5529
171542
190091
240339
153720
426382
173190
173816
48339
257877
431970
180164
159443
17709
121776
4816
161647
84124
156154
425444
236263
193524
181207
239220
9438
115219
58463
138363
188360
189005
127751
19740
46796
428533
95402
118007
193682
184589
160446
186779
38764
151852
150458
183703
156537
416741
156961
159875
147555
59894
191333
261496
251940
259249
181841
182040
99073
59767
423131
243387
185867
236010
191559
193853
91294
258057
257408
135104
181515
236005
230255
22436
143661
259165
6317
188308
415886
155067
195272
47489
113300
109551
409623
51681
98359
51911
429179
249049
184977
173828
252565
163675
98288
5652
290041
187727
185198
35849
194926
257767
104657
153421
190825
429878
154463
432112
91745
5321
126308
165894
45040
109556
192349
180637
194757
432947
192989
188444
420846
247531
246094
417694
31805
259907
193473
192341
172097
76707
187285
122932
258060
169042
258904
239579
418567
195153
155929
180577
173977
251515
194381
101766
97589
413491
131606
418090
157784
413086
416601
241387
38758
245031
412376
95129
186710
189795
115733
128240
194379
121819
260198
159312
117758
252423
261357
261401
95915
49498
159851
48622
412667
169983
126078
42999
131580
180651
113508
42755
249817
114312
187486
259773
93347
414559
93825
126215
191325
152248
125540
171491
37492
113913
6065
188322
174197
51402
70090
155601
186051
235808
130101
173196
38853
185612
181656
192019
162743
118582
118735
173765
35135
159854
245716
172304
245868
91170
412776
149085
194224
38625
432205
51915
237143
181234
160866
192317
92212
180579
248893
133288
185246
45261
29666
422397
187585
96568
119330
90722
51487
189111
244521
137782
163459
257163
96745
152460
95413
159262
253767
246017
32364
46110
238549
156306
125995
258259
105140
260022
409630
128227
5647
51735
64217
416743
135071
122290
291102
165453
186566
174536
31927
119363
166226
422011
154062
171732
137619
251855
151890
181742
155303
138696
247092
128182
419210
122386
144825
193995
136242
236266
93725
54233
118746
290992
230363
180692
246050
145382
154928
188735
45983
98796
19966
259349
131226
190328
151693
250357
173326
185368
194878
156469
248796
153977
163944
4817
42734
27141
45042
107271
98501
249004
84223
416204
146375
138133
180667
109375
260529
165410
194389
259887
194594
156960
183114
125147
147387
183087
139022
190926
51342
238216
42356
182431
153210
194964
185849
165667
159123
131829
126216
411801
168855
258568
261139
156016
148718
73675
190197
117425
173605
194248
161001
147259
145309
171544
139056
125991
422859
230327
187287
137421
173010
425843
253023
427686
37509
431972
170322
148905
34948
148715
194640
153746
8678
172632
13510
18224
145344
137422
41743
262499
96061
97077
250182
186597
165778
253770
237969
94512
432121
168145
251137
426868
153099
148772
156385
33032
258468
180867
157886
430616
184342
154146
12005
191697
186447
421217
189225
421822
38123
95321
159171
172084
43115
138194
55483
154915
182421
239630
116080
186969
187283
159104
10623
120094
160092
32610
122959
159731
184076
180745
195259
230465
247239
230188
417101
230377
153108
121974
172664
13513
254044
246227
145220
138726
243377
194385
246402
247723
414354
257387
290810
120020
258905
17714
98976
257398
257040
14777
29920
167993
172692
145254
180925
154723
31040
97336
163731
91287
182076
174632
239558
184330
186709
155540
160154
158101
253783
92501
91901
429033
153425
145645
194092
237202
29912
156341
186485
257381
186526
169452
423177
144803
51785
36711
164759
252362
155575
260361
391425
172718
158196
147498
29812
38856
117410
427560
48358
173176
55442
45734
33186
126207
245021
150803
157669
241011
421179
427957
98098
152283
167009
98462
185235
146133
149278
235940
280793
259735
161355
11642
95930
182618
193173
230535
128409
156993
143961
117702
98884
120021
235857
188195
25980
48334
157534
291149
193402
8655
424582
99630
415198
236331
70350
140989
180578
195241
22983
159768
145181
253793
290285
119348
245541
94342
190820
48621
290989
760018
171547
159673
36745
172078
153747
192017
191990
250535
191408
17801
189792
253238
187225
138727
253695
255579
426758
251941
64208
428096
5598
181842
253266
155315
103771
193993
160062
29772
246970
249105
128052
94307
239663
159856
12006
415603
51252
19194
158185
93743
149083
170263
97613
247295
38832
93383
260926
248627
161578
130782
193532
98219
261606
99300
186139
190329
236004
250800
194420
187065
248049
183812
253696
158221
43117
261400
290982
248075
119270
168796
262661
261533
252088
138698
253024
230132
194981
48231
238913
89841
142499
415884
157783
5580
174444
113369
90649
144744
182402
36691
161430
422744
291258
170882
96174
195256
196398
246502
250795
191846
55740
154524
253565
190742
239056
257470
99105
185907
98508
253321
47856
434088
107036
159431
181214
153874
187476
155123
418455
251034
90710
259169
258908
238906
413495
173327
237962
70660
171539
248928
418861
145312
59920
165804
262671
260778
432380
194345
160160
117878
415714
172013
262419
291287
421291
38753
113001
245793
189930
235988
195400
8820
261846
260027
136670
99187
45562
138975
117858
230690
192322
37506
255576
190925
196330
263105
280418
184448
182044
429631
154457
117658
187344
422547
150240
183091
59763
253772
34799
31407
246527
134671
59696
163849
66716
128293
417939
32212
162575
32497
245308
98984
165839
5547
37582
759444
70800
153224
97927
247838
161575
160865
260688
262501
131974
240038
123791
119263
187340
138923
230780
235897
37687
429190
150237
418095
154890
162225
163940
248097
131529
125405
32836
98140
251068
261855
134203
187876
192363
230460
431355
160061
172183
105150
159313
95417
193113
194243
190747
193364
151903
290376
184315
418685
70658
22938
413184
11515
153727
416358
194753
90702
153974
433308
55742
291327
264478
192788
247236
230762
12811
152785
260690
186768
248353
17636
262426
91079
37581
64151
145956
90487
170906
253768
428778
262325
196471
239360
116135
33424
433232
241408
172571
120571
113912
143359
185194
291141
147484
94899
253265
93491
91224
187202
413255
120553
257727
168422
93448
54235
33364
131884
155720
8383
153054
430604
249320
155666
121227
243384
426316
142246
156295
22456
5535
125745
250724
413498
187422
36942
187222
194763
90050
134031
157782
247499
257862
146599
248499
192015
86005
110318
252537
411240
118506
187852
120577
11655
70089
194384
253916
180675
164228
196474
253787
45267
98891
194431
14675
262848
157484
420420
160021
185151
243951
191847
184973
116653
184339
247579
281082
267277
98428
173060
180738
97938
159408
192791
163745
253844
253194
245747
186736
134370
85072
252278
14795
247412
191467
238685
19636
196112
419806
37541
183226
44434
5590
120109
30141
151854
430977
98936
54597
156984
161000
136790
246385
188798
161357
230428
93907
39060
428060
159164
90484
93628
237377
260507
252083
33323
257905
191465
425682
189912
118808
261707
248891
63903
248659
159046
134309
117549
119361
11265
258187
165036
142639
195865
118599
33426
250619
19316
416963
116003
189905
433625
171404
146770
117530
417049
250909
169559
151610
230244
186956
36695
182766
185359
94779
181525
253946
182528
55660
137858
120576
48882
429726
188307
182424
243413
154384
259160
416910
192595
24268
194052
34773
248624
29477
159650
90724
24936
4669
258516
192781
89844
173330
261604
181682
236006
244298
409735
185101
250284
259762
290004
11634
426407
160703
131350
186668
230782
98962
29892
412048
183788
230408
137256
247867
165902
94871
138700
264477
243929
417518
252949
157418
141222
33366
134310
255640
116078
126304
262058
193623
35916
186734
253784
195264
259283
415789
46988
421819
47921
290629
187922
70659
422752
423442
243660
98989
54224
253760
45742
126205
57895
145097
47273
235854
257331
419800
117814
41782
164957
119366
182924
127044
173232
139052
119269
4849
64216
409865
251869
195165
174138
158587
158213
243411
413696
185274
4659
259424
174635
109467
138468
262715
147658
257871
174553
189166
237378
136240
112462
237282
170907
90894
245498
128361
115750
230388
156106
120080
113106
260494
70913
124890
112399
37690
239051
253843
171683
184975
14788
94995
195261
39032
192793
121145
127068
135181
169752
259750
14789
230362
55872
187555
126193
184730
137958
186145
243615
54596
143275
48902
172517
185403
132732
160498
149128
48559
186975
155827
174409
127994
173812
237493
170168
37658
93253
417693
145286
118551
95817
19353
186273
5250
260866
249991
91784
145284
173767
70592
97476
143278
93439
155600
262118
51820
253196
187025
51733
250275
156009
252219
158195
236724
253390
193746
128079
37821
192579
239359
154385
230345
158766
155619
99489
239289
254024
258175
248187
146600
230552
192885
259003
252698
26316
187280
257945
432333
230337
173197
54707
144832
193509
134029
195164
151448
432214
172653
262658
249003
173663
267203
191048
117879
262678
426029
36771
248261
125345
188792
245326
180040
710030
162396
418690
125411
172708
32745
124240
422341
103738
97777
189045
249816
122197
188635
58917
91226
137412
171593
89944
247869
137567
187923
118125
192794
759449
415249
126018
248183
259342
237693
133436
418693
238999
154480
107082
247395
99456
430929
171585
146922
33034
432203
237112
45555
5543
136207
98473
261133
152661
267403
240477
247975
92910
92215
426031
193403
188441
123155
5338
172089
163660
415248
183881
92300
154391
96773
257875
160126
93392
121972
170868
261251
260051
138685
96937
164449
115805
144585
45051
91261
31794
236353
160036
153511
195158
237495
261716
89934
240568
119444
162645
244300
125970
419804
149051
230506
14669
153900
421482
291030
174634
95639
380295
238882
189944
180168
172093
193454
136354
96169
190399
248219
165897
193902
138591
14671
162362
191650
266644
258565
188296
143987
252087
190057
181524
127951
244026
173095
164481
188653
169419
259607
117416
185240
120974
171117
183636
120575
258554
191563
244010
92768
123151
431966
249086
134170
142495
99186
90723
253763
248553
149082
185501
153726
173188
148402
146063
155603
259348
116649
33469
250486
249093
258274
123857
158218
188310
249819
96939
421880
241844
168215
184696
247093
429224
49497
261870
166196
120100
134106
123356
99629
152816
188420
181398
118724
247720
153909
180661
192787
43036
11801
34797
186180
248185
112461
425945
244567
245364
29708
160159
37500
131836
149084
153972
14807
180982
173826
291313
251716
57017
12808
252276
430978
241010
164830
101866
192278
120146
153344
2994
44472
117522
124461
95608
136227
159730
415227
95788
412840
45587
181698
154396
426867
122291
189848
242099
38869
195418
252016
254057
172683
237576
34294
291109
131074
415735
104669
161506
118849
241114
235859
281674
92444
18511
238897
190689
250280
125410
37694
59743
157407
433247
253373
235903
158486
45725
194771
251318
29710
246097
149279
173791
187066
152261
237674
33962
13424
187345
23459
155742
409840
426380
171541
291283
415051
33400
174580
183085
153872
241940
195485
99547
258553
235800
172647
45740
98039
759364
145713
180187
291632
431382
416631
253103
144826
230636
243922
70196
248884
192884
171241
58933
34775
51404
180842
104648
91675
41719
260565
259351
116134
131609
92213
267198
291080
420672
189346
115747
186326
37546
258690
55319
168102
122789
70936
110082
180192
190047
18580
189889
19634
17320
158105
147500
185244
149241
237857
252008
154090
425842
145302
248735
17803
181839
126099
411859
64080
38155
195243
156230
417038
134032
195268
92387
290287
190832
255805
259912
64067
122296
290032
172282
55223
419611
291510
238806
430466
92538
136394
416914
134214
391187
195397
230217
172166
138196
5555
125396
237193
281375
70238
158197
422573
118856
151522
130643
191558
44429
119376
137051
162220
97071
431038
157313
12009
253237
138191
166793
138092
420421
430751
426869
155539
168106
70900
155386
64213
239593
187029
99985
172666
29987
189931
257797
47776
117885
116290
70534
168468
168445
237711
141223
11921
230121
429189
180755
189300
170913
415050
17486
127960
191564
128296
154467
41725
409715
127829
246000
35914
420823
169757
246999
161653
143485
259350
170052
49597
186582
247171
58924
145222
99631
152455
185116
96000
150198
25982
190061
257175
259320
193410
47428
120110
194382
186598
115567
144587
262366
35601
76692
121223
132577
138392
235806
143361
243838
118871
163801
240006
247581
39059
107081
189926
5670
246092
147739
36993
94519
166922
247799
380383
132420
186989
131358
117585
147444
152636
257730
192957
430928
429495
247724
172082
172657
257702
417738
39062
163607
93871
433267
46135
258808
264711
413390
173048
12474
146771
33229
99628
192784
141313
180034
35022
58470
125146
125590
164370
160097
281750
117534
155562
167995
54706
187800
258656
132053
145251
115720
423582
250212
141256
262092
5305
64073
5970
251488
260488
91085
144983
192339
246957
291630
421290
149050
124614
245867
98402
166058
180840
132220
237001
116222
246967
245937
32315
98474
156423
64070
391172
117810
262365
245275
54614
261769
257386
416918
11796
168139
185203
429307
54230
258515
5746
119378
234596
143277
149216
189238
260864
194635
182558
230688
168703
188093
109460
190746
184077
173751
415567
17637
418177
118470
253936
54917
249096
99982
148033
246447
124276
51805
13418
180739
132785
99627
70901
263084
144838
187288
5270
18517
264192
118553
422587
51725
31803
97069
159291
134883
33401
51731
13512
137847
247170
253418
144664
280549
421988
290387
433080
35541
181744
33478
118852
149263
169998
424343
165063
92197
188936
181399
111968
92553
239629
160889
412045
162727
195992
27176
145890
155602
115220
125744
8379
92478
29685
148358
418207
12816
134964
167998
409930
433277
253208
165980
127919
180737
189223
89840
280374
192183
166134
133312
134207
237748
18578
190744
193093
419525
91691
138761
186152
710036
238900
183749
128298
167115
250839
51446
174545
173328
55485
246041
165700
126221
241850
238905
266259
54704
259805
146138
124119
409932
193626
249342
230955
192004
159292
115568
118623
189942
429967
92612
254059
64149
19132
291431
235896
154941
243376
237150
246487
163759
94282
93630
173768
230277
91168
191350
196179
34984
247019
411462
189204
138799
63888
13425
161432
230637
45043
173186
99710
158487
182314
14668
90483
189968
168423
173788
259771
173199
120660
195237
185391
185248
120572
185102
434091
245033
194650
172643
188355
131487
187278
230463
163438
118507
417046
8521
144655
257405
147228
249821
169728
132423
142740
244163
171533
112309
117701
157871
173329
237694
153714
172283
257504
183750
157658
171472
260686
187498
237410
162350
145429
237963
57780
153399
193501
420192
426731
117882
263090
76701
122298
39022
29712
63870
127661
110134
169984
188125
34170
281498
147188
96569
34992
99045
187546
123348
159733
261688
34182
55737
155621
160415
290121
145082
117787
244204
189951
196110
113003
419421
165163
64445
432040
250864
155335
245608
172629
168099
169338
427684
249831
153056
249076
21954
170150
154716
193512
152563
159156
34825
241852
187614
247546
96456
182768
54725
167506
93260
38857
246217
421644
183663
185539
248658
246218
48878
51814
32237
23158
174644
419066
123596
248883
91253
47445
141317
116081
246043
112680
189017
8880
95899
250763
148790
246500
257158
118189
134498
185393
145299
258773
99758
164233
416679
152457
98503
257383
182527
245111
250910
416276
160113
237692
257182
147727
162222
52072
120346
144326
430681
428097
107498
184586
258615
7833
258718
152348
120558
172382
163282
188364
130794
260927
153724
51791
85036
93773
416715
64214
250210
106935
250911
193624
253248
37693
247021
433628
191570
166348
152264
243726
192451
174551
182468
164983
14752
186581
257160
153208
257687
258751
148768
238954
237174
163733
32278
54226
249079
180363
70536
420818
14556
182773
164404
96001
257382
145285
154091
36970
291108
11787
41028
258853
186527
111839
118626
260920
262680
45052
181213
125969
290750
280833
426338
280725
138724
257468
280322
161576
190540
186671
36936
5962
172098
160038
257221
120561
148766
411553
252143
250710
239053
51418
291192
185110
95996
107089
421480
194925
260510
143810
138967
116120
184075
137968
422572
241843
19204
173729
126021
418601
415247
159289
194743
172365
156307
413207
11555
193164
47490
90426
24436
169849
247029
428512
236625
160647
36775
150367
230580
153242
174149
7393
260530
181239
93900
182066
186454
157140
261936
163883
42208
127855
243405
94421
243659
253009
147598
262554
411238
161319
167606
247017
430247
97554
159646
170911
125403
247580
230128
93112
157672
170748
167046
160371
119267
110080
143772
172644
196176
189908
193622
45262
239725
94760
290462
412044
182694
245659
173061
236013
180689
36193
22451
8675
168705
186864
426871
70217
185113
18749
125999
243388
262672
107598
195995
159198
33182
258631
116660
96192
159105
424717
430132
264760
19178
146105
70814
193114
195160
713
191324
124121
95900
162937
185238
14813
245061
96558
183330
127639
239060
143973
257313
189239
181849
131605
180858
183111
38874
133284
96318
431968
42103
426167
52137
189210
118857
187875
262285
183034
241842
252962
181046
182531
433307
192909
124996
230253
194388
148760
423772
159286
125401
185140
250114
403513
117189
95999
187516
230108
141885
241424
158839
147083
95127
250657
97015
112398
51666
161570
247240
237141
96103
117886
183704
120003
119322
248885
253779
138847
429520
93489
429309
6017
142964
147357
257579
191519
411505
93906
189892
159732
258551
193171
35609
238000
413129
252358
185179
246965
172059
236296
181697
257407
424889
113509
37531
36678
433311
99608
25442
5544
161027
119219
156983
117791
237946
51426
184978
14930
120663
146132
186179
11637
51815
183632
280513
185146
183464
165874
164372
190753
98882
252697
432209
290283
166155
123154
169545
237200
126054
95563
118010
174526
170035
160020
239711
90132
194761
238904
424184
429314
182147
187650
189208
19756
259018
160648
38095
26112
119159
149164
180741
159691
122960
230384
188423
90713
168100
10903
186478
146597
33687
244025
380384
29673
113737
8385
158841
185189
257931
165421
161028
250723
117417
194403
181522
188639
160290
145347
235387
431353
159161
258937
153971
149134
415226
237960
260700
126027
167120
181748
107543
156489
427388
121165
194386
257469
193016
238988
249723
132366
29687
186306
193031
97504
117432
169461
165775
391089
167039
155588
249989
51738
418993
187615
36667
118332
182830
193175
263033
31019
230341
185865
417905
148741
167318
191562
250792
117136
116657
171029
144667
155636
425660
111347
8753
259413
85230
169095
257531
95128
158372
416997
164365
194966
138809
42083
128195
70254
261550
247642
119377
155712
45265
119264
160014
172378
409530
18581
412257
194785
156500
93816
192946
89938
162886
165452
248230
12510
259344
290324
159659
250356
5538
259002
14802
113337
163215
37483
16131
426406
146459
146123
120563
181212
190400
117203
230346
126050
239281
192323
241365
172709
183221
162358
259704
113358
195828
97087
37823
230316
422574
236007
159423
152784
98894
248805
117204
47486
36719
63891
391475
96108
409604
421903
33467
186251
165168
173607
12819
258519
98782
237148
131886
161561
196472
169364
17804
237808
164956
54180
413988
35021
150191
291126
168734
161424
246311
98898
148418
194756
196286
192887
187342
161399
38731
417941
156584
126206
417953
167582
11799
126090
236948
5620
64066
151780
95478
5973
423941
420183
194419
46851
121153
418689
112294
96498
159233
170161
418735
290260
155279
163909
150233
244108
192783
759797
90131
93762
186777
192348
180655
195535
194749
192581
173200
167577
19623
97479
34895
152257
247012
149033
230973
133315
169413
253363
56138
184013
19356
188704
126306
237676
248179
51403
166836
430975
180681
291160
248260
138974
248887
183031
113474
258218
172016
251825
181912
422264
19646
119384
185138
118741
183301
252932
18747
183220
154189
159395
186275
131549
155597
153721
260136
115742
260506
113417
5644
189970
183665
246964
170155
189004
181314
251602
184166
155447
155559
237999
151768
95316
263768
125810
155443
154721
161401
267276
37652
413529
247051
152210
70214
184167
239055
128421
239246
185297
159908
94780
190802
29893
247394
99340
181523
188407
230382
252327
33324
154073
187731
159189
426169
127981
93819
180642
174446
280998
247091
409849
186776
95315
85037
122293
419739
157531
157741
38732
32498
111969
11730
420477
196284
115524
134256
164636
194334
145119
249811
48787
251140
180663
246958
420475
118412
252563
196425
194766
172674
251561
183732
259801
183859
423854
151638
255853
172377
36927
70133
113005
112005
5260
119337
94344
243379
54232
163493
187927
291483
189203
247509
109559
186712
51496
12814
18839
143040
192782
119379
237113
90319
239396
120093
36712
144670
185195
190385
291254
107097
184086
94961
261220
186596
248236
260262
182045
136495
116405
132421
188622
151467
167704
249310
247868
409596
91471
171972
38875
243500
168114
249160
59881
155993
152663
117623
128180
146779
162159
94924
291326
18807
185476
119369
90721
147084
42719
121147
193508
246221
245732
411861
258273
172307
134080
119339
431916
152258
38203
51391
181657
195825
194647
259006
160041
230417
147427
428028
46850
119538
230350
51397
182425
414371
118650
259763
245294
260389
157051
169343
182433
190748
121055
185237
255641
93588
257709
195266
98795
261861
253067
259765
122738
29587
45946
259788
93742
262933
237710
158229
145288
116235
380226
162081
153716
181687
160709
173331
11800
154686
117608
136071
418013
158843
281501
126049
195824
99723
183090
193861
189369
27026
230516
47288
759799
159158
236032
238319
194260
431392
131345
93726
246013
193788
237848
33231
152345
120130
192789
194423
51810
145039
138522
280547
17243
182306
156186
187879
184084
29691
168707
7788
155930
250629
429405
99912
38826
182962
113153
133714
90718
239830
159426
153722
64071
133765
163732
183453
49124
37657
242122
127968
194377
190928
185193
45703
195346
236258
290042
93908
132718
153398
134958
97070
181313
196397
194737
147347
245197
248574
57782
290882
161415
417704
35031
11802
174295
126019
186594
254261
173229
11659
409647
149031
49847
163393
258548
250836
155370
260769
119323
115463
426861
248563
230631
169024
246738
167740
55743
195437
237752
97943
156408
258902
55736
85236
157053
180640
172522
5982
234585
93636
254003
97410
413034
421545
125988
94345
195586
126118
171823
196327
93844
42128
95877
188162
291593
290627
184754
418746
29683
118813
5646
230216
188793
118710
76685
162384
168704
43084
189900
238875
120024
153896
189887
280304
157050
253267
248622
261577
167835
51667
423410
174289
55482
189221
154387
172675
241413
123153
238488
95378
230315
290043
192154
190750
250252
185245
261559
190954
48876
111101
258556
155908
262446
134168
257310
99064
257466
162777
117757
261683
147290
121966
238373
111096
247578
37477
262679
260912
137568
155302
89948
254212
251658
195531
5618
48704
154088
161999
21790
51344
430972
249095
185114
245366
257384
146743
174270
194702
173194
45986
171485
116001
247638
167032
290944
156982
172079
145867
167920
150394
237400
194977
262050
181233
423254
422858
248620
260397
236009
70538
234580
419610
236257
173450
250534
132339
172637
146064
160394
163881
187783
114258
81437
34266
93822
190058
417678
291631
167177
428177
188403
95297
249083
93771
144945
267201
240917
245022
8422
180742
187921
40805
247871
15656
151706
415064
430593
261566
55727
126089
47487
260487
22972
118550
141315
156125
151829
423919
5569
236624
150092
252322
162187
152767
191326
186806
411280
415342
417777
97779
144980
415606
421825
128348
254050
120105
173182
240404
416709
134601
245185
156406
168799
183769
4661
118191
246051
118001
19992
417045
76705
104625
124901
163984
171589
193432
185284
193867
184313
261720
190196
90446
413492
126204
257933
149271
91705
117324
253549
237128
429192
63919
183086
138848
152397
257550
262654
251842
148761
246182
42765
152456
428532
115740
181691
194343
183697
148789
123330
195484
38860
70346
867
9178
194772
165416
5546
11791
162395
164586
240476
259622
35546
118368
421820
98467
21930
280320
247237
187339
8673
51461
117723
240102
31429
195344
37662
253011
41694
192471
252394
416813
160165
8622
180086
196222
141035
156978
240202
194222
140984
165702
251452
247192
125899
257745
181232
149087
290626
12810
169987
110083
380386
148422
49830
230593
186496
189349
248797
151447
193172
133374
160007
145297
158157
172297
160876
48333
192292
34140
412838
6028
162393
181229
417453
165719
160025
131332
172680
97095
113297
423660
180370
257178
98095
291140
150314
98505
157863
93401
237854
245606
138925
185410
90018
98960
138935
149099
426125
138693
14784
196118
106938
163771
193535
182303
259663
160452
172308
194311
257527
252089
421716
191989
144913
138831
162577
92973
180646
153466
92249
117784
417540
96954
424583
182423
181220
117196
168858
260519
111732
113002
247465
258024
152886
181696
47813
189967
91690
247332
424011
154462
188800
186767
260689
185848
427596
161395
169456
247241
125746
257332
147356
14555
262196
54574
136838
236065
156529
249814
411976
253998
281680
94011
190726
180676
19766
147525
193862
135905
253395
147080
257156
168383
243916
152620
236045
195758
94891
37654
37507
25058
51710
391181
137563
46105
32700
186861
195532
260631
33183
261867
261712
291256
181397
151828
281081
247872
416463
189199
259820
253568
97435
149274
248056
39031
236011
122265
194434
257396
51909
192354
99604
192318
96163
174573
237909
151842
47592
259392
156577
161343
239231
181217
247951
234593
192981
247023
237145
171590
144319
172696
5566
153501
90384
434514
95301
5585
149272
264720
230358
237147
121226
426730
290986
167641
84229
48174
124043
424861
174554
248740
243645
54681
142113
254297
116082
416655
122961
185137
412495
194159
173857
243410
161420
256603
195407
172710
192176
230116
245092
156490
252989
248608
174150
247190
246887
188648
92394
264699
181732
154680
252940
94422
172015
128231
90199
130633
426373
433238
30303
409566
291470
31409
290978
189929
191651
134509
131347
160026
4796
14618
32564
290364
189897
145707
185933
151621
258710
188803
184582
180460
426760
161019
156535
168595
5574
55649
117550
137849
29768
251136
186278
99043
191842
163373
421477
116407
156067
174013
12820
49860
95616
152556
255459
249021
196260
184985
46286
57271
241390
257392
138636
19134
257830
257528
32354
139064
31940
172715
409936
257378
239240
19720
190494
89932
126072
182338
259352
97714
248000
19622
253911
159727
425546
258633
230585
194765
249071
32268
247014
247050
19229
5269
261623
42361
172660
164997
193997
7768
238804
230589
124231
251942
145863
162401
280370
48359
70911
62626
239151
137850
162760
37543
36700
169469
433077
109793
91821
32671
418457
238886
48901
186810
154458
185864
417039
64132
191430
90200
291116
133344
91286
74587
59769
427047
146502
171546
168144
429877
426726
121323
133111
416998
138812
29911
63900
115736
126174
253586
154517
422653
173109
63924
290377
432215
70762
96164
125747
119331
154459
70347
155907
194741
230441
172630
169232
8399
153402
245869
237849
120091
190634
119334
247018
146121
111971
261858
36743
126051
243923
259190
261943
138718
418176
12007
417380
243616
138195
157035
112296
192356
432208
166231
238564
182328
118004
158863
91086
251023
126070
245030
236264
253101
149161
247047
147231
415596
280946
421931
249157
237201
409605
238374
107090
181671
173201
182530
157779
237050
416987
180924
415605
150234
32563
290630
118596
136497
190495
120025
158765
19198
93826
94504
188836
265592
254177
47820
158104
131346
94088
64210
260245
238772
258061
44441
11786
189969
117648
418257
171543
38851
151845
421109
113922
195191
143968
193968
124234
252274
93856
150824
133343
190225
291284
230274
186960
260269
433078
185243
132253
241417
138951
419612
230181
259744
230783
172671
253389
174189
11261
424155
258115
148756
168358
415885
70215
426381
192597
34378
257464
186456
70082
290993
244206
70661
154086
136396
189206
12170
37656
92770
147067
24961
249090
36357
42725
32374
194482
415028
230348
150315
243385
91803
33171
98360
257873
252425
182970
118860
86019
156536
291300
155215
180035
139001
247010
141709
158216
160112
188706
162144
117721
186728
126064
130075
180744
118600
173673
261706
380227
29877
167702
36694
247528
154142
172162
429306
193859
192358
12850
151827
91572
185931
7839
186809
230175
183296
261766
154679
47591
45045
188729
172095
259969
238545
237861
417043
258518
416915
96162
193897
184758
183035
264533
97552
138215
19975
117756
281759
247527
143966
165772
154252
51807
261221
427042
151922
93632
143872
181241
120122
230263
191047
710062
125150
145954
411024
64590
34084
157780
186455
163487
154526
196494
163976
419441
115521
165898
92390
155281
253919
126214
147230
413251
421620
430970
169454
98965
192554
99056
237110
42766
163877
160434
18509
243946
44380
433079
168654
166230
193745
419065
118388
159159
152217
185236
9934
433086
147725
185202
145292
90318
245649
252326
90607
425260
186564
153246
237944
193134
252361
187338
188737
188102
253332
251657
145305
412842
132425
189797
36770
54878
32499
117192
147211
111838
164580
186052
760463
137411
260633
89906
52076
121753
160017
247501
257488
239580
235803
425659
144660
241790
34144
241845
258534
91822
230189
173054
192990
182467
151844
380228
258590
36740
9143
191614
391174
145264
29588
234588
54182
240094
161876
245353
29700
423255
161002
172036
230941
131828
117812
183092
186500
184317
188370
147388
25856
170289
409852
238638
38859
118719
133965
126101
31804
64168
189807
186174
49093
132255
126075
160660
96316
191576
419212
194245
117811
32605
251567
252244
255578
138131
113921
419802
160999
14761
195987
47617
172682
119364
238883
160436
257829
192353
185928
29908
290748
140986
260135
118445
163775
185370
136223
245307
139063
412042
192792
169937
96969
116391
142335
164581
48785
186667
126305
422394
417701
250541
122292
261721
159045
152036
97014
257872
183700
258110
193227
153419
169340
291150
38858
230313
115364
419801
163279
258849
243412
143887
165728
258112
290603
133281
160035
98985
247532
194764
21929
31760
250835
166229
113299
43008
136198
234589
257934
185903
34885
291432
182769
144651
166654
236867
188643
93687
414361
164640
96574
97097
90297
194405
258921
413127
94392
166157
239061
153259
172649
180277
142743
163486
239283
115737
90321
192006
34822
165896
146067
182767
172372
236072
127153
121054
180533
146141
188851
195247
258177
195914
11636
45982
241870
118522
172703
426097
411239
94952
35531
147490
239224
22454
162731
29689
185822
415804
181206
97514
49832
118806
290119
260496
153251
172096
230102
257467
185710
189917
171000
182933
262091
164834
239985
152216
164771
114038
33165
236067
182422
54777
8620
167267
260025
17667
187404
163146
419208
173064
260522
427197
8523
185901
290994
195189
172306
247583
252012
253264
127154
147421
130353
252700
187882
115221
249825
49599
403366
258376
144652
252699
418499
146033
153742
149171
112292
49856
230976
193534
237065
165773
193121
185201
194972
194422
183332
39061
115721
21934
12972
97743
151948
262846
159294
248920
254295
35542
266688
426860
122038
113301
236269
246262
11090
188751
245806
147485
29902
110315
126017
45277
97436
188469
114311
430973
183588
250282
126037
45945
250834
194641
29906
138842
290005
258731
194518
260514
156185
249103
128064
124233
247410
259270
191844
241407
122043
119143
258722
191604
140784
54741
91240
10625
164374
19848
169449
154936
164683
5549
258740
433221
236387
191322
167503
156002
64443
242280
185474
164907
258838
195398
131152
156992
253364
261098
257636
122844
4536
193091
153743
153867
421842
430574
188491
279594
416745
171538
429497
417424
138391
422712
144313
22269
252595
13990
173094
421628
245154
180162
194599
54214
107251
147395
192352
248150
249812
172616
94457
94546
252363
419736
13417
188090
248169
64408
96973
34167
186666
154687
259071
259250
23494
417703
135187
99965
241392
264729
418691
194519
48784
260498
135070
156010
14790
415950
143767
154942
98935
157668
110310
125408
138682
70230
251514
144958
90437
97403
431008
95296
145362
165873
126189
238877
119325
120108
34767
262621
180033
262665
57988
164624
408970
152218
137893
417690
118514
253271
6030
157317
186862
248571
144104
156576
263100
38214
97505
136239
245010
249880
152461
70251
237361
168501
194225
117193
183617
252128
153745
166048
49874
182922
123158
167948
147911
160447
194322
163437
122734
255804
262624
99044
119382
183614
14678
252934
174311
51806
120107
163885
196116
142170
434617
99964
14778
95559
124999
192955
430438
99981
245195
33436
426550
34155
41690
123278
238338
63902
237494
759649
184103
418130
191119
259033
49861
430556
122963
290727
190052
38160
235186
262589
64219
89977
148701
113914
243381
160469
107215
419048
38961
153687
55662
118390
262765
258564
32271
427049
291107
162359
194816
143869
252275
261547
185096
37576
410770
258275
98286
148051
172698
248551
257218
121517
432905
134523
193969
137234
189794
162958
251625
38763
164616
37820
196218
429181
121228
5615
165409
180462
434092
257406
188166
35808
416868
36665
118366
164232
127047
262670
115565
137173
188837
144093
77259
172802
169037
193621
162647
123355
230781
425442
90007
247641
259951
165901
250659
109012
142745
291136
411804
230405
417426
91875
98499
433136
154466
96315
246165
188124
147390
64069
280999
118601
428744
237319
257530
173732
93973
110314
416908
55730
167705
230462
195862
147738
55479
126069
54595
96111
183615
168343
93396
125397
193645
127510
186669
254293
250764
194649
193503
159152
239109
112037
36696
192844
172326
193422
423424
142223
180678
17727
244077
187997
91783
190536
97939
280190
126318
156617
159153
261567
255807
403414
5578
235858
237277
124572
248546
173730
98618
138972
230409
253478
37603
169455
187673
42973
259798
257490
48332
427784
171587
249721
164169
9173
70083
32337
240247
418208
156124
158223
136568
256319
181011
45665
158228
133286
138562
163668
162752
92543
262596
137220
152347
138810
172017
33296
193510
159655
93904
11087
263093
195854
259906
25859
125597
137851
117759
194390
121105
159151
254071
238607
119321
121224
93938
37491
423638
247502
245291
46103
260772
115715
759798
34129
167973
187860
189907
184986
156309
143046
33175
164667
414602
115753
99983
426340
38738
155122
172667
192988
421273
160373
64077
159446
115523
99055
427107
116079
188357
48883
230311
92220
171566
247001
259775
194974
419228
290131
419626
259742
136303
237612
185617
106939
259005
190829
131937
258470
260511
136575
134372
428098
170674
135826
427115
139000
181226
185205
51471
260310
253774
98885
262095
112040
185477
230045
76104
38829
193360
126217
262936
163941
117418
120578
182426
49253
39007
148320
156017
238817
173789
195757
189531
145255
185239
417037
181215
64145
38966
424862
119554
248046
85028
191351
180151
46162
257165
92102
266973
156366
42738
185106
156962
423608
237164
423653
157016
36925
127838
92393
93261
63893
237290
138978
42983
259206
185099
145250
166991
124238
252011
92795
167030
118728
194221
121051
254049
112172
247238
189008
141711
169544
51811
251138
243406
39156
96137
99916
153250
167141
433183
151558
14785
125369
189212
134081
172631
189042
261686
195436
156357
163462
7395
192210
162957
46828
258748
236002
194498
48880
117551
127042
146372
186252
95594
190633
23497
267270
4835
127061
5588
230190
122934
290280
187928
25457
193354
147659
96171
180816
21928
425844
163744
189201
62634
64215
163679
153349
254925
5306
138819
45269
166712
182529
247027
157678
230591
152270
235713
172676
33442
12812
98025
98599
182035
291312
416921
125908
172090
160028
173591
19659
258912
98475
191510
29699
195823
430602
149005
154386
118237
131999
159444
417739
290812
257768
416124
194773
157397
96496
170227
257391
240198
160150
267274
5554
153718
187224
180682
128229
157781
240929
420131
194774
186882
118729
189060
146356
184273
47538
196528
409832
160054
35160
171545
186494
107092
90064
415518
237887
127043
416885
432199
123148
160027
247242
121998
111348
25858
431186
255577
172639
55663
153808
291573
99722
418947
171484
33477
193511
257874
426551
248628
152798
186539
180674
55871
147567
94890
167639
245174
416922
144788
162360
90711
138774
417412
51343
186730
251590
171731
125368
259341
194244
760466
253102
111109
112390
192591
164375
180341
238218
126213
257042
155599
243366
154455
6049
168362
189873
190432
152662
168919
169558
11645
236637
17710
120973
116352
193044
150090
162891
185097
260472
421478
194979
96190
45632
93961
18843
118548
150238
10697
98285
158870
36943
59768
259799
259623
188094
260524
253379
138654
123147
262081
96319
247950
154689
259001
156575
173057
151559
160925
246522
240860
416919
162759
260132
159663
139061
94898
8726
182976
182042
192365
133287
261810
118846
258935
37474
121530
158226
243957
190724
154147
188802
238996
37627
36662
247828
101275
430246
189348
117894
433456
246098
7941
192575
5488
429404
252865
159422
188790
19144
261935
150095
150344
419839
247667
151533
262990
91706
258775
144794
85062
281758
70092
180680
34166
181152
118776
171112
92195
163251
194497
90987
230351
163882
98934
257766
194744
290939
258370
161656
37692
138390
429875
191328
161350
138176
112257
253487
430927
433119
93626
184231
261569
180597
152262
170293
180173
185471
411276
113167
81242
29770
195193
98218
98948
255446
97937
249830
181400
291114
63938
261704
160195
99624
159154
247392
186250
239058
187273
172012
428738
111083
32230
147065
230012
93047
290747
99979
423519
250400
196515
173392
252634
170261
261218
70345
419734
172231
118414
90717
264486
182039
70076
136202
194750
152450
136671
153245
195593
245717
190492
107576
421193
420371
90703
150807
124229
11050
195745
34142
196117
153873
126085
189898
250908
38958
191140
164227
51596
248550
16088
54793
147355
145311
112293
181154
12010
152215
113298
144476
266257
47822
118720
254244
181480
136045
237379
247267
155753
253517
230436
157965
243724
180656
281088
247390
195258
262766
240013
107086
415196
415888
85066
380356
429512
118858
143972
252939
183562
38847
161346
422380
419526
157750
138971
173533
154416
165664
18515
92392
243948
239416
76706
195045
117719
250354
11914
118495
123490
121104
143021
237888
183113
169989
128410
133430
425202
135824
134167
290122
95602
128228
163879
180948
246966
29701
180943
147396
84231
185141
52077
186665
181655
182041
125907
247458
262174
165422
86501
14797
167040
121049
154933
245141
4680
391184
431957
42970
12848
51690
138193
262098
144756
138689
11635
180458
183115
247543
418657
196420
144678
239727
141254
107503
230635
230505
120144
409467
170568
248560
189901
166832
416174
52085
138681
127488
250846
155276
37585
192155
409469
151830
257728
416586
147210
291635
426375
167919
49857
163439
98188
427174
93727
160289
145359
151290
190043
133347
264710
59614
191323
186967
186270
247839
93882
22957
35952
31417
142766
259340
238977
117876
190000
34499
6074
417951
291132
259786
171478
153223
192589
188321
5749
193099
174576
238214
8377
95561
191574
260779
148208
162366
192316
249850
240199
281563
260339
55707
191530
174196
101872
160388
164471
106936
98890
121225
190827
230264
195845
189114
250625
156580
154757
131604
11053
156994
181683
110020
245935
45591
172302
172640
173169
242113
33695
157957
166111
170690
280398
432252
260695
117429
230354
162146
230347
55480
180672
161421
153225
252130
95615
138817
123156
11652
192277
132538
146104
66907
245355
123149
196181
180683
164096
154980
195122
35930
173766
127856
167640
149166
64415
140497
423147
92042
249080
189041
237930
125987
134308
156583
260505
19827
167504
168887
146060
111841
140082
257769
250863
2997
159424
133892
146956
259238
128422
169876
183020
33694
91169
118859
414363
161422
136271
117813
111384
422804
257256
425440
234578
140988
230355
94873
96530
230975
125406
412258
262625
183600
36358
186962
111097
89947
186593
64446
160194
162039
32008
431354
172160
33365
248545
142846
51264
248676
181700
163148
4639
159698
172633
230927
112392
258102
193891
153055
248661
138811
59907
157560
415604
156096
188374
420706
187428
249098
186272
169341
156533
192991
699
45770
423113
252424
163389
4679
173792
243656
168708
96526
280737
93903
114028
194466
235898
157675
290040
90618
114313
155761
291110
259736
268018
113918
172371
48756
259737
194064
169417
156776
131579
247020
253888
414259
172300
239716
191145
29881
95654
125898
190730
37291
90019
235938
419227
290894
185241
258610
46310
34754
257493
162658
33325
247500
145282
155336
125407
92301
11915
180641
247244
169988
153228
164229
37659
97905
239299
291105
118602
148489
290007
163280
55729
99511
162226
145300
193994
252212
158373
291285
260239
236003
153347
126079
136395
164431
237929
171191
186778
410814
429407
14750
180653
145835
245792
158584
33170
160505
97013
97906
16100
190490
148742
247022
429182
188705
161425
181911
237778
195759
159600
246220
147825
157184
431823
184085
33337
193401
154250
47821
73708
161347
36915
31807
51819
258939
433278
253853
95603
5563
249066
98949
185052
22955
240711
152936
99057
267273
261495
180643
421479
192571
241154
251692
117725
125595
186276
48879
98497
32613
97782
193363
6006
237405
416924
182919
76103
153342
31501
136576
186599
147066
188405
239221
262756
158244
173798
247519
35853
261223
262261
237859
112534
194186
421826
250283
64444
159926
195977
181470
193408
162365
415602
192158
93587
104615
238340
46849
260860
7220
433338
193931
257122
264523
42155
249140
42101
432615
38750
94959
422794
125404
157907
183819
60458
94456
247675
252035
97822
99978
14554
172284
170666
235802
16195
122931
172515
192883
119313
189965
91082
153424
150096
165455
190347
246448
51621
165932
262017
153386
145866
187504
163545
291139
45248
157399
168052
164140
33686
131075
252937
238879
180665
157676
434089
152208
145273
249102
245138
118851
70902
195990
98896
290120
163410
138683
424496
98026
144746
51390
194189
136386
168007
291561
134083
291112
249065
182252
132225
90436
157340
427670
70240
22988
235990
93214
137844
164765
247522
138130
258552
267195
143700
143291
163797
157533
170946
290895
249169
146190
166136
185711
253993
92299
183920
248048
189530
241849
5747
133348
420224
130100
186562
257377
150463
96944
186213
414342
421824
187801
21321
187680
261576
17712
188295
117880
244150
160887
254294
113108
162781
191332
19741
290125
141919
191577
90637
189500
6319
145868
257840
253485
185619
172080
187286
48900
186863
151639
173342
239728
252213
98975
759800
253951
33353
148200
189202
253479
191565
156579
138595
418501
22956
258852
181238
417700
196053
410992
180541
189120
426371
90323
195262
18587
230248
126211
38963
194817
246741
391280
193123
111105
252132
261174
134598
98096
91837
91703
8782
193970
8897
35611
415294
236562
7846
134172
153719
11731
187282
419797
134536
235805
153274
55734
257441
186605
164639
173341
257041
126263
154759
29668
391133
710091
133279
192472
230942
239826
237326
241410
432204
182253
186453
90510
182920
145038
144677
184369
290130
112057
5541
241853
161397
159630
38638
13019
413503
249425
235942
180941
17802
156616
422795
248255
98892
51419
146065
245000
262667
168141
33035
419209
261019
104312
159157
125325
250797
70218
153741
237272
236276
8667
167250
259115
11917
70620
191511
126210
143273
114003
188369
154778
161339
163884
173794
187823
95806
166797
125915
153230
246099
415566
238372
254635
422884
148770
95459
239049
164366
14764
243864
196530
110040
13888
156183
168427
759688
429178
153672
37650
34980
63349
173187
162929
189222
160114
163281
193562
43858
141883
47488
38942
425122
261548
230375
411218
241841
22970
195534
187995
173703
291614
121195
118057
418699
126097
36940
238723
391131
260520
193043
31438
157145
161258
136854
97472
248401
125944
156574
190435
427232
162145
279575
391088
152207
252126
128016
150097
257214
153725
93690
258721
145253
411063
163392
95687
415563
421376
291575
258101
180690
193525
259072
135822
416988
260532
97553
11617
11052
248629
260867
11644
419625
174609
85038
131848
259665
122297
185192
180119
249075
141499
147425
157532
259070
422654
162959
7218
141681
54605
167256
253366
14791
380482
189921
120023
194618
244046
247294
91549
186535
145294
145291
193527
165413
169619
121950
190834
147220
264461
258809
193371
171482
237809
258476
91465
8819
172704
190491
117412
159445
259751
47622
38216
260150
415889
186896
124721
46978
161655
122041
192501
251027
138708
391183
419334
143474
121968
237889
421818
4662
151528
180174
261222
193166
419440
101655
240046
193355
159155
280849
411022
136043
125965
47419
11618
144508
156353
182001
195848
157610
146114
132491
51289
267272
157777
290281
165450
51620
249088
160023
152038
428519
125799
70794
138692
236259
412639
411756
97921
19635
169434
258212
172829
258720
185122
98022
48561
138818
146778
46136
165411
192032
99054
8380
11650
135823
427393
8692
238896
97970
99623
254061
45046
266258
138802
148786
112381
8296
163566
181125
188157
152452
241561
115746
163042
122198
33999
138132
413497
249636
70087
123144
184980
425066
195857
431356
187348
47590
46331
193178
155606
434620
247541
172662
158537
37485
190745
189122
158231
409856
413391
90322
246313
161146
51895
291459
128347
180688
423444
187613
92222
186540
156119
112036
51818
263094
120971
427597
180039
43116
138549
7789
33388
185139
424920
142337
424822
54223
173185
180673
172702
126015
258597
39198
128168
290990
84239
173856
194648
187413
98494
132219
184414
247397
153420
261684
291252
237927
55478
239721
170159
252856
55115
194240
280736
162196
146456
235989
165408
257867
55728
147724
126068
143360
112264
251077
185247
119493
33176
132584
138808
162223
416909
243542
116665
93207
290872
267402
431389
191330
193353
32840
131976
115991
236268
35032
119327
172513
257044
257485
160039
54222
417940
22819
240278
290003
259049
128292
118788
133133
420847
43095
181840
32035
261953
93815
257713
149130
38876
429311
184161
157003
186737
37580
63917
421483
246980
93824
105982
29917
426509
51694
194751
32611
38827
419796
34900
152655
70798
432198
258146
96194
22472
760317
90005
230252
29681
181227
32269
241008
184266
260100
431391
239445
8849
166232
142336
55749
5119
93898
195923
117194
8297
27175
92226
432201
189924
186495
253765
172642
152053
11081
150810
194158
130099
161459
260244
98886
191578
90006
173503
125916
29905
234591
138389
417384
172697
237519
117533
189890
246096
122300
259260
191655
172677
230945
188365
189075
117411
193680
261417
29767
252014
253780
163387
90512
189927
5974
191556
423423
142220
257529
111100
31467
416406
172514
125326
189123
70231
254296
242112
136388
194424
426374
192207
93502
147296
19743
7394
413389
192355
84230
137136
262045
257146
247639
258735
163388
191150
159103
92536
257159
263104
118387
258236
92548
267962
155226
84228
414360
5209
259745
113874
413984
194617
430603
280768
163492
29811
33184
190929
45676
97501
161853
248181
261237
133438
421277
122035
412841
230633
169982
118842
160875
181519
279579
5617
182935
230043
37661
150802
188297
262837
19281
21932
147212
251601
161644
119084
118537
22971
414355
157027
29915
193528
167031
139297
114250
113734
91037
180534
153688
160064
95072
182647
146780
189209
245032
172707
180686
194220
8749
250277
29664
184579
117621
149280
245121
101696
192159
70260
54868
185397
14799
194383
263096
94759
14670
257311
134380
230357
257526
290014
164697
188099
427235
8754
230112
163565
90719
194758
237343
120019
98165
137801
38862
192886
187201
257744
258475
147293
290896
181127
36774
5648
31416
137413
118535
172762
184447
245293
246081
248929
162351
109417
195826
156381
133891
161353
5324
133346
89935
172672
193170
144675
19744
190054
237163
118277
92396
6025
155667
118416
193531
91077
240920
230779
191284
417382
91239
420031
188708
249082
141699
426759
245257
137848
161428
417452
147480
168443
184952
191111
413501
91692
412238
431580
423136
185896
126039
241789
417682
259800
89936
418269
70259
121149
14708
8537
151841
8336
183823
253766
99129
118334
112391
241371
261644
143653
121754
118617
248482
425109
142496
111247
180684
421959
259410
48173
173204
253910
131629
195064
6639
238887
238976
168857
237199
416157
403298
265024
37526
159238
93586
418862
429313
236260
158764
93116
33188
192035
252428
144681
290118
426859
243658
180747
250806
132000
195192
151537
139312
246166
164005
153125
192013
267202
45266
144684
247393
91337
186220
253762
159852
247011
145293
759690
70793
249228
143458
97388
127738
430926
264191
93985
123782
259201
38982
250185
153467
434090
136222
94393
126036
35078
258567
190808
185112
47537
290809
121097
411925
181315
184954
11797
258064
98023
191567
8838
159264
411795
417499
99110
36682
38999
164583
83730
193569
194802
422797
160646
90425
150093
37462
95319
180927
125151
188159
290958
33669
180652
143773
55741
241406
47411
230587
113000
123489
141318
426405
182952
259766
145303
11918
125742
234595
434621
181521
241389
138192
429501
151748
237318
237858
160012
124239
29904
420113
99262
248734
151853
30304
155032
149270
181686
145274
254214
192350
164641
131608
42718
149092
244040
432113
434093
98498
117424
42971
25895
188794
94901
162123
230940
249072
191046
5537
230432
259073
190752
188366
148699
103758
144461
136224
252427
250623
38227
130082
137410
34131
162355
32234
249988
167714
166206
260489
248559
193228
172301
160115
195972
36680
259436
9172
421548
251507
262659
118722
191843
237178
95804
417699
22969
416711
238873
412294
90666
17632
35821
46104
183789
5525
196180
145275
119082
148700
391173
21884
190833
180470
188442
172539
187275
29709
237543
430698
32223
11788
25065
5528
164954
93500
44443
120010
33355
421289
186053
188727
252086
162266
145360
249081
98669
168859
249091
29671
261643
261552
195807
138705
255842
91531
95395
147552
249069
163396
126309
237114
19282
70169
184976
35938
290421
76690
253195
34328
96140
93258
185209
183730
172092
261857
116270
92793
99806
