    0    0    0   0.000000000   0.000000000   0.000000E+00   0.000000E+00
    0    1    0   0.000000000   0.431433730  -0.409895E-17  -0.114933E-17
   -1    0    0  -0.431433730   0.000000000  -0.100990E-16   0.350878E-17
    1    0    0   0.431433730  -0.000000000  -0.100990E-16  -0.350878E-17
    0   -1    0  -0.000000000  -0.431433730  -0.409895E-17   0.114933E-17
    1   -1    0   0.431433730  -0.431433730   0.416849E-17  -0.107724E-02
   -1    1    0  -0.431433730   0.431433730   0.416849E-17   0.107724E-02
    1    1    0   0.431433730   0.431433730  -0.636724E-18  -0.107724E-02
   -1   -1    0  -0.431433730  -0.431433730  -0.636724E-18   0.107724E-02
   -2    0    0  -0.862867461   0.000000000   0.104027E-16  -0.173472E-17
    0    2    0   0.000000000   0.862867461   0.855931E-18  -0.594907E-19
    2    0    0   0.862867461  -0.000000000   0.104027E-16   0.173472E-17
    0   -2    0  -0.000000000  -0.862867461   0.855931E-18   0.594907E-19
    2   -1    0   0.862867461  -0.431433730  -0.549183E-02  -0.111270E-16
    1   -2    0   0.431433730  -0.862867461   0.595926E-17   0.549183E-02
   -1   -2    0  -0.431433730  -0.862867461   0.386680E-18   0.549183E-02
   -2    1    0  -0.862867461   0.431433730  -0.549183E-02   0.111270E-16
   -2   -1    0  -0.862867461  -0.431433730   0.549183E-02  -0.472564E-17
    1    2    0   0.431433730   0.862867461   0.386680E-18  -0.549183E-02
    2    1    0   0.862867461   0.431433730   0.549183E-02   0.472564E-17
   -1    2    0  -0.431433730   0.862867461   0.595926E-17  -0.549183E-02
    2    2    0   0.862867461   0.862867461  -0.218717E-02  -0.369901E-17
   -2   -2    0  -0.862867461  -0.862867461  -0.218717E-02   0.369901E-17
    2   -2    0   0.862867461  -0.862867461  -0.218717E-02   0.181173E-16
   -2    2    0  -0.862867461   0.862867461  -0.218717E-02  -0.181173E-16
    0   -3    0  -0.000000000  -1.294301191  -0.356690E-17   0.431713E-17
    0    3    0   0.000000000   1.294301191  -0.356690E-17  -0.431713E-17
   -3    0    0  -1.294301191   0.000000000   0.232653E-18  -0.894070E-17
    3    0    0   1.294301191  -0.000000000   0.232653E-18   0.894070E-17
   -1    3    0  -0.431433730   1.294301191   0.556631E-17  -0.895025E-02
   -3   -1    0  -1.294301191  -0.431433730  -0.246630E-17   0.895025E-02
    3   -1    0   1.294301191  -0.431433730   0.122982E-16  -0.895025E-02
    1    3    0   0.431433730   1.294301191   0.564071E-17   0.895025E-02
    1   -3    0   0.431433730  -1.294301191   0.556631E-17   0.895025E-02
   -1   -3    0  -0.431433730  -1.294301191   0.564071E-17  -0.895025E-02
    3    1    0   1.294301191   0.431433730  -0.246630E-17  -0.895025E-02
   -3    1    0  -1.294301191   0.431433730   0.122982E-16   0.895025E-02
   -3    2    0  -1.294301191   0.862867461   0.583581E-17  -0.536583E-02
    3    2    0   1.294301191   0.862867461  -0.118759E-16  -0.536583E-02
   -2   -3    0  -0.862867461  -1.294301191  -0.536583E-02  -0.151315E-16
   -3   -2    0  -1.294301191  -0.862867461  -0.118759E-16   0.536583E-02
    2   -3    0   0.862867461  -1.294301191   0.536583E-02   0.277155E-17
   -2    3    0  -0.862867461   1.294301191   0.536583E-02  -0.277155E-17
    3   -2    0   1.294301191  -0.862867461   0.583581E-17   0.536583E-02
    2    3    0   0.862867461   1.294301191  -0.536583E-02   0.151315E-16
    0    4    0   0.000000000   1.725734922  -0.179250E-01  -0.452638E-17
    0   -4    0  -0.000000000  -1.725734922  -0.179250E-01   0.452638E-17
   -4    0    0  -1.725734922   0.000000000  -0.179250E-01   0.169003E-16
    4    0    0   1.725734922  -0.000000000  -0.179250E-01  -0.169003E-16
   -1    4    0  -0.431433730   1.725734922   0.747067E-17  -0.614702E-02
   -4   -1    0  -1.725734922  -0.431433730  -0.614702E-02   0.122144E-16
    4    1    0   1.725734922   0.431433730  -0.614702E-02  -0.122144E-16
    1    4    0   0.431433730   1.725734922   0.354714E-17  -0.614702E-02
   -1   -4    0  -0.431433730  -1.725734922   0.354714E-17   0.614702E-02
   -4    1    0  -1.725734922   0.431433730   0.614702E-02   0.759030E-17
    1   -4    0   0.431433730  -1.725734922   0.747067E-17   0.614702E-02
    4   -1    0   1.725734922  -0.431433730   0.614702E-02  -0.759030E-17
    3   -3    0   1.294301191  -1.294301191  -0.516599E-17   0.788629E-02
    3    3    0   1.294301191   1.294301191  -0.407550E-17   0.788629E-02
   -3   -3    0  -1.294301191  -1.294301191  -0.407550E-17  -0.788629E-02
   -3    3    0  -1.294301191   1.294301191  -0.516599E-17  -0.788629E-02
   -4   -2    0  -1.725734922  -0.862867461   0.121809E-01   0.956280E-17
    4   -2    0   1.725734922  -0.862867461   0.121809E-01   0.125988E-16
   -2    4    0  -0.862867461   1.725734922  -0.121809E-01  -0.919853E-17
    4    2    0   1.725734922   0.862867461   0.121809E-01  -0.956280E-17
   -4    2    0  -1.725734922   0.862867461   0.121809E-01  -0.125988E-16
    2   -4    0   0.862867461  -1.725734922  -0.121809E-01   0.919853E-17
   -2   -4    0  -0.862867461  -1.725734922  -0.121809E-01  -0.868859E-17
    2    4    0   0.862867461   1.725734922  -0.121809E-01   0.868859E-17
    5    0    0   2.157168652  -0.000000000   0.128316E-16  -0.177198E-17
    0   -5    0  -0.000000000  -2.157168652   0.470238E-19  -0.346372E-17
    0    5    0   0.000000000   2.157168652   0.470238E-19   0.346372E-17
   -5    0    0  -2.157168652   0.000000000   0.128316E-16   0.177198E-17
    4   -3    0   1.725734922  -1.294301191   0.150226E-01   0.547942E-17
   -3   -4    0  -1.294301191  -1.725734922   0.112406E-16  -0.150226E-01
    4    3    0   1.725734922   1.294301191  -0.150226E-01  -0.163388E-16
   -4   -3    0  -1.725734922  -1.294301191  -0.150226E-01   0.163388E-16
   -4    3    0  -1.725734922   1.294301191   0.150226E-01  -0.547942E-17
    3    4    0   1.294301191   1.725734922   0.112406E-16   0.150226E-01
    3   -4    0   1.294301191  -1.725734922   0.340308E-17  -0.150226E-01
   -3    4    0  -1.294301191   1.725734922   0.340308E-17   0.150226E-01
    1   -5    0   0.431433730  -2.157168652  -0.232859E-16  -0.231320E-01
    5   -1    0   2.157168652  -0.431433730   0.229763E-16  -0.231320E-01
   -1    5    0  -0.431433730   2.157168652  -0.232859E-16   0.231320E-01
   -1   -5    0  -0.431433730  -2.157168652   0.171159E-16   0.231320E-01
    1    5    0   0.431433730   2.157168652   0.171159E-16  -0.231320E-01
    5    1    0   2.157168652   0.431433730   0.177411E-16  -0.231320E-01
   -5    1    0  -2.157168652   0.431433730   0.229763E-16   0.231320E-01
   -5   -1    0  -2.157168652  -0.431433730   0.177411E-16   0.231320E-01
   -2   -5    0  -0.862867461  -2.157168652   0.197980E-01  -0.238103E-17
   -5    2    0  -2.157168652   0.862867461  -0.373819E-16  -0.197980E-01
    5   -2    0   2.157168652  -0.862867461  -0.373819E-16   0.197980E-01
    2    5    0   0.862867461   2.157168652   0.197980E-01   0.238103E-17
    5    2    0   2.157168652   0.862867461   0.664939E-17  -0.197980E-01
   -2    5    0  -0.862867461   2.157168652  -0.197980E-01  -0.180303E-16
    2   -5    0   0.862867461  -2.157168652  -0.197980E-01   0.180303E-16
   -5   -2    0  -2.157168652  -0.862867461   0.664939E-17   0.197980E-01
    4    4    0   1.725734922   1.725734922   0.139337E-01  -0.135723E-16
    4   -4    0   1.725734922  -1.725734922   0.139337E-01   0.208615E-17
   -4   -4    0  -1.725734922  -1.725734922   0.139337E-01   0.135723E-16
   -4    4    0  -1.725734922   1.725734922   0.139337E-01  -0.208615E-17
   -3    5    0  -1.294301191   2.157168652  -0.309693E-17   0.113019E-02
    5    3    0   2.157168652   1.294301191   0.126114E-16   0.113019E-02
   -5   -3    0  -2.157168652  -1.294301191   0.126114E-16  -0.113019E-02
    3   -5    0   1.294301191  -2.157168652  -0.309693E-17  -0.113019E-02
    5   -3    0   2.157168652  -1.294301191  -0.167839E-16   0.113019E-02
   -3   -5    0  -1.294301191  -2.157168652  -0.194852E-16   0.113019E-02
   -5    3    0  -2.157168652   1.294301191  -0.167839E-16  -0.113019E-02
    3    5    0   1.294301191   2.157168652  -0.194852E-16  -0.113019E-02
    6    0    0   2.588602382  -0.000000000  -0.801759E-17   0.198409E-16
    0    6    0   0.000000000   2.588602382   0.619247E-17  -0.351007E-17
    0   -6    0  -0.000000000  -2.588602382   0.619247E-17   0.351007E-17
   -6    0    0  -2.588602382   0.000000000  -0.801759E-17  -0.198409E-16
    1    6    0   0.431433730   2.588602382  -0.633703E-17   0.358462E-02
   -6   -1    0  -2.588602382  -0.431433730  -0.358462E-02   0.143621E-16
   -1    6    0  -0.431433730   2.588602382  -0.232613E-17   0.358462E-02
   -1   -6    0  -0.431433730  -2.588602382  -0.633703E-17  -0.358462E-02
   -6    1    0  -2.588602382   0.431433730   0.358462E-02  -0.336102E-16
    6   -1    0   2.588602382  -0.431433730   0.358462E-02   0.336102E-16
    6    1    0   2.588602382   0.431433730  -0.358462E-02  -0.143621E-16
    1   -6    0   0.431433730  -2.588602382  -0.232613E-17  -0.358462E-02
   -2   -6    0  -0.862867461  -2.588602382   0.211252E-02  -0.219516E-17
    2    6    0   0.862867461   2.588602382   0.211252E-02   0.219516E-17
    6    2    0   2.588602382   0.862867461   0.211252E-02   0.839243E-17
    6   -2    0   2.588602382  -0.862867461   0.211252E-02  -0.194068E-16
   -6   -2    0  -2.588602382  -0.862867461   0.211252E-02  -0.839243E-17
   -2    6    0  -0.862867461   2.588602382   0.211252E-02   0.480791E-17
    2   -6    0   0.862867461  -2.588602382   0.211252E-02  -0.480791E-17
   -6    2    0  -2.588602382   0.862867461   0.211252E-02   0.194068E-16
    4   -5    0   1.725734922  -2.157168652  -0.232328E-02   0.392211E-17
    5    4    0   2.157168652   1.725734922  -0.123919E-16   0.232328E-02
   -4   -5    0  -1.725734922  -2.157168652   0.232328E-02  -0.216605E-17
   -4    5    0  -1.725734922   2.157168652  -0.232328E-02  -0.392211E-17
   -5   -4    0  -2.157168652  -1.725734922  -0.123919E-16  -0.232328E-02
    4    5    0   1.725734922   2.157168652   0.232328E-02   0.216605E-17
   -5    4    0  -2.157168652   1.725734922   0.231754E-17   0.232328E-02
    5   -4    0   2.157168652  -1.725734922   0.231754E-17  -0.232328E-02
   -6   -3    0  -2.588602382  -1.294301191   0.615682E-02   0.528970E-17
    6    3    0   2.588602382   1.294301191   0.615682E-02  -0.528970E-17
    6   -3    0   2.588602382  -1.294301191  -0.615682E-02  -0.893001E-17
    3    6    0   1.294301191   2.588602382  -0.644497E-18   0.615682E-02
   -6    3    0  -2.588602382   1.294301191  -0.615682E-02   0.893001E-17
   -3    6    0  -1.294301191   2.588602382  -0.704952E-18   0.615682E-02
   -3   -6    0  -1.294301191  -2.588602382  -0.644497E-18  -0.615682E-02
    3   -6    0   1.294301191  -2.588602382  -0.704952E-18  -0.615682E-02
   -7    0    0  -3.020036113   0.000000000   0.106564E-16  -0.876456E-17
    7    0    0   3.020036113  -0.000000000   0.106564E-16   0.876456E-17
    0   -7    0  -0.000000000  -3.020036113   0.822879E-17  -0.861159E-17
    0    7    0   0.000000000   3.020036113   0.822879E-17   0.861159E-17
   -1    7    0  -0.431433730   3.020036113  -0.484592E-17   0.275377E-02
    5    5    0   2.157168652   2.157168652   0.446712E-17   0.874251E-02
    5   -5    0   2.157168652  -2.157168652   0.763992E-17   0.874251E-02
    1   -7    0   0.431433730  -3.020036113  -0.484592E-17  -0.275377E-02
    7    1    0   3.020036113   0.431433730  -0.475048E-17   0.275377E-02
   -5   -5    0  -2.157168652  -2.157168652   0.446712E-17  -0.874251E-02
   -1   -7    0  -0.431433730  -3.020036113   0.643834E-17   0.275377E-02
   -5    5    0  -2.157168652   2.157168652   0.763992E-17  -0.874251E-02
    7   -1    0   3.020036113  -0.431433730  -0.163543E-16   0.275377E-02
   -7   -1    0  -3.020036113  -0.431433730  -0.475048E-17  -0.275377E-02
   -7    1    0  -3.020036113   0.431433730  -0.163543E-16  -0.275377E-02
    1    7    0   0.431433730   3.020036113   0.643834E-17  -0.275377E-02
    4    6    0   1.725734922   2.588602382  -0.634008E-02  -0.129161E-16
   -4   -6    0  -1.725734922  -2.588602382  -0.634008E-02   0.129161E-16
    6   -4    0   2.588602382  -1.725734922   0.634008E-02   0.259553E-16
   -6    4    0  -2.588602382   1.725734922   0.634008E-02  -0.259553E-16
    4   -6    0   1.725734922  -2.588602382  -0.634008E-02  -0.598771E-18
   -4    6    0  -1.725734922   2.588602382  -0.634008E-02   0.598771E-18
    6    4    0   2.588602382   1.725734922   0.634008E-02   0.692006E-18
   -6   -4    0  -2.588602382  -1.725734922   0.634008E-02  -0.692006E-18
   -2    7    0  -0.862867461   3.020036113  -0.436609E-02  -0.882220E-17
    2   -7    0   0.862867461  -3.020036113  -0.436609E-02   0.882220E-17
    2    7    0   0.862867461   3.020036113   0.436609E-02   0.100133E-16
   -2   -7    0  -0.862867461  -3.020036113   0.436609E-02  -0.100133E-16
   -7    2    0  -3.020036113   0.862867461  -0.104759E-16   0.436609E-02
    7    2    0   3.020036113   0.862867461  -0.341924E-16   0.436609E-02
    7   -2    0   3.020036113  -0.862867461  -0.104759E-16  -0.436609E-02
   -7   -2    0  -3.020036113  -0.862867461  -0.341924E-16  -0.436609E-02
   -3    7    0  -1.294301191   3.020036113   0.139657E-16   0.100868E-01
    3    7    0   1.294301191   3.020036113   0.892251E-17  -0.100868E-01
   -7   -3    0  -3.020036113  -1.294301191   0.133591E-16   0.100868E-01
    7   -3    0   3.020036113  -1.294301191   0.174512E-16  -0.100868E-01
   -3   -7    0  -1.294301191  -3.020036113   0.892251E-17   0.100868E-01
   -7    3    0  -3.020036113   1.294301191   0.174512E-16   0.100868E-01
    7    3    0   3.020036113   1.294301191   0.133591E-16  -0.100868E-01
    3   -7    0   1.294301191  -3.020036113   0.139657E-16  -0.100868E-01
   -5    6    0  -2.157168652   2.588602382   0.527004E-17  -0.851061E-02
    5   -6    0   2.157168652  -2.588602382   0.527004E-17   0.851061E-02
   -5   -6    0  -2.157168652  -2.588602382   0.178963E-16   0.851061E-02
    6   -5    0   2.588602382  -2.157168652  -0.851061E-02   0.490849E-18
    6    5    0   2.588602382   2.157168652   0.851061E-02  -0.166363E-17
   -6    5    0  -2.588602382   2.157168652  -0.851061E-02  -0.490849E-18
   -6   -5    0  -2.588602382  -2.157168652   0.851061E-02   0.166363E-17
    5    6    0   2.157168652   2.588602382   0.178963E-16  -0.851061E-02
    8    0    0   3.451469843  -0.000000000  -0.111001E-01   0.733583E-17
    0   -8    0  -0.000000000  -3.451469843  -0.111001E-01  -0.116837E-17
   -8    0    0  -3.451469843   0.000000000  -0.111001E-01  -0.733583E-17
    0    8    0   0.000000000   3.451469843  -0.111001E-01   0.116837E-17
   -7    4    0  -3.020036113   1.725734922  -0.249977E-16  -0.527410E-02
    4    7    0   1.725734922   3.020036113   0.527410E-02   0.190812E-16
   -7   -4    0  -3.020036113  -1.725734922   0.208054E-16   0.527410E-02
    7   -4    0   3.020036113  -1.725734922  -0.249977E-16   0.527410E-02
    4   -7    0   1.725734922  -3.020036113  -0.527410E-02   0.808418E-19
    7    4    0   3.020036113   1.725734922   0.208054E-16  -0.527410E-02
   -4    7    0  -1.725734922   3.020036113  -0.527410E-02  -0.808418E-19
   -4   -7    0  -1.725734922  -3.020036113   0.527410E-02  -0.190812E-16
    1    8    0   0.431433730   3.451469843   0.172971E-17  -0.724683E-03
   -1    8    0  -0.431433730   3.451469843   0.753646E-17  -0.724683E-03
   -8    1    0  -3.451469843   0.431433730   0.724683E-03   0.168430E-16
    8    1    0   3.451469843   0.431433730  -0.724683E-03  -0.765995E-17
   -8   -1    0  -3.451469843  -0.431433730  -0.724683E-03   0.765995E-17
    1   -8    0   0.431433730  -3.451469843   0.753646E-17   0.724683E-03
    8   -1    0   3.451469843  -0.431433730   0.724683E-03  -0.168430E-16
   -1   -8    0  -0.431433730  -3.451469843   0.172971E-17   0.724683E-03
    2    8    0   0.862867461   3.451469843   0.168861E-01  -0.725091E-17
   -2    8    0  -0.862867461   3.451469843   0.168861E-01   0.106299E-16
    8    2    0   3.451469843   0.862867461  -0.168861E-01   0.163180E-18
   -8   -2    0  -3.451469843  -0.862867461  -0.168861E-01  -0.163180E-18
   -2   -8    0  -0.862867461  -3.451469843   0.168861E-01   0.725091E-17
   -8    2    0  -3.451469843   0.862867461  -0.168861E-01   0.828279E-17
    8   -2    0   3.451469843  -0.862867461  -0.168861E-01  -0.828279E-17
    2   -8    0   0.862867461  -3.451469843   0.168861E-01  -0.106299E-16
   -6   -6    0  -2.588602382  -2.588602382   0.266178E-02  -0.100035E-17
    6   -6    0   2.588602382  -2.588602382   0.266178E-02  -0.442991E-17
    6    6    0   2.588602382   2.588602382   0.266178E-02   0.100035E-17
   -6    6    0  -2.588602382   2.588602382   0.266178E-02   0.442991E-17
    8   -3    0   3.451469843  -1.294301191   0.602363E-03   0.913932E-17
   -8    3    0  -3.451469843   1.294301191   0.602363E-03  -0.913932E-17
   -8   -3    0  -3.451469843  -1.294301191  -0.602363E-03  -0.993822E-17
    3    8    0   1.294301191   3.451469843  -0.117992E-16   0.602363E-03
    8    3    0   3.451469843   1.294301191  -0.602363E-03   0.993822E-17
    3   -8    0   1.294301191  -3.451469843  -0.985733E-17  -0.602363E-03
   -3    8    0  -1.294301191   3.451469843  -0.985733E-17   0.602363E-03
   -3   -8    0  -1.294301191  -3.451469843  -0.117992E-16  -0.602363E-03
   -7   -5    0  -3.020036113  -2.157168652  -0.234248E-16   0.868001E-03
   -5    7    0  -2.157168652   3.020036113   0.158992E-16  -0.868001E-03
   -5   -7    0  -2.157168652  -3.020036113  -0.174012E-16  -0.868001E-03
   -7    5    0  -3.020036113   2.157168652   0.897971E-17   0.868001E-03
    7   -5    0   3.020036113  -2.157168652   0.897971E-17  -0.868001E-03
    7    5    0   3.020036113   2.157168652  -0.234248E-16  -0.868001E-03
    5   -7    0   2.157168652  -3.020036113   0.158992E-16   0.868001E-03
    5    7    0   2.157168652   3.020036113  -0.174012E-16   0.868001E-03
   -8   -4    0  -3.451469843  -1.725734922   0.357542E-02  -0.829501E-17
    8   -4    0   3.451469843  -1.725734922   0.357542E-02   0.478718E-17
    8    4    0   3.451469843   1.725734922   0.357542E-02   0.829501E-17
    4    8    0   1.725734922   3.451469843   0.357542E-02   0.562475E-17
   -8    4    0  -3.451469843   1.725734922   0.357542E-02  -0.478718E-17
    4   -8    0   1.725734922  -3.451469843   0.357542E-02  -0.540908E-17
   -4    8    0  -1.725734922   3.451469843   0.357542E-02   0.540908E-17
   -4   -8    0  -1.725734922  -3.451469843   0.357542E-02  -0.562475E-17
   -9    0    0  -3.882903574   0.000000000  -0.121349E-16  -0.920459E-17
    0   -9    0  -0.000000000  -3.882903574  -0.136537E-16  -0.322613E-17
    9    0    0   3.882903574  -0.000000000  -0.121349E-16   0.920459E-17
    0    9    0   0.000000000   3.882903574  -0.136537E-16   0.322613E-17
    9    1    0   3.882903574   0.431433730   0.432208E-17  -0.197744E-02
    1    9    0   0.431433730   3.882903574  -0.960175E-18  -0.197744E-02
   -1   -9    0  -0.431433730  -3.882903574  -0.960175E-18   0.197744E-02
   -9    1    0  -3.882903574   0.431433730  -0.200599E-17   0.197744E-02
   -1    9    0  -0.431433730   3.882903574   0.756274E-17   0.197744E-02
   -9   -1    0  -3.882903574  -0.431433730   0.432208E-17   0.197744E-02
    9   -1    0   3.882903574  -0.431433730  -0.200599E-17  -0.197744E-02
    1   -9    0   0.431433730  -3.882903574   0.756274E-17  -0.197744E-02
   -6    7    0  -2.588602382   3.020036113   0.154622E-02   0.114912E-16
   -7   -6    0  -3.020036113  -2.588602382   0.115817E-16   0.154622E-02
    7   -6    0   3.020036113  -2.588602382   0.100064E-16   0.154622E-02
    7    6    0   3.020036113   2.588602382   0.115817E-16  -0.154622E-02
    6    7    0   2.588602382   3.020036113  -0.154622E-02   0.938828E-17
    6   -7    0   2.588602382  -3.020036113   0.154622E-02  -0.114912E-16
   -7    6    0  -3.020036113   2.588602382   0.100064E-16  -0.154622E-02
   -6   -7    0  -2.588602382  -3.020036113  -0.154622E-02  -0.938828E-17
   -2   -9    0  -0.862867461  -3.882903574  -0.868097E-02  -0.202381E-16
   -9   -2    0  -3.882903574  -0.862867461  -0.106938E-16  -0.868097E-02
    2   -9    0   0.862867461  -3.882903574   0.868097E-02   0.145443E-16
   -2    9    0  -0.862867461   3.882903574   0.868097E-02  -0.145443E-16
    9   -2    0   3.882903574  -0.862867461   0.108104E-16  -0.868097E-02
    9    2    0   3.882903574   0.862867461  -0.106938E-16   0.868097E-02
   -9    2    0  -3.882903574   0.862867461   0.108104E-16   0.868097E-02
    2    9    0   0.862867461   3.882903574  -0.868097E-02   0.202381E-16
    8   -5    0   3.451469843  -2.157168652   0.132474E-02  -0.185596E-16
    8    5    0   3.451469843   2.157168652  -0.132474E-02  -0.187036E-16
    5    8    0   2.157168652   3.451469843  -0.167843E-16  -0.132474E-02
   -8    5    0  -3.451469843   2.157168652   0.132474E-02   0.185596E-16
    5   -8    0   2.157168652  -3.451469843  -0.158144E-16   0.132474E-02
   -8   -5    0  -3.451469843  -2.157168652  -0.132474E-02   0.187036E-16
   -5    8    0  -2.157168652   3.451469843  -0.158144E-16  -0.132474E-02
   -5   -8    0  -2.157168652  -3.451469843  -0.167843E-16   0.132474E-02
    9   -3    0   3.882903574  -1.294301191   0.129027E-17  -0.437934E-02
   -9    3    0  -3.882903574   1.294301191   0.129027E-17   0.437934E-02
   -3   -9    0  -1.294301191  -3.882903574   0.230269E-17  -0.437934E-02
   -3    9    0  -1.294301191   3.882903574  -0.388413E-17  -0.437934E-02
    3   -9    0   1.294301191  -3.882903574  -0.388413E-17   0.437934E-02
   -9   -3    0  -3.882903574  -1.294301191  -0.935664E-17   0.437934E-02
    9    3    0   3.882903574   1.294301191  -0.935664E-17  -0.437934E-02
    3    9    0   1.294301191   3.882903574   0.230269E-17   0.437934E-02
    4   -9    0   1.725734922  -3.882903574   0.350393E-02  -0.123391E-17
   -9   -4    0  -3.882903574  -1.725734922   0.168791E-17   0.350393E-02
   -9    4    0  -3.882903574   1.725734922   0.581656E-17  -0.350393E-02
   -4   -9    0  -1.725734922  -3.882903574  -0.350393E-02   0.112234E-16
    9   -4    0   3.882903574  -1.725734922   0.581656E-17   0.350393E-02
   -4    9    0  -1.725734922   3.882903574   0.350393E-02   0.123391E-17
    9    4    0   3.882903574   1.725734922   0.168791E-17  -0.350393E-02
    4    9    0   1.725734922   3.882903574  -0.350393E-02  -0.112234E-16
   -7   -7    0  -3.020036113  -3.020036113   0.745823E-18   0.741690E-02
    7    7    0   3.020036113   3.020036113   0.745823E-18  -0.741690E-02
    7   -7    0   3.020036113  -3.020036113   0.361077E-16  -0.741690E-02
   -7    7    0  -3.020036113   3.020036113   0.361077E-16   0.741690E-02
    0  -10    0  -0.000000000  -4.314337304  -0.114780E-16   0.122834E-17
    0   10    0   0.000000000   4.314337304  -0.114780E-16  -0.122834E-17
   10    0    0   4.314337304  -0.000000000  -0.969805E-17   0.910730E-17
  -10    0    0  -4.314337304   0.000000000  -0.969805E-17  -0.910730E-17
   -6    8    0  -2.588602382   3.451469843  -0.634356E-02   0.188410E-17
    6   -8    0   2.588602382  -3.451469843  -0.634356E-02  -0.188410E-17
   -6   -8    0  -2.588602382  -3.451469843  -0.634356E-02  -0.811748E-17
   -8    6    0  -3.451469843   2.588602382   0.634356E-02  -0.202345E-17
    6    8    0   2.588602382   3.451469843  -0.634356E-02   0.811748E-17
   -8   -6    0  -3.451469843  -2.588602382   0.634356E-02  -0.221466E-16
    8    6    0   3.451469843   2.588602382   0.634356E-02   0.221466E-16
    8   -6    0   3.451469843  -2.588602382   0.634356E-02   0.202345E-17
    1  -10    0   0.431433730  -4.314337304   0.235543E-16   0.621665E-02
  -10   -1    0  -4.314337304  -0.431433730   0.621665E-02  -0.162049E-16
   -1   10    0  -0.431433730   4.314337304   0.235543E-16  -0.621665E-02
   10   -1    0   4.314337304  -0.431433730  -0.621665E-02  -0.159030E-16
  -10    1    0  -4.314337304   0.431433730  -0.621665E-02   0.159030E-16
   -1  -10    0  -0.431433730  -4.314337304   0.134954E-16   0.621665E-02
   10    1    0   4.314337304   0.431433730   0.621665E-02   0.162049E-16
    1   10    0   0.431433730   4.314337304   0.134954E-16  -0.621665E-02
   -2   10    0  -0.862867461   4.314337304   0.304496E-03  -0.813986E-17
   10   -2    0   4.314337304  -0.862867461   0.304496E-03   0.230665E-16
   -2  -10    0  -0.862867461  -4.314337304   0.304496E-03   0.341411E-18
   10    2    0   4.314337304   0.862867461   0.304496E-03  -0.543318E-17
    2  -10    0   0.862867461  -4.314337304   0.304496E-03   0.813986E-17
  -10   -2    0  -4.314337304  -0.862867461   0.304496E-03   0.543318E-17
  -10    2    0  -4.314337304   0.862867461   0.304496E-03  -0.230665E-16
    2   10    0   0.862867461   4.314337304   0.304496E-03  -0.341411E-18
   -9    5    0  -3.882903574   2.157168652  -0.207812E-18   0.201408E-02
   -5   -9    0  -2.157168652  -3.882903574   0.117791E-16   0.201408E-02
   -5    9    0  -2.157168652   3.882903574  -0.933419E-17   0.201408E-02
    9   -5    0   3.882903574  -2.157168652  -0.207812E-18  -0.201408E-02
    5    9    0   2.157168652   3.882903574   0.117791E-16  -0.201408E-02
   -9   -5    0  -3.882903574  -2.157168652  -0.166604E-16   0.201408E-02
    9    5    0   3.882903574   2.157168652  -0.166604E-16  -0.201408E-02
    5   -9    0   2.157168652  -3.882903574  -0.933419E-17  -0.201408E-02
  -10   -3    0  -4.314337304  -1.294301191  -0.583235E-02  -0.139776E-17
    3  -10    0   1.294301191  -4.314337304   0.127296E-16   0.583235E-02
  -10    3    0  -4.314337304   1.294301191   0.583235E-02  -0.296712E-16
   -3   10    0  -1.294301191   4.314337304   0.127296E-16  -0.583235E-02
   -3  -10    0  -1.294301191  -4.314337304  -0.101260E-17   0.583235E-02
    3   10    0   1.294301191   4.314337304  -0.101260E-17  -0.583235E-02
   10   -3    0   4.314337304  -1.294301191   0.583235E-02   0.296712E-16
   10    3    0   4.314337304   1.294301191  -0.583235E-02   0.139776E-17
   -8    7    0  -3.451469843   3.020036113   0.410844E-02  -0.229031E-16
    8   -7    0   3.451469843  -3.020036113   0.410844E-02   0.229031E-16
   -8   -7    0  -3.451469843  -3.020036113  -0.410844E-02  -0.988857E-17
   -7    8    0  -3.020036113   3.451469843  -0.765481E-17   0.410844E-02
    7   -8    0   3.020036113  -3.451469843  -0.765481E-17  -0.410844E-02
    7    8    0   3.020036113   3.451469843   0.831135E-17   0.410844E-02
    8    7    0   3.451469843   3.020036113  -0.410844E-02   0.988857E-17
   -7   -8    0  -3.020036113  -3.451469843   0.831135E-17  -0.410844E-02
   10    4    0   4.314337304   1.725734922   0.219969E-02   0.490527E-16
    4   10    0   1.725734922   4.314337304  -0.219969E-02   0.156512E-17
   -4  -10    0  -1.725734922  -4.314337304  -0.219969E-02  -0.156512E-17
   10   -4    0   4.314337304  -1.725734922   0.219969E-02  -0.703713E-17
  -10   -4    0  -4.314337304  -1.725734922   0.219969E-02  -0.490527E-16
    4  -10    0   1.725734922  -4.314337304  -0.219969E-02  -0.490138E-17
  -10    4    0  -4.314337304   1.725734922   0.219969E-02   0.703713E-17
   -4   10    0  -1.725734922   4.314337304  -0.219969E-02   0.490138E-17
   -9   -6    0  -3.882903574  -2.588602382   0.323275E-17   0.571075E-03
   -9    6    0  -3.882903574   2.588602382  -0.739981E-17  -0.571075E-03
   -6   -9    0  -2.588602382  -3.882903574   0.571075E-03   0.163356E-16
   -6    9    0  -2.588602382   3.882903574  -0.571075E-03   0.707489E-18
    6    9    0   2.588602382   3.882903574   0.571075E-03  -0.163356E-16
    9   -6    0   3.882903574  -2.588602382  -0.739981E-17   0.571075E-03
    6   -9    0   2.588602382  -3.882903574  -0.571075E-03  -0.707489E-18
    9    6    0   3.882903574   2.588602382   0.323275E-17  -0.571075E-03
   11    0    0   4.745771034  -0.000000000   0.957215E-18  -0.390319E-17
  -11    0    0  -4.745771034   0.000000000   0.957215E-18   0.390319E-17
    0  -11    0  -0.000000000  -4.745771034   0.294648E-17  -0.663129E-18
    0   11    0   0.000000000   4.745771034   0.294648E-17   0.663129E-18
   -1   11    0  -0.431433730   4.745771034   0.505900E-17  -0.150092E-02
   11   -1    0   4.745771034  -0.431433730   0.224813E-16  -0.150092E-02
    1  -11    0   0.431433730  -4.745771034   0.505900E-17   0.150092E-02
  -11    1    0  -4.745771034   0.431433730   0.224813E-16   0.150092E-02
   -1  -11    0  -0.431433730  -4.745771034   0.898260E-18  -0.150092E-02
  -11   -1    0  -4.745771034  -0.431433730  -0.176053E-16   0.150092E-02
   11    1    0   4.745771034   0.431433730  -0.176053E-16  -0.150092E-02
    1   11    0   0.431433730   4.745771034   0.898260E-18   0.150092E-02
    5  -10    0   2.157168652  -4.314337304   0.186151E-16  -0.265785E-02
   -5  -10    0  -2.157168652  -4.314337304  -0.111913E-16  -0.265785E-02
    5   10    0   2.157168652   4.314337304  -0.111913E-16   0.265785E-02
  -10   -5    0  -4.314337304  -2.157168652  -0.265785E-02   0.254867E-16
   -5   10    0  -2.157168652   4.314337304   0.186151E-16   0.265785E-02
   10   -5    0   4.314337304  -2.157168652   0.265785E-02  -0.527656E-17
   10    5    0   4.314337304   2.157168652  -0.265785E-02  -0.254867E-16
  -10    5    0  -4.314337304   2.157168652   0.265785E-02   0.527656E-17
   11    2    0   4.745771034   0.862867461   0.158168E-16  -0.661488E-02
    2   11    0   0.862867461   4.745771034  -0.661488E-02   0.513460E-17
   11   -2    0   4.745771034  -0.862867461   0.174395E-17   0.661488E-02
   -2   11    0  -0.862867461   4.745771034   0.661488E-02   0.113195E-17
   -2  -11    0  -0.862867461  -4.745771034  -0.661488E-02  -0.513460E-17
    2  -11    0   0.862867461  -4.745771034   0.661488E-02  -0.113195E-17
  -11    2    0  -4.745771034   0.862867461   0.174395E-17  -0.661488E-02
  -11   -2    0  -4.745771034  -0.862867461   0.158168E-16   0.661488E-02
   -8    8    0  -3.451469843   3.451469843  -0.223623E-02  -0.140202E-16
    8    8    0   3.451469843   3.451469843  -0.223623E-02   0.144016E-16
    8   -8    0   3.451469843  -3.451469843  -0.223623E-02   0.140202E-16
   -8   -8    0  -3.451469843  -3.451469843  -0.223623E-02  -0.144016E-16
  -11   -3    0  -4.745771034  -1.294301191  -0.769687E-17  -0.378352E-03
    3  -11    0   1.294301191  -4.745771034   0.179910E-17   0.378352E-03
   -3  -11    0  -1.294301191  -4.745771034  -0.437473E-17  -0.378352E-03
   -9    7    0  -3.882903574   3.020036113  -0.124230E-16  -0.843099E-02
   -7    9    0  -3.020036113   3.882903574   0.102786E-16   0.843099E-02
   -3   11    0  -1.294301191   4.745771034   0.179910E-17  -0.378352E-03
    9    7    0   3.882903574   3.020036113   0.488705E-17   0.843099E-02
    7   -9    0   3.020036113  -3.882903574   0.102786E-16  -0.843099E-02
   -7   -9    0  -3.020036113  -3.882903574   0.172968E-16   0.843099E-02
   11   -3    0   4.745771034  -1.294301191  -0.530003E-17   0.378352E-03
   -9   -7    0  -3.882903574  -3.020036113   0.488705E-17  -0.843099E-02
    7    9    0   3.020036113   3.882903574   0.172968E-16  -0.843099E-02
    9   -7    0   3.882903574  -3.020036113  -0.124230E-16   0.843099E-02
   11    3    0   4.745771034   1.294301191  -0.769687E-17   0.378352E-03
    3   11    0   1.294301191   4.745771034  -0.437473E-17   0.378352E-03
  -11    3    0  -4.745771034   1.294301191  -0.530003E-17  -0.378352E-03
  -10   -6    0  -4.314337304  -2.588602382   0.338356E-02  -0.440298E-17
   -6   10    0  -2.588602382   4.314337304   0.338356E-02   0.959987E-17
   10   -6    0   4.314337304  -2.588602382   0.338356E-02   0.138415E-16
  -10    6    0  -4.314337304   2.588602382   0.338356E-02  -0.138415E-16
   10    6    0   4.314337304   2.588602382   0.338356E-02   0.440298E-17
    6  -10    0   2.588602382  -4.314337304   0.338356E-02  -0.959987E-17
    6   10    0   2.588602382   4.314337304   0.338356E-02   0.695954E-17
   -6  -10    0  -2.588602382  -4.314337304   0.338356E-02  -0.695954E-17
    4   11    0   1.725734922   4.745771034  -0.233526E-02   0.199332E-17
   11   -4    0   4.745771034  -1.725734922  -0.181005E-16  -0.233526E-02
    4  -11    0   1.725734922  -4.745771034   0.233526E-02   0.837774E-17
  -11    4    0  -4.745771034   1.725734922  -0.181005E-16   0.233526E-02
   -4  -11    0  -1.725734922  -4.745771034  -0.233526E-02  -0.199332E-17
   -4   11    0  -1.725734922   4.745771034   0.233526E-02  -0.837774E-17
   11    4    0   4.745771034   1.725734922  -0.762594E-17   0.233526E-02
  -11   -4    0  -4.745771034  -1.725734922  -0.762594E-17  -0.233526E-02
    0  -12    0  -0.000000000  -5.177204765  -0.363675E-02  -0.332469E-17
    0   12    0   0.000000000   5.177204765  -0.363675E-02   0.332469E-17
  -12    0    0  -5.177204765   0.000000000  -0.363675E-02  -0.131486E-16
   12    0    0   5.177204765  -0.000000000  -0.363675E-02   0.131486E-16
   12   -1    0   5.177204765  -0.431433730  -0.117301E-02   0.102655E-16
    9   -8    0   3.882903574  -3.451469843   0.205935E-17   0.873732E-03
  -12   -1    0  -5.177204765  -0.431433730   0.117301E-02  -0.228883E-17
   -1  -12    0  -0.431433730  -5.177204765   0.226641E-17  -0.117301E-02
    8   -9    0   3.451469843  -3.882903574   0.873732E-03   0.157010E-16
   -8   -9    0  -3.451469843  -3.882903574  -0.873732E-03  -0.106487E-16
    1  -12    0   0.431433730  -5.177204765   0.524244E-17  -0.117301E-02
   -1   12    0  -0.431433730   5.177204765   0.524244E-17   0.117301E-02
    9    8    0   3.882903574   3.451469843   0.210124E-16  -0.873732E-03
   -9   -8    0  -3.882903574  -3.451469843   0.210124E-16   0.873732E-03
    8    9    0   3.451469843   3.882903574  -0.873732E-03   0.106487E-16
   -9    8    0  -3.882903574   3.451469843   0.205935E-17  -0.873732E-03
    1   12    0   0.431433730   5.177204765   0.226641E-17   0.117301E-02
   12    1    0   5.177204765   0.431433730   0.117301E-02   0.228883E-17
  -12    1    0  -5.177204765   0.431433730  -0.117301E-02  -0.102655E-16
   -8    9    0  -3.451469843   3.882903574   0.873732E-03  -0.157010E-16
    5  -11    0   2.157168652  -4.745771034   0.155900E-16   0.624217E-02
  -11    5    0  -4.745771034   2.157168652   0.244881E-16   0.624217E-02
   -5   11    0  -2.157168652   4.745771034   0.155900E-16  -0.624217E-02
   -5  -11    0  -2.157168652  -4.745771034  -0.113729E-16  -0.624217E-02
   11   -5    0   4.745771034  -2.157168652   0.244881E-16  -0.624217E-02
   11    5    0   4.745771034   2.157168652   0.145477E-16  -0.624217E-02
  -11   -5    0  -4.745771034  -2.157168652   0.145477E-16   0.624217E-02
    5   11    0   2.157168652   4.745771034  -0.113729E-16   0.624217E-02
   12    2    0   5.177204765   0.862867461   0.217652E-02   0.114475E-16
    2  -12    0   0.862867461  -5.177204765  -0.217652E-02   0.165308E-17
  -12    2    0  -5.177204765   0.862867461   0.217652E-02  -0.132098E-16
  -12   -2    0  -5.177204765  -0.862867461   0.217652E-02  -0.114475E-16
   12   -2    0   5.177204765  -0.862867461   0.217652E-02   0.132098E-16
   -2  -12    0  -0.862867461  -5.177204765  -0.217652E-02  -0.105571E-17
   -2   12    0  -0.862867461   5.177204765  -0.217652E-02  -0.165308E-17
    2   12    0   0.862867461   5.177204765  -0.217652E-02   0.105571E-17
   -7  -10    0  -3.020036113  -4.314337304  -0.229588E-17   0.143720E-02
   10    7    0   4.314337304   3.020036113  -0.143720E-02  -0.112894E-17
   -7   10    0  -3.020036113   4.314337304   0.548532E-17  -0.143720E-02
   10   -7    0   4.314337304  -3.020036113   0.143720E-02   0.428121E-18
    7  -10    0   3.020036113  -4.314337304   0.548532E-17   0.143720E-02
  -10   -7    0  -4.314337304  -3.020036113  -0.143720E-02   0.112894E-17
    7   10    0   3.020036113   4.314337304  -0.229588E-17  -0.143720E-02
  -10    7    0  -4.314337304   3.020036113   0.143720E-02  -0.428121E-18
   -3  -12    0  -1.294301191  -5.177204765  -0.780612E-17   0.362821E-02
   12    3    0   5.177204765   1.294301191   0.362821E-02   0.477554E-17
    3   12    0   1.294301191   5.177204765  -0.780612E-17  -0.362821E-02
    3  -12    0   1.294301191  -5.177204765  -0.107352E-17   0.362821E-02
  -12    3    0  -5.177204765   1.294301191  -0.362821E-02   0.111574E-18
   12   -3    0   5.177204765  -1.294301191  -0.362821E-02  -0.111574E-18
  -12   -3    0  -5.177204765  -1.294301191   0.362821E-02  -0.477554E-17
   -3   12    0  -1.294301191   5.177204765  -0.107352E-17  -0.362821E-02
  -11    6    0  -4.745771034   2.588602382  -0.144377E-16  -0.835421E-02
  -11   -6    0  -4.745771034  -2.588602382   0.460743E-17   0.835421E-02
   11   -6    0   4.745771034  -2.588602382  -0.144377E-16   0.835421E-02
    6   11    0   2.588602382   4.745771034  -0.835421E-02   0.922006E-17
    6  -11    0   2.588602382  -4.745771034   0.835421E-02  -0.565220E-17
   11    6    0   4.745771034   2.588602382   0.460743E-17  -0.835421E-02
   -6   11    0  -2.588602382   4.745771034   0.835421E-02   0.565220E-17
   -6  -11    0  -2.588602382  -4.745771034  -0.835421E-02  -0.922006E-17
   -4  -12    0  -1.725734922  -5.177204765  -0.693063E-02  -0.166841E-16
   12   -4    0   5.177204765  -1.725734922  -0.693063E-02   0.443238E-17
  -12   -4    0  -5.177204765  -1.725734922  -0.693063E-02   0.275842E-17
   -4   12    0  -1.725734922   5.177204765  -0.693063E-02   0.111451E-17
   12    4    0   5.177204765   1.725734922  -0.693063E-02  -0.275842E-17
    4  -12    0   1.725734922  -5.177204765  -0.693063E-02  -0.111451E-17
  -12    4    0  -5.177204765   1.725734922  -0.693063E-02  -0.443238E-17
    4   12    0   1.725734922   5.177204765  -0.693063E-02   0.166841E-16
   -9    9    0  -3.882903574   3.882903574   0.411223E-17  -0.488212E-02
    9   -9    0   3.882903574  -3.882903574   0.411223E-17   0.488212E-02
    9    9    0   3.882903574   3.882903574   0.186204E-16   0.488212E-02
   -9   -9    0  -3.882903574  -3.882903574   0.186204E-16  -0.488212E-02
    8  -10    0   3.451469843  -4.314337304   0.657213E-02  -0.155876E-16
   -8   10    0  -3.451469843   4.314337304   0.657213E-02   0.155876E-16
  -10   -8    0  -4.314337304  -3.451469843  -0.657213E-02   0.797762E-17
   10   -8    0   4.314337304  -3.451469843  -0.657213E-02  -0.221546E-16
  -10    8    0  -4.314337304   3.451469843  -0.657213E-02   0.221546E-16
   10    8    0   4.314337304   3.451469843  -0.657213E-02  -0.797762E-17
   -8  -10    0  -3.451469843  -4.314337304   0.657213E-02  -0.101990E-16
    8   10    0   3.451469843   4.314337304   0.657213E-02   0.101990E-16
   12   -5    0   5.177204765  -2.157168652   0.626403E-02   0.113277E-16
   -5   12    0  -2.157168652   5.177204765   0.620840E-17  -0.626403E-02
    5   12    0   2.157168652   5.177204765  -0.211785E-17  -0.626403E-02
    5  -12    0   2.157168652  -5.177204765   0.620840E-17   0.626403E-02
   -5  -12    0  -2.157168652  -5.177204765  -0.211785E-17   0.626403E-02
  -12    5    0  -5.177204765   2.157168652   0.626403E-02  -0.113277E-16
   12    5    0   5.177204765   2.157168652  -0.626403E-02  -0.654114E-17
  -12   -5    0  -5.177204765  -2.157168652  -0.626403E-02   0.654114E-17
   13    0    0   5.608638495  -0.000000000  -0.151709E-16   0.138668E-16
    0  -13    0  -0.000000000  -5.608638495  -0.219412E-16  -0.882171E-17
    0   13    0   0.000000000   5.608638495  -0.219412E-16   0.882171E-17
  -13    0    0  -5.608638495   0.000000000  -0.151709E-16  -0.138668E-16
   11    7    0   4.745771034   3.020036113   0.478926E-18   0.220357E-02
    7  -11    0   3.020036113  -4.745771034  -0.137620E-16   0.220357E-02
   11   -7    0   4.745771034  -3.020036113   0.343495E-17   0.220357E-02
   -7   11    0  -3.020036113   4.745771034  -0.137620E-16  -0.220357E-02
  -11    7    0  -4.745771034   3.020036113   0.343495E-17  -0.220357E-02
    7   11    0   3.020036113   4.745771034   0.591200E-17   0.220357E-02
  -11   -7    0  -4.745771034  -3.020036113   0.478926E-18  -0.220357E-02
   -7  -11    0  -3.020036113  -4.745771034   0.591200E-17  -0.220357E-02
   -1  -13    0  -0.431433730  -5.608638495   0.971964E-17  -0.565909E-02
    1  -13    0   0.431433730  -5.608638495  -0.167855E-16   0.565909E-02
   13    1    0   5.608638495   0.431433730   0.244389E-16   0.565909E-02
   13   -1    0   5.608638495  -0.431433730   0.116197E-16   0.565909E-02
  -13   -1    0  -5.608638495  -0.431433730   0.244389E-16  -0.565909E-02
  -13    1    0  -5.608638495   0.431433730   0.116197E-16  -0.565909E-02
    1   13    0   0.431433730   5.608638495   0.971964E-17   0.565909E-02
   -1   13    0  -0.431433730   5.608638495  -0.167855E-16  -0.565909E-02
  -13   -2    0  -5.608638495  -0.862867461  -0.175175E-16  -0.186374E-03
   -2   13    0  -0.862867461   5.608638495   0.186374E-03   0.129265E-17
    2   13    0   0.862867461   5.608638495  -0.186374E-03   0.733451E-17
   -2  -13    0  -0.862867461  -5.608638495  -0.186374E-03  -0.733451E-17
    2  -13    0   0.862867461  -5.608638495   0.186374E-03  -0.129265E-17
   13    2    0   5.608638495   0.862867461  -0.175175E-16   0.186374E-03
  -13    2    0  -5.608638495   0.862867461   0.306001E-17   0.186374E-03
   13   -2    0   5.608638495  -0.862867461   0.306001E-17  -0.186374E-03
  -13   -3    0  -5.608638495  -1.294301191  -0.955334E-17   0.213191E-02
   13   -3    0   5.608638495  -1.294301191  -0.832393E-17  -0.213191E-02
   13    3    0   5.608638495   1.294301191  -0.955334E-17  -0.213191E-02
    3  -13    0   1.294301191  -5.608638495  -0.952248E-17   0.213191E-02
   -3   13    0  -1.294301191   5.608638495  -0.952248E-17  -0.213191E-02
    3   13    0   1.294301191   5.608638495  -0.349928E-17   0.213191E-02
   -3  -13    0  -1.294301191  -5.608638495  -0.349928E-17  -0.213191E-02
  -13    3    0  -5.608638495   1.294301191  -0.832393E-17   0.213191E-02
  -12   -6    0  -5.177204765  -2.588602382  -0.346571E-02  -0.132964E-16
    6   12    0   2.588602382   5.177204765   0.346571E-02  -0.257871E-17
   12    6    0   5.177204765   2.588602382  -0.346571E-02   0.132964E-16
  -12    6    0  -5.177204765   2.588602382  -0.346571E-02   0.837047E-17
    6  -12    0   2.588602382  -5.177204765   0.346571E-02  -0.180866E-17
   12   -6    0   5.177204765  -2.588602382  -0.346571E-02  -0.837047E-17
   -6  -12    0  -2.588602382  -5.177204765   0.346571E-02   0.257871E-17
   -6   12    0  -2.588602382   5.177204765   0.346571E-02   0.180866E-17
   10   -9    0   4.314337304  -3.882903574   0.105979E-02  -0.670155E-17
  -10   -9    0  -4.314337304  -3.882903574  -0.105979E-02   0.191870E-17
   -9   10    0  -3.882903574   4.314337304  -0.112835E-16   0.105979E-02
    9   10    0   3.882903574   4.314337304  -0.854674E-17   0.105979E-02
    9  -10    0   3.882903574  -4.314337304  -0.112835E-16  -0.105979E-02
  -10    9    0  -4.314337304   3.882903574   0.105979E-02   0.670155E-17
   10    9    0   4.314337304   3.882903574  -0.105979E-02  -0.191870E-17
   -9  -10    0  -3.882903574  -4.314337304  -0.854674E-17  -0.105979E-02
    8   11    0   3.451469843   4.745771034  -0.644949E-04  -0.154868E-16
   -8  -11    0  -3.451469843  -4.745771034  -0.644949E-04   0.154868E-16
   11    8    0   4.745771034   3.451469843   0.701124E-17   0.644949E-04
  -11    8    0  -4.745771034   3.451469843  -0.119474E-17   0.644949E-04
   -8   11    0  -3.451469843   4.745771034   0.644949E-04   0.133300E-16
    8  -11    0   3.451469843  -4.745771034   0.644949E-04  -0.133300E-16
   11   -8    0   4.745771034  -3.451469843  -0.119474E-17  -0.644949E-04
  -11   -8    0  -4.745771034  -3.451469843   0.701124E-17  -0.644949E-04
  -13    4    0  -5.608638495   1.725734922  -0.471346E-17   0.546715E-02
   13    4    0   5.608638495   1.725734922  -0.732457E-17   0.546715E-02
  -13   -4    0  -5.608638495  -1.725734922  -0.732457E-17  -0.546715E-02
    4  -13    0   1.725734922  -5.608638495  -0.546715E-02  -0.154020E-16
   13   -4    0   5.608638495  -1.725734922  -0.471346E-17  -0.546715E-02
    4   13    0   1.725734922   5.608638495   0.546715E-02   0.137935E-16
   -4   13    0  -1.725734922   5.608638495  -0.546715E-02   0.154020E-16
   -4  -13    0  -1.725734922  -5.608638495   0.546715E-02  -0.137935E-16
   12    7    0   5.177204765   3.020036113  -0.277055E-02   0.904151E-18
  -12   -7    0  -5.177204765  -3.020036113  -0.277055E-02  -0.904151E-18
    7  -12    0   3.020036113  -5.177204765   0.723783E-17  -0.277055E-02
   -7   12    0  -3.020036113   5.177204765   0.723783E-17   0.277055E-02
  -12    7    0  -5.177204765   3.020036113   0.277055E-02   0.852936E-17
    7   12    0   3.020036113   5.177204765  -0.145174E-16   0.277055E-02
   -7  -12    0  -3.020036113  -5.177204765  -0.145174E-16  -0.277055E-02
   12   -7    0   5.177204765  -3.020036113   0.277055E-02  -0.852936E-17
  -13    5    0  -5.608638495   2.157168652   0.889514E-17   0.144854E-02
   13    5    0   5.608638495   2.157168652   0.692581E-17  -0.144854E-02
    5  -13    0   2.157168652  -5.608638495   0.124377E-16  -0.144854E-02
   -5   13    0  -2.157168652   5.608638495   0.124377E-16   0.144854E-02
    5   13    0   2.157168652   5.608638495  -0.835247E-17  -0.144854E-02
   13   -5    0   5.608638495  -2.157168652   0.889514E-17  -0.144854E-02
  -13   -5    0  -5.608638495  -2.157168652   0.692581E-17   0.144854E-02
   -5  -13    0  -2.157168652  -5.608638495  -0.835247E-17   0.144854E-02
    0  -14    0  -0.000000000  -6.040072226   0.915754E-17   0.554748E-17
    0   14    0   0.000000000   6.040072226   0.915754E-17  -0.554748E-17
  -14    0    0  -6.040072226   0.000000000  -0.741394E-18   0.617995E-17
   14    0    0   6.040072226  -0.000000000  -0.741394E-18  -0.617995E-17
  -14    1    0  -6.040072226   0.431433730  -0.104407E-02   0.698744E-17
   -1   14    0  -0.431433730   6.040072226   0.326204E-17  -0.104407E-02
   14   -1    0   6.040072226  -0.431433730  -0.104407E-02  -0.698744E-17
  -14   -1    0  -6.040072226  -0.431433730   0.104407E-02  -0.925221E-17
   14    1    0   6.040072226   0.431433730   0.104407E-02   0.925221E-17
   -1  -14    0  -0.431433730  -6.040072226   0.307236E-17   0.104407E-02
    1   14    0   0.431433730   6.040072226   0.307236E-17  -0.104407E-02
    1  -14    0   0.431433730  -6.040072226   0.326204E-17   0.104407E-02
    2  -14    0   0.862867461  -6.040072226  -0.202287E-03  -0.484264E-17
   14   -2    0   6.040072226  -0.862867461  -0.202287E-03  -0.192459E-17
   10  -10    0   4.314337304  -4.314337304  -0.161348E-02  -0.381534E-17
   14    2    0   6.040072226   0.862867461  -0.202287E-03   0.562855E-17
   -2   14    0  -0.862867461   6.040072226  -0.202287E-03   0.484264E-17
  -10  -10    0  -4.314337304  -4.314337304  -0.161348E-02   0.494327E-17
   10   10    0   4.314337304   4.314337304  -0.161348E-02  -0.494327E-17
  -10   10    0  -4.314337304   4.314337304  -0.161348E-02   0.381534E-17
  -14   -2    0  -6.040072226  -0.862867461  -0.202287E-03  -0.562855E-17
  -14    2    0  -6.040072226   0.862867461  -0.202287E-03   0.192459E-17
   -2  -14    0  -0.862867461  -6.040072226  -0.202287E-03   0.204800E-17
    2   14    0   0.862867461   6.040072226  -0.202287E-03  -0.204800E-17
  -11    9    0  -4.745771034   3.882903574  -0.141464E-16  -0.358217E-02
   -9   11    0  -3.882903574   4.745771034  -0.890508E-17   0.358217E-02
   11   -9    0   4.745771034  -3.882903574  -0.141464E-16   0.358217E-02
   -9  -11    0  -3.882903574  -4.745771034  -0.153429E-16   0.358217E-02
    9  -11    0   3.882903574  -4.745771034  -0.890508E-17  -0.358217E-02
  -11   -9    0  -4.745771034  -3.882903574   0.836477E-17  -0.358217E-02
    9   11    0   3.882903574   4.745771034  -0.153429E-16  -0.358217E-02
   11    9    0   4.745771034   3.882903574   0.836477E-17   0.358217E-02
   -3   14    0  -1.294301191   6.040072226  -0.117067E-16   0.266340E-02
  -14   -3    0  -6.040072226  -1.294301191   0.266340E-02  -0.117534E-16
   -3  -14    0  -1.294301191  -6.040072226  -0.136739E-16  -0.266340E-02
  -14    3    0  -6.040072226   1.294301191  -0.266340E-02   0.327629E-17
   14   -3    0   6.040072226  -1.294301191  -0.266340E-02  -0.327629E-17
    3   14    0   1.294301191   6.040072226  -0.136739E-16   0.266340E-02
   14    3    0   6.040072226   1.294301191   0.266340E-02   0.117534E-16
    3  -14    0   1.294301191  -6.040072226  -0.117067E-16  -0.266340E-02
   13   -6    0   5.608638495  -2.588602382  -0.773222E-17  -0.447667E-02
  -13   -6    0  -5.608638495  -2.588602382   0.198528E-16  -0.447667E-02
    6   13    0   2.588602382   5.608638495  -0.447667E-02   0.260975E-17
  -13    6    0  -5.608638495   2.588602382  -0.773222E-17   0.447667E-02
    6  -13    0   2.588602382  -5.608638495   0.447667E-02   0.130834E-16
   -6  -13    0  -2.588602382  -5.608638495  -0.447667E-02  -0.260975E-17
   -6   13    0  -2.588602382   5.608638495   0.447667E-02  -0.130834E-16
   13    6    0   5.608638495   2.588602382   0.198528E-16   0.447667E-02
   -8  -12    0  -3.451469843  -5.177204765   0.143287E-03  -0.171411E-16
   12   -8    0   5.177204765  -3.451469843   0.143287E-03  -0.350441E-17
    8  -12    0   3.451469843  -5.177204765   0.143287E-03  -0.698985E-17
    8   12    0   3.451469843   5.177204765   0.143287E-03   0.171411E-16
   -8   12    0  -3.451469843   5.177204765   0.143287E-03   0.698985E-17
   12    8    0   5.177204765   3.451469843   0.143287E-03   0.246560E-16
  -12    8    0  -5.177204765   3.451469843   0.143287E-03   0.350441E-17
  -12   -8    0  -5.177204765  -3.451469843   0.143287E-03  -0.246560E-16
  -14   -4    0  -6.040072226  -1.725734922  -0.457588E-02   0.403892E-16
  -14    4    0  -6.040072226   1.725734922  -0.457588E-02   0.578253E-17
    4  -14    0   1.725734922  -6.040072226   0.457588E-02  -0.189217E-16
   -4   14    0  -1.725734922   6.040072226   0.457588E-02   0.189217E-16
   14   -4    0   6.040072226  -1.725734922  -0.457588E-02  -0.578253E-17
   14    4    0   6.040072226   1.725734922  -0.457588E-02  -0.403892E-16
    4   14    0   1.725734922   6.040072226   0.457588E-02   0.181117E-16
   -4  -14    0  -1.725734922  -6.040072226   0.457588E-02  -0.181117E-16
   -7   13    0  -3.020036113   5.608638495  -0.755519E-17  -0.220441E-02
   -7  -13    0  -3.020036113  -5.608638495  -0.209173E-17  -0.220441E-02
  -13    7    0  -5.608638495   3.020036113   0.473107E-17   0.220441E-02
    7   13    0   3.020036113   5.608638495  -0.209173E-17   0.220441E-02
    7  -13    0   3.020036113  -5.608638495  -0.755519E-17   0.220441E-02
  -13   -7    0  -5.608638495  -3.020036113   0.131399E-16   0.220441E-02
   13    7    0   5.608638495   3.020036113   0.131399E-16  -0.220441E-02
   13   -7    0   5.608638495  -3.020036113   0.473107E-17  -0.220441E-02
  -11   10    0  -4.745771034   4.314337304   0.367122E-18   0.227505E-02
   -5  -14    0  -2.157168652  -6.040072226  -0.277560E-16  -0.782119E-02
   11  -10    0   4.745771034  -4.314337304   0.367122E-18  -0.227505E-02
  -14    5    0  -6.040072226   2.157168652   0.782119E-02  -0.496019E-16
  -14   -5    0  -6.040072226  -2.157168652  -0.782119E-02   0.344161E-16
   10  -11    0   4.314337304  -4.745771034  -0.227505E-02  -0.911557E-17
   14    5    0   6.040072226   2.157168652  -0.782119E-02  -0.344161E-16
    5   14    0   2.157168652   6.040072226  -0.277560E-16   0.782119E-02
   -5   14    0  -2.157168652   6.040072226   0.101590E-16   0.782119E-02
   14   -5    0   6.040072226  -2.157168652   0.782119E-02   0.496019E-16
  -10   11    0  -4.314337304   4.745771034  -0.227505E-02   0.911557E-17
   11   10    0   4.745771034   4.314337304  -0.119165E-16   0.227505E-02
  -10  -11    0  -4.314337304  -4.745771034   0.227505E-02   0.127086E-16
   10   11    0   4.314337304   4.745771034   0.227505E-02  -0.127086E-16
  -11  -10    0  -4.745771034  -4.314337304  -0.119165E-16  -0.227505E-02
    5  -14    0   2.157168652  -6.040072226   0.101590E-16  -0.782119E-02
   12   -9    0   5.177204765  -3.882903574  -0.378008E-02  -0.139871E-16
   -9  -12    0  -3.882903574  -5.177204765  -0.809889E-17  -0.378008E-02
  -12   -9    0  -5.177204765  -3.882903574   0.378008E-02   0.219943E-17
   12    9    0   5.177204765   3.882903574   0.378008E-02  -0.219943E-17
   -9   12    0  -3.882903574   5.177204765   0.464858E-17   0.378008E-02
    9   12    0   3.882903574   5.177204765  -0.809889E-17   0.378008E-02
  -12    9    0  -5.177204765   3.882903574  -0.378008E-02   0.139871E-16
    9  -12    0   3.882903574  -5.177204765   0.464858E-17  -0.378008E-02
   14   -6    0   6.040072226  -2.588602382  -0.388061E-02  -0.225657E-16
  -14   -6    0  -6.040072226  -2.588602382  -0.388061E-02   0.796759E-17
   -6   14    0  -2.588602382   6.040072226  -0.388061E-02   0.928279E-17
    6  -14    0   2.588602382  -6.040072226  -0.388061E-02  -0.928279E-17
  -14    6    0  -6.040072226   2.588602382  -0.388061E-02   0.225657E-16
   14    6    0   6.040072226   2.588602382  -0.388061E-02  -0.796759E-17
   -6  -14    0  -2.588602382  -6.040072226  -0.388061E-02   0.140726E-16
    6   14    0   2.588602382   6.040072226  -0.388061E-02  -0.140726E-16
   -8  -13    0  -3.451469843  -5.608638495   0.197701E-02   0.209379E-17
  -13   -8    0  -5.608638495  -3.451469843  -0.785964E-17  -0.197701E-02
   13    8    0   5.608638495   3.451469843  -0.785964E-17   0.197701E-02
    8  -13    0   3.451469843  -5.608638495  -0.197701E-02  -0.759651E-17
   13   -8    0   5.608638495  -3.451469843  -0.454971E-17  -0.197701E-02
   -8   13    0  -3.451469843   5.608638495  -0.197701E-02   0.759651E-17
    8   13    0   3.451469843   5.608638495   0.197701E-02  -0.209379E-17
  -13    8    0  -5.608638495   3.451469843  -0.454971E-17   0.197701E-02
   11  -11    0   4.745771034  -4.745771034   0.490875E-17  -0.753288E-02
  -11  -11    0  -4.745771034  -4.745771034  -0.870140E-17   0.753288E-02
   11   11    0   4.745771034   4.745771034  -0.870140E-17  -0.753288E-02
  -11   11    0  -4.745771034   4.745771034   0.490875E-17   0.753288E-02
  -10   12    0  -4.314337304   5.177204765  -0.174377E-02  -0.147785E-16
  -12   10    0  -5.177204765   4.314337304   0.174377E-02   0.546040E-18
  -12  -10    0  -5.177204765  -4.314337304   0.174377E-02   0.180810E-17
   12   10    0   5.177204765   4.314337304   0.174377E-02  -0.180810E-17
  -10  -12    0  -4.314337304  -5.177204765  -0.174377E-02   0.624266E-17
   10   12    0   4.314337304   5.177204765  -0.174377E-02  -0.624266E-17
   10  -12    0   4.314337304  -5.177204765  -0.174377E-02   0.147785E-16
   12  -10    0   5.177204765  -4.314337304   0.174377E-02  -0.546040E-18
  -14   -7    0  -6.040072226  -3.020036113  -0.397299E-02   0.717391E-17
    7   14    0   3.020036113   6.040072226   0.921891E-17  -0.397299E-02
   -7   14    0  -3.020036113   6.040072226  -0.184997E-16  -0.397299E-02
   14    7    0   6.040072226   3.020036113  -0.397299E-02  -0.717391E-17
   -7  -14    0  -3.020036113  -6.040072226   0.921891E-17   0.397299E-02
  -14    7    0  -6.040072226   3.020036113   0.397299E-02  -0.284228E-16
   14   -7    0   6.040072226  -3.020036113   0.397299E-02   0.284228E-16
    7  -14    0   3.020036113  -6.040072226  -0.184997E-16   0.397299E-02
    9  -13    0   3.882903574  -5.608638495  -0.870508E-17  -0.230040E-02
  -13   -9    0  -5.608638495  -3.882903574  -0.976902E-17   0.230040E-02
   -9   13    0  -3.882903574   5.608638495  -0.870508E-17   0.230040E-02
   13    9    0   5.608638495   3.882903574  -0.976902E-17  -0.230040E-02
   13   -9    0   5.608638495  -3.882903574  -0.761070E-17  -0.230040E-02
  -13    9    0  -5.608638495   3.882903574  -0.761070E-17   0.230040E-02
    9   13    0   3.882903574   5.608638495   0.423880E-17  -0.230040E-02
   -9  -13    0  -3.882903574  -5.608638495   0.423880E-17   0.230040E-02
   -8   14    0  -3.451469843   6.040072226  -0.286388E-02   0.346465E-17
  -14    8    0  -6.040072226   3.451469843   0.286388E-02  -0.209344E-16
   14   -8    0   6.040072226  -3.451469843   0.286388E-02   0.209344E-16
   -8  -14    0  -3.451469843  -6.040072226  -0.286388E-02   0.487943E-17
   14    8    0   6.040072226   3.451469843   0.286388E-02   0.187538E-16
  -14   -8    0  -6.040072226  -3.451469843   0.286388E-02  -0.187538E-16
    8  -14    0   3.451469843  -6.040072226  -0.286388E-02  -0.346465E-17
    8   14    0   3.451469843   6.040072226  -0.286388E-02  -0.487943E-17
  -12   11    0  -5.177204765   4.745771034  -0.284199E-03  -0.112672E-16
   11   12    0   4.745771034   5.177204765  -0.241038E-17  -0.284199E-03
  -11  -12    0  -4.745771034  -5.177204765  -0.241038E-17   0.284199E-03
   12  -11    0   5.177204765  -4.745771034  -0.284199E-03   0.112672E-16
   11  -12    0   4.745771034  -5.177204765  -0.133437E-17   0.284199E-03
  -11   12    0  -4.745771034   5.177204765  -0.133437E-17  -0.284199E-03
  -12  -11    0  -5.177204765  -4.745771034   0.284199E-03  -0.138995E-16
   12   11    0   5.177204765   4.745771034   0.284199E-03   0.138995E-16
  -13   10    0  -5.608638495   4.314337304  -0.473565E-17  -0.550308E-03
  -13  -10    0  -5.608638495  -4.314337304  -0.530472E-17   0.550308E-03
   13  -10    0   5.608638495  -4.314337304  -0.473565E-17   0.550308E-03
  -10   13    0  -4.314337304   5.608638495  -0.550308E-03  -0.111175E-17
   10  -13    0   4.314337304  -5.608638495  -0.550308E-03   0.111175E-17
   10   13    0   4.314337304   5.608638495   0.550308E-03  -0.147703E-17
   13   10    0   5.608638495   4.314337304  -0.530472E-17  -0.550308E-03
  -10  -13    0  -4.314337304  -5.608638495   0.550308E-03   0.147703E-17
   14   -9    0   6.040072226  -3.882903574  -0.294577E-02  -0.646093E-17
  -14    9    0  -6.040072226   3.882903574  -0.294577E-02   0.646093E-17
    9  -14    0   3.882903574  -6.040072226  -0.100038E-16   0.294577E-02
   -9   14    0  -3.882903574   6.040072226  -0.100038E-16  -0.294577E-02
   14    9    0   6.040072226   3.882903574   0.294577E-02   0.165559E-16
   -9  -14    0  -3.882903574  -6.040072226   0.534446E-17   0.294577E-02
  -14   -9    0  -6.040072226  -3.882903574   0.294577E-02  -0.165559E-16
    9   14    0   3.882903574   6.040072226   0.534446E-17  -0.294577E-02
   12   12    0   5.177204765   5.177204765   0.221404E-02   0.395943E-17
   12  -12    0   5.177204765  -5.177204765   0.221404E-02   0.656640E-17
  -12  -12    0  -5.177204765  -5.177204765   0.221404E-02  -0.395943E-17
  -12   12    0  -5.177204765   5.177204765   0.221404E-02  -0.656640E-17
   11   13    0   4.745771034   5.608638495   0.134386E-16  -0.428093E-03
  -13  -11    0  -5.608638495  -4.745771034  -0.160045E-17  -0.428093E-03
  -11  -13    0  -4.745771034  -5.608638495   0.134386E-16   0.428093E-03
  -13   11    0  -5.608638495   4.745771034  -0.142596E-16  -0.428093E-03
  -11   13    0  -4.745771034   5.608638495   0.101647E-16   0.428093E-03
   11  -13    0   4.745771034  -5.608638495   0.101647E-16  -0.428093E-03
   13  -11    0   5.608638495  -4.745771034  -0.142596E-16   0.428093E-03
   13   11    0   5.608638495   4.745771034  -0.160045E-17   0.428093E-03
  -14   10    0  -6.040072226   4.314337304  -0.726740E-03   0.558482E-17
  -14  -10    0  -6.040072226  -4.314337304  -0.726740E-03   0.842185E-17
   10  -14    0   4.314337304  -6.040072226  -0.726740E-03  -0.196198E-16
   14  -10    0   6.040072226  -4.314337304  -0.726740E-03  -0.558482E-17
   14   10    0   6.040072226   4.314337304  -0.726740E-03  -0.842185E-17
  -10  -14    0  -4.314337304  -6.040072226  -0.726740E-03  -0.945546E-17
  -10   14    0  -4.314337304   6.040072226  -0.726740E-03   0.196198E-16
   10   14    0   4.314337304   6.040072226  -0.726740E-03   0.945546E-17
  -12  -13    0  -5.177204765  -5.608638495  -0.316758E-02   0.824090E-17
   12  -13    0   5.177204765  -5.608638495   0.316758E-02   0.735295E-17
  -13   12    0  -5.608638495   5.177204765  -0.618855E-18  -0.316758E-02
  -13  -12    0  -5.608638495  -5.177204765  -0.696188E-17   0.316758E-02
   13   12    0   5.608638495   5.177204765  -0.696188E-17  -0.316758E-02
  -12   13    0  -5.177204765   5.608638495   0.316758E-02  -0.735295E-17
   12   13    0   5.177204765   5.608638495  -0.316758E-02  -0.824090E-17
   13  -12    0   5.608638495  -5.177204765  -0.618855E-18   0.316758E-02
   11  -14    0   4.745771034  -6.040072226   0.214526E-16  -0.649989E-02
  -11   14    0  -4.745771034   6.040072226   0.214526E-16   0.649989E-02
  -14  -11    0  -6.040072226  -4.745771034   0.649989E-02  -0.177401E-16
  -14   11    0  -6.040072226   4.745771034  -0.649989E-02  -0.358292E-17
  -11  -14    0  -4.745771034  -6.040072226  -0.190812E-17  -0.649989E-02
   14  -11    0   6.040072226  -4.745771034  -0.649989E-02   0.358292E-17
   11   14    0   4.745771034   6.040072226  -0.190812E-17   0.649989E-02
   14   11    0   6.040072226   4.745771034   0.649989E-02   0.177401E-16
  -13   13    0  -5.608638495   5.608638495  -0.227531E-17   0.230575E-02
   13   13    0   5.608638495   5.608638495  -0.968931E-17  -0.230575E-02
  -13  -13    0  -5.608638495  -5.608638495  -0.968931E-17   0.230575E-02
   13  -13    0   5.608638495  -5.608638495  -0.227531E-17  -0.230575E-02
   14  -12    0   6.040072226  -5.177204765  -0.482742E-02  -0.318428E-16
  -12  -14    0  -5.177204765  -6.040072226   0.482742E-02  -0.395077E-18
   14   12    0   6.040072226   5.177204765  -0.482742E-02  -0.893315E-17
   12  -14    0   5.177204765  -6.040072226   0.482742E-02   0.102551E-16
   12   14    0   5.177204765   6.040072226   0.482742E-02   0.395077E-18
  -14  -12    0  -6.040072226  -5.177204765  -0.482742E-02   0.893315E-17
  -12   14    0  -5.177204765   6.040072226   0.482742E-02  -0.102551E-16
  -14   12    0  -6.040072226   5.177204765  -0.482742E-02   0.318428E-16
  -14  -13    0  -6.040072226  -5.608638495  -0.755315E-03  -0.221043E-16
   14   13    0   6.040072226   5.608638495  -0.755315E-03   0.221043E-16
  -13  -14    0  -5.608638495  -6.040072226   0.101323E-16  -0.755315E-03
  -13   14    0  -5.608638495   6.040072226  -0.521214E-17   0.755315E-03
   14  -13    0   6.040072226  -5.608638495   0.755315E-03  -0.385789E-18
   13   14    0   5.608638495   6.040072226   0.101323E-16   0.755315E-03
   13  -14    0   5.608638495  -6.040072226  -0.521214E-17  -0.755315E-03
  -14   13    0  -6.040072226   5.608638495   0.755315E-03   0.385789E-18
  -14   14    0  -6.040072226   6.040072226   0.149643E-02  -0.147978E-16
   14  -14    0   6.040072226  -6.040072226   0.149643E-02   0.147978E-16
  -14  -14    0  -6.040072226  -6.040072226   0.149643E-02   0.114768E-16
   14   14    0   6.040072226   6.040072226   0.149643E-02  -0.114768E-16
