    0    0    0   0.000000000   0.000000000  -0.754333E-17   0.674070E-03
    0    1    0   0.000000000   0.348274507  -0.168461E-16  -0.674431E-04
   -1    0    0  -0.348274507   0.000000000  -0.205403E-16  -0.674431E-04
    1    0    0   0.348274507  -0.000000000  -0.205403E-16  -0.674431E-04
    0   -1    0  -0.000000000  -0.348274507  -0.168461E-16  -0.674431E-04
    1   -1    0   0.348274507  -0.348274507  -0.217971E-02   0.145888E-03
   -1    1    0  -0.348274507   0.348274507  -0.217971E-02   0.145888E-03
    1    1    0   0.348274507   0.348274507  -0.217971E-02   0.145888E-03
   -1   -1    0  -0.348274507  -0.348274507  -0.217971E-02   0.145888E-03
   -2    0    0  -0.696549015   0.000000000  -0.340911E-02  -0.588471E-04
    0    2    0   0.000000000   0.696549015  -0.340911E-02  -0.588471E-04
    2    0    0   0.696549015  -0.000000000  -0.340911E-02  -0.588471E-04
    0   -2    0  -0.000000000  -0.696549015  -0.340911E-02  -0.588471E-04
    2   -1    0   0.696549015  -0.348274507   0.710714E-02   0.177070E-03
    1   -2    0   0.348274507  -0.696549015  -0.710714E-02   0.177070E-03
   -1   -2    0  -0.348274507  -0.696549015  -0.710714E-02   0.177070E-03
   -2    1    0  -0.696549015   0.348274507   0.710714E-02   0.177070E-03
   -2   -1    0  -0.696549015  -0.348274507   0.710714E-02   0.177070E-03
    1    2    0   0.348274507   0.696549015  -0.710714E-02   0.177070E-03
    2    1    0   0.696549015   0.348274507   0.710714E-02   0.177070E-03
   -1    2    0  -0.348274507   0.696549015  -0.710714E-02   0.177070E-03
    2    2    0   0.696549015   0.696549015   0.291490E-02   0.188032E-03
   -2   -2    0  -0.696549015  -0.696549015   0.291490E-02   0.188032E-03
    2   -2    0   0.696549015  -0.696549015   0.291490E-02   0.188032E-03
   -2    2    0  -0.696549015   0.696549015   0.291490E-02   0.188032E-03
    0   -3    0  -0.000000000  -1.044823522  -0.159174E-17   0.483772E-04
    0    3    0   0.000000000   1.044823522  -0.159174E-17   0.483772E-04
   -3    0    0  -1.044823522   0.000000000  -0.992248E-18   0.483772E-04
    3    0    0   1.044823522  -0.000000000  -0.992248E-18   0.483772E-04
   -1    3    0  -0.348274507   1.044823522   0.353419E-02   0.163135E-03
   -3   -1    0  -1.044823522  -0.348274507   0.353419E-02   0.163135E-03
    3   -1    0   1.044823522  -0.348274507   0.353419E-02   0.163135E-03
    1    3    0   0.348274507   1.044823522   0.353419E-02   0.163135E-03
    1   -3    0   0.348274507  -1.044823522   0.353419E-02   0.163135E-03
   -1   -3    0  -0.348274507  -1.044823522   0.353419E-02   0.163135E-03
    3    1    0   1.044823522   0.348274507   0.353419E-02   0.163135E-03
   -3    1    0  -1.044823522   0.348274507   0.353419E-02   0.163135E-03
   -3    2    0  -1.044823522   0.696549015   0.131460E-01   0.338532E-03
    3    2    0   1.044823522   0.696549015   0.131460E-01   0.338532E-03
   -2   -3    0  -0.696549015  -1.044823522  -0.131460E-01   0.338532E-03
   -3   -2    0  -1.044823522  -0.696549015   0.131460E-01   0.338532E-03
    2   -3    0   0.696549015  -1.044823522  -0.131460E-01   0.338532E-03
   -2    3    0  -0.696549015   1.044823522  -0.131460E-01   0.338532E-03
    3   -2    0   1.044823522  -0.696549015   0.131460E-01   0.338532E-03
    2    3    0   0.696549015   1.044823522  -0.131460E-01   0.338532E-03
    0    4    0   0.000000000   1.393098029  -0.219558E-01  -0.358017E-03
    0   -4    0  -0.000000000  -1.393098029  -0.219558E-01  -0.358017E-03
   -4    0    0  -1.393098029   0.000000000  -0.219558E-01  -0.358017E-03
    4    0    0   1.393098029  -0.000000000  -0.219558E-01  -0.358017E-03
   -1    4    0  -0.348274507   1.393098029   0.604929E-02  -0.287648E-03
   -4   -1    0  -1.393098029  -0.348274507  -0.604929E-02  -0.287648E-03
    4    1    0   1.393098029   0.348274507  -0.604929E-02  -0.287648E-03
    1    4    0   0.348274507   1.393098029   0.604929E-02  -0.287648E-03
   -1   -4    0  -0.348274507  -1.393098029   0.604929E-02  -0.287648E-03
   -4    1    0  -1.393098029   0.348274507  -0.604929E-02  -0.287648E-03
    1   -4    0   0.348274507  -1.393098029   0.604929E-02  -0.287648E-03
    4   -1    0   1.393098029  -0.348274507  -0.604929E-02  -0.287648E-03
    3   -3    0   1.044823522  -1.044823522  -0.452446E-02   0.248022E-03
    3    3    0   1.044823522   1.044823522  -0.452446E-02   0.248022E-03
   -3   -3    0  -1.044823522  -1.044823522  -0.452446E-02   0.248022E-03
   -3    3    0  -1.044823522   1.044823522  -0.452446E-02   0.248022E-03
   -4   -2    0  -1.393098029  -0.696549015  -0.495399E-02  -0.150490E-03
    4   -2    0   1.393098029  -0.696549015  -0.495399E-02  -0.150490E-03
   -2    4    0  -0.696549015   1.393098029  -0.495399E-02  -0.150490E-03
    4    2    0   1.393098029   0.696549015  -0.495399E-02  -0.150490E-03
   -4    2    0  -1.393098029   0.696549015  -0.495399E-02  -0.150490E-03
    2   -4    0   0.696549015  -1.393098029  -0.495399E-02  -0.150490E-03
   -2   -4    0  -0.696549015  -1.393098029  -0.495399E-02  -0.150490E-03
    2    4    0   0.696549015   1.393098029  -0.495399E-02  -0.150490E-03
    4    3    0   1.393098029   1.044823522   0.815669E-02   0.326541E-03
   -3    4    0  -1.044823522   1.393098029  -0.815669E-02   0.326541E-03
    0    5    0   0.000000000   1.741372537   0.452726E-16   0.158524E-04
    3    4    0   1.044823522   1.393098029  -0.815669E-02   0.326541E-03
    4   -3    0   1.393098029  -1.044823522   0.815669E-02   0.326541E-03
   -3   -4    0  -1.044823522  -1.393098029  -0.815669E-02   0.326541E-03
    5    0    0   1.741372537  -0.000000000   0.182732E-16   0.158524E-04
   -4   -3    0  -1.393098029  -1.044823522   0.815669E-02   0.326541E-03
   -4    3    0  -1.393098029   1.044823522   0.815669E-02   0.326541E-03
   -5    0    0  -1.741372537   0.000000000   0.182732E-16   0.158524E-04
    3   -4    0   1.044823522  -1.393098029  -0.815669E-02   0.326541E-03
    0   -5    0  -0.000000000  -1.741372537   0.452726E-16   0.158524E-04
    1   -5    0   0.348274507  -1.741372537   0.112318E-02  -0.329015E-04
    5   -1    0   1.741372537  -0.348274507   0.112318E-02  -0.329015E-04
   -1    5    0  -0.348274507   1.741372537   0.112318E-02  -0.329015E-04
   -1   -5    0  -0.348274507  -1.741372537   0.112318E-02  -0.329015E-04
    1    5    0   0.348274507   1.741372537   0.112318E-02  -0.329015E-04
    5    1    0   1.741372537   0.348274507   0.112318E-02  -0.329015E-04
   -5    1    0  -1.741372537   0.348274507   0.112318E-02  -0.329015E-04
   -5   -1    0  -1.741372537  -0.348274507   0.112318E-02  -0.329015E-04
   -2   -5    0  -0.696549015  -1.741372537  -0.189734E-02  -0.131374E-03
   -5    2    0  -1.741372537   0.696549015   0.189734E-02  -0.131374E-03
    5   -2    0   1.741372537  -0.696549015   0.189734E-02  -0.131374E-03
    2    5    0   0.696549015   1.741372537  -0.189734E-02  -0.131374E-03
    5    2    0   1.741372537   0.696549015   0.189734E-02  -0.131374E-03
   -2    5    0  -0.696549015   1.741372537  -0.189734E-02  -0.131374E-03
    2   -5    0   0.696549015  -1.741372537  -0.189734E-02  -0.131374E-03
   -5   -2    0  -1.741372537  -0.696549015   0.189734E-02  -0.131374E-03
    4    4    0   1.393098029   1.393098029   0.107627E-01   0.538399E-03
    4   -4    0   1.393098029  -1.393098029   0.107627E-01   0.538399E-03
   -4   -4    0  -1.393098029  -1.393098029   0.107627E-01   0.538399E-03
   -4    4    0  -1.393098029   1.393098029   0.107627E-01   0.538399E-03
   -3    5    0  -1.044823522   1.741372537  -0.123621E-03   0.759291E-03
    5    3    0   1.741372537   1.044823522  -0.123621E-03   0.759291E-03
   -5   -3    0  -1.741372537  -1.044823522  -0.123621E-03   0.759291E-03
    3   -5    0   1.044823522  -1.741372537  -0.123621E-03   0.759291E-03
    5   -3    0   1.741372537  -1.044823522  -0.123621E-03   0.759291E-03
   -3   -5    0  -1.044823522  -1.741372537  -0.123621E-03   0.759291E-03
   -5    3    0  -1.741372537   1.044823522  -0.123621E-03   0.759291E-03
    3    5    0   1.044823522   1.741372537  -0.123621E-03   0.759291E-03
    6    0    0   2.089647044  -0.000000000   0.259484E-01   0.459240E-03
    0    6    0   0.000000000   2.089647044   0.259484E-01   0.459240E-03
    0   -6    0  -0.000000000  -2.089647044   0.259484E-01   0.459240E-03
   -6    0    0  -2.089647044   0.000000000   0.259484E-01   0.459240E-03
    1    6    0   0.348274507   2.089647044  -0.195462E-01  -0.358700E-03
   -6   -1    0  -2.089647044  -0.348274507   0.195462E-01  -0.358700E-03
   -1    6    0  -0.348274507   2.089647044  -0.195462E-01  -0.358700E-03
   -1   -6    0  -0.348274507  -2.089647044  -0.195462E-01  -0.358700E-03
   -6    1    0  -2.089647044   0.348274507   0.195462E-01  -0.358700E-03
    6   -1    0   2.089647044  -0.348274507   0.195462E-01  -0.358700E-03
    6    1    0   2.089647044   0.348274507   0.195462E-01  -0.358700E-03
    1   -6    0   0.348274507  -2.089647044  -0.195462E-01  -0.358700E-03
   -2   -6    0  -0.696549015  -2.089647044  -0.327597E-02   0.199132E-03
    2    6    0   0.696549015   2.089647044  -0.327597E-02   0.199132E-03
    6    2    0   2.089647044   0.696549015  -0.327597E-02   0.199132E-03
    6   -2    0   2.089647044  -0.696549015  -0.327597E-02   0.199132E-03
   -6   -2    0  -2.089647044  -0.696549015  -0.327597E-02   0.199132E-03
   -2    6    0  -0.696549015   2.089647044  -0.327597E-02   0.199132E-03
    2   -6    0   0.696549015  -2.089647044  -0.327597E-02   0.199132E-03
   -6    2    0  -2.089647044   0.696549015  -0.327597E-02   0.199132E-03
    4   -5    0   1.393098029  -1.741372537   0.143259E-02  -0.845875E-04
    5    4    0   1.741372537   1.393098029  -0.143259E-02  -0.845875E-04
   -4   -5    0  -1.393098029  -1.741372537   0.143259E-02  -0.845875E-04
   -4    5    0  -1.393098029   1.741372537   0.143259E-02  -0.845875E-04
   -5   -4    0  -1.741372537  -1.393098029  -0.143259E-02  -0.845875E-04
    4    5    0   1.393098029   1.741372537   0.143259E-02  -0.845875E-04
   -5    4    0  -1.741372537   1.393098029  -0.143259E-02  -0.845875E-04
    5   -4    0   1.741372537  -1.393098029  -0.143259E-02  -0.845875E-04
   -6   -3    0  -2.089647044  -1.044823522  -0.181878E-01  -0.348418E-03
    6    3    0   2.089647044   1.044823522  -0.181878E-01  -0.348418E-03
    6   -3    0   2.089647044  -1.044823522  -0.181878E-01  -0.348418E-03
    3    6    0   1.044823522   2.089647044   0.181878E-01  -0.348418E-03
   -6    3    0  -2.089647044   1.044823522  -0.181878E-01  -0.348418E-03
   -3    6    0  -1.044823522   2.089647044   0.181878E-01  -0.348418E-03
   -3   -6    0  -1.044823522  -2.089647044   0.181878E-01  -0.348418E-03
    3   -6    0   1.044823522  -2.089647044   0.181878E-01  -0.348418E-03
   -7    0    0  -2.437921551   0.000000000   0.662616E-16   0.342836E-04
    7    0    0   2.437921551  -0.000000000   0.662616E-16   0.342836E-04
    0   -7    0  -0.000000000  -2.437921551   0.887062E-16   0.342836E-04
    0    7    0   0.000000000   2.437921551   0.887062E-16   0.342836E-04
   -1    7    0  -0.348274507   2.437921551  -0.238561E-02   0.135818E-03
    7   -1    0   2.437921551  -0.348274507  -0.238561E-02   0.135818E-03
    1   -7    0   0.348274507  -2.437921551  -0.238561E-02   0.135818E-03
    7    1    0   2.437921551   0.348274507  -0.238561E-02   0.135818E-03
   -1   -7    0  -0.348274507  -2.437921551  -0.238561E-02   0.135818E-03
    1    7    0   0.348274507   2.437921551  -0.238561E-02   0.135818E-03
   -7   -1    0  -2.437921551  -0.348274507  -0.238561E-02   0.135818E-03
   -7    1    0  -2.437921551   0.348274507  -0.238561E-02   0.135818E-03
    5   -5    0   1.741372537  -1.741372537  -0.723468E-04   0.303028E-03
   -5   -5    0  -1.741372537  -1.741372537  -0.723468E-04   0.303028E-03
    5    5    0   1.741372537   1.741372537  -0.723468E-04   0.303028E-03
   -5    5    0  -1.741372537   1.741372537  -0.723468E-04   0.303028E-03
    4    6    0   1.393098029   2.089647044  -0.536914E-02  -0.392582E-03
   -4   -6    0  -1.393098029  -2.089647044  -0.536914E-02  -0.392582E-03
    6   -4    0   2.089647044  -1.393098029  -0.536914E-02  -0.392582E-03
   -6    4    0  -2.089647044   1.393098029  -0.536914E-02  -0.392582E-03
    4   -6    0   1.393098029  -2.089647044  -0.536914E-02  -0.392582E-03
   -4    6    0  -1.393098029   2.089647044  -0.536914E-02  -0.392582E-03
    6    4    0   2.089647044   1.393098029  -0.536914E-02  -0.392582E-03
   -6   -4    0  -2.089647044  -1.393098029  -0.536914E-02  -0.392582E-03
   -2    7    0  -0.696549015   2.437921551   0.797871E-02   0.377327E-03
    2   -7    0   0.696549015  -2.437921551   0.797871E-02   0.377327E-03
    2    7    0   0.696549015   2.437921551   0.797871E-02   0.377327E-03
   -2   -7    0  -0.696549015  -2.437921551   0.797871E-02   0.377327E-03
   -7    2    0  -2.437921551   0.696549015  -0.797871E-02   0.377327E-03
    7    2    0   2.437921551   0.696549015  -0.797871E-02   0.377327E-03
    7   -2    0   2.437921551  -0.696549015  -0.797871E-02   0.377327E-03
   -7   -2    0  -2.437921551  -0.696549015  -0.797871E-02   0.377327E-03
   -3    7    0  -1.044823522   2.437921551   0.420042E-02  -0.164858E-03
    3    7    0   1.044823522   2.437921551   0.420042E-02  -0.164858E-03
   -7   -3    0  -2.437921551  -1.044823522   0.420042E-02  -0.164858E-03
    7   -3    0   2.437921551  -1.044823522   0.420042E-02  -0.164858E-03
   -3   -7    0  -1.044823522  -2.437921551   0.420042E-02  -0.164858E-03
   -7    3    0  -2.437921551   1.044823522   0.420042E-02  -0.164858E-03
    7    3    0   2.437921551   1.044823522   0.420042E-02  -0.164858E-03
    3   -7    0   1.044823522  -2.437921551   0.420042E-02  -0.164858E-03
   -5    6    0  -1.741372537   2.089647044   0.223893E-02  -0.106668E-03
    5   -6    0   1.741372537  -2.089647044   0.223893E-02  -0.106668E-03
   -5   -6    0  -1.741372537  -2.089647044   0.223893E-02  -0.106668E-03
    6   -5    0   2.089647044  -1.741372537  -0.223893E-02  -0.106668E-03
    6    5    0   2.089647044   1.741372537  -0.223893E-02  -0.106668E-03
   -6    5    0  -2.089647044   1.741372537  -0.223893E-02  -0.106668E-03
   -6   -5    0  -2.089647044  -1.741372537  -0.223893E-02  -0.106668E-03
    5    6    0   1.741372537   2.089647044   0.223893E-02  -0.106668E-03
    8    0    0   2.786196059  -0.000000000   0.749661E-01   0.120742E-02
    0   -8    0  -0.000000000  -2.786196059   0.749661E-01   0.120742E-02
   -8    0    0  -2.786196059   0.000000000   0.749661E-01   0.120742E-02
    0    8    0   0.000000000   2.786196059   0.749661E-01   0.120742E-02
   -7    4    0  -2.437921551   1.393098029   0.696551E-02   0.343061E-03
    4    7    0   1.393098029   2.437921551  -0.696551E-02   0.343061E-03
   -7   -4    0  -2.437921551  -1.393098029   0.696551E-02   0.343061E-03
    7   -4    0   2.437921551  -1.393098029   0.696551E-02   0.343061E-03
    4   -7    0   1.393098029  -2.437921551  -0.696551E-02   0.343061E-03
    7    4    0   2.437921551   1.393098029   0.696551E-02   0.343061E-03
   -4    7    0  -1.393098029   2.437921551  -0.696551E-02   0.343061E-03
   -4   -7    0  -1.393098029  -2.437921551  -0.696551E-02   0.343061E-03
    1    8    0   0.348274507   2.786196059   0.234814E-02  -0.571338E-04
   -1    8    0  -0.348274507   2.786196059   0.234814E-02  -0.571338E-04
   -8    1    0  -2.786196059   0.348274507  -0.234814E-02  -0.571338E-04
    8    1    0   2.786196059   0.348274507  -0.234814E-02  -0.571338E-04
   -8   -1    0  -2.786196059  -0.348274507  -0.234814E-02  -0.571338E-04
    1   -8    0   0.348274507  -2.786196059   0.234814E-02  -0.571338E-04
    8   -1    0   2.786196059  -0.348274507  -0.234814E-02  -0.571338E-04
   -1   -8    0  -0.348274507  -2.786196059   0.234814E-02  -0.571338E-04
    2    8    0   0.696549015   2.786196059  -0.470083E-03   0.349899E-03
   -2    8    0  -0.696549015   2.786196059  -0.470083E-03   0.349899E-03
    8    2    0   2.786196059   0.696549015  -0.470083E-03   0.349899E-03
   -8   -2    0  -2.786196059  -0.696549015  -0.470083E-03   0.349899E-03
   -2   -8    0  -0.696549015  -2.786196059  -0.470083E-03   0.349899E-03
   -8    2    0  -2.786196059   0.696549015  -0.470083E-03   0.349899E-03
    8   -2    0   2.786196059  -0.696549015  -0.470083E-03   0.349899E-03
    2   -8    0   0.696549015  -2.786196059  -0.470083E-03   0.349899E-03
   -6   -6    0  -2.089647044  -2.089647044  -0.198454E-02   0.934661E-04
    6   -6    0   2.089647044  -2.089647044  -0.198454E-02   0.934661E-04
    6    6    0   2.089647044   2.089647044  -0.198454E-02   0.934661E-04
   -6    6    0  -2.089647044   2.089647044  -0.198454E-02   0.934661E-04
    8   -3    0   2.786196059  -1.044823522   0.315825E-02  -0.217620E-04
   -8    3    0  -2.786196059   1.044823522   0.315825E-02  -0.217620E-04
   -8   -3    0  -2.786196059  -1.044823522   0.315825E-02  -0.217620E-04
    3    8    0   1.044823522   2.786196059  -0.315825E-02  -0.217620E-04
    8    3    0   2.786196059   1.044823522   0.315825E-02  -0.217620E-04
    3   -8    0   1.044823522  -2.786196059  -0.315825E-02  -0.217620E-04
   -3    8    0  -1.044823522   2.786196059  -0.315825E-02  -0.217620E-04
   -3   -8    0  -1.044823522  -2.786196059  -0.315825E-02  -0.217620E-04
   -7   -5    0  -2.437921551  -1.741372537   0.881736E-03   0.212525E-04
   -5    7    0  -1.741372537   2.437921551   0.881736E-03   0.212525E-04
   -5   -7    0  -1.741372537  -2.437921551   0.881736E-03   0.212525E-04
   -7    5    0  -2.437921551   1.741372537   0.881736E-03   0.212525E-04
    7   -5    0   2.437921551  -1.741372537   0.881736E-03   0.212525E-04
    7    5    0   2.437921551   1.741372537   0.881736E-03   0.212525E-04
    5   -7    0   1.741372537  -2.437921551   0.881736E-03   0.212525E-04
    5    7    0   1.741372537   2.437921551   0.881736E-03   0.212525E-04
   -8   -4    0  -2.786196059  -1.393098029  -0.135775E-01   0.222708E-03
    8   -4    0   2.786196059  -1.393098029  -0.135775E-01   0.222708E-03
    8    4    0   2.786196059   1.393098029  -0.135775E-01   0.222708E-03
    4    8    0   1.393098029   2.786196059  -0.135775E-01   0.222708E-03
   -8    4    0  -2.786196059   1.393098029  -0.135775E-01   0.222708E-03
    4   -8    0   1.393098029  -2.786196059  -0.135775E-01   0.222708E-03
   -4    8    0  -1.393098029   2.786196059  -0.135775E-01   0.222708E-03
   -4   -8    0  -1.393098029  -2.786196059  -0.135775E-01   0.222708E-03
   -9    0    0  -3.134470566   0.000000000  -0.901806E-17  -0.432351E-04
    0   -9    0  -0.000000000  -3.134470566  -0.470270E-16  -0.432351E-04
    9    0    0   3.134470566  -0.000000000  -0.901806E-17  -0.432351E-04
    0    9    0   0.000000000   3.134470566  -0.470270E-16  -0.432351E-04
    9    1    0   3.134470566   0.348274507   0.423361E-03   0.219049E-03
    1    9    0   0.348274507   3.134470566   0.423361E-03   0.219049E-03
   -1   -9    0  -0.348274507  -3.134470566   0.423361E-03   0.219049E-03
   -9    1    0  -3.134470566   0.348274507   0.423361E-03   0.219049E-03
   -1    9    0  -0.348274507   3.134470566   0.423361E-03   0.219049E-03
   -9   -1    0  -3.134470566  -0.348274507   0.423361E-03   0.219049E-03
    9   -1    0   3.134470566  -0.348274507   0.423361E-03   0.219049E-03
    1   -9    0   0.348274507  -3.134470566   0.423361E-03   0.219049E-03
   -6    7    0  -2.089647044   2.437921551   0.207646E-01   0.513772E-03
   -7   -6    0  -2.437921551  -2.089647044  -0.207646E-01   0.513772E-03
    7   -6    0   2.437921551  -2.089647044  -0.207646E-01   0.513772E-03
    7    6    0   2.437921551   2.089647044  -0.207646E-01   0.513772E-03
    6    7    0   2.089647044   2.437921551   0.207646E-01   0.513772E-03
    6   -7    0   2.089647044  -2.437921551   0.207646E-01   0.513772E-03
   -7    6    0  -2.437921551   2.089647044  -0.207646E-01   0.513772E-03
   -6   -7    0  -2.089647044  -2.437921551   0.207646E-01   0.513772E-03
   -2   -9    0  -0.696549015  -3.134470566  -0.284517E-02  -0.748321E-04
   -9   -2    0  -3.134470566  -0.696549015   0.284517E-02  -0.748321E-04
    2   -9    0   0.696549015  -3.134470566  -0.284517E-02  -0.748321E-04
   -2    9    0  -0.696549015   3.134470566  -0.284517E-02  -0.748321E-04
    9   -2    0   3.134470566  -0.696549015   0.284517E-02  -0.748321E-04
    9    2    0   3.134470566   0.696549015   0.284517E-02  -0.748321E-04
   -9    2    0  -3.134470566   0.696549015   0.284517E-02  -0.748321E-04
    2    9    0   0.696549015   3.134470566  -0.284517E-02  -0.748321E-04
    8   -5    0   2.786196059  -1.741372537   0.107367E-02  -0.357165E-04
    8    5    0   2.786196059   1.741372537   0.107367E-02  -0.357165E-04
    5    8    0   1.741372537   2.786196059  -0.107367E-02  -0.357165E-04
   -8    5    0  -2.786196059   1.741372537   0.107367E-02  -0.357165E-04
    5   -8    0   1.741372537  -2.786196059  -0.107367E-02  -0.357165E-04
   -8   -5    0  -2.786196059  -1.741372537   0.107367E-02  -0.357165E-04
   -5    8    0  -1.741372537   2.786196059  -0.107367E-02  -0.357165E-04
   -5   -8    0  -1.741372537  -2.786196059  -0.107367E-02  -0.357165E-04
    9   -3    0   3.134470566  -1.044823522  -0.140672E-02   0.490569E-04
   -9    3    0  -3.134470566   1.044823522  -0.140672E-02   0.490569E-04
   -3   -9    0  -1.044823522  -3.134470566  -0.140672E-02   0.490569E-04
   -3    9    0  -1.044823522   3.134470566  -0.140672E-02   0.490569E-04
    3   -9    0   1.044823522  -3.134470566  -0.140672E-02   0.490569E-04
   -9   -3    0  -3.134470566  -1.044823522  -0.140672E-02   0.490569E-04
    9    3    0   3.134470566   1.044823522  -0.140672E-02   0.490569E-04
    3    9    0   1.044823522   3.134470566  -0.140672E-02   0.490569E-04
    4   -9    0   1.393098029  -3.134470566   0.173667E-02   0.440973E-04
   -9   -4    0  -3.134470566  -1.393098029  -0.173667E-02   0.440973E-04
   -9    4    0  -3.134470566   1.393098029  -0.173667E-02   0.440973E-04
   -4   -9    0  -1.393098029  -3.134470566   0.173667E-02   0.440973E-04
    9   -4    0   3.134470566  -1.393098029  -0.173667E-02   0.440973E-04
   -4    9    0  -1.393098029   3.134470566   0.173667E-02   0.440973E-04
    9    4    0   3.134470566   1.393098029  -0.173667E-02   0.440973E-04
    4    9    0   1.393098029   3.134470566   0.173667E-02   0.440973E-04
   -7   -7    0  -2.437921551  -2.437921551  -0.335880E-02  -0.140412E-03
    7    7    0   2.437921551   2.437921551  -0.335880E-02  -0.140412E-03
    7   -7    0   2.437921551  -2.437921551  -0.335880E-02  -0.140412E-03
   -7    7    0  -2.437921551   2.437921551  -0.335880E-02  -0.140412E-03
   -6    8    0  -2.089647044   2.786196059   0.165676E-01   0.411841E-03
    0  -10    0  -0.000000000  -3.482745073  -0.175317E-01  -0.443806E-03
    6    8    0   2.089647044   2.786196059   0.165676E-01   0.411841E-03
   -6   -8    0  -2.089647044  -2.786196059   0.165676E-01   0.411841E-03
    6   -8    0   2.089647044  -2.786196059   0.165676E-01   0.411841E-03
   -8   -6    0  -2.786196059  -2.089647044   0.165676E-01   0.411841E-03
   -8    6    0  -2.786196059   2.089647044   0.165676E-01   0.411841E-03
    0   10    0   0.000000000   3.482745073  -0.175317E-01  -0.443806E-03
  -10    0    0  -3.482745073   0.000000000  -0.175317E-01  -0.443806E-03
   10    0    0   3.482745073  -0.000000000  -0.175317E-01  -0.443806E-03
    8    6    0   2.786196059   2.089647044   0.165676E-01   0.411841E-03
    8   -6    0   2.786196059  -2.089647044   0.165676E-01   0.411841E-03
    1  -10    0   0.348274507  -3.482745073   0.456292E-02  -0.355277E-03
  -10   -1    0  -3.482745073  -0.348274507  -0.456292E-02  -0.355277E-03
   -1   10    0  -0.348274507   3.482745073   0.456292E-02  -0.355277E-03
   10   -1    0   3.482745073  -0.348274507  -0.456292E-02  -0.355277E-03
  -10    1    0  -3.482745073   0.348274507  -0.456292E-02  -0.355277E-03
   -1  -10    0  -0.348274507  -3.482745073   0.456292E-02  -0.355277E-03
   10    1    0   3.482745073   0.348274507  -0.456292E-02  -0.355277E-03
    1   10    0   0.348274507   3.482745073   0.456292E-02  -0.355277E-03
   -2   10    0  -0.696549015   3.482745073   0.472851E-02  -0.146747E-03
   10   -2    0   3.482745073  -0.696549015   0.472851E-02  -0.146747E-03
   -2  -10    0  -0.696549015  -3.482745073   0.472851E-02  -0.146747E-03
   10    2    0   3.482745073   0.696549015   0.472851E-02  -0.146747E-03
    2  -10    0   0.696549015  -3.482745073   0.472851E-02  -0.146747E-03
  -10   -2    0  -3.482745073  -0.696549015   0.472851E-02  -0.146747E-03
  -10    2    0  -3.482745073   0.696549015   0.472851E-02  -0.146747E-03
    2   10    0   0.696549015   3.482745073   0.472851E-02  -0.146747E-03
   -9    5    0  -3.134470566   1.741372537   0.579809E-03  -0.400998E-05
   -5   -9    0  -1.741372537  -3.134470566   0.579809E-03  -0.400998E-05
   -5    9    0  -1.741372537   3.134470566   0.579809E-03  -0.400998E-05
    9   -5    0   3.134470566  -1.741372537   0.579809E-03  -0.400998E-05
    5    9    0   1.741372537   3.134470566   0.579809E-03  -0.400998E-05
   -9   -5    0  -3.134470566  -1.741372537   0.579809E-03  -0.400998E-05
    9    5    0   3.134470566   1.741372537   0.579809E-03  -0.400998E-05
    5   -9    0   1.741372537  -3.134470566   0.579809E-03  -0.400998E-05
  -10   -3    0  -3.482745073  -1.044823522  -0.346174E-02   0.123966E-03
    3  -10    0   1.044823522  -3.482745073   0.346174E-02   0.123966E-03
  -10    3    0  -3.482745073   1.044823522  -0.346174E-02   0.123966E-03
   -3   10    0  -1.044823522   3.482745073   0.346174E-02   0.123966E-03
   -3  -10    0  -1.044823522  -3.482745073   0.346174E-02   0.123966E-03
    3   10    0   1.044823522   3.482745073   0.346174E-02   0.123966E-03
   10   -3    0   3.482745073  -1.044823522  -0.346174E-02   0.123966E-03
   10    3    0   3.482745073   1.044823522  -0.346174E-02   0.123966E-03
   -8    7    0  -2.786196059   2.437921551  -0.277365E-02  -0.150421E-03
    8   -7    0   2.786196059  -2.437921551  -0.277365E-02  -0.150421E-03
   -8   -7    0  -2.786196059  -2.437921551  -0.277365E-02  -0.150421E-03
   -7    8    0  -2.437921551   2.786196059   0.277365E-02  -0.150421E-03
    7   -8    0   2.437921551  -2.786196059   0.277365E-02  -0.150421E-03
    7    8    0   2.437921551   2.786196059   0.277365E-02  -0.150421E-03
    8    7    0   2.786196059   2.437921551  -0.277365E-02  -0.150421E-03
   -7   -8    0  -2.437921551  -2.786196059   0.277365E-02  -0.150421E-03
   10    4    0   3.482745073   1.393098029  -0.196200E-02  -0.154147E-03
    4   10    0   1.393098029   3.482745073  -0.196200E-02  -0.154147E-03
   -4  -10    0  -1.393098029  -3.482745073  -0.196200E-02  -0.154147E-03
   10   -4    0   3.482745073  -1.393098029  -0.196200E-02  -0.154147E-03
  -10   -4    0  -3.482745073  -1.393098029  -0.196200E-02  -0.154147E-03
    4  -10    0   1.393098029  -3.482745073  -0.196200E-02  -0.154147E-03
  -10    4    0  -3.482745073   1.393098029  -0.196200E-02  -0.154147E-03
   -4   10    0  -1.393098029   3.482745073  -0.196200E-02  -0.154147E-03
   -9   -6    0  -3.134470566  -2.089647044  -0.528245E-03  -0.490109E-17
   -9    6    0  -3.134470566   2.089647044  -0.528245E-03  -0.212464E-16
   -6   -9    0  -2.089647044  -3.134470566   0.528245E-03   0.538771E-17
   -6    9    0  -2.089647044   3.134470566   0.528245E-03  -0.785177E-18
    6    9    0   2.089647044   3.134470566   0.528245E-03  -0.405585E-17
    9   -6    0   3.134470566  -2.089647044  -0.528245E-03   0.225783E-16
    6   -9    0   2.089647044  -3.134470566   0.528245E-03   0.211704E-17
    9    6    0   3.134470566   2.089647044  -0.528245E-03   0.623295E-17
   11    0    0   3.831019580  -0.000000000   0.199986E-16   0.128552E-03
  -11    0    0  -3.831019580   0.000000000   0.199986E-16   0.128552E-03
    0  -11    0  -0.000000000  -3.831019580   0.158904E-16   0.128552E-03
    0   11    0   0.000000000   3.831019580   0.158904E-16   0.128552E-03
   -1   11    0  -0.348274507   3.831019580   0.194581E-02   0.982587E-04
   11   -1    0   3.831019580  -0.348274507   0.194581E-02   0.982587E-04
    1  -11    0   0.348274507  -3.831019580   0.194581E-02   0.982587E-04
  -11    1    0  -3.831019580   0.348274507   0.194581E-02   0.982587E-04
   -1  -11    0  -0.348274507  -3.831019580   0.194581E-02   0.982587E-04
  -11   -1    0  -3.831019580  -0.348274507   0.194581E-02   0.982587E-04
   11    1    0   3.831019580   0.348274507   0.194581E-02   0.982587E-04
    1   11    0   0.348274507   3.831019580   0.194581E-02   0.982587E-04
    2   11    0   0.696549015   3.831019580  -0.739292E-02   0.117936E-03
    5  -10    0   1.741372537  -3.482745073   0.134643E-02   0.259328E-04
   11    2    0   3.831019580   0.696549015   0.739292E-02   0.117936E-03
    2  -11    0   0.696549015  -3.831019580  -0.739292E-02   0.117936E-03
   -5   10    0  -1.741372537   3.482745073   0.134643E-02   0.259328E-04
   -2  -11    0  -0.696549015  -3.831019580  -0.739292E-02   0.117936E-03
   -5  -10    0  -1.741372537  -3.482745073   0.134643E-02   0.259328E-04
  -11    2    0  -3.831019580   0.696549015   0.739292E-02   0.117936E-03
   -2   11    0  -0.696549015   3.831019580  -0.739292E-02   0.117936E-03
  -10   -5    0  -3.482745073  -1.741372537  -0.134643E-02   0.259328E-04
   11   -2    0   3.831019580  -0.696549015   0.739292E-02   0.117936E-03
  -10    5    0  -3.482745073   1.741372537  -0.134643E-02   0.259328E-04
   10   -5    0   3.482745073  -1.741372537  -0.134643E-02   0.259328E-04
   10    5    0   3.482745073   1.741372537  -0.134643E-02   0.259328E-04
    5   10    0   1.741372537   3.482745073   0.134643E-02   0.259328E-04
  -11   -2    0  -3.831019580  -0.696549015   0.739292E-02   0.117936E-03
   -8    8    0  -2.786196059   2.786196059   0.464952E-01   0.958470E-03
    8    8    0   2.786196059   2.786196059   0.464952E-01   0.958470E-03
    8   -8    0   2.786196059  -2.786196059   0.464952E-01   0.958470E-03
   -8   -8    0  -2.786196059  -2.786196059   0.464952E-01   0.958470E-03
  -11   -3    0  -3.831019580  -1.044823522  -0.226522E-02  -0.527729E-04
    3  -11    0   1.044823522  -3.831019580  -0.226522E-02  -0.527729E-04
   -3  -11    0  -1.044823522  -3.831019580  -0.226522E-02  -0.527729E-04
   11   -3    0   3.831019580  -1.044823522  -0.226522E-02  -0.527729E-04
   11    3    0   3.831019580   1.044823522  -0.226522E-02  -0.527729E-04
   -3   11    0  -1.044823522   3.831019580  -0.226522E-02  -0.527729E-04
  -11    3    0  -3.831019580   1.044823522  -0.226522E-02  -0.527729E-04
    3   11    0   1.044823522   3.831019580  -0.226522E-02  -0.527729E-04
    7   -9    0   2.437921551  -3.134470566   0.131287E-02  -0.353450E-04
    9    7    0   3.134470566   2.437921551   0.131287E-02  -0.353450E-04
   -7    9    0  -2.437921551   3.134470566   0.131287E-02  -0.353450E-04
   -7   -9    0  -2.437921551  -3.134470566   0.131287E-02  -0.353450E-04
    9   -7    0   3.134470566  -2.437921551   0.131287E-02  -0.353450E-04
   -9   -7    0  -3.134470566  -2.437921551   0.131287E-02  -0.353450E-04
    7    9    0   2.437921551   3.134470566   0.131287E-02  -0.353450E-04
   -9    7    0  -3.134470566   2.437921551   0.131287E-02  -0.353450E-04
  -10   -6    0  -3.482745073  -2.089647044  -0.241831E-02   0.526041E-04
   -6   10    0  -2.089647044   3.482745073  -0.241831E-02   0.526041E-04
   10   -6    0   3.482745073  -2.089647044  -0.241831E-02   0.526041E-04
  -10    6    0  -3.482745073   2.089647044  -0.241831E-02   0.526041E-04
   10    6    0   3.482745073   2.089647044  -0.241831E-02   0.526041E-04
    6  -10    0   2.089647044  -3.482745073  -0.241831E-02   0.526041E-04
    6   10    0   2.089647044   3.482745073  -0.241831E-02   0.526041E-04
   -6  -10    0  -2.089647044  -3.482745073  -0.241831E-02   0.526041E-04
    4   11    0   1.393098029   3.831019580   0.432478E-02   0.199730E-03
   11   -4    0   3.831019580  -1.393098029  -0.432478E-02   0.199730E-03
    4  -11    0   1.393098029  -3.831019580   0.432478E-02   0.199730E-03
  -11    4    0  -3.831019580   1.393098029  -0.432478E-02   0.199730E-03
   -4  -11    0  -1.393098029  -3.831019580   0.432478E-02   0.199730E-03
   -4   11    0  -1.393098029   3.831019580   0.432478E-02   0.199730E-03
   11    4    0   3.831019580   1.393098029  -0.432478E-02   0.199730E-03
  -11   -4    0  -3.831019580  -1.393098029  -0.432478E-02   0.199730E-03
    0  -12    0  -0.000000000  -4.179294088   0.550222E-02  -0.835803E-04
    0   12    0   0.000000000   4.179294088   0.550222E-02  -0.835803E-04
  -12    0    0  -4.179294088   0.000000000   0.550222E-02  -0.835803E-04
   12    0    0   4.179294088  -0.000000000   0.550222E-02  -0.835803E-04
   12   -1    0   4.179294088  -0.348274507  -0.277816E-03  -0.342651E-03
    1   12    0   0.348274507   4.179294088   0.277816E-03  -0.342651E-03
  -12   -1    0  -4.179294088  -0.348274507  -0.277816E-03  -0.342651E-03
   -1  -12    0  -0.348274507  -4.179294088   0.277816E-03  -0.342651E-03
  -12    1    0  -4.179294088   0.348274507  -0.277816E-03  -0.342651E-03
    1  -12    0   0.348274507  -4.179294088   0.277816E-03  -0.342651E-03
   -1   12    0  -0.348274507   4.179294088   0.277816E-03  -0.342651E-03
   12    1    0   4.179294088   0.348274507  -0.277816E-03  -0.342651E-03
   -8   -9    0  -2.786196059  -3.134470566   0.233537E-03  -0.123804E-03
    8   -9    0   2.786196059  -3.134470566   0.233537E-03  -0.123804E-03
    9    8    0   3.134470566   2.786196059  -0.233537E-03  -0.123804E-03
    8    9    0   2.786196059   3.134470566   0.233537E-03  -0.123804E-03
    9   -8    0   3.134470566  -2.786196059  -0.233537E-03  -0.123804E-03
   -9   -8    0  -3.134470566  -2.786196059  -0.233537E-03  -0.123804E-03
   -9    8    0  -3.134470566   2.786196059  -0.233537E-03  -0.123804E-03
   -8    9    0  -2.786196059   3.134470566   0.233537E-03  -0.123804E-03
    5  -11    0   1.741372537  -3.831019580   0.378839E-04   0.573888E-04
  -11    5    0  -3.831019580   1.741372537   0.378839E-04   0.573888E-04
   -5   11    0  -1.741372537   3.831019580   0.378839E-04   0.573888E-04
   -5  -11    0  -1.741372537  -3.831019580   0.378839E-04   0.573888E-04
   11   -5    0   3.831019580  -1.741372537   0.378839E-04   0.573888E-04
   11    5    0   3.831019580   1.741372537   0.378839E-04   0.573888E-04
  -11   -5    0  -3.831019580  -1.741372537   0.378839E-04   0.573888E-04
    5   11    0   1.741372537   3.831019580   0.378839E-04   0.573888E-04
   12    2    0   4.179294088   0.696549015  -0.472373E-02  -0.215543E-03
    2  -12    0   0.696549015  -4.179294088  -0.472373E-02  -0.215543E-03
  -12    2    0  -4.179294088   0.696549015  -0.472373E-02  -0.215543E-03
  -12   -2    0  -4.179294088  -0.696549015  -0.472373E-02  -0.215543E-03
   12   -2    0   4.179294088  -0.696549015  -0.472373E-02  -0.215543E-03
   -2  -12    0  -0.696549015  -4.179294088  -0.472373E-02  -0.215543E-03
   -2   12    0  -0.696549015   4.179294088  -0.472373E-02  -0.215543E-03
    2   12    0   0.696549015   4.179294088  -0.472373E-02  -0.215543E-03
   -7  -10    0  -2.437921551  -3.482745073   0.370792E-02   0.157280E-03
   10    7    0   3.482745073   2.437921551  -0.370792E-02   0.157280E-03
   -7   10    0  -2.437921551   3.482745073   0.370792E-02   0.157280E-03
   10   -7    0   3.482745073  -2.437921551  -0.370792E-02   0.157280E-03
    7  -10    0   2.437921551  -3.482745073   0.370792E-02   0.157280E-03
  -10   -7    0  -3.482745073  -2.437921551  -0.370792E-02   0.157280E-03
    7   10    0   2.437921551   3.482745073   0.370792E-02   0.157280E-03
  -10    7    0  -3.482745073   2.437921551  -0.370792E-02   0.157280E-03
   -3  -12    0  -1.044823522  -4.179294088  -0.285727E-03   0.992740E-04
   12    3    0   4.179294088   1.044823522   0.285727E-03   0.992740E-04
    3   12    0   1.044823522   4.179294088  -0.285727E-03   0.992740E-04
    3  -12    0   1.044823522  -4.179294088  -0.285727E-03   0.992740E-04
  -12    3    0  -4.179294088   1.044823522   0.285727E-03   0.992740E-04
   12   -3    0   4.179294088  -1.044823522   0.285727E-03   0.992740E-04
  -12   -3    0  -4.179294088  -1.044823522   0.285727E-03   0.992740E-04
   -3   12    0  -1.044823522   4.179294088  -0.285727E-03   0.992740E-04
  -11    6    0  -3.831019580   2.089647044   0.114814E-01  -0.333837E-03
  -11   -6    0  -3.831019580  -2.089647044   0.114814E-01  -0.333837E-03
   11   -6    0   3.831019580  -2.089647044   0.114814E-01  -0.333837E-03
    6   11    0   2.089647044   3.831019580  -0.114814E-01  -0.333837E-03
    6  -11    0   2.089647044  -3.831019580  -0.114814E-01  -0.333837E-03
   11    6    0   3.831019580   2.089647044   0.114814E-01  -0.333837E-03
   -6   11    0  -2.089647044   3.831019580  -0.114814E-01  -0.333837E-03
   -6  -11    0  -2.089647044  -3.831019580  -0.114814E-01  -0.333837E-03
   -4  -12    0  -1.393098029  -4.179294088   0.140442E-02  -0.693780E-04
   12   -4    0   4.179294088  -1.393098029   0.140442E-02  -0.693780E-04
  -12   -4    0  -4.179294088  -1.393098029   0.140442E-02  -0.693780E-04
   -4   12    0  -1.393098029   4.179294088   0.140442E-02  -0.693780E-04
   12    4    0   4.179294088   1.393098029   0.140442E-02  -0.693780E-04
    4  -12    0   1.393098029  -4.179294088   0.140442E-02  -0.693780E-04
  -12    4    0  -4.179294088   1.393098029   0.140442E-02  -0.693780E-04
    4   12    0   1.393098029   4.179294088   0.140442E-02  -0.693780E-04
   -9    9    0  -3.134470566   3.134470566  -0.167380E-02  -0.818118E-04
    9   -9    0   3.134470566  -3.134470566  -0.167380E-02  -0.818118E-04
    9    9    0   3.134470566   3.134470566  -0.167380E-02  -0.818118E-04
   -9   -9    0  -3.134470566  -3.134470566  -0.167380E-02  -0.818118E-04
    8  -10    0   2.786196059  -3.482745073  -0.108392E-01  -0.361800E-03
   -8   10    0  -2.786196059   3.482745073  -0.108392E-01  -0.361800E-03
  -10   -8    0  -3.482745073  -2.786196059  -0.108392E-01  -0.361800E-03
   10   -8    0   3.482745073  -2.786196059  -0.108392E-01  -0.361800E-03
  -10    8    0  -3.482745073   2.786196059  -0.108392E-01  -0.361800E-03
   10    8    0   3.482745073   2.786196059  -0.108392E-01  -0.361800E-03
   -8  -10    0  -2.786196059  -3.482745073  -0.108392E-01  -0.361800E-03
    8   10    0   2.786196059   3.482745073  -0.108392E-01  -0.361800E-03
   12   -5    0   4.179294088  -1.741372537  -0.649998E-03   0.585767E-05
   -5   12    0  -1.741372537   4.179294088   0.649998E-03   0.585767E-05
    5   12    0   1.741372537   4.179294088   0.649998E-03   0.585767E-05
    5  -12    0   1.741372537  -4.179294088   0.649998E-03   0.585767E-05
   -5  -12    0  -1.741372537  -4.179294088   0.649998E-03   0.585767E-05
  -12    5    0  -4.179294088   1.741372537  -0.649998E-03   0.585767E-05
   12    5    0   4.179294088   1.741372537  -0.649998E-03   0.585767E-05
  -12   -5    0  -4.179294088  -1.741372537  -0.649998E-03   0.585767E-05
   13    0    0   4.527568595  -0.000000000   0.230966E-16  -0.931829E-04
    0  -13    0  -0.000000000  -4.527568595   0.336275E-16  -0.931829E-04
    0   13    0   0.000000000   4.527568595   0.336275E-16  -0.931829E-04
  -13    0    0  -4.527568595   0.000000000   0.230966E-16  -0.931829E-04
   11    7    0   3.831019580   2.437921551   0.263981E-02   0.120943E-03
    7  -11    0   2.437921551  -3.831019580   0.263981E-02   0.120943E-03
   11   -7    0   3.831019580  -2.437921551   0.263981E-02   0.120943E-03
   -7   11    0  -2.437921551   3.831019580   0.263981E-02   0.120943E-03
  -11    7    0  -3.831019580   2.437921551   0.263981E-02   0.120943E-03
    7   11    0   2.437921551   3.831019580   0.263981E-02   0.120943E-03
  -11   -7    0  -3.831019580  -2.437921551   0.263981E-02   0.120943E-03
   -7  -11    0  -2.437921551  -3.831019580   0.263981E-02   0.120943E-03
   -1  -13    0  -0.348274507  -4.527568595  -0.739556E-03   0.170487E-04
    1  -13    0   0.348274507  -4.527568595  -0.739556E-03   0.170487E-04
   13    1    0   4.527568595   0.348274507  -0.739556E-03   0.170487E-04
   13   -1    0   4.527568595  -0.348274507  -0.739556E-03   0.170487E-04
  -13   -1    0  -4.527568595  -0.348274507  -0.739556E-03   0.170487E-04
  -13    1    0  -4.527568595   0.348274507  -0.739556E-03   0.170487E-04
    1   13    0   0.348274507   4.527568595  -0.739556E-03   0.170487E-04
   -1   13    0  -0.348274507   4.527568595  -0.739556E-03   0.170487E-04
  -13   -2    0  -4.527568595  -0.696549015  -0.477912E-02  -0.784814E-04
   -2   13    0  -0.696549015   4.527568595   0.477912E-02  -0.784814E-04
    2   13    0   0.696549015   4.527568595   0.477912E-02  -0.784814E-04
   -2  -13    0  -0.696549015  -4.527568595   0.477912E-02  -0.784814E-04
    2  -13    0   0.696549015  -4.527568595   0.477912E-02  -0.784814E-04
   13    2    0   4.527568595   0.696549015  -0.477912E-02  -0.784814E-04
  -13    2    0  -4.527568595   0.696549015  -0.477912E-02  -0.784814E-04
   13   -2    0   4.527568595  -0.696549015  -0.477912E-02  -0.784814E-04
  -13   -3    0  -4.527568595  -1.044823522   0.232615E-02  -0.861766E-04
   13   -3    0   4.527568595  -1.044823522   0.232615E-02  -0.861766E-04
   13    3    0   4.527568595   1.044823522   0.232615E-02  -0.861766E-04
    3  -13    0   1.044823522  -4.527568595   0.232615E-02  -0.861766E-04
   -3   13    0  -1.044823522   4.527568595   0.232615E-02  -0.861766E-04
    3   13    0   1.044823522   4.527568595   0.232615E-02  -0.861766E-04
   -3  -13    0  -1.044823522  -4.527568595   0.232615E-02  -0.861766E-04
  -13    3    0  -4.527568595   1.044823522   0.232615E-02  -0.861766E-04
  -12   -6    0  -4.179294088  -2.089647044  -0.672419E-03   0.227873E-05
    6   12    0   2.089647044   4.179294088  -0.672419E-03   0.227873E-05
   12    6    0   4.179294088   2.089647044  -0.672419E-03   0.227873E-05
  -12    6    0  -4.179294088   2.089647044  -0.672419E-03   0.227873E-05
    6  -12    0   2.089647044  -4.179294088  -0.672419E-03   0.227873E-05
   12   -6    0   4.179294088  -2.089647044  -0.672419E-03   0.227873E-05
   -6  -12    0  -2.089647044  -4.179294088  -0.672419E-03   0.227873E-05
   -6   12    0  -2.089647044   4.179294088  -0.672419E-03   0.227873E-05
   10   -9    0   3.482745073  -3.134470566  -0.442859E-02   0.106773E-03
  -10   -9    0  -3.482745073  -3.134470566  -0.442859E-02   0.106773E-03
   -9   10    0  -3.134470566   3.482745073   0.442859E-02   0.106773E-03
    9   10    0   3.134470566   3.482745073   0.442859E-02   0.106773E-03
    9  -10    0   3.134470566  -3.482745073   0.442859E-02   0.106773E-03
  -10    9    0  -3.482745073   3.134470566  -0.442859E-02   0.106773E-03
   10    9    0   3.482745073   3.134470566  -0.442859E-02   0.106773E-03
   -9  -10    0  -3.134470566  -3.482745073   0.442859E-02   0.106773E-03
    8   11    0   2.786196059   3.831019580   0.201481E-02  -0.144281E-03
   -8  -11    0  -2.786196059  -3.831019580   0.201481E-02  -0.144281E-03
   11    8    0   3.831019580   2.786196059  -0.201481E-02  -0.144281E-03
  -11    8    0  -3.831019580   2.786196059  -0.201481E-02  -0.144281E-03
   -8   11    0  -2.786196059   3.831019580   0.201481E-02  -0.144281E-03
    8  -11    0   2.786196059  -3.831019580   0.201481E-02  -0.144281E-03
   11   -8    0   3.831019580  -2.786196059  -0.201481E-02  -0.144281E-03
  -11   -8    0  -3.831019580  -2.786196059  -0.201481E-02  -0.144281E-03
  -13    4    0  -4.527568595   1.393098029   0.321297E-02  -0.109164E-03
   13    4    0   4.527568595   1.393098029   0.321297E-02  -0.109164E-03
  -13   -4    0  -4.527568595  -1.393098029   0.321297E-02  -0.109164E-03
    4  -13    0   1.393098029  -4.527568595  -0.321297E-02  -0.109164E-03
   13   -4    0   4.527568595  -1.393098029   0.321297E-02  -0.109164E-03
    4   13    0   1.393098029   4.527568595  -0.321297E-02  -0.109164E-03
   -4   13    0  -1.393098029   4.527568595  -0.321297E-02  -0.109164E-03
   -4  -13    0  -1.393098029  -4.527568595  -0.321297E-02  -0.109164E-03
   12    7    0   4.179294088   2.437921551  -0.674263E-03  -0.878865E-05
  -12   -7    0  -4.179294088  -2.437921551  -0.674263E-03  -0.878865E-05
    7  -12    0   2.437921551  -4.179294088   0.674263E-03  -0.878865E-05
   -7   12    0  -2.437921551   4.179294088   0.674263E-03  -0.878865E-05
  -12    7    0  -4.179294088   2.437921551  -0.674263E-03  -0.878865E-05
    7   12    0   2.437921551   4.179294088   0.674263E-03  -0.878865E-05
   -7  -12    0  -2.437921551  -4.179294088   0.674263E-03  -0.878865E-05
   12   -7    0   4.179294088  -2.437921551  -0.674263E-03  -0.878865E-05
  -13    5    0  -4.527568595   1.741372537  -0.351043E-04  -0.379234E-03
   13    5    0   4.527568595   1.741372537  -0.351043E-04  -0.379234E-03
    5  -13    0   1.741372537  -4.527568595  -0.351043E-04  -0.379234E-03
   -5   13    0  -1.741372537   4.527568595  -0.351043E-04  -0.379234E-03
    5   13    0   1.741372537   4.527568595  -0.351043E-04  -0.379234E-03
   13   -5    0   4.527568595  -1.741372537  -0.351043E-04  -0.379234E-03
  -13   -5    0  -4.527568595  -1.741372537  -0.351043E-04  -0.379234E-03
   -5  -13    0  -1.741372537  -4.527568595  -0.351043E-04  -0.379234E-03
    0  -14    0  -0.000000000  -4.875843102   0.197294E-01   0.643469E-03
    0   14    0   0.000000000   4.875843102   0.197294E-01   0.643469E-03
  -14    0    0  -4.875843102   0.000000000   0.197294E-01   0.643469E-03
   14    0    0   4.875843102  -0.000000000   0.197294E-01   0.643469E-03
  -14    1    0  -4.875843102   0.348274507   0.144343E-01   0.481322E-03
   -1   14    0  -0.348274507   4.875843102  -0.144343E-01   0.481322E-03
   14   -1    0   4.875843102  -0.348274507   0.144343E-01   0.481322E-03
  -14   -1    0  -4.875843102  -0.348274507   0.144343E-01   0.481322E-03
   14    1    0   4.875843102   0.348274507   0.144343E-01   0.481322E-03
   -1  -14    0  -0.348274507  -4.875843102  -0.144343E-01   0.481322E-03
    1   14    0   0.348274507   4.875843102  -0.144343E-01   0.481322E-03
    1  -14    0   0.348274507  -4.875843102  -0.144343E-01   0.481322E-03
    2  -14    0   0.696549015  -4.875843102  -0.275180E-02  -0.562190E-04
   14   -2    0   4.875843102  -0.696549015  -0.275180E-02  -0.562190E-04
   14    2    0   4.875843102   0.696549015  -0.275180E-02  -0.562190E-04
  -14    2    0  -4.875843102   0.696549015  -0.275180E-02  -0.562190E-04
   -2   14    0  -0.696549015   4.875843102  -0.275180E-02  -0.562190E-04
  -14   -2    0  -4.875843102  -0.696549015  -0.275180E-02  -0.562190E-04
    2   14    0   0.696549015   4.875843102  -0.275180E-02  -0.562190E-04
   -2  -14    0  -0.696549015  -4.875843102  -0.275180E-02  -0.562190E-04
   10  -10    0   3.482745073  -3.482745073   0.761472E-02  -0.213641E-03
  -10  -10    0  -3.482745073  -3.482745073   0.761472E-02  -0.213641E-03
  -10   10    0  -3.482745073   3.482745073   0.761472E-02  -0.213641E-03
   10   10    0   3.482745073   3.482745073   0.761472E-02  -0.213641E-03
  -11    9    0  -3.831019580   3.134470566  -0.736177E-03   0.607833E-05
   -9   11    0  -3.134470566   3.831019580  -0.736177E-03   0.607833E-05
   11   -9    0   3.831019580  -3.134470566  -0.736177E-03   0.607833E-05
   -9  -11    0  -3.134470566  -3.831019580  -0.736177E-03   0.607833E-05
    9  -11    0   3.134470566  -3.831019580  -0.736177E-03   0.607833E-05
  -11   -9    0  -3.831019580  -3.134470566  -0.736177E-03   0.607833E-05
    9   11    0   3.134470566   3.831019580  -0.736177E-03   0.607833E-05
   11    9    0   3.831019580   3.134470566  -0.736177E-03   0.607833E-05
   -3   14    0  -1.044823522   4.875843102   0.103548E-01  -0.394156E-03
  -14   -3    0  -4.875843102  -1.044823522  -0.103548E-01  -0.394156E-03
   -3  -14    0  -1.044823522  -4.875843102   0.103548E-01  -0.394156E-03
  -14    3    0  -4.875843102   1.044823522  -0.103548E-01  -0.394156E-03
   14   -3    0   4.875843102  -1.044823522  -0.103548E-01  -0.394156E-03
    3   14    0   1.044823522   4.875843102   0.103548E-01  -0.394156E-03
   14    3    0   4.875843102   1.044823522  -0.103548E-01  -0.394156E-03
    3  -14    0   1.044823522  -4.875843102   0.103548E-01  -0.394156E-03
   13   -6    0   4.527568595  -2.089647044  -0.893239E-02   0.422616E-03
  -13   -6    0  -4.527568595  -2.089647044  -0.893239E-02   0.422616E-03
    6   13    0   2.089647044   4.527568595   0.893239E-02   0.422616E-03
  -13    6    0  -4.527568595   2.089647044  -0.893239E-02   0.422616E-03
    6  -13    0   2.089647044  -4.527568595   0.893239E-02   0.422616E-03
   -6  -13    0  -2.089647044  -4.527568595   0.893239E-02   0.422616E-03
   -6   13    0  -2.089647044   4.527568595   0.893239E-02   0.422616E-03
   13    6    0   4.527568595   2.089647044  -0.893239E-02   0.422616E-03
   -8  -12    0  -2.786196059  -4.179294088   0.257658E-02   0.202141E-03
   12   -8    0   4.179294088  -2.786196059   0.257658E-02   0.202141E-03
    8  -12    0   2.786196059  -4.179294088   0.257658E-02   0.202141E-03
    8   12    0   2.786196059   4.179294088   0.257658E-02   0.202141E-03
   -8   12    0  -2.786196059   4.179294088   0.257658E-02   0.202141E-03
   12    8    0   4.179294088   2.786196059   0.257658E-02   0.202141E-03
  -12    8    0  -4.179294088   2.786196059   0.257658E-02   0.202141E-03
  -12   -8    0  -4.179294088  -2.786196059   0.257658E-02   0.202141E-03
  -14   -4    0  -4.875843102  -1.393098029  -0.320720E-02   0.166921E-03
  -14    4    0  -4.875843102   1.393098029  -0.320720E-02   0.166921E-03
    4  -14    0   1.393098029  -4.875843102  -0.320720E-02   0.166921E-03
   -4   14    0  -1.393098029   4.875843102  -0.320720E-02   0.166921E-03
   14   -4    0   4.875843102  -1.393098029  -0.320720E-02   0.166921E-03
   14    4    0   4.875843102   1.393098029  -0.320720E-02   0.166921E-03
    4   14    0   1.393098029   4.875843102  -0.320720E-02   0.166921E-03
   -4  -14    0  -1.393098029  -4.875843102  -0.320720E-02   0.166921E-03
   -7   13    0  -2.437921551   4.527568595  -0.173918E-02   0.931454E-04
   -7  -13    0  -2.437921551  -4.527568595  -0.173918E-02   0.931454E-04
  -13    7    0  -4.527568595   2.437921551  -0.173918E-02   0.931454E-04
    7   13    0   2.437921551   4.527568595  -0.173918E-02   0.931454E-04
    7  -13    0   2.437921551  -4.527568595  -0.173918E-02   0.931454E-04
  -13   -7    0  -4.527568595  -2.437921551  -0.173918E-02   0.931454E-04
   13    7    0   4.527568595   2.437921551  -0.173918E-02   0.931454E-04
   13   -7    0   4.527568595  -2.437921551  -0.173918E-02   0.931454E-04
  -14    5    0  -4.875843102   1.741372537  -0.338242E-03  -0.445208E-17
   -5  -14    0  -1.741372537  -4.875843102   0.338242E-03  -0.674365E-17
   14   -5    0   4.875843102  -1.741372537  -0.338242E-03   0.118355E-16
  -14   -5    0  -4.875843102  -1.741372537  -0.338242E-03   0.941551E-17
   14    5    0   4.875843102   1.741372537  -0.338242E-03  -0.203213E-17
    5   14    0   1.741372537   4.875843102   0.338242E-03   0.141270E-16
   -5   14    0  -1.741372537   4.875843102   0.338242E-03   0.451785E-17
    5  -14    0   1.741372537  -4.875843102   0.338242E-03   0.286553E-17
  -11   10    0  -3.831019580   3.482745073   0.254445E-02   0.100976E-03
   10  -11    0   3.482745073  -3.831019580  -0.254445E-02   0.100976E-03
   11  -10    0   3.831019580  -3.482745073   0.254445E-02   0.100976E-03
  -10   11    0  -3.482745073   3.831019580  -0.254445E-02   0.100976E-03
  -10  -11    0  -3.482745073  -3.831019580  -0.254445E-02   0.100976E-03
   10   11    0   3.482745073   3.831019580  -0.254445E-02   0.100976E-03
   11   10    0   3.831019580   3.482745073   0.254445E-02   0.100976E-03
  -11  -10    0  -3.831019580  -3.482745073   0.254445E-02   0.100976E-03
   12   -9    0   4.179294088  -3.134470566   0.772528E-03   0.125688E-04
   -9  -12    0  -3.134470566  -4.179294088  -0.772528E-03   0.125688E-04
  -12   -9    0  -4.179294088  -3.134470566   0.772528E-03   0.125688E-04
   12    9    0   4.179294088   3.134470566   0.772528E-03   0.125688E-04
   -9   12    0  -3.134470566   4.179294088  -0.772528E-03   0.125688E-04
    9   12    0   3.134470566   4.179294088  -0.772528E-03   0.125688E-04
  -12    9    0  -4.179294088   3.134470566   0.772528E-03   0.125688E-04
    9  -12    0   3.134470566  -4.179294088  -0.772528E-03   0.125688E-04
   14   -6    0   4.875843102  -2.089647044  -0.113761E-02   0.554842E-04
  -14   -6    0  -4.875843102  -2.089647044  -0.113761E-02   0.554842E-04
   -6   14    0  -2.089647044   4.875843102  -0.113761E-02   0.554842E-04
    6  -14    0   2.089647044  -4.875843102  -0.113761E-02   0.554842E-04
  -14    6    0  -4.875843102   2.089647044  -0.113761E-02   0.554842E-04
   14    6    0   4.875843102   2.089647044  -0.113761E-02   0.554842E-04
   -6  -14    0  -2.089647044  -4.875843102  -0.113761E-02   0.554842E-04
    6   14    0   2.089647044   4.875843102  -0.113761E-02   0.554842E-04
   -8  -13    0  -2.786196059  -4.527568595  -0.834146E-03   0.191128E-04
  -13   -8    0  -4.527568595  -2.786196059   0.834146E-03   0.191128E-04
   13    8    0   4.527568595   2.786196059   0.834146E-03   0.191128E-04
    8  -13    0   2.786196059  -4.527568595  -0.834146E-03   0.191128E-04
   13   -8    0   4.527568595  -2.786196059   0.834146E-03   0.191128E-04
   -8   13    0  -2.786196059   4.527568595  -0.834146E-03   0.191128E-04
    8   13    0   2.786196059   4.527568595  -0.834146E-03   0.191128E-04
  -13    8    0  -4.527568595   2.786196059   0.834146E-03   0.191128E-04
   11  -11    0   3.831019580  -3.831019580  -0.141882E-02   0.654338E-04
  -11  -11    0  -3.831019580  -3.831019580  -0.141882E-02   0.654338E-04
   11   11    0   3.831019580   3.831019580  -0.141882E-02   0.654338E-04
  -11   11    0  -3.831019580   3.831019580  -0.141882E-02   0.654338E-04
  -10   12    0  -3.482745073   4.179294088  -0.586945E-02  -0.667850E-04
  -12   10    0  -4.179294088   3.482745073  -0.586945E-02  -0.667850E-04
  -12  -10    0  -4.179294088  -3.482745073  -0.586945E-02  -0.667850E-04
   12   10    0   4.179294088   3.482745073  -0.586945E-02  -0.667850E-04
  -10  -12    0  -3.482745073  -4.179294088  -0.586945E-02  -0.667850E-04
   10   12    0   3.482745073   4.179294088  -0.586945E-02  -0.667850E-04
   10  -12    0   3.482745073  -4.179294088  -0.586945E-02  -0.667850E-04
   12  -10    0   4.179294088  -3.482745073  -0.586945E-02  -0.667850E-04
  -14   -7    0  -4.875843102  -2.437921551   0.173663E-01   0.662723E-03
    7   14    0   2.437921551   4.875843102  -0.173663E-01   0.662723E-03
   -7   14    0  -2.437921551   4.875843102  -0.173663E-01   0.662723E-03
   14    7    0   4.875843102   2.437921551   0.173663E-01   0.662723E-03
   -7  -14    0  -2.437921551  -4.875843102  -0.173663E-01   0.662723E-03
  -14    7    0  -4.875843102   2.437921551   0.173663E-01   0.662723E-03
   14   -7    0   4.875843102  -2.437921551   0.173663E-01   0.662723E-03
    7  -14    0   2.437921551  -4.875843102  -0.173663E-01   0.662723E-03
    9  -13    0   3.134470566  -4.527568595   0.173443E-02  -0.466997E-04
  -13   -9    0  -4.527568595  -3.134470566   0.173443E-02  -0.466997E-04
   -9   13    0  -3.134470566   4.527568595   0.173443E-02  -0.466997E-04
   13    9    0   4.527568595   3.134470566   0.173443E-02  -0.466997E-04
   13   -9    0   4.527568595  -3.134470566   0.173443E-02  -0.466997E-04
  -13    9    0  -4.527568595   3.134470566   0.173443E-02  -0.466997E-04
    9   13    0   3.134470566   4.527568595   0.173443E-02  -0.466997E-04
   -9  -13    0  -3.134470566  -4.527568595   0.173443E-02  -0.466997E-04
   -8   14    0  -2.786196059   4.875843102   0.149705E-01   0.564110E-03
  -14    8    0  -4.875843102   2.786196059   0.149705E-01   0.564110E-03
   14   -8    0   4.875843102  -2.786196059   0.149705E-01   0.564110E-03
   -8  -14    0  -2.786196059  -4.875843102   0.149705E-01   0.564110E-03
   14    8    0   4.875843102   2.786196059   0.149705E-01   0.564110E-03
  -14   -8    0  -4.875843102  -2.786196059   0.149705E-01   0.564110E-03
    8  -14    0   2.786196059  -4.875843102   0.149705E-01   0.564110E-03
    8   14    0   2.786196059   4.875843102   0.149705E-01   0.564110E-03
  -12   11    0  -4.179294088   3.831019580   0.109704E-03   0.726731E-04
   11   12    0   3.831019580   4.179294088  -0.109704E-03   0.726731E-04
  -11  -12    0  -3.831019580  -4.179294088  -0.109704E-03   0.726731E-04
   12  -11    0   4.179294088  -3.831019580   0.109704E-03   0.726731E-04
   11  -12    0   3.831019580  -4.179294088  -0.109704E-03   0.726731E-04
  -11   12    0  -3.831019580   4.179294088  -0.109704E-03   0.726731E-04
  -12  -11    0  -4.179294088  -3.831019580   0.109704E-03   0.726731E-04
   12   11    0   4.179294088   3.831019580   0.109704E-03   0.726731E-04
  -13   10    0  -4.527568595   3.482745073  -0.290387E-03   0.778149E-04
  -13  -10    0  -4.527568595  -3.482745073  -0.290387E-03   0.778149E-04
   13  -10    0   4.527568595  -3.482745073  -0.290387E-03   0.778149E-04
  -10   13    0  -3.482745073   4.527568595   0.290387E-03   0.778149E-04
   10  -13    0   3.482745073  -4.527568595   0.290387E-03   0.778149E-04
   10   13    0   3.482745073   4.527568595   0.290387E-03   0.778149E-04
   13   10    0   4.527568595   3.482745073  -0.290387E-03   0.778149E-04
  -10  -13    0  -3.482745073  -4.527568595   0.290387E-03   0.778149E-04
   14   -9    0   4.875843102  -3.134470566   0.212895E-02  -0.717847E-04
  -14    9    0  -4.875843102   3.134470566   0.212895E-02  -0.717847E-04
    9  -14    0   3.134470566  -4.875843102  -0.212895E-02  -0.717847E-04
   -9   14    0  -3.134470566   4.875843102  -0.212895E-02  -0.717847E-04
   14    9    0   4.875843102   3.134470566   0.212895E-02  -0.717847E-04
   -9  -14    0  -3.134470566  -4.875843102  -0.212895E-02  -0.717847E-04
  -14   -9    0  -4.875843102  -3.134470566   0.212895E-02  -0.717847E-04
    9   14    0   3.134470566   4.875843102  -0.212895E-02  -0.717847E-04
   12   12    0   4.179294088   4.179294088   0.253437E-02  -0.688489E-04
   12  -12    0   4.179294088  -4.179294088   0.253437E-02  -0.688489E-04
  -12  -12    0  -4.179294088  -4.179294088   0.253437E-02  -0.688489E-04
  -12   12    0  -4.179294088   4.179294088   0.253437E-02  -0.688489E-04
   11   13    0   3.831019580   4.527568595   0.178987E-02  -0.106149E-03
  -13  -11    0  -4.527568595  -3.831019580   0.178987E-02  -0.106149E-03
  -11  -13    0  -3.831019580  -4.527568595   0.178987E-02  -0.106149E-03
  -13   11    0  -4.527568595   3.831019580   0.178987E-02  -0.106149E-03
  -11   13    0  -3.831019580   4.527568595   0.178987E-02  -0.106149E-03
   11  -13    0   3.831019580  -4.527568595   0.178987E-02  -0.106149E-03
   13  -11    0   4.527568595  -3.831019580   0.178987E-02  -0.106149E-03
   13   11    0   4.527568595   3.831019580   0.178987E-02  -0.106149E-03
  -14   10    0  -4.875843102   3.482745073  -0.301352E-02  -0.164612E-03
  -14  -10    0  -4.875843102  -3.482745073  -0.301352E-02  -0.164612E-03
   10  -14    0   3.482745073  -4.875843102  -0.301352E-02  -0.164612E-03
   14  -10    0   4.875843102  -3.482745073  -0.301352E-02  -0.164612E-03
   14   10    0   4.875843102   3.482745073  -0.301352E-02  -0.164612E-03
  -10  -14    0  -3.482745073  -4.875843102  -0.301352E-02  -0.164612E-03
  -10   14    0  -3.482745073   4.875843102  -0.301352E-02  -0.164612E-03
   10   14    0   3.482745073   4.875843102  -0.301352E-02  -0.164612E-03
  -12  -13    0  -4.179294088  -4.527568595  -0.119395E-02   0.722836E-04
   12  -13    0   4.179294088  -4.527568595  -0.119395E-02   0.722836E-04
  -13   12    0  -4.527568595   4.179294088   0.119395E-02   0.722836E-04
  -13  -12    0  -4.527568595  -4.179294088   0.119395E-02   0.722836E-04
   13   12    0   4.527568595   4.179294088   0.119395E-02   0.722836E-04
  -12   13    0  -4.179294088   4.527568595  -0.119395E-02   0.722836E-04
   12   13    0   4.179294088   4.527568595  -0.119395E-02   0.722836E-04
   13  -12    0   4.527568595  -4.179294088   0.119395E-02   0.722836E-04
   11  -14    0   3.831019580  -4.875843102   0.848685E-02  -0.451099E-03
  -11   14    0  -3.831019580   4.875843102   0.848685E-02  -0.451099E-03
  -14  -11    0  -4.875843102  -3.831019580  -0.848685E-02  -0.451099E-03
  -14   11    0  -4.875843102   3.831019580  -0.848685E-02  -0.451099E-03
  -11  -14    0  -3.831019580  -4.875843102   0.848685E-02  -0.451099E-03
   14  -11    0   4.875843102  -3.831019580  -0.848685E-02  -0.451099E-03
   11   14    0   3.831019580   4.875843102   0.848685E-02  -0.451099E-03
   14   11    0   4.875843102   3.831019580  -0.848685E-02  -0.451099E-03
  -13   13    0  -4.527568595   4.527568595  -0.196757E-02  -0.105841E-03
   13   13    0   4.527568595   4.527568595  -0.196757E-02  -0.105841E-03
  -13  -13    0  -4.527568595  -4.527568595  -0.196757E-02  -0.105841E-03
   13  -13    0   4.527568595  -4.527568595  -0.196757E-02  -0.105841E-03
   14  -12    0   4.875843102  -4.179294088   0.500488E-03   0.292683E-16
  -12  -14    0  -4.179294088  -4.875843102   0.500488E-03  -0.114112E-16
   14   12    0   4.875843102   4.179294088   0.500488E-03   0.177859E-16
   12  -14    0   4.179294088  -4.875843102   0.500488E-03   0.101434E-17
   12   14    0   4.179294088   4.875843102   0.500488E-03   0.111920E-16
  -14  -12    0  -4.875843102  -4.179294088   0.500488E-03  -0.180051E-16
  -12   14    0  -4.179294088   4.875843102   0.500488E-03  -0.123357E-17
  -14   12    0  -4.875843102   4.179294088   0.500488E-03  -0.294875E-16
  -14  -13    0  -4.875843102  -4.527568595   0.857261E-02   0.431763E-03
   14   13    0   4.875843102   4.527568595   0.857261E-02   0.431763E-03
  -13  -14    0  -4.527568595  -4.875843102  -0.857261E-02   0.431763E-03
  -13   14    0  -4.527568595   4.875843102  -0.857261E-02   0.431763E-03
   14  -13    0   4.875843102  -4.527568595   0.857261E-02   0.431763E-03
   13   14    0   4.527568595   4.875843102  -0.857261E-02   0.431763E-03
   13  -14    0   4.527568595  -4.875843102  -0.857261E-02   0.431763E-03
  -14   13    0  -4.875843102   4.527568595   0.857261E-02   0.431763E-03
  -14   14    0  -4.875843102   4.875843102  -0.736313E-03   0.172359E-04
   14  -14    0   4.875843102  -4.875843102  -0.736313E-03   0.172359E-04
  -14  -14    0  -4.875843102  -4.875843102  -0.736313E-03   0.172359E-04
   14   14    0   4.875843102   4.875843102  -0.736313E-03   0.172359E-04
