    0    0    0   0.000000000   0.000000000   0.000000E+00   0.000000E+00
   -1    1    0  -1.262375790   1.262375790   0.162431E-01   0.379965E-02
    1    1    0   1.262375790   1.262375790   0.162431E-01   0.379965E-02
   -1   -1    0  -1.262375790  -1.262375790   0.162431E-01   0.379965E-02
    1   -1    0   1.262375790  -1.262375790   0.162431E-01   0.379965E-02
    0    2    0   0.000000000   2.524751580   0.448003E-01   0.316494E-02
   -2    0    0  -2.524751580   0.000000000   0.448003E-01   0.316494E-02
    0   -2    0  -0.000000000  -2.524751580   0.448003E-01   0.316494E-02
    2    0    0   2.524751580  -0.000000000   0.448003E-01   0.316494E-02
    2    2    0   2.524751580   2.524751580   0.142262E-01   0.220530E-02
   -2   -2    0  -2.524751580  -2.524751580   0.142262E-01   0.220530E-02
    2   -2    0   2.524751580  -2.524751580   0.142262E-01   0.220530E-02
   -2    2    0  -2.524751580   2.524751580   0.142262E-01   0.220530E-02
   -3   -1    0  -3.787127370  -1.262375790   0.440344E-02   0.184272E-02
    3   -1    0   3.787127370  -1.262375790   0.440344E-02   0.184272E-02
    3    1    0   3.787127370   1.262375790   0.440344E-02   0.184272E-02
   -1    3    0  -1.262375790   3.787127370   0.440344E-02   0.184272E-02
    1    3    0   1.262375790   3.787127370   0.440344E-02   0.184272E-02
   -3    1    0  -3.787127370   1.262375790   0.440344E-02   0.184272E-02
    1   -3    0   1.262375790  -3.787127370   0.440344E-02   0.184272E-02
   -1   -3    0  -1.262375790  -3.787127370   0.440344E-02   0.184272E-02
    0    4    0   0.000000000   5.049503160  -0.470036E-02   0.107340E-02
    0   -4    0  -0.000000000  -5.049503160  -0.470036E-02   0.107340E-02
    4    0    0   5.049503160  -0.000000000  -0.470036E-02   0.107340E-02
   -4    0    0  -5.049503160   0.000000000  -0.470036E-02   0.107340E-02
   -3   -3    0  -3.787127370  -3.787127370   0.230006E-01   0.894736E-03
    3   -3    0   3.787127370  -3.787127370   0.230006E-01   0.894736E-03
   -3    3    0  -3.787127370   3.787127370   0.230006E-01   0.894736E-03
    3    3    0   3.787127370   3.787127370   0.230006E-01   0.894736E-03
   -2    4    0  -2.524751580   5.049503160  -0.525284E-02   0.744559E-03
    4   -2    0   5.049503160  -2.524751580  -0.525284E-02   0.744559E-03
   -4    2    0  -5.049503160   2.524751580  -0.525284E-02   0.744559E-03
    2    4    0   2.524751580   5.049503160  -0.525284E-02   0.744559E-03
    2   -4    0   2.524751580  -5.049503160  -0.525284E-02   0.744559E-03
   -2   -4    0  -2.524751580  -5.049503160  -0.525284E-02   0.744559E-03
   -4   -2    0  -5.049503160  -2.524751580  -0.525284E-02   0.744559E-03
    4    2    0   5.049503160   2.524751580  -0.525284E-02   0.744559E-03
   -5    1    0  -6.311878949   1.262375790  -0.163981E-02   0.422689E-03
    5    1    0   6.311878949   1.262375790  -0.163981E-02   0.422689E-03
   -1    5    0  -1.262375790   6.311878949  -0.163981E-02   0.422689E-03
   -1   -5    0  -1.262375790  -6.311878949  -0.163981E-02   0.422689E-03
   -5   -1    0  -6.311878949  -1.262375790  -0.163981E-02   0.422689E-03
    5   -1    0   6.311878949  -1.262375790  -0.163981E-02   0.422689E-03
    1   -5    0   1.262375790  -6.311878949  -0.163981E-02   0.422689E-03
    1    5    0   1.262375790   6.311878949  -0.163981E-02   0.422689E-03
    4   -4    0   5.049503160  -5.049503160  -0.528757E-02   0.231495E-03
   -4   -4    0  -5.049503160  -5.049503160  -0.528757E-02   0.231495E-03
    4    4    0   5.049503160   5.049503160  -0.528757E-02   0.231495E-03
   -4    4    0  -5.049503160   5.049503160  -0.528757E-02   0.231495E-03
   -5    3    0  -6.311878949   3.787127370   0.131029E-01   0.187087E-03
    5    3    0   6.311878949   3.787127370   0.131029E-01   0.187087E-03
   -5   -3    0  -6.311878949  -3.787127370   0.131029E-01   0.187087E-03
    5   -3    0   6.311878949  -3.787127370   0.131029E-01   0.187087E-03
    3   -5    0   3.787127370  -6.311878949   0.131029E-01   0.187087E-03
   -3    5    0  -3.787127370   6.311878949   0.131029E-01   0.187087E-03
    3    5    0   3.787127370   6.311878949   0.131029E-01   0.187087E-03
   -3   -5    0  -3.787127370  -6.311878949   0.131029E-01   0.187087E-03
    0    6    0   0.000000000   7.574254739   0.693471E-02   0.149915E-03
    6    0    0   7.574254739  -0.000000000   0.693471E-02   0.149915E-03
   -6    0    0  -7.574254739   0.000000000   0.693471E-02   0.149915E-03
    0   -6    0  -0.000000000  -7.574254739   0.693471E-02   0.149915E-03
   -2    6    0  -2.524751580   7.574254739   0.655665E-03  -0.369380E-07
    2    6    0   2.524751580   7.574254739   0.655665E-03  -0.369380E-07
    6    2    0   7.574254739   2.524751580   0.655665E-03  -0.369380E-07
   -6   -2    0  -7.574254739  -2.524751580   0.655665E-03  -0.369380E-07
    2   -6    0   2.524751580  -7.574254739   0.655665E-03  -0.369380E-07
    6   -2    0   7.574254739  -2.524751580   0.655665E-03  -0.369380E-07
   -6    2    0  -7.574254739   2.524751580   0.655665E-03  -0.369380E-07
   -2   -6    0  -2.524751580  -7.574254739   0.655665E-03  -0.369380E-07
    5   -5    0   6.311878949  -6.311878949   0.926935E-02   0.168815E-04
   -5   -5    0  -6.311878949  -6.311878949   0.926935E-02   0.168815E-04
    5    5    0   6.311878949   6.311878949   0.926935E-02   0.168815E-04
   -5    5    0  -6.311878949   6.311878949   0.926935E-02   0.168815E-04
    7    1    0   8.836630529   1.262375790  -0.399131E-02   0.168815E-04
   -7    1    0  -8.836630529   1.262375790  -0.399131E-02   0.168815E-04
    7   -1    0   8.836630529  -1.262375790  -0.399131E-02   0.168815E-04
   -1    7    0  -1.262375790   8.836630529  -0.399131E-02   0.168815E-04
    1   -7    0   1.262375790  -8.836630529  -0.399131E-02   0.168815E-04
    1    7    0   1.262375790   8.836630529  -0.399131E-02   0.168815E-04
   -1   -7    0  -1.262375790  -8.836630529  -0.399131E-02   0.168815E-04
   -7   -1    0  -8.836630529  -1.262375790  -0.399131E-02   0.168815E-04
    6   -4    0   7.574254739  -5.049503160  -0.429456E-02   0.884047E-05
    4   -6    0   5.049503160  -7.574254739  -0.429456E-02   0.884047E-05
    6    4    0   7.574254739   5.049503160  -0.429456E-02   0.884047E-05
    4    6    0   5.049503160   7.574254739  -0.429456E-02   0.884047E-05
   -4    6    0  -5.049503160   7.574254739  -0.429456E-02   0.884047E-05
   -6    4    0  -7.574254739   5.049503160  -0.429456E-02   0.884047E-05
   -6   -4    0  -7.574254739  -5.049503160  -0.429456E-02   0.884047E-05
   -4   -6    0  -5.049503160  -7.574254739  -0.429456E-02   0.884047E-05
    3    7    0   3.787127370   8.836630529  -0.192748E-02  -0.690331E-05
    3   -7    0   3.787127370  -8.836630529  -0.192748E-02  -0.690331E-05
   -3    7    0  -3.787127370   8.836630529  -0.192748E-02  -0.690331E-05
   -3   -7    0  -3.787127370  -8.836630529  -0.192748E-02  -0.690331E-05
    7    3    0   8.836630529   3.787127370  -0.192748E-02  -0.690331E-05
   -7    3    0  -8.836630529   3.787127370  -0.192748E-02  -0.690331E-05
    7   -3    0   8.836630529  -3.787127370  -0.192748E-02  -0.690331E-05
   -7   -3    0  -8.836630529  -3.787127370  -0.192748E-02  -0.690331E-05
    8    0    0  10.099006319  -0.000000000   0.116764E-01  -0.142849E-04
   -8    0    0 -10.099006319   0.000000000   0.116764E-01  -0.142849E-04
    0   -8    0  -0.000000000 -10.099006319   0.116764E-01  -0.142849E-04
    0    8    0   0.000000000  10.099006319   0.116764E-01  -0.142849E-04
    2    8    0   2.524751580  10.099006319   0.375114E-02  -0.164058E-04
   -2    8    0  -2.524751580  10.099006319   0.375114E-02  -0.164058E-04
    8   -2    0  10.099006319  -2.524751580   0.375114E-02  -0.164058E-04
   -2   -8    0  -2.524751580 -10.099006319   0.375114E-02  -0.164058E-04
   -8    2    0 -10.099006319   2.524751580   0.375114E-02  -0.164058E-04
    2   -8    0   2.524751580 -10.099006319   0.375114E-02  -0.164058E-04
    8    2    0  10.099006319   2.524751580   0.375114E-02  -0.164058E-04
   -8   -2    0 -10.099006319  -2.524751580   0.375114E-02  -0.164058E-04
    6    6    0   7.574254739   7.574254739   0.550477E-04  -0.108420E-18
   -6    6    0  -7.574254739   7.574254739   0.550477E-04  -0.341524E-17
    6   -6    0   7.574254739  -7.574254739   0.550477E-04   0.341524E-17
   -6   -6    0  -7.574254739  -7.574254739   0.550477E-04   0.108420E-18
   -7   -5    0  -8.836630529  -6.311878949  -0.167115E-02  -0.171222E-04
   -5    7    0  -6.311878949   8.836630529  -0.167115E-02  -0.171222E-04
   -7    5    0  -8.836630529   6.311878949  -0.167115E-02  -0.171222E-04
    7    5    0   8.836630529   6.311878949  -0.167115E-02  -0.171222E-04
    5    7    0   6.311878949   8.836630529  -0.167115E-02  -0.171222E-04
    7   -5    0   8.836630529  -6.311878949  -0.167115E-02  -0.171222E-04
   -5   -7    0  -6.311878949  -8.836630529  -0.167115E-02  -0.171222E-04
    5   -7    0   6.311878949  -8.836630529  -0.167115E-02  -0.171222E-04
    4   -8    0   5.049503160 -10.099006319  -0.319947E-02  -0.161772E-04
   -4    8    0  -5.049503160  10.099006319  -0.319947E-02  -0.161772E-04
    8    4    0  10.099006319   5.049503160  -0.319947E-02  -0.161772E-04
    8   -4    0  10.099006319  -5.049503160  -0.319947E-02  -0.161772E-04
    4    8    0   5.049503160  10.099006319  -0.319947E-02  -0.161772E-04
   -8   -4    0 -10.099006319  -5.049503160  -0.319947E-02  -0.161772E-04
   -8    4    0 -10.099006319   5.049503160  -0.319947E-02  -0.161772E-04
   -4   -8    0  -5.049503160 -10.099006319  -0.319947E-02  -0.161772E-04
   -1   -9    0  -1.262375790 -11.361382109  -0.286896E-02  -0.156610E-04
    1    9    0   1.262375790  11.361382109  -0.286896E-02  -0.156610E-04
   -9    1    0 -11.361382109   1.262375790  -0.286896E-02  -0.156610E-04
   -1    9    0  -1.262375790  11.361382109  -0.286896E-02  -0.156610E-04
    9    1    0  11.361382109   1.262375790  -0.286896E-02  -0.156610E-04
    1   -9    0   1.262375790 -11.361382109  -0.286896E-02  -0.156610E-04
    9   -1    0  11.361382109  -1.262375790  -0.286896E-02  -0.156610E-04
   -9   -1    0 -11.361382109  -1.262375790  -0.286896E-02  -0.156610E-04
    3   -9    0   3.787127370 -11.361382109  -0.145559E-02  -0.131661E-04
    9    3    0  11.361382109   3.787127370  -0.145559E-02  -0.131661E-04
   -9   -3    0 -11.361382109  -3.787127370  -0.145559E-02  -0.131661E-04
    3    9    0   3.787127370  11.361382109  -0.145559E-02  -0.131661E-04
   -3    9    0  -3.787127370  11.361382109  -0.145559E-02  -0.131661E-04
    9   -3    0  11.361382109  -3.787127370  -0.145559E-02  -0.131661E-04
   -9    3    0 -11.361382109   3.787127370  -0.145559E-02  -0.131661E-04
   -3   -9    0  -3.787127370 -11.361382109  -0.145559E-02  -0.131661E-04
    7    7    0   8.836630529   8.836630529  -0.250400E-02  -0.105609E-04
   -7   -7    0  -8.836630529  -8.836630529  -0.250400E-02  -0.105609E-04
   -7    7    0  -8.836630529   8.836630529  -0.250400E-02  -0.105609E-04
    7   -7    0   8.836630529  -8.836630529  -0.250400E-02  -0.105609E-04
  -10    0    0 -12.623757899   0.000000000   0.271134E-02  -0.994461E-05
   -6    8    0  -7.574254739  10.099006319   0.271134E-02  -0.994461E-05
    0   10    0   0.000000000  12.623757899   0.271134E-02  -0.994461E-05
   -6   -8    0  -7.574254739 -10.099006319   0.271134E-02  -0.994461E-05
   -8   -6    0 -10.099006319  -7.574254739   0.271134E-02  -0.994461E-05
    8    6    0  10.099006319   7.574254739   0.271134E-02  -0.994461E-05
   10    0    0  12.623757899  -0.000000000   0.271134E-02  -0.994461E-05
    6    8    0   7.574254739  10.099006319   0.271134E-02  -0.994461E-05
    0  -10    0  -0.000000000 -12.623757899   0.271134E-02  -0.994461E-05
    6   -8    0   7.574254739 -10.099006319   0.271134E-02  -0.994461E-05
    8   -6    0  10.099006319  -7.574254739   0.271134E-02  -0.994461E-05
   -8    6    0 -10.099006319   7.574254739   0.271134E-02  -0.994461E-05
  -10    2    0 -12.623757899   2.524751580   0.534771E-05  -0.216840E-17
  -10   -2    0 -12.623757899  -2.524751580   0.534771E-05   0.813152E-18
   -2  -10    0  -2.524751580 -12.623757899   0.534771E-05  -0.704731E-18
   10    2    0  12.623757899   2.524751580   0.534771E-05  -0.813152E-18
   10   -2    0  12.623757899  -2.524751580   0.534771E-05   0.216840E-17
   -2   10    0  -2.524751580  12.623757899   0.534771E-05   0.216840E-18
    2  -10    0   2.524751580 -12.623757899   0.534771E-05  -0.216840E-18
    2   10    0   2.524751580  12.623757899   0.534771E-05   0.704731E-18
    9    5    0  11.361382109   6.311878949  -0.128640E-02  -0.822934E-05
    9   -5    0  11.361382109  -6.311878949  -0.128640E-02  -0.822934E-05
    5   -9    0   6.311878949 -11.361382109  -0.128640E-02  -0.822934E-05
   -5   -9    0  -6.311878949 -11.361382109  -0.128640E-02  -0.822934E-05
   -9   -5    0 -11.361382109  -6.311878949  -0.128640E-02  -0.822934E-05
   -9    5    0 -11.361382109   6.311878949  -0.128640E-02  -0.822934E-05
   -5    9    0  -6.311878949  11.361382109  -0.128640E-02  -0.822934E-05
    5    9    0   6.311878949  11.361382109  -0.128640E-02  -0.822934E-05
  -10   -4    0 -12.623757899  -5.049503160  -0.240190E-02  -0.587069E-05
   -4   10    0  -5.049503160  12.623757899  -0.240190E-02  -0.587069E-05
   10    4    0  12.623757899   5.049503160  -0.240190E-02  -0.587069E-05
    4   10    0   5.049503160  12.623757899  -0.240190E-02  -0.587069E-05
  -10    4    0 -12.623757899   5.049503160  -0.240190E-02  -0.587069E-05
   10   -4    0  12.623757899  -5.049503160  -0.240190E-02  -0.587069E-05
    4  -10    0   5.049503160 -12.623757899  -0.240190E-02  -0.587069E-05
   -4  -10    0  -5.049503160 -12.623757899  -0.240190E-02  -0.587069E-05
   11    1    0  13.886133689   1.262375790  -0.115361E-02  -0.474917E-05
   -1  -11    0  -1.262375790 -13.886133689  -0.115361E-02  -0.474917E-05
   -1   11    0  -1.262375790  13.886133689  -0.115361E-02  -0.474917E-05
    1  -11    0   1.262375790 -13.886133689  -0.115361E-02  -0.474917E-05
   11   -1    0  13.886133689  -1.262375790  -0.115361E-02  -0.474917E-05
  -11   -1    0 -13.886133689  -1.262375790  -0.115361E-02  -0.474917E-05
    1   11    0   1.262375790  13.886133689  -0.115361E-02  -0.474917E-05
  -11    1    0 -13.886133689   1.262375790  -0.115361E-02  -0.474917E-05
   -8   -8    0 -10.099006319 -10.099006319   0.667355E-02  -0.382280E-05
    8    8    0  10.099006319  10.099006319   0.667355E-02  -0.382280E-05
    8   -8    0  10.099006319 -10.099006319   0.667355E-02  -0.382280E-05
   -8    8    0 -10.099006319  10.099006319   0.667355E-02  -0.382280E-05
   -7    9    0  -8.836630529  11.361382109  -0.200777E-02  -0.355288E-05
   -9    7    0 -11.361382109   8.836630529  -0.200777E-02  -0.355288E-05
   -9   -7    0 -11.361382109  -8.836630529  -0.200777E-02  -0.355288E-05
    7   -9    0   8.836630529 -11.361382109  -0.200777E-02  -0.355288E-05
    9   -7    0  11.361382109  -8.836630529  -0.200777E-02  -0.355288E-05
    7    9    0   8.836630529  11.361382109  -0.200777E-02  -0.355288E-05
    9    7    0  11.361382109   8.836630529  -0.200777E-02  -0.355288E-05
   -7   -9    0  -8.836630529 -11.361382109  -0.200777E-02  -0.355288E-05
   11   -3    0  13.886133689  -3.787127370   0.420658E-02  -0.355288E-05
   11    3    0  13.886133689   3.787127370   0.420658E-02  -0.355288E-05
  -11    3    0 -13.886133689   3.787127370   0.420658E-02  -0.355288E-05
  -11   -3    0 -13.886133689  -3.787127370   0.420658E-02  -0.355288E-05
    3   11    0   3.787127370  13.886133689   0.420658E-02  -0.355288E-05
   -3   11    0  -3.787127370  13.886133689   0.420658E-02  -0.355288E-05
   -3  -11    0  -3.787127370 -13.886133689   0.420658E-02  -0.355288E-05
    3  -11    0   3.787127370 -13.886133689   0.420658E-02  -0.355288E-05
  -10    6    0 -12.623757899   7.574254739   0.559355E-06   0.157209E-17
   10   -6    0  12.623757899  -7.574254739   0.559355E-06  -0.157209E-17
   -6   10    0  -7.574254739  12.623757899   0.559355E-06   0.216840E-18
    6   10    0   7.574254739  12.623757899   0.559355E-06   0.276472E-17
   10    6    0  12.623757899   7.574254739   0.559355E-06   0.542101E-18
   -6  -10    0  -7.574254739 -12.623757899   0.559355E-06  -0.276472E-17
  -10   -6    0 -12.623757899  -7.574254739   0.559355E-06  -0.542101E-18
    6  -10    0   7.574254739 -12.623757899   0.559355E-06  -0.216840E-18
  -12    0    0 -15.148509479   0.000000000  -0.202610E-02  -0.210887E-05
    0  -12    0  -0.000000000 -15.148509479  -0.202610E-02  -0.210887E-05
   12    0    0  15.148509479  -0.000000000  -0.202610E-02  -0.210887E-05
    0   12    0   0.000000000  15.148509479  -0.202610E-02  -0.210887E-05
  -11    5    0 -13.886133689   6.311878949   0.383716E-02  -0.195552E-05
   -5  -11    0  -6.311878949 -13.886133689   0.383716E-02  -0.195552E-05
   11    5    0  13.886133689   6.311878949   0.383716E-02  -0.195552E-05
   -5   11    0  -6.311878949  13.886133689   0.383716E-02  -0.195552E-05
   11   -5    0  13.886133689  -6.311878949   0.383716E-02  -0.195552E-05
  -11   -5    0 -13.886133689  -6.311878949   0.383716E-02  -0.195552E-05
    5  -11    0   6.311878949 -13.886133689   0.383716E-02  -0.195552E-05
    5   11    0   6.311878949  13.886133689   0.383716E-02  -0.195552E-05
  -12   -2    0 -15.148509479  -2.524751580  -0.198269E-02  -0.181300E-05
    2   12    0   2.524751580  15.148509479  -0.198269E-02  -0.181300E-05
    2  -12    0   2.524751580 -15.148509479  -0.198269E-02  -0.181300E-05
   12    2    0  15.148509479   2.524751580  -0.198269E-02  -0.181300E-05
   -2  -12    0  -2.524751580 -15.148509479  -0.198269E-02  -0.181300E-05
   12   -2    0  15.148509479  -2.524751580  -0.198269E-02  -0.181300E-05
   -2   12    0  -2.524751580  15.148509479  -0.198269E-02  -0.181300E-05
  -12    2    0 -15.148509479   2.524751580  -0.198269E-02  -0.181300E-05
  -12   -4    0 -15.148509479  -5.049503160  -0.186387E-02  -0.114804E-05
   12    4    0  15.148509479   5.049503160  -0.186387E-02  -0.114804E-05
   -4   12    0  -5.049503160  15.148509479  -0.186387E-02  -0.114804E-05
   -4  -12    0  -5.049503160 -15.148509479  -0.186387E-02  -0.114804E-05
  -12    4    0 -15.148509479   5.049503160  -0.186387E-02  -0.114804E-05
    4  -12    0   5.049503160 -15.148509479  -0.186387E-02  -0.114804E-05
   12   -4    0  15.148509479  -5.049503160  -0.186387E-02  -0.114804E-05
    4   12    0   5.049503160  15.148509479  -0.186387E-02  -0.114804E-05
   -9   -9    0 -11.361382109 -11.361382109  -0.168723E-02  -0.106348E-05
    9    9    0  11.361382109  11.361382109  -0.168723E-02  -0.106348E-05
   -9    9    0 -11.361382109  11.361382109  -0.168723E-02  -0.106348E-05
    9   -9    0  11.361382109 -11.361382109  -0.168723E-02  -0.106348E-05
  -10   -8    0 -12.623757899 -10.099006319   0.182779E-02  -0.985085E-06
    8  -10    0  10.099006319 -12.623757899   0.182779E-02  -0.985085E-06
    8   10    0  10.099006319  12.623757899   0.182779E-02  -0.985085E-06
   -8   10    0 -10.099006319  12.623757899   0.182779E-02  -0.985085E-06
   10    8    0  12.623757899  10.099006319   0.182779E-02  -0.985085E-06
   10   -8    0  12.623757899 -10.099006319   0.182779E-02  -0.985085E-06
   -8  -10    0 -10.099006319 -12.623757899   0.182779E-02  -0.985085E-06
  -10    8    0 -12.623757899  10.099006319   0.182779E-02  -0.985085E-06
   13   -1    0  16.410885268  -1.262375790  -0.887990E-03  -0.782633E-06
    1   13    0   1.262375790  16.410885268  -0.887990E-03  -0.782633E-06
  -13    1    0 -16.410885268   1.262375790  -0.887990E-03  -0.782633E-06
  -13   -1    0 -16.410885268  -1.262375790  -0.887990E-03  -0.782633E-06
   13    1    0  16.410885268   1.262375790  -0.887990E-03  -0.782633E-06
   -1  -13    0  -1.262375790 -16.410885268  -0.887990E-03  -0.782633E-06
   -1   13    0  -1.262375790  16.410885268  -0.887990E-03  -0.782633E-06
    1  -13    0   1.262375790 -16.410885268  -0.887990E-03  -0.782633E-06
    7  -11    0   8.836630529 -13.886133689  -0.887990E-03  -0.782633E-06
  -11    7    0 -13.886133689   8.836630529  -0.887990E-03  -0.782633E-06
   11    7    0  13.886133689   8.836630529  -0.887990E-03  -0.782633E-06
   -7   11    0  -8.836630529  13.886133689  -0.887990E-03  -0.782633E-06
    7   11    0   8.836630529  13.886133689  -0.887990E-03  -0.782633E-06
   11   -7    0  13.886133689  -8.836630529  -0.887990E-03  -0.782633E-06
  -11   -7    0 -13.886133689  -8.836630529  -0.887990E-03  -0.782633E-06
   -7  -11    0  -8.836630529 -13.886133689  -0.887990E-03  -0.782633E-06
    3  -13    0   3.787127370 -16.410885268   0.327704E-02  -0.575620E-06
   13    3    0  16.410885268   3.787127370   0.327704E-02  -0.575620E-06
   -3  -13    0  -3.787127370 -16.410885268   0.327704E-02  -0.575620E-06
    3   13    0   3.787127370  16.410885268   0.327704E-02  -0.575620E-06
  -13    3    0 -16.410885268   3.787127370   0.327704E-02  -0.575620E-06
   -3   13    0  -3.787127370  16.410885268   0.327704E-02  -0.575620E-06
   13   -3    0  16.410885268  -3.787127370   0.327704E-02  -0.575620E-06
  -13   -3    0 -16.410885268  -3.787127370   0.327704E-02  -0.575620E-06
  -12   -6    0 -15.148509479  -7.574254739  -0.169663E-02  -0.533045E-06
   12    6    0  15.148509479   7.574254739  -0.169663E-02  -0.533045E-06
   -6  -12    0  -7.574254739 -15.148509479  -0.169663E-02  -0.533045E-06
   12   -6    0  15.148509479  -7.574254739  -0.169663E-02  -0.533045E-06
   -6   12    0  -7.574254739  15.148509479  -0.169663E-02  -0.533045E-06
    6   12    0   7.574254739  15.148509479  -0.169663E-02  -0.533045E-06
  -12    6    0 -15.148509479   7.574254739  -0.169663E-02  -0.533045E-06
    6  -12    0   7.574254739 -15.148509479  -0.169663E-02  -0.533045E-06
   13   -5    0  16.410885268  -6.311878949   0.305761E-02  -0.311341E-06
    5   13    0   6.311878949  16.410885268   0.305761E-02  -0.311341E-06
  -13   -5    0 -16.410885268  -6.311878949   0.305761E-02  -0.311341E-06
   -5  -13    0  -6.311878949 -16.410885268   0.305761E-02  -0.311341E-06
  -13    5    0 -16.410885268   6.311878949   0.305761E-02  -0.311341E-06
   -5   13    0  -6.311878949  16.410885268   0.305761E-02  -0.311341E-06
   13    5    0  16.410885268   6.311878949   0.305761E-02  -0.311341E-06
    5  -13    0   6.311878949 -16.410885268   0.305761E-02  -0.311341E-06
    0  -14    0  -0.000000000 -17.673261058   0.158412E-02  -0.288342E-06
  -14    0    0 -17.673261058   0.000000000   0.158412E-02  -0.288342E-06
    0   14    0   0.000000000  17.673261058   0.158412E-02  -0.288342E-06
   14    0    0  17.673261058  -0.000000000   0.158412E-02  -0.288342E-06
   10   10    0  12.623757899  12.623757899   0.691399E-08  -0.382181E-17
   10  -10    0  12.623757899 -12.623757899   0.691399E-08   0.116552E-17
  -10  -10    0 -12.623757899 -12.623757899   0.691399E-08   0.382181E-17
  -10   10    0 -12.623757899  12.623757899   0.691399E-08  -0.116552E-17
  -14    2    0 -17.673261058   2.524751580   0.691399E-08   0.306287E-17
   14    2    0  17.673261058   2.524751580   0.691399E-08   0.379471E-18
    2  -14    0   2.524751580 -17.673261058   0.691399E-08   0.352366E-18
    2   14    0   2.524751580  17.673261058   0.691399E-08   0.352366E-18
  -14   -2    0 -17.673261058  -2.524751580   0.691399E-08  -0.379471E-18
   -2  -14    0  -2.524751580 -17.673261058   0.691399E-08  -0.352366E-18
   -2   14    0  -2.524751580  17.673261058   0.691399E-08  -0.352366E-18
   14   -2    0  17.673261058  -2.524751580   0.691399E-08  -0.306287E-17
   11   -9    0  13.886133689 -11.361382109  -0.772904E-03  -0.229089E-06
   -9  -11    0 -11.361382109 -13.886133689  -0.772904E-03  -0.229089E-06
   -9   11    0 -11.361382109  13.886133689  -0.772904E-03  -0.229089E-06
   11    9    0  13.886133689  11.361382109  -0.772904E-03  -0.229089E-06
    9   11    0  11.361382109  13.886133689  -0.772904E-03  -0.229089E-06
    9  -11    0  11.361382109 -13.886133689  -0.772904E-03  -0.229089E-06
  -11   -9    0 -13.886133689 -11.361382109  -0.772904E-03  -0.229089E-06
  -11    9    0 -13.886133689  11.361382109  -0.772904E-03  -0.229089E-06
  -12    8    0 -15.148509479  10.099006319  -0.150940E-02  -0.182073E-06
   12   -8    0  15.148509479 -10.099006319  -0.150940E-02  -0.182073E-06
   12    8    0  15.148509479  10.099006319  -0.150940E-02  -0.182073E-06
   -8   12    0 -10.099006319  15.148509479  -0.150940E-02  -0.182073E-06
   -8  -12    0 -10.099006319 -15.148509479  -0.150940E-02  -0.182073E-06
    8   12    0  10.099006319  15.148509479  -0.150940E-02  -0.182073E-06
    8  -12    0  10.099006319 -15.148509479  -0.150940E-02  -0.182073E-06
  -12   -8    0 -15.148509479 -10.099006319  -0.150940E-02  -0.182073E-06
   -4   14    0  -5.049503160  17.673261058  -0.148609E-02  -0.156254E-06
    4   14    0   5.049503160  17.673261058  -0.148609E-02  -0.156254E-06
   14   -4    0  17.673261058  -5.049503160  -0.148609E-02  -0.156254E-06
  -14    4    0 -17.673261058   5.049503160  -0.148609E-02  -0.156254E-06
   14    4    0  17.673261058   5.049503160  -0.148609E-02  -0.156254E-06
   -4  -14    0  -5.049503160 -17.673261058  -0.148609E-02  -0.156254E-06
    4  -14    0   5.049503160 -17.673261058  -0.148609E-02  -0.156254E-06
  -14   -4    0 -17.673261058  -5.049503160  -0.148609E-02  -0.156254E-06
  -13   -7    0 -16.410885268  -8.836630529  -0.726239E-03  -0.124269E-06
    7   13    0   8.836630529  16.410885268  -0.726239E-03  -0.124269E-06
  -13    7    0 -16.410885268   8.836630529  -0.726239E-03  -0.124269E-06
    7  -13    0   8.836630529 -16.410885268  -0.726239E-03  -0.124269E-06
   -7   13    0  -8.836630529  16.410885268  -0.726239E-03  -0.124269E-06
   -7  -13    0  -8.836630529 -16.410885268  -0.726239E-03  -0.124269E-06
   13    7    0  16.410885268   8.836630529  -0.726239E-03  -0.124269E-06
   13   -7    0  16.410885268  -8.836630529  -0.726239E-03  -0.124269E-06
   -1  -15    0  -1.262375790 -18.935636848  -0.128905E-02  -0.916335E-07
    1  -15    0   1.262375790 -18.935636848  -0.128905E-02  -0.916335E-07
  -15    1    0 -18.935636848   1.262375790  -0.128905E-02  -0.916335E-07
   15   -1    0  18.935636848  -1.262375790  -0.128905E-02  -0.916335E-07
  -15   -1    0 -18.935636848  -1.262375790  -0.128905E-02  -0.916335E-07
    1   15    0   1.262375790  18.935636848  -0.128905E-02  -0.916335E-07
   15    1    0  18.935636848   1.262375790  -0.128905E-02  -0.916335E-07
   -1   15    0  -1.262375790  18.935636848  -0.128905E-02  -0.916335E-07
  -14    6    0 -17.673261058   7.574254739   0.797344E-09  -0.460786E-18
   -6  -14    0  -7.574254739 -17.673261058   0.797344E-09   0.271051E-19
    6  -14    0   7.574254739 -17.673261058   0.797344E-09   0.165341E-17
   -6   14    0  -7.574254739  17.673261058   0.797344E-09  -0.165341E-17
  -14   -6    0 -17.673261058  -7.574254739   0.797344E-09   0.246656E-17
    6   14    0   7.574254739  17.673261058   0.797344E-09  -0.271051E-19
   14   -6    0  17.673261058  -7.574254739   0.797344E-09   0.460786E-18
   14    6    0  17.673261058   7.574254739   0.797344E-09  -0.246656E-17
  -15   -3    0 -18.935636848  -3.787127370  -0.684988E-03   0.929705E-04
   15   -3    0  18.935636848  -3.787127370  -0.684988E-03   0.929705E-04
    3   15    0   3.787127370  18.935636848  -0.684988E-03   0.929705E-04
   -3   15    0  -3.787127370  18.935636848  -0.684988E-03   0.929705E-04
   15    3    0  18.935636848   3.787127370  -0.684988E-03   0.929705E-04
   -3  -15    0  -3.787127370 -18.935636848  -0.684988E-03   0.929705E-04
  -15    3    0 -18.935636848   3.787127370  -0.684988E-03   0.929705E-04
    3  -15    0   3.787127370 -18.935636848  -0.684988E-03   0.929705E-04
   11   11    0  13.886133689  13.886133689   0.255007E-02  -0.499568E-07
  -11   11    0 -13.886133689  13.886133689   0.255007E-02  -0.499568E-07
   11  -11    0  13.886133689 -13.886133689   0.255007E-02  -0.499568E-07
  -11  -11    0 -13.886133689 -13.886133689   0.255007E-02  -0.499568E-07
   12  -10    0  15.148509479 -12.623757899  -0.132305E-02  -0.463207E-07
  -10   12    0 -12.623757899  15.148509479  -0.132305E-02  -0.463207E-07
  -12  -10    0 -15.148509479 -12.623757899  -0.132305E-02  -0.463207E-07
   12   10    0  15.148509479  12.623757899  -0.132305E-02  -0.463207E-07
   10  -12    0  12.623757899 -15.148509479  -0.132305E-02  -0.463207E-07
   10   12    0  12.623757899  15.148509479  -0.132305E-02  -0.463207E-07
  -10  -12    0 -12.623757899 -15.148509479  -0.132305E-02  -0.463207E-07
  -12   10    0 -15.148509479  12.623757899  -0.132305E-02  -0.463207E-07
  -13   -9    0 -16.410885268 -11.361382109  -0.648205E-03  -0.812555E-12
   13    9    0  16.410885268  11.361382109  -0.648205E-03  -0.812556E-12
   -9  -13    0 -11.361382109 -16.410885268  -0.648205E-03  -0.812545E-12
   13   -9    0  16.410885268 -11.361382109  -0.648205E-03  -0.812549E-12
   -9   13    0 -11.361382109  16.410885268  -0.648205E-03  -0.812547E-12
  -13    9    0 -16.410885268  11.361382109  -0.648205E-03  -0.812561E-12
    9   13    0  11.361382109  16.410885268  -0.648205E-03  -0.812565E-12
    9  -13    0  11.361382109 -16.410885268  -0.648205E-03  -0.812564E-12
  -15   -5    0 -18.935636848  -6.311878949  -0.648205E-03  -0.934021E-12
   15   -5    0  18.935636848  -6.311878949  -0.648205E-03  -0.934045E-12
    5   15    0   6.311878949  18.935636848  -0.648205E-03  -0.934038E-12
    5  -15    0   6.311878949 -18.935636848  -0.648205E-03  -0.934026E-12
   15    5    0  18.935636848   6.311878949  -0.648205E-03  -0.934049E-12
   -5   15    0  -6.311878949  18.935636848  -0.648205E-03  -0.934044E-12
  -15    5    0 -18.935636848   6.311878949  -0.648205E-03  -0.934025E-12
   -5  -15    0  -6.311878949 -18.935636848  -0.648205E-03  -0.934032E-12
    0  -16    0  -0.000000000 -20.198012638   0.381246E-02  -0.294716E-07
    0   16    0   0.000000000  20.198012638   0.381246E-02  -0.294716E-07
  -16    0    0 -20.198012638   0.000000000   0.381246E-02  -0.294716E-07
   16    0    0  20.198012638  -0.000000000   0.381246E-02  -0.294716E-07
   -2  -16    0  -2.524751580 -20.198012638   0.125431E-02  -0.253602E-07
    2  -16    0   2.524751580 -20.198012638   0.125431E-02  -0.253602E-07
   16    2    0  20.198012638   2.524751580   0.125431E-02  -0.253602E-07
    2   16    0   2.524751580  20.198012638   0.125431E-02  -0.253602E-07
   -2   16    0  -2.524751580  20.198012638   0.125431E-02  -0.253602E-07
   16   -2    0  20.198012638  -2.524751580   0.125431E-02  -0.253602E-07
  -16    2    0 -20.198012638   2.524751580   0.125431E-02  -0.253602E-07
  -16   -2    0 -20.198012638  -2.524751580   0.125431E-02  -0.253602E-07
  -14   -8    0 -17.673261058 -10.099006319   0.125431E-02  -0.253602E-07
   14   -8    0  17.673261058 -10.099006319   0.125431E-02  -0.253602E-07
   14    8    0  17.673261058  10.099006319   0.125431E-02  -0.253602E-07
    8  -14    0  10.099006319 -17.673261058   0.125431E-02  -0.253602E-07
   -8   14    0 -10.099006319  17.673261058   0.125431E-02  -0.253602E-07
  -14    8    0 -17.673261058  10.099006319   0.125431E-02  -0.253602E-07
   -8  -14    0 -10.099006319 -17.673261058   0.125431E-02  -0.253602E-07
    8   14    0  10.099006319  17.673261058   0.125431E-02  -0.253602E-07
   -4   16    0  -5.049503160  20.198012638  -0.120724E-02  -0.161816E-07
   16   -4    0  20.198012638  -5.049503160  -0.120724E-02  -0.161816E-07
  -16    4    0 -20.198012638   5.049503160  -0.120724E-02  -0.161816E-07
   16    4    0  20.198012638   5.049503160  -0.120724E-02  -0.161816E-07
    4  -16    0   5.049503160 -20.198012638  -0.120724E-02  -0.161816E-07
  -16   -4    0 -20.198012638  -5.049503160  -0.120724E-02  -0.161816E-07
   -4  -16    0  -5.049503160 -20.198012638  -0.120724E-02  -0.161816E-07
    4   16    0   5.049503160  20.198012638  -0.120724E-02  -0.161816E-07
   15   -7    0  18.935636848  -8.836630529  -0.109681E-02  -0.150172E-07
  -15    7    0 -18.935636848   8.836630529  -0.109681E-02  -0.150172E-07
  -15   -7    0 -18.935636848  -8.836630529  -0.109681E-02  -0.150172E-07
    7   15    0   8.836630529  18.935636848  -0.109681E-02  -0.150172E-07
   -7   15    0  -8.836630529  18.935636848  -0.109681E-02  -0.150172E-07
   15    7    0  18.935636848   8.836630529  -0.109681E-02  -0.150172E-07
    7  -15    0   8.836630529 -18.935636848  -0.109681E-02  -0.150172E-07
   -7  -15    0  -8.836630529 -18.935636848  -0.109681E-02  -0.150172E-07
   12  -12    0  15.148509479 -15.148509479  -0.114966E-02  -0.891787E-08
  -12  -12    0 -15.148509479 -15.148509479  -0.114966E-02  -0.891787E-08
   12   12    0  15.148509479  15.148509479  -0.114966E-02  -0.891787E-08
  -12   12    0 -15.148509479  15.148509479  -0.114966E-02  -0.891787E-08
   -1  -17    0  -1.262375790 -21.460388428  -0.104480E-02  -0.827994E-08
   17    1    0  21.460388428   1.262375790  -0.104480E-02  -0.827994E-08
    1   17    0   1.262375790  21.460388428  -0.104480E-02  -0.827994E-08
   17   -1    0  21.460388428  -1.262375790  -0.104480E-02  -0.827994E-08
    1  -17    0   1.262375790 -21.460388428  -0.104480E-02  -0.827994E-08
  -17   -1    0 -21.460388428  -1.262375790  -0.104480E-02  -0.827994E-08
   -1   17    0  -1.262375790  21.460388428  -0.104480E-02  -0.827994E-08
  -17    1    0 -21.460388428   1.262375790  -0.104480E-02  -0.827994E-08
  -11   13    0 -13.886133689  16.410885268   0.218763E-02  -0.827994E-08
  -13  -11    0 -16.410885268 -13.886133689   0.218763E-02  -0.827994E-08
   11   13    0  13.886133689  16.410885268   0.218763E-02  -0.827994E-08
   13   11    0  16.410885268  13.886133689   0.218763E-02  -0.827994E-08
   11  -13    0  13.886133689 -16.410885268   0.218763E-02  -0.827994E-08
   13  -11    0  16.410885268 -13.886133689   0.218763E-02  -0.827994E-08
  -11  -13    0 -13.886133689 -16.410885268   0.218763E-02  -0.827994E-08
  -13   11    0 -16.410885268  13.886133689   0.218763E-02  -0.827994E-08
   -6  -16    0  -7.574254739 -20.198012638   0.113610E-02  -0.768807E-08
  -16    6    0 -20.198012638   7.574254739   0.113610E-02  -0.768807E-08
   16    6    0  20.198012638   7.574254739   0.113610E-02  -0.768807E-08
    6   16    0   7.574254739  20.198012638   0.113610E-02  -0.768807E-08
    6  -16    0   7.574254739 -20.198012638   0.113610E-02  -0.768807E-08
   -6   16    0  -7.574254739  20.198012638   0.113610E-02  -0.768807E-08
  -16   -6    0 -20.198012638  -7.574254739   0.113610E-02  -0.768807E-08
   16   -6    0  20.198012638  -7.574254739   0.113610E-02  -0.768807E-08
   10   14    0  12.623757899  17.673261058   0.110683E-10  -0.514996E-18
  -10   14    0 -12.623757899  17.673261058   0.110683E-10   0.178893E-17
   10  -14    0  12.623757899 -17.673261058   0.110683E-10  -0.178893E-17
   14   10    0  17.673261058  12.623757899   0.110683E-10   0.143657E-17
  -14   10    0 -17.673261058  12.623757899   0.110683E-10   0.159920E-17
  -14  -10    0 -17.673261058 -12.623757899   0.110683E-10  -0.143657E-17
   14  -10    0  17.673261058 -12.623757899   0.110683E-10  -0.159920E-17
  -10  -14    0 -12.623757899 -17.673261058   0.110683E-10   0.514996E-18
  -17   -3    0 -21.460388428  -3.787127370  -0.558166E-03  -0.341245E-08
   17    3    0  21.460388428   3.787127370  -0.558166E-03  -0.341245E-08
  -17    3    0 -21.460388428   3.787127370  -0.558166E-03  -0.341245E-08
   -3  -17    0  -3.787127370 -21.460388428  -0.558166E-03  -0.341245E-08
    3  -17    0   3.787127370 -21.460388428  -0.558166E-03  -0.341245E-08
    3   17    0   3.787127370  21.460388428  -0.558166E-03  -0.341245E-08
   -3   17    0  -3.787127370  21.460388428  -0.558166E-03  -0.341245E-08
   17   -3    0  21.460388428  -3.787127370  -0.558166E-03  -0.341245E-08
  -15   -9    0 -18.935636848 -11.361382109  -0.997411E-03  -0.458159E-08
   15   -9    0  18.935636848 -11.361382109  -0.997411E-03  -0.458159E-08
   -9   15    0 -11.361382109  18.935636848  -0.997411E-03  -0.458159E-08
    9  -15    0  11.361382109 -18.935636848  -0.997411E-03  -0.458159E-08
    9   15    0  11.361382109  18.935636848  -0.997411E-03  -0.458159E-08
  -15    9    0 -18.935636848  11.361382109  -0.997411E-03  -0.458159E-08
   15    9    0  18.935636848  11.361382109  -0.997411E-03  -0.458159E-08
   -9  -15    0 -11.361382109 -18.935636848  -0.997411E-03  -0.458159E-08
    5  -17    0   6.311878949 -21.460388428  -0.533388E-03   0.118032E-16
  -17    5    0 -21.460388428   6.311878949  -0.533388E-03   0.150305E-16
  -17   -5    0 -21.460388428  -6.311878949  -0.533388E-03   0.155595E-16
    5   17    0   6.311878949  21.460388428  -0.533388E-03  -0.885127E-17
   17    5    0  21.460388428   6.311878949  -0.533388E-03  -0.155595E-16
   17   -5    0  21.460388428  -6.311878949  -0.533388E-03  -0.150305E-16
   -5  -17    0  -6.311878949 -21.460388428  -0.533388E-03   0.885127E-17
   -5   17    0  -6.311878949  21.460388428  -0.533388E-03  -0.118032E-16
   -8   16    0 -10.099006319  20.198012638   0.314785E-02  -0.273741E-08
  -16   -8    0 -20.198012638 -10.099006319   0.314785E-02  -0.273741E-08
    8   16    0  10.099006319  20.198012638   0.314785E-02  -0.273741E-08
    8  -16    0  10.099006319 -20.198012638   0.314785E-02  -0.273741E-08
   -8  -16    0 -10.099006319 -20.198012638   0.314785E-02  -0.273741E-08
   16   -8    0  20.198012638 -10.099006319   0.314785E-02  -0.273741E-08
   16    8    0  20.198012638  10.099006319   0.314785E-02  -0.273741E-08
  -16    8    0 -20.198012638  10.099006319   0.314785E-02  -0.273741E-08
  -18    0    0 -22.722764218   0.000000000   0.103793E-02  -0.236391E-08
   18    0    0  22.722764218  -0.000000000   0.103793E-02  -0.236391E-08
    0   18    0   0.000000000  22.722764218   0.103793E-02  -0.236391E-08
    0  -18    0  -0.000000000 -22.722764218   0.103793E-02  -0.236391E-08
   -2  -18    0  -2.524751580 -22.722764218   0.132390E-11   0.596311E-18
    2   18    0   2.524751580  22.722764218   0.132390E-11  -0.596311E-18
    2  -18    0   2.524751580 -22.722764218   0.132390E-11   0.189735E-18
  -18   -2    0 -22.722764218  -2.524751580   0.132390E-11  -0.162630E-18
   18   -2    0  22.722764218  -2.524751580   0.132390E-11   0.243945E-17
   18    2    0  22.722764218   2.524751580   0.132390E-11   0.162630E-18
  -18    2    0 -22.722764218   2.524751580   0.132390E-11  -0.243945E-17
   -2   18    0  -2.524751580  22.722764218   0.132390E-11  -0.189735E-18
   13  -13    0  16.410885268 -16.410885268   0.191423E-02  -0.141682E-08
  -13   13    0 -16.410885268  16.410885268   0.191423E-02  -0.141682E-08
    7   17    0   8.836630529  21.460388428  -0.914223E-03  -0.141682E-08
   -7  -17    0  -8.836630529 -21.460388428  -0.914223E-03  -0.141682E-08
  -17   -7    0 -21.460388428  -8.836630529  -0.914223E-03  -0.141682E-08
   -7   17    0  -8.836630529  21.460388428  -0.914223E-03  -0.141682E-08
   17   -7    0  21.460388428  -8.836630529  -0.914223E-03  -0.141682E-08
   13   13    0  16.410885268  16.410885268   0.191423E-02  -0.141682E-08
   17    7    0  21.460388428   8.836630529  -0.914223E-03  -0.141682E-08
    7  -17    0   8.836630529 -21.460388428  -0.914223E-03  -0.141682E-08
  -13  -13    0 -16.410885268 -16.410885268   0.191423E-02  -0.141682E-08
  -17    7    0 -21.460388428   8.836630529  -0.914223E-03  -0.141682E-08
    4   18    0   5.049503160  22.722764218  -0.994813E-03  -0.131716E-08
   18    4    0  22.722764218   5.049503160  -0.994813E-03  -0.131716E-08
    4  -18    0   5.049503160 -22.722764218  -0.994813E-03  -0.131716E-08
   18   -4    0  22.722764218  -5.049503160  -0.994813E-03  -0.131716E-08
  -18    4    0 -22.722764218   5.049503160  -0.994813E-03  -0.131716E-08
   -4   18    0  -5.049503160  22.722764218  -0.994813E-03  -0.131716E-08
   -4  -18    0  -5.049503160 -22.722764218  -0.994813E-03  -0.131716E-08
  -18   -4    0 -22.722764218  -5.049503160  -0.994813E-03  -0.131716E-08
  -14   12    0 -17.673261058  15.148509479  -0.994813E-03  -0.131716E-08
   14  -12    0  17.673261058 -15.148509479  -0.994813E-03  -0.131716E-08
   14   12    0  17.673261058  15.148509479  -0.994813E-03  -0.131716E-08
   12   14    0  15.148509479  17.673261058  -0.994813E-03  -0.131716E-08
  -12  -14    0 -15.148509479 -17.673261058  -0.994813E-03  -0.131716E-08
  -12   14    0 -15.148509479  17.673261058  -0.994813E-03  -0.131716E-08
  -14  -12    0 -17.673261058 -15.148509479  -0.994813E-03  -0.131716E-08
   12  -14    0  15.148509479 -17.673261058  -0.994813E-03  -0.131716E-08
   15  -11    0  18.935636848 -13.886133689  -0.489765E-03  -0.351336E-14
   11  -15    0  13.886133689 -18.935636848  -0.489765E-03  -0.350039E-14
   15   11    0  18.935636848  13.886133689  -0.489765E-03  -0.351396E-14
  -15  -11    0 -18.935636848 -13.886133689  -0.489765E-03  -0.349863E-14
  -15   11    0 -18.935636848  13.886133689  -0.489765E-03  -0.349923E-14
  -11   15    0 -13.886133689  18.935636848  -0.489765E-03  -0.351219E-14
  -11  -15    0 -13.886133689 -18.935636848  -0.489765E-03  -0.350620E-14
   11   15    0  13.886133689  18.935636848  -0.489765E-03  -0.350638E-14
   16  -10    0  20.198012638 -12.623757899   0.955048E-03  -0.736091E-09
   10  -16    0  12.623757899 -20.198012638   0.955048E-03  -0.736091E-09
  -10   16    0 -12.623757899  20.198012638   0.955048E-03  -0.736091E-09
  -10  -16    0 -12.623757899 -20.198012638   0.955048E-03  -0.736091E-09
   16   10    0  20.198012638  12.623757899   0.955048E-03  -0.736091E-09
   10   16    0  12.623757899  20.198012638   0.955048E-03  -0.736091E-09
  -16  -10    0 -20.198012638 -12.623757899   0.955048E-03  -0.736091E-09
  -16   10    0 -20.198012638  12.623757899   0.955048E-03  -0.736091E-09
  -18   -6    0 -22.722764218  -7.574254739   0.159532E-12   0.406576E-18
    6   18    0   7.574254739  22.722764218   0.159539E-12   0.393023E-18
   18   -6    0  22.722764218  -7.574254739   0.159535E-12  -0.867362E-18
   -6   18    0  -7.574254739  22.722764218   0.159541E-12   0.677626E-18
   18    6    0  22.722764218   7.574254739   0.159532E-12  -0.406576E-18
   -6  -18    0  -7.574254739 -22.722764218   0.159539E-12  -0.393023E-18
  -18    6    0 -22.722764218   7.574254739   0.159535E-12   0.867362E-18
    6  -18    0   7.574254739 -22.722764218   0.159541E-12  -0.677626E-18
    1  -19    0   1.262375790 -23.985140008  -0.470461E-03  -0.141724E-15
  -19   -1    0 -23.985140008  -1.262375790  -0.470461E-03  -0.144701E-15
   19    1    0  23.985140008   1.262375790  -0.470461E-03  -0.141789E-15
    1   19    0   1.262375790  23.985140008  -0.470461E-03  -0.144375E-15
   19   -1    0  23.985140008  -1.262375790  -0.470461E-03  -0.140799E-15
  -19    1    0 -23.985140008   1.262375790  -0.470461E-03  -0.145691E-15
   -1  -19    0  -1.262375790 -23.985140008  -0.470461E-03  -0.142115E-15
   -1   19    0  -1.262375790  23.985140008  -0.470461E-03  -0.144766E-15
    9  -17    0  11.361382109 -21.460388428  -0.843552E-03  -0.443407E-09
   -9   17    0 -11.361382109  21.460388428  -0.843552E-03  -0.443407E-09
  -17   -9    0 -21.460388428 -11.361382109  -0.843552E-03  -0.443407E-09
    9   17    0  11.361382109  21.460388428  -0.843552E-03  -0.443407E-09
   17    9    0  21.460388428  11.361382109  -0.843552E-03  -0.443407E-09
  -17    9    0 -21.460388428  11.361382109  -0.843552E-03  -0.443407E-09
   17   -9    0  21.460388428 -11.361382109  -0.843552E-03  -0.443407E-09
   -9  -17    0 -11.361382109 -21.460388428  -0.843552E-03  -0.443407E-09
    3   19    0   3.787127370  23.985140008   0.176626E-02  -0.443407E-09
  -19   -3    0 -23.985140008  -3.787127370   0.176626E-02  -0.443407E-09
  -19    3    0 -23.985140008   3.787127370   0.176626E-02  -0.443407E-09
   19    3    0  23.985140008   3.787127370   0.176626E-02  -0.443407E-09
    3  -19    0   3.787127370 -23.985140008   0.176626E-02  -0.443407E-09
   19   -3    0  23.985140008  -3.787127370   0.176626E-02  -0.443407E-09
   -3   19    0  -3.787127370  23.985140008   0.176626E-02  -0.443407E-09
   -3  -19    0  -3.787127370 -23.985140008   0.176626E-02  -0.443407E-09
    5   19    0   6.311878949  23.985140008   0.170032E-02  -0.249051E-09
   19   -5    0  23.985140008  -6.311878949   0.170032E-02  -0.249051E-09
   19    5    0  23.985140008   6.311878949   0.170032E-02  -0.249051E-09
   -5  -19    0  -6.311878949 -23.985140008   0.170032E-02  -0.249051E-09
  -19   -5    0 -23.985140008  -6.311878949   0.170032E-02  -0.249051E-09
  -19    5    0 -23.985140008   6.311878949   0.170032E-02  -0.249051E-09
   -5   19    0  -6.311878949  23.985140008   0.170032E-02  -0.249051E-09
    5  -19    0   6.311878949 -23.985140008   0.170032E-02  -0.249051E-09
   -8  -18    0 -10.099006319 -22.722764218   0.884130E-03  -0.231766E-09
  -18    8    0 -22.722764218  10.099006319   0.884130E-03  -0.231766E-09
   18    8    0  22.722764218  10.099006319   0.884130E-03  -0.231766E-09
    8  -18    0  10.099006319 -22.722764218   0.884130E-03  -0.231766E-09
  -18   -8    0 -22.722764218 -10.099006319   0.884130E-03  -0.231766E-09
   18   -8    0  22.722764218 -10.099006319   0.884130E-03  -0.231766E-09
    8   18    0  10.099006319  22.722764218   0.884130E-03  -0.231766E-09
   -8   18    0 -10.099006319  22.722764218   0.884130E-03  -0.231766E-09
  -14   14    0 -17.673261058  17.673261058   0.193470E-13  -0.104354E-17
  -14  -14    0 -17.673261058 -17.673261058   0.193462E-13  -0.165341E-17
   14  -14    0  17.673261058 -17.673261058   0.193470E-13   0.104354E-17
   14   14    0  17.673261058  17.673261058   0.193462E-13   0.165341E-17
   15   13    0  18.935636848  16.410885268  -0.435979E-03  -0.122235E-16
  -13  -15    0 -16.410885268 -18.935636848  -0.435979E-03   0.253445E-17
  -13   15    0 -16.410885268  18.935636848  -0.435979E-03  -0.112242E-16
  -15   13    0 -18.935636848  16.410885268  -0.435979E-03   0.431709E-18
   13   15    0  16.410885268  18.935636848  -0.435979E-03  -0.123198E-16
   13  -15    0  16.410885268 -18.935636848  -0.435979E-03   0.143892E-17
  -15  -13    0 -18.935636848 -16.410885268  -0.435979E-03   0.243818E-17
   15  -13    0  18.935636848 -16.410885268  -0.435979E-03  -0.102170E-16
    0  -20    0  -0.000000000 -25.247515798  -0.860108E-03  -0.150647E-09
  -16   12    0 -20.198012638  15.148509479  -0.860108E-03  -0.150647E-09
  -12  -16    0 -15.148509479 -20.198012638  -0.860108E-03  -0.150647E-09
   12  -16    0  15.148509479 -20.198012638  -0.860108E-03  -0.150647E-09
  -16  -12    0 -20.198012638 -15.148509479  -0.860108E-03  -0.150647E-09
   16   12    0  20.198012638  15.148509479  -0.860108E-03  -0.150647E-09
   12   16    0  15.148509479  20.198012638  -0.860108E-03  -0.150647E-09
  -12   16    0 -15.148509479  20.198012638  -0.860108E-03  -0.150647E-09
   16  -12    0  20.198012638 -15.148509479  -0.860108E-03  -0.150647E-09
   20    0    0  25.247515798  -0.000000000  -0.860108E-03  -0.150647E-09
  -20    0    0 -25.247515798   0.000000000  -0.860108E-03  -0.150647E-09
    0   20    0   0.000000000  25.247515798  -0.860108E-03  -0.150647E-09
    2  -20    0   2.524751580 -25.247515798  -0.852381E-03  -0.130534E-09
   20    2    0  25.247515798   2.524751580  -0.852381E-03  -0.130534E-09
  -20    2    0 -25.247515798   2.524751580  -0.852381E-03  -0.130534E-09
   20   -2    0  25.247515798  -2.524751580  -0.852381E-03  -0.130534E-09
  -20   -2    0 -25.247515798  -2.524751580  -0.852381E-03  -0.130534E-09
   -2   20    0  -2.524751580  25.247515798  -0.852381E-03  -0.130534E-09
    2   20    0   2.524751580  25.247515798  -0.852381E-03  -0.130534E-09
   -2  -20    0  -2.524751580 -25.247515798  -0.852381E-03  -0.130534E-09
  -11   17    0 -13.886133689  21.460388428  -0.420520E-03  -0.111470E-16
   17   11    0  21.460388428  13.886133689  -0.420520E-03  -0.171401E-16
  -17  -11    0 -21.460388428 -13.886133689  -0.420520E-03   0.138039E-16
  -17   11    0 -21.460388428  13.886133689  -0.420520E-03   0.829884E-17
  -11  -17    0 -13.886133689 -21.460388428  -0.420520E-03   0.318124E-17
   17  -11    0  21.460388428 -13.886133689  -0.420520E-03  -0.116350E-16
   11   17    0  13.886133689  21.460388428  -0.420520E-03  -0.651740E-17
   11  -17    0  13.886133689 -21.460388428  -0.420520E-03   0.781083E-17
    7   19    0   8.836630529  23.985140008  -0.420520E-03  -0.661109E-17
   19    7    0  23.985140008   8.836630529  -0.420520E-03  -0.278641E-17
   -7   19    0  -8.836630529  23.985140008  -0.420520E-03   0.527088E-19
    7  -19    0   8.836630529 -23.985140008  -0.420520E-03  -0.386877E-17
  -19   -7    0 -23.985140008  -8.836630529  -0.420520E-03  -0.102966E-17
   -7  -19    0  -8.836630529 -23.985140008  -0.420520E-03   0.279502E-17
  -19    7    0 -23.985140008   8.836630529  -0.420520E-03  -0.432851E-17
   19   -7    0  23.985140008  -8.836630529  -0.420520E-03   0.512444E-18
   20   -4    0  25.247515798  -5.049503160  -0.829989E-03  -0.849928E-10
    4  -20    0   5.049503160 -25.247515798  -0.829989E-03  -0.849928E-10
   -4   20    0  -5.049503160  25.247515798  -0.829989E-03  -0.849928E-10
   -4  -20    0  -5.049503160 -25.247515798  -0.829989E-03  -0.849928E-10
    4   20    0   5.049503160  25.247515798  -0.829989E-03  -0.849928E-10
   20    4    0  25.247515798   5.049503160  -0.829989E-03  -0.849928E-10
  -20    4    0 -25.247515798   5.049503160  -0.829989E-03  -0.849928E-10
  -20   -4    0 -25.247515798  -5.049503160  -0.829989E-03  -0.849928E-10
  -10   18    0 -12.623757899  22.722764218   0.235515E-14  -0.745389E-18
   10  -18    0  12.623757899 -22.722764218   0.235515E-14   0.745389E-18
   10   18    0  12.623757899  22.722764218   0.235326E-14  -0.327971E-17
  -18  -10    0 -22.722764218 -12.623757899   0.235256E-14   0.181604E-17
   18   10    0  22.722764218  12.623757899   0.235256E-14  -0.181604E-17
  -10  -18    0 -12.623757899 -22.722764218   0.235326E-14   0.327971E-17
   18  -10    0  22.722764218 -12.623757899   0.235061E-14   0.786047E-18
  -18   10    0 -22.722764218  12.623757899   0.235061E-14  -0.786047E-18
  -20    6    0 -25.247515798   7.574254739  -0.795113E-03  -0.416845E-10
   -6  -20    0  -7.574254739 -25.247515798  -0.795113E-03  -0.416845E-10
    6  -20    0   7.574254739 -25.247515798  -0.795113E-03  -0.416845E-10
    6   20    0   7.574254739  25.247515798  -0.795113E-03  -0.416845E-10
   20   -6    0  25.247515798  -7.574254739  -0.795113E-03  -0.416845E-10
   20    6    0  25.247515798   7.574254739  -0.795113E-03  -0.416845E-10
  -20   -6    0 -25.247515798  -7.574254739  -0.795113E-03  -0.416845E-10
   -6   20    0  -7.574254739  25.247515798  -0.795113E-03  -0.416845E-10
   19   -9    0  23.985140008 -11.361382109  -0.392601E-03   0.481954E-17
   19    9    0  23.985140008  11.361382109  -0.392601E-03   0.210354E-17
    9   19    0  11.361382109  23.985140008  -0.392601E-03  -0.761637E-17
  -19   -9    0 -23.985140008 -11.361382109  -0.392601E-03  -0.219305E-17
    9  -19    0  11.361382109 -23.985140008  -0.392601E-03  -0.411570E-17
   -9   19    0 -11.361382109  23.985140008  -0.392601E-03   0.402619E-17
  -19    9    0 -23.985140008  11.361382109  -0.392601E-03  -0.490905E-17
   -9  -19    0 -11.361382109 -23.985140008  -0.392601E-03   0.752686E-17
   15  -15    0  18.935636848 -18.935636848  -0.706097E-03  -0.253633E-10
   15   15    0  18.935636848  18.935636848  -0.706097E-03  -0.253633E-10
  -15   15    0 -18.935636848  18.935636848  -0.706097E-03  -0.253633E-10
  -15  -15    0 -18.935636848 -18.935636848  -0.706097E-03  -0.253632E-10
   16  -14    0  20.198012638 -17.673261058   0.769207E-03  -0.236283E-10
   14   16    0  17.673261058  20.198012638   0.769207E-03  -0.236283E-10
  -14  -16    0 -17.673261058 -20.198012638   0.769207E-03  -0.236283E-10
  -16  -14    0 -20.198012638 -17.673261058   0.769207E-03  -0.236283E-10
   14  -16    0  17.673261058 -20.198012638   0.769207E-03  -0.236283E-10
  -16   14    0 -20.198012638  17.673261058   0.769207E-03  -0.236283E-10
  -14   16    0 -17.673261058  20.198012638   0.769207E-03  -0.236283E-10
   16   14    0  20.198012638  17.673261058   0.769207E-03  -0.236283E-10
  -13   17    0 -16.410885268  21.460388428  -0.379956E-03  -0.285402E-17
   13  -17    0  16.410885268 -21.460388428  -0.379956E-03   0.280813E-17
   17   13    0  21.460388428  16.410885268  -0.379956E-03  -0.115097E-16
   13   17    0  16.410885268  21.460388428  -0.379956E-03  -0.122880E-17
  -13  -17    0 -16.410885268 -21.460388428  -0.379956E-03   0.118290E-17
   17  -13    0  21.460388428 -16.410885268  -0.379956E-03  -0.109464E-16
  -17  -13    0 -21.460388428 -16.410885268  -0.379956E-03   0.114638E-16
  -17   13    0 -21.460388428  16.410885268  -0.379956E-03   0.109005E-16
   -8   20    0 -10.099006319  25.247515798  -0.750836E-03  -0.154549E-10
    8  -20    0  10.099006319 -25.247515798  -0.750836E-03  -0.154549E-10
   -8  -20    0 -10.099006319 -25.247515798  -0.750836E-03  -0.154549E-10
    8   20    0  10.099006319  25.247515798  -0.750836E-03  -0.154549E-10
  -20    8    0 -25.247515798  10.099006319  -0.750836E-03  -0.154549E-10
  -20   -8    0 -25.247515798 -10.099006319  -0.750836E-03  -0.154549E-10
   20   -8    0  25.247515798 -10.099006319  -0.750836E-03  -0.154549E-10
   20    8    0  25.247515798  10.099006319  -0.750836E-03  -0.154549E-10
   18   12    0  22.722764218  15.148509479  -0.744901E-03  -0.134187E-10
  -18   12    0 -22.722764218  15.148509479  -0.744901E-03  -0.134187E-10
  -18  -12    0 -22.722764218 -15.148509479  -0.744901E-03  -0.134187E-10
  -12  -18    0 -15.148509479 -22.722764218  -0.744901E-03  -0.134187E-10
   18  -12    0  22.722764218 -15.148509479  -0.744901E-03  -0.134187E-10
   12  -18    0  15.148509479 -22.722764218  -0.744901E-03  -0.134187E-10
  -12   18    0 -15.148509479  22.722764218  -0.744901E-03  -0.134187E-10
   12   18    0  15.148509479  22.722764218  -0.744901E-03  -0.134187E-10
  -19   11    0 -23.985140008  13.886133689   0.138749E-02  -0.819100E-11
   11   19    0  13.886133689  23.985140008   0.138749E-02  -0.819099E-11
  -11   19    0 -13.886133689  23.985140008   0.138749E-02  -0.819099E-11
   19  -11    0  23.985140008 -13.886133689   0.138749E-02  -0.819099E-11
   11  -19    0  13.886133689 -23.985140008   0.138749E-02  -0.819100E-11
   19   11    0  23.985140008  13.886133689   0.138749E-02  -0.819099E-11
  -11  -19    0 -13.886133689 -23.985140008   0.138749E-02  -0.819101E-11
  -19  -11    0 -23.985140008 -13.886133689   0.138749E-02  -0.819101E-11
  -20  -10    0 -25.247515798 -12.623757899  -0.700546E-03  -0.435045E-11
   10  -20    0  12.623757899 -25.247515798  -0.700546E-03  -0.435046E-11
  -10   20    0 -12.623757899  25.247515798  -0.700546E-03  -0.435047E-11
  -20   10    0 -25.247515798  12.623757899  -0.700546E-03  -0.435046E-11
   20   10    0  25.247515798  12.623757899  -0.700546E-03  -0.435047E-11
   20  -10    0  25.247515798 -12.623757899  -0.700546E-03  -0.435047E-11
   10   20    0  12.623757899  25.247515798  -0.700546E-03  -0.435047E-11
  -10  -20    0 -12.623757899 -25.247515798  -0.700546E-03  -0.435046E-11
   16   16    0  20.198012638  20.198012638   0.205567E-02  -0.285640E-11
  -16   16    0 -20.198012638  20.198012638   0.205567E-02  -0.285642E-11
   16  -16    0  20.198012638 -20.198012638   0.205567E-02  -0.285642E-11
  -16  -16    0 -20.198012638 -20.198012638   0.205567E-02  -0.285644E-11
   17   15    0  21.460388428  18.935636848  -0.624165E-03  -0.267336E-12
  -17  -15    0 -21.460388428 -18.935636848  -0.624165E-03  -0.267328E-12
   15  -17    0  18.935636848 -21.460388428  -0.624165E-03  -0.267334E-12
  -15   17    0 -18.935636848  21.460388428  -0.624165E-03  -0.267331E-12
  -17   15    0 -21.460388428  18.935636848  -0.624165E-03  -0.267331E-12
   15   17    0  18.935636848  21.460388428  -0.624165E-03  -0.267335E-12
  -15  -17    0 -18.935636848 -21.460388428  -0.624165E-03  -0.267330E-12
   17  -15    0  21.460388428 -18.935636848  -0.624165E-03  -0.267333E-12
   18   14    0  22.722764218  17.673261058   0.312480E-17  -0.609864E-18
   14   18    0  17.673261058  22.722764218   0.910745E-17   0.284603E-18
  -18  -14    0 -22.722764218 -17.673261058   0.312480E-17   0.609864E-18
  -18   14    0 -22.722764218  17.673261058   0.220483E-17   0.474338E-18
  -14   18    0 -17.673261058  22.722764218   0.429964E-17   0.100289E-17
   14  -18    0  17.673261058 -22.722764218   0.429964E-17  -0.100289E-17
   18  -14    0  22.722764218 -17.673261058   0.220483E-17  -0.474338E-18
  -14  -18    0 -17.673261058 -22.722764218   0.910745E-17  -0.284603E-18
  -19   13    0 -23.985140008  16.410885268   0.126997E-02  -0.152211E-11
   19   13    0  23.985140008  16.410885268   0.126997E-02  -0.152209E-11
   13  -19    0  16.410885268 -23.985140008   0.126997E-02  -0.152210E-11
  -19  -13    0 -23.985140008 -16.410885268   0.126997E-02  -0.152212E-11
   13   19    0  16.410885268  23.985140008   0.126997E-02  -0.152208E-11
   19  -13    0  23.985140008 -16.410885268   0.126997E-02  -0.152210E-11
  -13  -19    0 -16.410885268 -23.985140008   0.126997E-02  -0.152212E-11
  -13   19    0 -16.410885268  23.985140008   0.126997E-02  -0.152210E-11
  -20   12    0 -25.247515798  15.148509479  -0.647425E-03  -0.209698E-17
   20   12    0  25.247515798  15.148509479  -0.647425E-03  -0.414478E-18
  -20  -12    0 -25.247515798 -15.148509479  -0.647425E-03   0.397610E-18
   20  -12    0  25.247515798 -15.148509479  -0.647425E-03   0.208011E-17
  -12   20    0 -15.148509479  25.247515798  -0.647425E-03  -0.339819E-17
   12  -20    0  15.148509479 -25.247515798  -0.647425E-03   0.338132E-17
   12   20    0  15.148509479  25.247515798  -0.647425E-03  -0.386465E-17
  -12  -20    0 -15.148509479 -25.247515798  -0.647425E-03   0.384778E-17
   17   17    0  21.460388428  21.460388428  -0.559085E-03  -0.194366E-13
  -17  -17    0 -21.460388428 -21.460388428  -0.559085E-03  -0.194287E-13
  -17   17    0 -21.460388428  21.460388428  -0.559085E-03  -0.194315E-13
   17  -17    0  21.460388428 -21.460388428  -0.559085E-03  -0.194338E-13
  -18  -16    0 -22.722764218 -20.198012638   0.609560E-03  -0.623475E-17
   18   16    0  22.722764218  20.198012638   0.609560E-03   0.623357E-17
   16   18    0  20.198012638  22.722764218   0.609560E-03   0.105310E-16
  -16  -18    0 -20.198012638 -22.722764218   0.609560E-03  -0.105322E-16
  -18   16    0 -22.722764218  20.198012638   0.609560E-03   0.319781E-17
   18  -16    0  22.722764218 -20.198012638   0.609560E-03  -0.319898E-17
   16  -18    0  20.198012638 -22.722764218   0.609560E-03   0.485611E-17
  -16   18    0 -20.198012638  22.722764218   0.609560E-03  -0.485728E-17
  -15  -19    0 -18.935636848 -23.985140008  -0.301837E-03  -0.238745E-13
   19   15    0  23.985140008  18.935636848  -0.301837E-03  -0.238834E-13
   15   19    0  18.935636848  23.985140008  -0.301837E-03  -0.238861E-13
   15  -19    0  18.935636848 -23.985140008  -0.301837E-03  -0.238842E-13
  -15   19    0 -18.935636848  23.985140008  -0.301837E-03  -0.238764E-13
  -19   15    0 -23.985140008  18.935636848  -0.301837E-03  -0.238847E-13
  -19  -15    0 -23.985140008 -18.935636848  -0.301837E-03  -0.238772E-13
   19  -15    0  23.985140008 -18.935636848  -0.301837E-03  -0.238759E-13
  -14  -20    0 -17.673261058 -25.247515798  -0.594112E-03   0.512279E-17
   20  -14    0  25.247515798 -17.673261058  -0.594112E-03  -0.384211E-17
  -20  -14    0 -25.247515798 -17.673261058  -0.594112E-03   0.109389E-16
  -14   20    0 -17.673261058  25.247515798  -0.594112E-03  -0.856527E-17
   14   20    0  17.673261058  25.247515798  -0.594112E-03  -0.512293E-17
   14  -20    0  17.673261058 -25.247515798  -0.594112E-03   0.856513E-17
  -20   14    0 -25.247515798  17.673261058  -0.594112E-03   0.384197E-17
   20   14    0  25.247515798  17.673261058  -0.594112E-03  -0.109390E-16
  -18  -18    0 -22.722764218 -22.722764218  -0.547652E-17   0.786047E-18
   18   18    0  22.722764218  22.722764218  -0.547652E-17  -0.786047E-18
   18  -18    0  22.722764218 -22.722764218  -0.447726E-17   0.731836E-18
  -18   18    0 -22.722764218  22.722764218  -0.447726E-17  -0.731836E-18
  -19  -17    0 -23.985140008 -21.460388428  -0.273656E-03   0.180055E-17
   19  -17    0  23.985140008 -21.460388428  -0.273656E-03   0.546561E-17
   19   17    0  23.985140008  21.460388428  -0.273656E-03  -0.180055E-17
  -19   17    0 -23.985140008  21.460388428  -0.273656E-03  -0.546561E-17
  -17   19    0 -21.460388428  23.985140008  -0.273656E-03   0.640804E-17
   17   19    0  21.460388428  23.985140008  -0.273656E-03  -0.843874E-17
   17  -19    0  21.460388428 -23.985140008  -0.273656E-03  -0.640804E-17
  -17  -19    0 -21.460388428 -23.985140008  -0.273656E-03   0.843874E-17
   20   16    0  25.247515798  20.198012638  -0.542567E-03  -0.979794E-14
  -20  -16    0 -25.247515798 -20.198012638  -0.542567E-03  -0.977362E-14
  -16   20    0 -20.198012638  25.247515798  -0.542567E-03  -0.979426E-14
   16  -20    0  20.198012638 -25.247515798  -0.542567E-03  -0.977730E-14
  -20   16    0 -25.247515798  20.198012638  -0.542567E-03  -0.977763E-14
   20  -16    0  25.247515798 -20.198012638  -0.542567E-03  -0.979393E-14
  -16  -20    0 -20.198012638 -25.247515798  -0.542567E-03  -0.978253E-14
   16   20    0  20.198012638  25.247515798  -0.542567E-03  -0.978903E-14
  -19   19    0 -23.985140008  23.985140008   0.948263E-03  -0.203053E-14
   19  -19    0  23.985140008 -23.985140008   0.948263E-03  -0.203091E-14
   19   19    0  23.985140008  23.985140008   0.948263E-03  -0.201586E-14
  -19  -19    0 -23.985140008 -23.985140008   0.948263E-03  -0.204559E-14
   20   18    0  25.247515798  22.722764218  -0.494080E-03  -0.376944E-15
  -20   18    0 -25.247515798  22.722764218  -0.494080E-03  -0.366149E-15
  -18  -20    0 -22.722764218 -25.247515798  -0.494080E-03  -0.365939E-15
   18   20    0  22.722764218  25.247515798  -0.494080E-03  -0.374748E-15
  -20  -18    0 -25.247515798 -22.722764218  -0.494080E-03  -0.363743E-15
   20  -18    0  25.247515798 -22.722764218  -0.494080E-03  -0.374539E-15
  -18   20    0 -22.722764218  25.247515798  -0.494080E-03  -0.374532E-15
   18  -20    0  22.722764218 -25.247515798  -0.494080E-03  -0.366156E-15
  -20   20    0 -25.247515798  25.247515798  -0.449370E-03  -0.105314E-09
   20  -20    0  25.247515798 -25.247515798  -0.449370E-03  -0.105314E-09
  -20  -20    0 -25.247515798 -25.247515798  -0.449370E-03  -0.105314E-09
   20   20    0  25.247515798  25.247515798  -0.449370E-03  -0.105314E-09
