261550
64445
99456
186810
152459
70911
161430
142562
45747
252931
122936
194734
85072
164997
92973
96233
432569
95616
258518
171547
192781
133436
6074
180684
34389
54918
96001
133430
416988
116234
122306
101764
193168
166794
431823
29772
192323
195166
51425
119268
247530
246931
417703
101191
161355
95450
29685
180597
188836
183220
162393
113358
169025
98936
113922
48333
98881
194311
195259
29587
186500
259437
99617
238913
123147
417501
258736
190828
133765
236263
246011
119348
190173
187585
33176
12848
133133
171986
192013
193624
113002
183086
182970
259250
195438
419613
146790
253919
164996
133372
183085
13418
180863
172378
240775
97906
161506
248623
417412
11052
259018
151842
159650
230316
125402
165804
411280
257218
431966
195156
150097
111838
29746
237144
118858
115565
139052
132225
156064
132731
97936
249129
187822
425844
117758
146456
9176
193897
261578
122264
124999
194648
290622
145954
153411
48879
237730
245034
44412
173061
759444
172278
135823
118334
138817
37586
161577
29477
247465
258549
281751
185146
182402
415596
166206
116680
12633
290006
180363
148756
147380
421545
241131
47625
5974
230585
38095
118280
96944
139022
95322
45265
429191
258110
430978
413105
119385
144508
180862
195992
159395
195251
409848
236032
132221
418176
132785
19646
238889
191577
254244
134713
241475
257397
142247
257873
430699
135072
16195
263107
55483
93771
33353
37604
144801
165062
8624
138705
34175
186495
70170
186434
38874
187801
230589
260515
122937
172701
251658
157384
159289
412776
70620
234593
86501
46110
252393
426381
253238
257383
126017
97937
153419
46136
430971
160013
413854
170882
429811
126036
154941
38201
421645
248555
145285
162226
70345
240107
106935
123153
165409
161856
144945
238948
135905
185239
132420
196115
118004
116079
246055
183617
42755
159699
156992
154942
99100
259743
245496
142166
195155
185181
261567
133891
173062
141882
238373
173057
185187
159151
180460
195864
237113
124322
157184
251625
180649
237297
97336
419736
250797
421950
5968
160115
162351
143768
419798
127824
90326
253375
261683
92391
172646
290872
163397
63896
144166
261605
112038
193737
33355
19989
160945
90664
171029
163976
190000
258024
157369
194518
188098
884
162228
133280
35543
195159
117787
159154
158211
95317
166790
165728
112394
31670
37602
433456
249078
184329
47537
90438
160389
250724
122038
143994
230441
70230
257407
37724
184160
62817
168704
166650
172694
164624
120972
291141
95602
14765
247786
112036
93392
37489
415716
418265
426760
127981
248622
64415
290629
171241
290457
431352
96568
117753
194966
19739
432215
409465
148033
260509
46104
258551
248723
262190
413734
184729
185524
97095
5577
172089
44462
38732
192158
104669
118554
11644
144509
182898
190834
260775
189205
430696
419800
148789
190052
155277
70238
195271
258633
420846
94906
99458
115524
172522
12049
238883
121149
423646
430576
290421
241407
156986
182529
165772
42128
249090
260606
96125
256222
422804
191511
126076
145347
163441
187836
183231
246500
161407
150464
252633
245360
114312
247273
434767
429519
111085
157965
413086
262592
168215
70215
131999
192275
249110
93773
191465
235937
122934
173041
411024
160096
243386
264526
131358
191558
194756
110312
184585
145293
236072
99047
168706
54181
261936
162145
195215
413988
99938
145442
153724
127002
192858
237748
415563
425945
55224
21356
236276
157533
291639
51815
22452
429205
237674
172299
391346
174150
29892
413185
138129
193670
291107
36741
5488
42083
409833
253066
185235
163387
411925
70535
410814
187066
419805
51342
192591
146033
260494
153054
138682
114003
112006
194745
423426
11996
422712
155546
262935
195825
193569
185471
188102
189006
189970
114038
162959
266257
41073
248624
419612
38762
172709
237150
97589
125259
418257
172677
185846
238872
97552
189900
126208
153672
45261
190176
422718
247410
42964
416924
188736
96234
183224
5578
244674
144677
160442
241870
422011
186592
290280
32604
259343
260245
115568
262095
230412
37388
29672
29912
119538
247295
122292
119338
412044
138576
19745
97087
54594
92214
421179
411239
195406
5672
109171
424582
237050
5746
49846
290327
147425
96735
136207
259436
136498
149092
37508
51289
257840
153744
155908
149183
247584
146779
93727
194222
236259
182303
238605
122957
433457
143869
7833
19970
119336
162225
173197
167892
182039
153099
180162
261417
391185
120660
97992
63921
155906
188160
290992
76691
230344
161561
417540
183014
180982
239717
260688
172514
136386
118746
34895
760018
426031
164231
155858
155388
154189
195824
237361
416715
162731
188456
416886
90651
419611
174322
420193
113740
241337
180667
193410
163675
147598
259340
291563
163660
252270
157054
432978
148063
185200
230351
98508
97458
259765
157470
249102
96168
113920
264722
91337
185710
138848
230384
159793
145843
257158
123359
253364
195045
93632
148700
160062
92910
188737
252247
112461
29689
133346
51736
425694
172091
230593
154525
255805
138193
33324
70301
153970
187498
48362
32337
290377
112172
421880
95323
134536
131936
249320
156579
259770
251886
257388
238004
173814
138700
158228
417704
238220
245659
34188
55749
154790
95917
54664
172309
411554
183615
415224
428427
125397
22988
123149
186485
148208
254049
196111
148768
95788
152211
412376
261686
156408
161000
264486
186174
168007
230460
760464
172371
253937
173196
165918
38850
430566
230414
186527
147552
261856
163881
187923
146743
230352
230217
51390
261711
433235
180658
123278
117621
155303
158766
51614
183223
19198
92300
257384
421628
141293
94901
262587
96315
188365
418993
133279
260631
431038
171566
249824
192362
113228
248115
93587
252627
180860
118599
185474
113298
117795
248734
70813
34182
48901
93886
426125
246958
55730
422343
246401
246966
118849
432333
248260
244150
417514
47273
186051
141035
128360
243799
48898
141709
38123
184977
159673
192015
195828
172635
133344
237967
192292
247000
247407
151780
433232
710062
246740
192350
109465
415957
149168
157317
187342
98098
157779
128231
253196
263101
194816
14764
160194
417101
45746
163427
116882
32610
118449
264139
160446
185590
70521
171678
152250
193194
260860
96571
253998
249989
125407
162777
159874
167996
143770
98960
98965
248150
133314
252085
132520
138799
230103
237400
5553
159668
84231
240155
195245
128296
261604
169454
42738
119159
47593
70258
130075
36770
120010
96319
173187
290845
130633
24936
261960
149171
236052
169340
94518
230216
430630
33171
187283
118092
188446
170897
89977
33188
33182
247237
291574
291590
290987
8881
240749
182338
98218
174633
193363
419782
253424
117530
147500
171117
281735
155443
410999
124889
97781
247394
195264
91080
187670
194773
113001
424861
182280
181125
64447
190743
49856
190478
70658
63897
257160
162647
8755
230224
96103
184369
260687
409623
97071
29911
153260
243377
256219
253488
153867
109556
134311
182422
121222
47288
253423
172372
261622
99064
290123
173059
17714
89932
166918
264503
249822
290281
185864
133136
163462
144943
163927
126054
118719
97941
190492
181046
247787
236758
32278
36714
257165
195486
189199
9177
8610
409993
115731
157669
158587
155322
17803
189965
194345
194602
190092
38190
37661
188706
160150
174079
141499
18517
195399
116078
411240
163439
247544
238005
168142
124901
95130
184340
126067
247267
131611
136041
186862
190490
250166
247268
35020
173204
183089
97028
172539
260525
116531
169699
19356
34198
31416
183686
5251
415223
124238
156531
85036
246517
170867
419774
107082
151756
153976
243542
38749
145434
126205
25067
281081
191566
118841
421822
418045
169757
194753
174298
166797
155601
93475
48334
144979
117411
241869
31019
148758
145359
230927
152216
262553
258111
422794
125409
192573
98286
422476
190329
257214
257882
193529
253237
186666
195130
44284
152594
99346
6317
247505
90322
51785
141510
37485
118445
252632
192631
137853
35843
46852
99988
291139
96936
260721
19756
247301
170289
193404
421917
152260
188321
185399
188163
428060
152397
173231
289994
29987
137236
431022
290953
153422
182773
261870
254046
237583
164005
195273
90439
155390
130415
243957
247012
170628
250212
43008
261858
91468
253786
158198
246266
264191
248650
414536
258711
141711
142245
184145
99442
247239
236005
411481
190197
260535
58917
192278
235756
54231
192321
262197
118279
138975
429407
91823
417040
138951
260859
161395
93047
98183
192596
261043
35929
161853
191519
157003
124236
12809
249850
425660
261771
122387
193562
149161
247521
149241
121051
261400
125151
248740
143974
238367
249425
132366
290626
168102
162363
415882
250798
183873
142246
181687
125368
34167
33444
260101
259073
93628
230780
434617
6020
46162
118842
98795
183087
236013
172016
172717
174556
156154
47428
45051
13511
427393
252949
98977
125799
426338
155230
240594
187851
422524
188704
99806
45743
125898
137785
238902
262679
90720
171278
418745
422798
32846
290999
186564
93256
252275
255641
241404
80951
147498
260282
169459
122933
193178
184231
158312
181669
94088
185284
255804
172097
192340
126192
193646
247014
159592
95496
33354
181693
166827
10672
258103
250184
185501
418008
246409
138392
259165
146060
185354
126207
193512
180858
158372
181686
132577
280322
132584
157333
160038
193433
38979
263102
252391
191570
425122
35850
427234
112399
119417
105728
31407
42766
120089
169935
417696
32565
144832
157185
166158
415248
91876
192558
29701
126023
113912
63890
188754
135345
195668
241425
14813
182924
97478
174013
135181
426167
95996
172632
95594
230108
252212
36944
153421
195450
90318
433247
134081
180942
196112
196216
155603
38638
264712
167606
174189
251139
425661
180026
169988
418258
255842
111099
421644
168633
126204
150445
186777
121145
290991
98961
190385
413391
11729
244025
193171
235711
150314
29700
191677
14750
46853
160704
230699
36710
251078
182201
156106
64150
237926
117548
125597
32161
163393
19281
190048
64132
144818
39022
262656
19827
159696
422744
191989
4536
169876
108780
418688
187348
124572
190489
164830
185848
173479
159870
8632
260397
132422
11787
11259
126079
135070
136353
9175
186209
237281
180949
154517
93383
258256
5652
247259
48756
33165
95035
120120
22994
261274
115719
234586
188195
432114
12095
42767
161387
154150
29767
146140
253378
13424
240128
145222
281754
33175
121721
14928
111474
156469
163880
172667
172631
163944
121104
280190
432042
759449
97072
195048
243862
55069
4691
426095
96165
38854
185195
235803
248350
137484
139001
413528
99983
13425
243598
165702
259070
258224
119170
120578
174545
32369
409566
146062
111097
230190
432249
154481
188159
147497
252564
34883
249426
193531
59765
169077
134313
151852
46796
237519
259956
190348
193362
428540
251716
118011
184446
130643
414644
247724
73683
183091
430604
432204
419162
166048
186305
117658
172682
147396
163147
164982
171491
259167
126211
99984
148755
409960
251077
8849
70254
185137
146190
290318
236010
55663
51607
418267
413127
262426
11803
99054
33400
192322
170150
421821
161127
188837
195028
117184
122300
185274
29770
119444
185931
93725
413255
261706
189905
403366
113917
185114
17707
419796
259161
99061
409929
418164
14790
90666
262732
195408
98878
120561
45044
48621
150234
157836
262078
188851
190540
126051
250907
118495
245499
101819
252424
230975
192354
155216
37530
47588
126016
148785
152346
264478
172712
186767
237944
262667
38869
249160
237862
258230
230379
160628
142094
38852
22970
421479
230779
34799
105141
247241
110314
152210
160042
59214
59891
185116
239227
4679
136280
126084
155606
153528
258566
19975
99624
116001
246262
90618
254635
189794
249300
126098
189131
51428
133338
244046
12820
235186
38825
192946
421903
190104
259160
245358
131343
162367
169343
425202
156135
230285
411862
37584
250834
257525
27605
160289
93439
243645
118190
96558
157835
183616
118596
254166
33468
117583
236865
185193
151546
14882
160925
105828
244162
128080
57740
191574
157051
243848
191112
97942
49830
155464
247025
433818
156464
166923
14854
29907
165664
266878
113366
235743
165899
18511
144476
419211
33358
161352
52077
245196
145180
261926
137733
426380
188790
237966
290003
163470
158570
245173
76705
136575
117648
195757
195150
196110
89946
152053
103745
167684
117884
34773
122963
187921
37510
161401
70536
260051
159156
180746
125997
149278
239052
150366
33470
422719
159656
236627
155068
14803
230410
133892
5585
258564
144831
169381
54878
113299
94902
155560
172706
98428
94341
5618
5569
59655
191122
159287
155215
34127
237112
145097
248179
90005
258713
168144
142222
14811
147393
250600
194382
125403
35026
260310
186668
247519
192789
190635
260527
70539
430681
94960
153973
46989
128228
121517
241330
59926
193867
186152
160094
420480
37512
246355
29894
184086
148779
291150
259209
251567
170148
162658
186983
253946
280622
247543
95608
132365
423854
237582
154056
92501
153687
37477
14667
236387
184952
148760
291268
25457
122035
420113
259764
160017
159153
32840
155753
5565
186897
262663
126263
15656
113301
125404
117186
21790
239057
122958
260529
183703
118507
247542
156017
238916
237854
259887
191562
257156
147295
48876
93402
182530
173789
155573
180670
160391
262050
191284
246970
11511
155295
261810
98162
126050
244199
423855
37543
57782
194754
246081
93987
427686
49598
173331
239118
137844
97437
413184
167920
159291
185930
181469
195857
151734
420706
760463
51738
17709
417037
180008
95915
47587
94011
158839
248149
195592
194738
265179
245689
426509
157418
189897
96569
186733
125669
96973
187263
181749
183750
238216
12958
196176
84183
184169
259401
181433
192579
417690
194251
230227
113739
99290
5519
188303
5670
759459
85030
46850
182694
433183
160967
154457
195398
38214
133281
174139
101766
97944
146066
168919
5260
115715
172658
169601
126221
94953
253777
409837
193789
37462
430246
52070
181233
253843
35532
185393
258554
247871
238303
158568
161351
195239
107084
258631
154091
281498
12005
248114
164699
195247
290477
29811
159655
144853
59928
236004
257829
172692
152461
195418
120970
413926
262191
118600
186534
137480
193046
253949
143810
247501
247642
154316
118603
417380
259350
196398
248132
180651
422859
237925
93687
32496
154679
260926
95687
412003
416744
5542
134497
247389
291573
230537
290896
148741
230120
187555
237946
280997
250842
98935
261685
181398
261762
195344
254181
165931
160999
180458
181234
182918
170912
248014
172083
192499
186708
29920
136570
149274
237403
413491
148751
120555
51812
184201
22455
238214
194431
429877
417698
290285
188443
136202
14760
156409
426370
167905
188360
92548
43120
246211
93824
237575
168358
182952
9934
409647
134028
167714
173532
417691
240665
162222
34001
121166
117759
171119
57988
173823
248278
159873
254212
133347
118390
151768
172695
126085
31404
123157
230101
185003
260243
16088
31478
413697
237175
45591
150239
150094
430974
11053
254007
138548
171585
245663
117858
167704
189929
99291
8678
261682
188802
167119
143276
70082
261495
35822
237114
119008
424863
21884
153717
122039
253239
146600
260506
33999
138132
230349
188373
239652
43118
162606
38961
253778
153351
99302
196420
153728
416461
64071
152248
291114
19133
190927
171731
429406
147424
188705
42971
168887
95321
117784
164169
241657
185097
97613
42208
237404
91785
259766
64590
237193
182035
31510
168858
246499
196228
186665
187323
156529
59770
243725
173188
37650
173185
132722
193680
415487
267197
249067
181682
230586
237065
246402
426759
195535
142741
149050
153398
94959
98782
101696
11913
163545
281088
423131
174148
193506
168426
119331
185371
133343
253869
185209
420031
17486
194053
140497
90134
230415
140986
148200
195821
125995
162958
58470
189350
170163
167039
156616
424717
415827
45982
117663
11645
137567
7829
264721
166990
236439
137854
254201
230516
128410
29673
5529
38958
12972
193227
254057
246400
172276
248000
12814
194052
254060
262662
257486
141315
174575
413983
247545
261568
189795
107599
186477
172680
116677
11042
249177
182432
152796
99045
258517
191324
261560
31411
256677
5299
98879
260427
193863
253767
138774
261019
93363
186482
190827
153898
246089
182036
266259
123459
237947
94999
158843
145299
426862
124240
247870
163280
234589
170465
196335
153245
99965
113874
120971
188093
259115
243922
160893
247021
172735
159422
33669
259783
31040
230011
136226
180037
180470
131079
125595
415997
230690
417695
14795
425767
76103
37698
247010
193408
48883
195267
130353
190435
192990
415030
93630
184342
166229
98880
262715
95403
55485
29586
247522
419801
170775
118124
180533
33230
420183
183665
132339
124997
195193
194752
230943
194515
412561
412046
417939
156308
59831
430927
247027
172661
160390
260517
125326
182252
885
245291
32612
243749
195196
99623
98947
157339
11921
55726
258503
155586
230380
258468
427388
124232
36744
147499
38760
147490
94519
186662
119382
63923
90019
262229
163773
290287
151980
99443
264138
160875
188295
42972
164641
91287
154469
147427
45555
411065
119377
192011
185604
246498
172663
414359
171473
258259
422523
258772
138684
411800
135001
194755
230413
163884
17727
90484
230941
249066
416357
134495
92222
119330
5552
186455
189044
258450
257377
291144
431390
261897
258840
36691
247828
37581
95296
173195
60458
99722
29683
44380
180579
37546
14678
257469
187650
230609
188403
290886
33428
163416
162350
5747
14618
126306
409840
431391
196116
37570
14728
128229
419226
116671
151845
134513
258937
260501
95127
136854
164957
152887
147212
125944
180946
158586
155335
21476
171715
119110
97056
125147
241241
46103
165666
250626
188622
160054
244521
12143
54793
124344
242200
8700
260510
7839
291458
249086
153463
230819
149160
244305
416605
85453
147213
99625
19530
151828
253366
162957
144826
187504
159851
430977
425442
260511
418130
140546
107222
155323
189202
418947
192364
160452
126018
183111
248549
115742
290631
253793
166157
187281
253783
92612
131829
142639
759461
245111
93986
148790
169482
230409
113369
118470
183225
98026
124231
11784
183453
169982
136394
12850
172082
168342
147397
250213
156984
46127
63891
99718
251826
416813
240404
413034
247001
230345
172098
236626
164445
181206
262664
13888
117194
169545
194980
291105
260690
251027
149088
250368
158104
237319
138131
111098
422533
93817
409480
17800
157834
118721
191576
421931
97013
432353
181399
98797
170464
141883
193132
64446
96498
409808
257222
132491
291113
186272
23158
247546
246313
249021
236867
416914
70807
290128
188126
146061
160470
12170
120572
238304
416919
259383
262678
250619
188727
699
249080
290993
257465
136045
19178
120108
409849
162355
131609
90727
48347
409511
25858
416321
194979
35601
37820
169342
195269
40805
230036
19129
25065
51809
194434
426550
230600
427784
428532
193371
182464
247235
291149
101275
136503
150803
248139
54182
260474
419664
230112
21938
25980
247839
29900
246981
92538
128422
37488
161651
142739
196471
259786
33694
187202
380383
170168
258764
51666
263100
91875
192787
51391
17731
195972
131348
251137
190634
259117
153466
48561
13510
136838
237110
187637
262840
117559
38830
118368
183116
162645
192160
21930
35914
93398
189045
422797
174609
186540
191846
251505
185475
5610
157658
168468
138971
260920
240763
759458
245356
257174
186145
172660
154932
241365
173326
260689
245935
117883
98469
5261
125146
162654
167582
248272
173049
172642
184235
17789
240012
421246
186406
182426
245494
122931
237676
260269
194390
159766
93983
118179
267195
235808
185179
187225
291286
70794
246521
120092
153971
291136
246448
246251
125740
237200
154462
239360
259800
290627
137852
431463
167668
262081
115520
181043
418096
171485
5563
39033
230286
432202
162929
249997
122297
245649
122197
95639
147356
34137
163282
39034
234595
156979
156533
432250
29768
32611
123330
252565
238977
42975
111732
184273
14683
18579
257219
12810
161876
157784
243642
186671
182766
237495
46285
174311
249882
239220
253761
259004
240046
148905
21932
136352
241978
99981
195854
32671
29901
412780
145275
259206
49857
195064
134522
142223
70133
195180
162760
759450
240164
143173
189907
185403
117429
99340
139004
169610
152396
155386
264710
241790
247721
181511
157313
423410
186052
239246
135348
92770
113474
138935
260912
155302
182045
48559
121263
186670
97073
39023
195977
166227
291260
258904
249423
12813
230179
409630
185849
240092
33362
150236
185102
415735
173820
164771
70219
165449
99935
188351
239058
181679
22995
171545
411860
415028
247015
4661
142499
422752
147820
118015
152283
160160
162384
172059
107215
165897
239830
290985
230560
160010
193406
17636
188125
163775
161027
291285
247523
189951
259344
188707
260508
186276
257839
19998
267275
261764
127494
185617
193401
70090
230173
187925
113417
257395
431555
123354
183296
111102
35528
51488
119269
164481
51915
154936
164228
157871
419631
258478
36950
166836
172024
260924
249827
107216
237848
38862
117757
22819
391475
90324
191845
98188
759364
291142
34825
261569
163940
143872
240102
38625
189906
161648
266688
21321
92922
95402
168139
239283
139063
416986
291636
91745
192808
180747
93742
262846
125916
55660
151538
128294
180534
245336
238892
97998
246976
98359
170291
158769
259695
261719
253062
35915
96171
164834
412043
259667
248805
253855
235942
168098
91084
144406
160705
247244
171136
147910
136223
409903
252015
163485
258212
139064
36712
153714
426097
4639
138925
161654
187728
171543
131937
181569
165700
188399
131606
163733
171589
37821
119219
191614
134168
253675
164373
250185
189894
138718
156115
167999
90714
19622
11081
51681
252035
260524
153342
147823
122000
110081
8752
258177
55294
171484
118308
237969
759690
194641
420476
18515
96993
94780
419453
168383
120571
159170
117623
37654
153246
169366
161019
193486
18843
148358
143881
118621
98220
180652
253373
145290
181241
96145
253024
185204
94781
261766
64167
5562
181021
152450
251657
258842
414174
163722
258613
92536
180157
252940
183788
413698
160505
419741
138708
115364
194159
187429
48622
414179
189797
73678
430970
290829
230781
180842
290706
92216
45561
120080
147067
280879
165451
247265
185373
245092
417829
120083
121053
259700
417679
252936
186233
162352
121151
131550
237283
138211
45622
238335
433079
181231
5967
180664
253479
248945
174536
117620
125408
190744
17710
112165
163396
34266
172693
163493
184167
98885
31409
238691
118442
239061
262659
4660
195151
415886
185287
84239
63903
77890
173189
189364
99444
262973
154066
182566
168654
262196
157397
99300
186593
257931
112124
252938
141881
97779
98895
113152
250620
243410
421289
119572
186861
246225
48238
155548
116083
433312
237402
167010
416124
91078
92547
98472
169755
156985
259348
162593
290983
238772
417047
190494
190837
194647
152036
32873
186306
193358
403298
120081
158841
122804
426726
250863
421478
173181
134080
230248
99923
172633
380482
93214
12144
107098
123587
243726
261857
262670
164983
130387
99621
411557
235854
11802
90722
192560
160040
113006
193866
32851
185711
237909
97776
239231
153224
415198
186182
36745
136301
290808
194878
245650
260695
193818
125999
195197
250400
190400
196334
41694
416746
181670
259748
29913
142336
55699
432209
156582
263084
152488
264190
239368
181313
14752
171533
240666
169364
94871
111104
171472
262766
37585
161146
280398
258112
161481
156575
122036
258174
189300
27176
55481
193044
64148
193165
107598
254295
33244
243381
149147
429501
421287
5615
42322
98505
391172
51404
159046
172210
138819
93476
185359
291288
113734
433384
261607
253197
7844
155562
238886
153251
32274
43117
241424
25057
173796
257146
429966
95430
427184
5965
196425
241658
241390
170227
153223
194974
160707
421193
153060
90617
51418
245655
260135
155551
165413
43116
5537
126344
33034
421476
409561
260530
759462
191329
237929
19623
181154
39032
93348
181912
183330
146065
128180
182627
195990
119321
415488
137569
258808
128347
173818
172516
127510
134029
136811
186736
247827
251565
17711
280551
29708
180739
195160
193391
194240
248234
128244
243404
128052
133315
429178
432198
116675
162146
254296
145955
254003
280793
134213
380483
180370
432207
47821
248804
290746
147738
173856
91224
152220
250832
411218
8336
230581
243376
126049
192360
230662
161398
9143
261416
124277
433313
144746
18516
111840
172298
160467
99164
422395
148320
252932
246522
290632
119324
145284
242113
125150
415294
45986
3909
414356
241561
19194
417680
166285
260779
31807
160753
411025
138703
93401
186809
101655
253762
237964
257285
152254
230110
152218
181732
114296
409530
257375
93819
188420
145360
137858
161426
193995
187224
126063
94997
263031
239396
867
91240
93500
125405
160113
165933
29588
248169
195047
146922
416908
180681
191843
37514
70622
117703
267201
32599
258218
155907
254044
89935
415226
250837
190769
64142
247047
11634
238153
19512
119083
230327
174644
238976
34900
187692
187422
421288
34797
186860
153344
93883
189944
164374
95876
63349
182528
156576
257861
185109
54226
93448
183221
122042
59764
19757
187413
413539
158217
47538
253478
161258
262672
194514
160034
432380
145254
163440
64216
192359
230388
161396
146103
115566
22269
147938
113349
432434
162223
414343
257905
418499
154664
195865
416921
258176
237809
155993
118522
173765
184985
94954
84219
147681
194744
430364
154759
180086
391174
189908
160415
247950
416909
427182
291126
190330
95315
188959
148362
194976
166155
261576
180149
159292
70936
262325
237377
30141
180341
237147
8383
48173
37694
239109
59881
12818
244240
249049
239693
169024
251024
252697
247016
121991
111084
182424
243387
134509
169984
125336
30301
11783
154412
93772
180641
258065
415228
143275
412045
24959
135187
193528
141775
259005
51909
196221
192909
73677
70076
419525
254058
162402
170322
105976
51586
125745
409932
143474
186227
262094
416679
113106
193645
186582
159103
182421
191140
420371
27177
180030
279575
260488
290630
161670
48339
143987
415887
258567
409959
230691
98888
237379
126213
9145
171593
161427
237751
158185
253910
11618
194967
46310
196053
257743
245811
122037
416913
248632
165063
160039
188491
119310
192349
243789
185218
35849
261841
121049
147420
417043
423773
143966
122930
188157
187680
258692
245275
158373
423444
11798
173794
17081
248661
421286
93822
257398
188984
253791
426554
190181
185192
249807
414264
24436
416918
185201
250115
260241
161576
416631
136242
4816
430247
247023
420370
33426
153230
427684
194051
120573
193173
91053
168362
170949
191046
5650
181525
412842
56138
238894
117885
5253
109897
196474
167973
173452
14930
259139
189374
241845
180576
290462
426761
189918
158765
63901
238908
63920
19145
253271
161772
181223
45260
262195
412777
180578
98023
97939
188798
415884
118723
418743
98975
290041
93393
121812
187888
29712
196284
261251
261020
253517
242037
413696
417453
110316
157139
195807
167835
164581
173798
192035
98962
133375
417502
192155
250657
422394
148367
131886
182767
168094
64070
64444
121153
260864
235856
160036
426382
409604
185136
172715
187546
194374
120025
11144
245138
155116
260134
138683
173606
253766
138191
118619
182768
248625
157534
161827
133313
92444
164548
290126
19128
260928
230634
417471
262788
431388
252421
171114
157532
262658
160037
188789
409936
153462
54597
248397
155636
45277
166798
45725
123151
97778
161643
133714
32603
260927
132222
291314
174408
145187
429397
96955
248882
114028
188546
47419
187286
183043
92195
235990
144838
254068
142744
110310
183733
153969
248097
98976
96195
253001
34170
166677
141256
167506
121223
32745
168469
431356
194322
115991
168501
109468
249818
239221
253365
230411
118010
230549
5649
191330
194741
156310
431967
5619
171108
421283
16100
159123
172889
230973
187279
98952
169754
421274
421272
230955
148753
183748
118791
710067
163391
171749
63918
19992
259242
163438
159159
99912
187850
259118
281455
416405
5584
94391
32833
161987
251015
117882
411326
185115
194774
136044
248973
147444
51340
238723
148773
131549
55741
380226
192472
18581
192571
163677
41782
257838
117136
290039
131608
182198
409578
161028
45043
251561
98475
90719
157561
149175
413503
291222
258735
422083
263095
148754
166922
125747
433308
243656
162576
186169
238999
180657
189892
171471
126317
94922
260516
416406
245294
46849
432112
415603
37580
188293
153465
153425
23494
230417
238907
380386
237405
165667
189926
97439
110021
118223
194740
173752
380388
8692
260772
250486
14708
55831
280304
21475
142007
181127
247520
250835
186660
10903
194189
126293
160928
431972
147391
255719
433336
148498
281752
424888
238222
132718
180637
132921
167921
113354
180192
174151
109466
11920
42102
249634
189969
136241
160392
98896
7396
8536
7768
189060
145305
259260
417046
193526
154403
171531
14684
237766
258691
172662
90717
90397
22457
186659
84188
39192
428699
258990
230188
146104
34822
191328
162886
252634
18510
170776
165839
188441
230053
90521
95561
174527
250840
173054
35916
172678
25859
182191
152559
117622
187613
51821
184165
181226
238725
188358
185929
236331
101869
8727
34885
38965
186898
11090
63895
251939
246980
115749
22936
235838
186863
8782
112389
239438
13667
90637
240339
425841
43083
190986
17629
98217
118551
411803
173620
180462
260498
182618
235800
191535
253909
118855
186776
184986
54681
159044
155550
182933
291111
184266
260026
11660
138780
248482
248050
194618
138468
241389
111384
190482
281082
254925
33185
183636
22956
253565
257744
137618
153125
59696
253011
230701
7789
146778
162401
250659
144314
172657
171586
120345
126222
267271
248885
120556
258516
248676
180577
70653
245362
261558
106939
169544
118016
164667
290367
182666
431916
236003
55695
11786
154463
187343
195756
185189
247002
180740
152556
239452
154934
37529
432553
89944
188735
145185
145291
189347
423772
249073
51301
190747
159264
159732
184161
143360
76104
101277
174573
196286
418210
253023
159265
132000
128243
154086
196332
258610
156184
193511
432680
107419
261574
18224
35160
174014
412838
153243
70534
117199
238495
126310
170666
117196
184312
167115
31417
251504
184444
259912
35021
240247
182071
8900
36680
122043
246213
54228
173976
137051
19132
152636
180674
419528
266647
235989
54741
63916
115737
246887
196285
426404
184589
19353
423267
249003
58924
110022
185589
153350
194343
136671
237324
127043
134082
151535
164640
246824
248560
164431
156535
97633
253772
119320
119418
419739
180027
159286
189887
173064
105982
35823
194500
429190
249823
158229
144673
261494
17619
161428
234592
180173
59581
33035
93588
248807
151890
426871
290364
113504
98616
416443
37506
260198
247533
409856
191119
260487
5551
138814
258952
193123
168095
264215
5540
173503
112005
250183
246964
97674
111083
195851
254018
155637
253102
127544
415885
168115
261621
186496
154386
115746
163410
246092
180687
146505
194817
131349
8847
246503
187621
181397
36915
249636
190043
196180
246097
261496
146770
192887
138842
152270
256319
248797
143192
194743
172652
113918
257764
11919
257485
29681
127047
411022
230404
34154
148918
147232
156960
51685
238888
5517
118307
138746
163148
37544
165408
93428
11642
166139
159768
132732
98467
247499
116136
174378
117531
93207
159233
415195
36936
155977
162165
5288
84218
243497
22990
171597
153510
186221
5580
157399
192356
38733
168096
70087
253781
415249
262261
252089
230213
115813
195759
55736
156593
236332
131344
173330
93400
247951
250623
64218
91484
413501
261021
165704
115745
190002
426371
180038
258739
194138
118720
249723
192554
97503
172092
148788
144804
145256
181842
168422
417905
260239
38771
117180
167971
112295
416713
185101
167950
148717
21939
157053
418270
244142
186735
25445
91286
158215
183017
36748
247411
157674
245308
160162
97479
118506
191848
19678
248794
5588
172718
127835
420847
169753
171972
195534
37491
154937
193626
186213
187221
11263
146597
14762
130546
91708
252422
167157
155668
157781
187282
247578
290131
230250
11793
118336
164140
261139
185933
418455
92299
260195
59753
125910
250282
17097
11914
120968
37687
119265
59197
242110
116003
433907
55442
243413
413493
250163
6017
262665
4662
409796
159162
164233
191350
237326
5961
239635
38824
38963
252361
172028
124370
253266
123110
5574
248733
258272
185472
12639
160093
185238
247328
187928
230362
99053
98496
159171
417677
798
109553
155599
64443
180676
195971
118548
245792
164697
194975
154467
164999
257579
48787
117725
55664
144946
22971
188653
173060
173229
46135
125345
173228
186973
37483
96163
125917
139049
192885
245370
160092
120565
245021
155030
249831
126073
238880
156406
143973
250867
411859
22992
38981
33687
120973
248559
249076
137786
291281
118601
245355
126019
169968
163882
91703
426588
409605
244299
415027
261864
246217
97337
126190
26932
146599
159647
190497
48361
170198
99186
126056
264460
31802
434620
136568
174149
290379
259735
415789
759452
189166
126169
413388
136670
248551
107086
98494
237411
99110
94873
21936
230357
431968
184980
189846
196531
51344
193792
182891
161652
93253
180541
259951
194161
48899
160436
189961
257875
174580
169987
36942
156353
159135
107036
258515
172683
261223
153727
154479
182558
425659
192471
141581
36358
418208
430571
127713
122044
47445
257871
113737
759637
193099
169095
150458
12627
253376
93254
248662
237585
174544
252014
48170
98360
259169
253760
55731
252362
243616
94889
252372
116076
245732
125986
188292
118387
236088
144130
411000
183841
184978
117984
247458
245141
120022
415227
93382
138967
30963
190926
144587
142198
117533
181510
173816
192884
167158
160187
251515
149099
418862
236562
257329
186250
415051
91037
245085
149085
116270
189931
11795
143868
91692
194403
189968
424889
131528
126072
243388
155540
180645
163195
193534
19746
112264
190432
259049
95817
291112
418269
434079
187064
155929
90669
237153
281675
34129
257866
426308
182314
236268
237494
90446
119323
14957
230178
241847
419421
254072
169936
262499
240188
196181
186279
252325
126052
759800
238804
42261
260700
192793
290376
426758
257399
191569
94998
239593
290121
261687
155558
261688
195270
258852
245793
290363
261863
92334
172079
421918
186269
230262
58933
19740
248840
155827
195995
156186
254294
263092
99909
33313
117423
412839
8696
47944
180743
430565
94872
144656
96573
191335
241387
254047
249720
182953
172711
246216
151533
183859
257724
250653
431393
193353
245747
64151
85986
253785
421824
163424
39007
156309
155647
183107
17631
234587
248469
156013
163607
112527
191150
259860
412667
391424
246311
92223
167577
260341
419799
190003
157651
253395
158219
90711
99629
174567
239359
421130
14798
189902
424011
235712
125152
22959
14679
433182
118537
11654
248185
188369
97590
131828
259744
62633
190046
172637
159189
235807
147373
158231
152259
149217
148420
84229
143291
281758
42999
290122
145344
19966
70240
153349
160008
280998
51895
258902
240166
153348
155596
11915
118859
91169
98664
239049
136839
414364
173731
91676
241562
258115
156962
237808
181219
423136
159020
230311
11651
237960
430973
180686
91168
95804
156536
291110
143961
29910
173237
154373
99263
181519
95413
257550
423424
418013
196333
253377
107006
41725
18580
185903
261235
147343
413298
5748
183351
96933
127712
280400
423177
182069
163731
144744
123355
136239
153225
159730
187273
262837
153210
195989
145292
5526
259342
120554
417693
260768
90649
127951
35078
128230
248920
247398
250801
247585
145264
187924
416994
5970
238884
257631
163197
42237
42734
252937
107097
91675
162365
267272
418007
425125
14671
120110
251602
194736
190831
37493
259424
430929
147739
238890
38159
249811
180172
70256
423519
144756
240015
230539
258258
92249
32838
188124
96744
429875
258721
127738
259203
118416
191568
411804
92392
187852
186780
149032
143886
174554
183697
183811
119376
253390
193100
70348
169937
189261
138196
120144
104648
182020
255446
64144
180638
142801
118278
5557
183870
172700
182043
170329
184933
147527
194739
280999
181467
92794
170784
38876
97940
157891
143277
193093
260686
150824
172829
144660
159646
188940
258370
8851
430926
759799
153244
158197
99141
154915
35025
230514
147911
117202
161415
122959
37290
167576
160091
428095
411023
236864
240476
195262
258459
183842
5566
160888
98989
168749
431008
54227
257040
249998
153741
70910
244047
115196
190750
194748
137967
189017
247390
11658
159425
156978
138544
180810
125324
235899
138363
168114
426030
258853
143928
144678
158537
243915
420131
138467
12811
7776
94512
5269
38758
188469
230548
170581
240245
38851
90894
45248
124245
126156
428096
160703
250625
192451
95068
246219
184974
119363
38962
37475
155561
107007
127838
154147
117425
259355
258740
252791
419753
184317
90988
183702
144944
168443
281413
194751
13990
186566
162752
125260
170906
180677
144852
91531
155761
143361
48902
429311
98431
183226
418736
253774
189016
160114
161343
290958
142436
70351
185196
244300
148771
247243
5594
54232
238864
169013
417686
14802
145274
35610
113153
248720
182908
423441
291433
158209
194520
117880
118057
126087
51487
95697
429192
193176
47542
247247
169863
191048
262848
190433
89844
429306
418746
432200
145119
155712
112391
168099
118728
95072
268018
138712
111970
249095
430751
433628
193902
432201
163437
136225
259364
184579
5543
190476
171120
180661
34948
422884
162364
51725
122265
106938
145956
144585
238761
245868
163215
184954
168256
186307
241392
51427
239059
253208
8819
181523
253695
96958
258504
254214
48875
36740
230214
237201
172649
51880
259969
160887
195182
90425
132013
110041
4658
109012
14761
51470
94958
55871
118807
413492
429224
184166
125744
157676
248237
290749
125990
130885
169728
38611
154387
193861
168117
159421
152038
253319
174464
152212
51692
243416
148752
37692
123109
173788
290014
125396
427928
759643
5338
245197
181232
253769
120937
258271
126078
195826
409743
91239
133286
19229
37656
136069
248894
148757
262666
250656
193360
431358
91898
173232
180647
131607
415605
185141
261034
168106
240903
5533
237001
131836
144788
159908
262017
136506
258299
193788
194423
121147
173967
91293
125590
116290
433077
230251
111841
36719
189799
190636
250866
5538
12812
158223
189807
267203
193969
252090
265024
258936
247049
182922
91170
91821
167141
11269
97077
264720
236083
291635
240958
101279
118785
161399
96000
181698
194771
147525
118404
51790
125979
110020
155228
189004
138698
173535
120663
247640
422548
148699
259706
19144
144326
5616
250281
32275
260489
19316
163278
411307
250624
246965
248808
47592
171537
261559
185286
73717
415825
247723
192019
132214
111096
280553
55456
169380
235900
141318
156993
125410
245293
136495
115220
259349
173533
411975
120019
36774
429312
168856
92211
131074
154064
234585
174445
5524
139061
154250
259166
156153
238564
37526
93399
15918
250278
122663
134370
434091
170293
124790
417539
97438
110590
172654
189898
29771
184076
429520
172675
29918
167607
190928
412159
98499
190225
237752
143413
247093
189113
194981
185183
190434
184975
49599
230587
170687
101870
159450
98887
33033
172651
417039
156016
96521
147205
421552
114010
193356
254215
125969
192979
114311
154722
160090
434658
141580
95318
264523
258774
174574
89947
155822
193668
126210
159294
42719
249089
148418
291270
12708
414244
253768
238898
5671
144982
172365
422652
33364
239184
164403
159014
239224
98949
411820
195153
5644
122962
157145
267277
165683
8753
184085
32267
425546
230700
173828
187201
95916
255849
169934
254451
423736
412238
11841
194640
148688
412257
163801
121323
151638
167504
5602
96170
38960
245084
239053
113297
90615
172672
33363
291146
112462
90297
252213
249064
230244
96061
39036
173342
170907
250284
111095
252009
249830
111348
189111
19636
181237
117201
181217
138693
173169
236061
34140
152798
258366
412294
236724
89942
185358
133287
63900
96185
63894
418850
260522
252016
239801
291030
247409
5119
191842
153720
191847
195124
29665
97927
255825
146117
36927
159288
159431
55033
246000
145303
193931
415518
252933
259003
160394
261401
250093
168889
7846
289991
195822
95314
188310
123825
160645
243319
163878
18413
246488
119332
47614
134648
185693
155605
184131
161647
244010
230592
291140
145188
192788
230264
192409
187338
167740
48382
123356
193172
70659
153255
182647
236009
430593
281375
246101
141222
182567
168705
230407
157957
415225
189043
194139
115942
418690
92034
193090
249072
138987
258275
258709
247327
127982
428744
237140
99719
429169
137782
62634
237116
137568
139193
262621
167046
433122
239782
114309
423638
238877
160661
91549
160159
95128
126212
196235
91820
238904
36925
151844
172762
37490
5515
98893
122789
90040
96939
138699
193524
230329
5590
237258
51791
237847
239060
419067
163732
95913
35531
249420
238217
186273
173812
39065
251692
25066
160022
38832
55738
237965
147659
188322
93116
14794
194750
70349
138894
250908
64408
253363
249048
291143
118724
427579
11797
29917
33469
14696
155719
155056
145835
186598
291282
42113
230636
186535
427233
119378
259789
252326
147726
172669
237858
191466
93820
22983
173730
181656
90841
230376
146138
136043
429405
427639
156015
196220
70217
167972
94995
188964
423637
8751
230348
238638
172615
97970
22465
260311
169231
187516
138557
36666
180671
107088
247525
121055
195400
196419
168707
51402
141493
433121
155382
122734
183301
254308
32364
167317
432208
132774
188800
230505
413731
156331
251483
107081
138558
85031
70214
55732
247524
187922
96954
37721
42266
262091
187067
98285
160165
92102
291577
193170
184232
116077
181216
162394
85237
192794
161348
186453
153467
147662
192208
188621
167891
247193
120082
161357
159767
253790
427050
168857
166231
135349
132223
248889
151557
107481
245061
245640
49124
250354
190331
167267
189014
122932
147430
42973
194417
117669
186483
32340
154252
174171
138391
257256
138802
181696
173200
137801
145310
54725
19275
261136
423582
195167
160027
259211
180755
133890
247538
155276
182920
194461
126062
136313
417425
160435
187013
160023
418691
190480
183034
99915
48698
191468
183920
425873
5546
33688
125987
409872
242111
127642
240007
237410
115516
172014
33476
48957
260240
425681
418658
154416
167030
168595
18747
5252
189870
98796
291325
115744
417697
161002
171596
414371
158244
118403
29915
260565
190753
246738
184696
93938
252276
421291
112390
134523
120974
185205
241481
247051
12475
280736
143771
429033
422572
115718
238685
266272
37653
184316
432040
252363
257933
161734
244048
154391
152797
425109
165874
158212
186220
181238
260521
258557
45676
14800
96943
239290
191322
415944
169998
49498
411062
131346
186596
95563
115805
418735
94924
261547
172679
98500
51596
259351
22460
180039
37482
499448
184564
147686
267278
126308
163862
19743
140255
19204
259354
171474
46841
138215
243661
152655
173605
127154
191045
191326
412495
173050
161852
151290
146598
248884
180941
119337
191151
426374
230253
250356
70218
154757
258632
123078
259068
98039
152343
152717
145183
403414
134374
251590
237148
135340
280554
183810
9979
427596
138390
94779
136569
185476
171478
8297
93902
153072
157315
153726
173732
155469
253422
245198
291311
159157
391184
259606
183634
55223
156295
70169
95956
160697
245687
189384
22451
431957
416997
184084
258737
248664
428512
246741
172707
180643
260262
130082
41719
257386
133135
142743
119364
249909
246099
58914
70216
236014
430187
195436
412144
418490
426376
417499
120145
173182
380384
163306
185140
253487
422137
264458
257167
187345
89934
239725
169846
95494
291510
241115
259283
429310
246214
115219
152452
92197
118001
186270
126080
258555
187071
119445
128293
195484
92220
257504
109464
121224
51806
24580
191844
257333
430564
250211
417424
254069
140985
186605
119277
31501
260533
145302
258722
59920
195417
154228
92397
190175
164471
159652
192353
155730
247029
107504
155576
188620
22955
121951
245866
413257
92215
248975
126069
422795
174612
247332
8621
134083
167890
194999
101868
172285
181211
262933
251589
169338
180838
415337
253911
101871
37626
31452
262500
36681
151733
416963
183022
433370
93823
417324
136354
434089
10623
163913
59767
111082
76687
183600
43858
261945
153718
426096
138553
251488
93547
96522
432257
153527
159694
415293
36713
186494
248262
184082
430975
230014
121056
149215
418207
416204
153747
421488
182663
421210
117810
145250
96771
166991
191512
195416
90713
92390
185246
239727
172513
412998
37690
55115
131345
119244
258911
247329
252696
171237
11643
419227
94390
157679
117618
262657
117549
261707
193109
261769
19659
181571
181509
195394
180692
258690
252274
188708
252211
257378
153402
131263
191332
97476
19355
258619
417940
122304
164449
149272
94504
64212
237409
35853
116222
34120
260771
98497
434093
166156
194245
91049
235988
33388
8422
432205
192033
34084
409715
427140
97921
416528
126309
189075
12707
97504
112392
136396
230428
195355
409655
154455
185233
144983
94455
32613
147386
416996
421563
117418
173184
188641
6003
35856
172648
253773
151827
96169
122298
11917
195397
128297
159426
432122
159728
421277
97436
238887
147204
252011
24889
181522
166452
133316
34002
759689
421477
97905
192844
169419
8669
138831
99548
249075
251507
160927
151548
138937
409539
195395
240531
170052
104625
159168
93535
59894
291561
280390
59212
159695
127994
423442
34294
260871
150191
420192
132724
252934
162727
45054
416742
99368
252862
123489
43081
168100
193501
181209
150099
245937
236045
140989
98097
151854
170913
196530
183331
11806
163797
51397
45945
118388
426383
33442
169862
260925
164639
427458
180688
425123
19284
236866
154689
164907
101867
118616
423113
152479
254059
153405
417701
11800
151948
252027
157351
161653
171030
172681
180535
145283
230633
230408
159731
156366
239721
241841
97938
45264
136067
173353
90647
159451
8677
162761
8726
91838
38202
173109
239128
32336
239445
191561
133333
168104
128292
168998
430928
144313
257122
417777
38855
34841
93491
45983
163442
259201
144796
424822
259033
193504
137881
36943
128168
167639
190954
113167
70350
173048
156357
193862
192783
238001
149005
190495
49253
169725
240477
257220
180737
252324
159697
152457
146124
260027
125742
6639
131332
188472
173684
429631
180745
257379
421484
159163
172300
240202
141317
190829
193682
420224
93490
136566
185326
414357
116080
291470
186807
8521
193166
424636
38841
181240
153975
182079
167318
263096
246397
243380
136071
96166
172710
250909
415565
155593
196329
119275
162144
258565
230583
32230
249004
99187
36678
259190
158585
99914
32700
193107
186667
96295
159630
247838
422547
252323
258597
123353
160443
171595
432199
259346
116269
126266
181657
119497
189122
434437
415342
290130
46331
14989
94421
5620
194260
127639
168101
112007
98027
141395
235907
253320
246098
426112
190431
118538
421271
281680
48332
29880
117203
14668
117881
126217
184983
260865
230635
111347
182830
98502
161560
256603
193422
147421
170623
421217
425682
235801
236260
430574
194421
260526
123144
409758
192004
125325
235184
255718
94926
230116
419747
248177
117813
180839
244149
31760
38716
144391
4640
245364
90518
117416
124614
150807
247171
290984
180659
37125
135030
128227
253912
118399
11918
257765
147821
180840
259771
153424
190691
253010
195181
90447
147316
263106
180672
127153
189783
410838
253951
155539
5305
417519
34775
137481
66935
260866
169456
258614
242099
260390
418657
418689
246385
260608
410992
50225
5548
291161
183819
260492
147825
154146
152214
245366
34150
163461
191565
164580
181665
243385
433337
238906
241476
5550
247532
98883
417685
410770
187344
99445
262092
91763
190491
246408
169564
194772
266258
251847
98985
421373
48878
112498
259032
105140
196237
70346
424583
147084
163277
192339
184447
64075
413732
185896
157417
421470
191408
94759
391177
230280
130916
190328
237710
409616
195401
425443
168141
149083
165423
193133
257310
135032
185591
39018
237711
260244
43119
230462
194386
243660
173826
252228
248574
118846
181220
151537
259002
164407
181653
291602
240037
185542
122034
180867
152219
5982
251639
245498
186731
144980
124122
144507
99720
96765
171534
115741
37822
8880
193950
245011
261565
168423
29709
9178
261012
253000
111346
59215
194616
248621
37689
180164
140987
110309
95379
95654
174152
17630
55743
91530
148770
238879
290127
252623
34152
167906
93827
417692
184932
51396
416157
417682
142740
252989
125149
14554
5567
431581
7787
51807
252423
138803
290387
250622
253775
159875
257488
172664
190615
96191
245540
148759
99185
196218
251023
187999
101256
91285
267198
128165
250820
194344
37476
418601
243366
249157
149279
264189
235940
157678
247531
257376
193411
37655
132102
147290
180121
230140
5576
187876
264461
168143
247393
259768
11788
247013
138130
135718
112293
169756
193403
107503
165419
5963
131529
180924
262653
239781
140082
191653
185541
29812
160371
48785
117551
247238
150240
117786
14738
34131
144461
166136
106936
193620
90319
172697
264723
192782
93690
433241
182431
434329
184034
257769
161656
29903
257390
98963
190748
35930
238219
138089
183663
126312
146067
187875
94343
160011
126070
112139
252126
290628
95830
262082
259947
171483
190061
190044
147485
152785
137893
413825
126091
110317
95459
117859
188794
403513
192316
120021
158224
121226
185185
121974
185927
13326
238865
29691
159246
259141
13887
127511
51816
147443
195586
99628
171404
160657
51600
159444
38751
57127
11550
36193
95528
186883
17712
429181
132254
168888
47487
190101
43084
14610
14727
192595
150315
37473
424496
262244
419479
193177
181748
147507
149277
165775
101872
280735
230341
99267
182468
166346
90007
291160
97477
161645
164006
190178
164096
90064
112037
188100
132424
290179
237963
255578
184265
99353
168444
262419
193865
433277
155394
152451
421290
143767
152456
247975
33323
93421
126015
249722
117417
157560
153345
258809
237176
181236
138800
195256
153742
417517
249071
19967
433594
250763
193402
51497
163885
147381
190724
163774
188356
252427
247266
191109
93844
249085
32563
153746
194770
146133
158863
54704
127751
11641
119263
261710
260923
189008
194925
182253
230340
94422
96501
433217
160126
248545
99916
240711
99964
259006
290860
98618
54224
136936
190493
290625
263778
153228
409930
423254
181742
187727
32338
172639
237713
253412
290810
124717
260769
281500
195158
145707
91946
155559
48359
230177
12706
128361
31467
54706
413529
161999
125967
236625
192807
180675
123156
166196
36662
250910
48358
160646
126021
416926
420477
109376
162122
253993
261846
251842
138561
257234
134598
187289
127488
421066
249065
167031
155585
250911
130417
257872
252425
2997
109418
163487
22454
47822
234578
189005
409912
246094
237146
98219
136798
38859
247872
154060
167642
230377
230180
11653
243499
45045
160033
246093
416815
113508
138696
168445
245030
156774
19637
11261
165898
189792
142497
248806
248167
257527
158196
155622
12959
260004
150463
120478
151829
92301
91784
44470
173793
243643
90448
94870
162187
97069
248173
163799
117415
261571
134511
113924
167994
111101
99563
120563
182306
146956
152795
191575
154090
33325
237111
11730
167578
133134
8821
248048
261564
138654
259734
290944
239716
32605
148422
14785
185202
12476
38216
143039
118238
418266
114258
46988
257746
70525
174576
194061
143040
91076
425458
162397
249100
423941
262118
180640
262660
250846
161559
164586
193499
253770
237199
257487
116352
144830
164583
184168
95378
47820
230688
13968
159238
158998
182434
159136
138805
188703
431382
245785
194802
174270
43832
182304
161432
115221
99489
230263
168859
245307
241852
238882
239240
260801
188752
94344
191567
29813
34142
11048
152253
23459
258775
418744
263033
187860
260984
193968
246410
193179
106937
413500
125907
29881
237999
165771
99721
118412
239416
191049
150915
138900
188166
180966
257636
122832
166873
425066
255459
96316
138816
148497
426543
416925
189893
420114
192294
154465
119313
248928
421842
249002
160498
8675
188047
180690
119361
14763
230132
239152
157407
262367
99512
171532
130254
189943
156091
159408
122308
141221
14677
126068
238905
433086
184754
258951
159165
52087
163415
261855
151841
193510
425779
241388
195168
33168
422691
189368
168425
168005
414354
152463
6028
257876
249813
240534
759649
118624
22436
260777
425845
418699
230431
159670
237819
117585
124896
259023
38966
46286
85951
133764
27141
244186
257157
180669
429308
125540
19635
97410
172017
249354
93261
418183
124234
238382
417454
260999
417456
90662
92224
94757
183105
38763
8620
127828
153721
172326
55475
163192
188158
121154
117887
240573
11799
33232
55476
4682
413984
237141
246041
418268
152213
412042
262016
186478
260632
235903
37492
190644
160041
130782
165902
183219
134602
187223
189889
161503
189058
142164
255576
89936
70902
188878
159856
107089
187783
162575
168255
128237
419439
165452
169232
97782
134601
195122
144071
94760
247799
195745
111109
173186
192338
247866
124887
230432
149081
5528
91705
188444
95129
38155
128177
46819
433311
117532
147220
418861
192592
237910
157782
196113
185052
230466
170868
429179
257042
97904
154890
191542
168343
423423
92577
138815
194462
126075
11650
252962
93558
157340
38875
171683
134964
152786
408970
163270
237888
130021
111131
239761
421109
121054
145429
159166
36697
243566
195169
66907
413109
39156
144675
147780
710060
170675
291633
161764
249318
136077
426169
17804
180683
238806
37659
259666
409852
257385
196472
183749
195192
6521
173663
759798
432121
39198
154458
432906
51805
417781
163486
391186
9980
423640
425581
153274
189359
280760
236262
183104
190058
291562
257389
290882
151621
62705
710036
180673
85245
90506
137879
114246
8623
261221
146356
239580
253948
426866
190668
184981
117790
195263
245867
416711
245495
247395
290939
181699
190608
262624
262671
124888
252008
130645
188090
38160
413809
191110
239298
258529
254293
192956
155587
137220
247874
96976
169434
428059
5525
33177
144981
126214
253318
247635
238954
430972
262446
32835
238112
85037
193114
139055
245025
90716
21929
118620
416912
107574
51734
184162
157670
247867
193622
14788
428533
418501
21941
160030
421270
153897
190745
230747
257155
192183
37662
261575
258534
425441
237778
33178
246357
420824
249911
194064
186926
156306
135180
433267
126206
230189
31804
248277
290032
251825
168137
236286
172012
230254
185106
250280
173858
189919
119326
418272
188792
259385
194430
419212
245513
149082
29893
163392
253385
73708
52072
252595
245497
95301
194224
38942
172698
54229
252143
260389
97012
127061
55229
162159
23497
92478
59749
125739
238897
759639
422427
192857
417381
126090
290038
91085
171463
186710
11649
253567
45046
148769
237612
94898
138811
248552
104710
291632
245185
156125
44441
148472
196326
290004
96496
190196
126074
251025
264759
158216
180174
89933
183820
247949
55649
192630
192317
133345
194338
193364
412779
122371
38754
190535
34836
168653
47590
134646
410778
185236
241410
171482
42101
158220
153055
118729
33478
188354
64146
161422
154680
409469
191431
434092
424900
186170
127430
183092
280825
290990
32234
8667
262941
116660
121753
181700
289986
99630
64217
163271
14787
174551
110042
13513
115567
95398
93973
24965
193454
194501
171591
160660
411505
81242
48231
143273
181524
48882
92795
159158
193124
117811
253784
415707
419610
157052
119446
259767
241413
55225
188423
184233
93747
247408
44474
181214
153808
154388
128238
98460
96111
230043
422653
291192
260133
188623
99129
159446
131974
141255
51469
172304
261644
142496
420444
259769
188635
194196
90728
19759
169619
267403
235858
167009
194186
168467
156500
171000
154940
139060
255577
163276
193091
27175
126097
156991
189920
144599
97206
143990
116665
161338
90663
123488
192987
124121
114245
148489
159855
196528
291264
195123
416709
193509
172689
34992
251034
415568
254050
94951
248790
261718
64079
172084
117426
193407
14799
127044
137411
192032
47776
180656
260242
424184
94963
238306
157880
128182
96193
192729
114310
168116
290383
5556
245557
192988
128051
189040
195405
290125
416745
230181
5632
163251
243415
173857
136224
186954
152662
137173
196120
429876
258064
93391
63892
118191
159794
247583
245022
433626
185712
93906
173451
185616
165420
174191
254048
98951
159149
172283
157668
230378
237162
252677
117998
136507
90724
248553
183562
434419
195265
186728
32828
187340
237277
245195
107251
150241
11517
160469
248049
17347
259608
151528
158222
174610
185198
164455
45745
171599
417951
190802
118545
118775
99982
253386
258378
14789
185098
169985
54777
59768
124998
421819
99455
193354
160060
90667
261493
253566
409928
51733
92793
237115
159658
146123
188640
96931
126064
135822
246731
64149
415888
38738
426552
18807
30303
5651
8838
153226
260503
148701
170159
167120
119084
163390
257709
115740
89726
183035
434514
245335
22968
166666
93586
8399
134958
98287
153900
144325
164551
122798
432258
168105
193507
188363
154526
134031
192357
193089
160318
427985
159187
141254
169849
174632
59907
173103
145282
130388
55480
291459
38831
417455
413193
97501
45632
255579
152263
230580
138681
170908
263121
241853
143661
36775
37660
131579
8405
9103
121690
237860
141683
59930
263105
160031
193134
193473
411063
238340
152620
185273
258771
153715
116235
174295
55740
281083
90018
110080
145308
147822
290260
259249
249097
237579
180041
434188
174552
118806
426868
195845
48897
154411
236065
144672
416714
143870
173453
238901
162362
241844
432904
45554
243929
128016
261497
38826
37463
419213
73671
57780
418016
130101
290809
412048
159104
125148
193508
36700
157400
249988
427181
10697
420154
152345
246729
89905
118813
257493
431357
42202
97014
236011
191111
130644
253568
29741
165061
291637
149084
189120
121195
120585
5617
138176
186179
184979
244279
22456
236144
424715
423653
423639
180680
245000
156341
261684
9173
135186
183106
248261
90723
118857
94891
151706
145307
184013
11731
55319
187926
258939
127960
154980
258938
259168
258475
25063
194482
156185
98911
257392
189119
237192
161570
259702
263093
117886
188445
99987
126099
111971
279579
417518
98886
189210
5966
144664
194158
415197
241010
184279
191697
33404
189911
249091
413251
180646
164636
258469
110082
244241
125908
144082
180028
46126
134883
247399
163394
158870
426730
26314
97097
171540
193859
247641
194969
290043
193891
183031
173591
94900
90487
259665
118189
137409
246096
180668
17778
56231
73675
267270
154482
168258
63938
89938
29902
33467
29906
47486
171113
170161
196117
118617
133373
262284
415950
427597
421891
237962
257161
34980
258173
191131
260147
173198
185100
160026
243923
115736
149087
258901
291127
187476
161578
111839
172297
192352
173392
230037
430695
237998
163565
162396
230766
143653
160447
19193
19667
49090
250279
96174
250723
181911
419806
263099
191132
98892
134496
247720
431617
189800
182194
170261
429879
173230
149216
136240
194758
98890
161318
14553
181011
188398
170668
166793
97822
257332
145863
280320
173977
171191
54233
195164
257309
42741
54223
48784
261708
409698
165053
239244
138974
418457
193997
17243
261953
51732
190327
11633
195500
411541
246013
427197
261709
191530
180029
252083
133429
159760
258921
259381
111081
259238
42364
421555
182066
125399
26113
35541
128195
29674
154142
196149
18839
85064
155387
99547
241237
137851
119383
248353
258773
259775
93904
126260
257528
115461
119365
192955
183090
91837
146132
247170
259907
291026
249093
147567
152255
164376
260649
45589
163355
416989
192315
258568
153242
193484
193098
192361
34144
139297
243916
97480
230463
189220
239630
166791
163269
32381
259347
432611
11638
173183
245835
138726
239119
172696
8749
159312
173352
291132
96730
258910
127856
259076
169026
257331
46978
189917
8385
432214
159727
429497
166347
258376
30302
98669
259976
291630
240198
161397
253952
159853
64066
417953
70801
180742
251136
245024
290124
238372
172094
70538
418659
32273
262085
14807
188407
18586
157741
127995
125608
237164
189222
422234
147395
417044
119416
120560
236257
171115
117723
164760
39061
190726
64168
261943
192210
191047
188639
258849
195268
261721
19741
36940
186251
160035
182147
186142
187729
421548
170670
156423
90199
42736
188374
115716
241385
160281
165778
433221
14777
159198
157886
125411
139202
152347
132253
247797
134380
431021
154981
419065
246255
158279
195189
151705
251068
195204
92986
180841
243958
159161
172081
188357
138727
12051
241850
239055
258895
257728
246999
163698
759688
239432
247396
161431
109389
415803
262999
173329
32380
182771
166653
138973
230274
237272
154914
171110
93901
248561
182693
261606
290727
36679
291103
4835
104312
262990
193525
414259
186977
230044
187428
230121
63904
160019
194594
152816
163877
260339
250401
117197
121534
54214
164227
163146
127855
428738
167159
54552
262098
136571
257396
230361
262847
134084
54179
156574
137231
7845
243411
167144
162366
193535
434449
42970
184083
56199
161347
128064
417045
230782
134203
162356
257745
36694
415245
416920
167997
25856
257877
261570
410925
91839
188803
147357
240006
419734
163741
180653
47856
236264
5527
153461
155887
193174
180689
127513
96956
187339
166789
417699
237578
165777
249068
156585
259773
161350
414355
164230
119485
114313
167503
186215
184199
145890
419802
165894
117791
35821
391280
252219
189041
189500
119267
4669
107094
184730
89939
414081
158768
417702
182044
191203
54222
124886
183500
116405
162359
267402
7394
134172
250275
431355
155224
93743
243409
257489
136303
49858
166796
38837
134030
119552
245154
290748
159770
90426
163926
253009
14954
119368
121819
246183
195954
420672
112987
93825
253195
85056
426859
96561
54855
157780
8694
258175
42103
172305
421480
167250
144674
237139
426863
258656
98024
154453
193759
230226
97502
33183
264522
116663
118627
14793
168708
143485
51621
419441
191696
237558
6060
185240
380344
121165
12709
192589
55070
137422
95234
155575
421823
262596
710091
267741
171538
258912
183465
93816
161537
26316
258908
253765
171498
134170
187673
172616
41743
29667
117580
167738
195760
246182
73682
94378
187879
248608
12169
51441
131826
33305
99511
180650
155916
188370
172659
259363
154088
171109
160045
98462
422858
172209
230130
83730
118598
180926
150809
241393
29916
253486
173066
158227
238900
290029
14564
70081
172080
187997
159443
32035
290895
126193
192341
263104
190488
145868
151843
125965
172367
174446
153719
260922
267274
187069
54234
46851
425444
136199
47508
127661
147428
247500
169535
257702
192017
195243
189942
89948
11635
193505
168145
281746
170155
186960
180927
291028
184343
90987
119327
14792
189003
195272
181754
151556
128242
194243
134217
163939
194757
403512
127968
172629
241842
247240
181839
230382
125989
124241
145190
416132
189369
11045
134645
155229
153511
249101
257217
194815
380510
29699
238545
234596
136935
181701
187065
155779
156136
92394
246220
109551
37474
138591
238896
32271
254284
259824
121998
253779
416915
181401
70888
234594
134379
5304
419625
171536
426029
418765
189873
91225
261778
290994
158486
153686
190808
14778
230631
120105
137256
120003
107083
90372
168855
14666
92226
112309
186713
191651
194376
155111
416885
5536
159602
193532
260519
154461
64290
422618
119447
243383
169037
254261
133284
186729
138923
33453
157144
147426
237142
118125
155226
421178
11639
186479
158195
194384
181153
123857
423425
246528
261548
230315
434439
418738
172690
11551
37542
238218
45739
252935
34984
248401
260361
238562
34328
192475
145838
236638
417516
194497
262351
194763
171546
166137
145867
236863
38764
44434
93396
237163
120079
426094
145715
157284
147229
180816
161459
149270
39037
409865
290378
99057
189007
290283
247527
416463
195923
412390
126216
45262
19965
17661
9513
126100
193625
117324
142167
38858
154938
186952
17801
230436
242112
154723
250277
180987
247412
290005
97554
99105
430602
159733
290986
194160
98170
237859
5554
166348
245306
417739
258598
244196
430821
127979
413495
189223
258741
261566
124996
252965
415890
122355
125400
151544
194422
85028
246051
190054
29664
251597
249424
161905
192725
431354
380228
46105
172687
262058
77259
180814
117661
172688
432947
194769
138636
192796
34761
110134
91690
166286
184077
145312
5152
89945
230355
291634
194775
291106
117190
185243
412494
253379
107498
253394
47813
188355
36773
241563
153722
180662
236948
185144
134372
153026
126039
258519
291287
120023
185108
117193
89943
183823
122040
12634
152207
167903
118860
194377
172630
25860
162354
14955
93112
119554
119333
191604
166654
186959
113108
248230
420132
34132
423636
170674
195152
54595
47589
182923
183115
426098
162361
291254
38827
155370
194432
162395
117183
409615
244011
257163
29666
132637
144786
11636
141316
64219
96687
97717
107576
54235
47411
191469
260947
5530
191757
193432
145300
280849
165036
414360
96190
136505
167177
168427
186734
252997
142221
152217
122632
290455
93726
173480
230506
193746
252137
172036
150394
14670
173095
245806
99758
32223
136347
186278
187068
192229
153340
257634
150093
150344
22459
260770
194339
429314
391425
118553
186456
154460
85010
146146
192351
5549
14709
49861
235896
249816
248796
125810
172714
253792
413497
155447
419803
250796
55714
95877
147211
181227
263103
99996
128532
144958
112398
416995
123148
239222
158157
99055
70232
169415
259001
239653
153240
11796
189923
91702
38990
38156
187070
192575
150237
238899
252358
147066
165179
161855
70168
35022
135071
189225
185110
190830
409716
426870
160021
421959
125746
165416
189772
90200
70260
93900
252699
236007
257730
128053
241386
118733
64147
181301
154986
155368
239050
111105
188162
164981
125401
193647
183769
153895
90437
4849
260505
149033
250182
148740
244041
136351
250802
91130
12817
142338
189922
93989
249081
96530
427047
164958
249103
173010
161877
250535
18749
248663
158232
411758
280609
123152
131604
156994
260493
418545
191849
261901
155930
186275
63924
186962
118597
192896
134671
64208
26296
258109
156426
155594
291256
429907
237493
96456
37484
760467
34981
43082
116608
193043
251318
110315
119271
155122
93026
251564
18513
125369
245326
419529
118335
253485
261218
157016
193113
195237
64073
159920
135826
155602
66908
759797
188368
174471
188307
194420
189238
262765
250541
153070
145362
136832
247242
251383
115521
109417
103758
250283
196330
70762
414602
172719
144684
180663
263091
188725
250629
32298
22991
186924
184198
189945
186871
191694
94345
153974
263097
163488
186525
254061
7221
188835
247502
192358
258838
760465
137977
418014
171565
413129
124786
156385
242280
170290
249069
235897
107271
172095
257531
180655
239664
166287
168097
93260
119204
99051
174190
162360
145346
237259
195266
149031
248181
51403
415567
194244
155742
418177
239728
249169
251827
250710
257766
181315
143972
154824
251601
32233
262501
117717
174635
94992
250833
180168
35609
171594
29877
97551
120094
145382
192363
258146
38964
259159
424921
152880
120558
34378
64210
259774
132053
415196
159420
180744
187887
93872
49597
260523
173590
413700
162266
119334
43115
432206
44429
174196
112039
259704
73674
160032
253853
94546
281497
120275
92921
142730
168734
142495
95820
157677
191146
238891
63870
248893
186594
237577
37507
248473
237857
260496
115810
95478
259787
163042
160088
244298
19127
253098
429495
163671
186480
137968
238549
238874
48174
162220
98429
253264
147065
76690
192226
156537
95319
252998
6025
38982
147496
187995
122738
190826
11050
245565
418095
138595
252428
32371
237693
190925
417676
91704
96526
132728
426168
182001
192581
183113
420509
148697
245257
161339
173855
85038
194466
409850
148490
159615
162101
182425
105484
85062
52085
55739
112296
121970
64416
159106
122302
429472
234597
240917
35905
184117
239305
99044
17713
189967
165703
150096
253788
189121
54707
151693
246218
8639
251940
250836
422549
45040
97514
154778
51693
96772
257313
153039
291252
248883
187288
94424
32834
17635
243823
171535
137102
45665
14556
416911
141919
126089
413499
55707
433119
189531
166132
253332
169341
90715
5749
138724
120020
253586
160014
31805
154692
124244
252856
181841
249074
189204
148762
185619
140200
152462
131152
37691
92227
120122
188488
261572
173766
430556
91082
427957
413530
9174
427670
171448
11916
259297
710030
7392
291593
21355
118582
279594
419804
169989
411863
134032
19758
250534
188164
99604
36743
57768
174444
238196
190468
109460
9443
247192
420475
238551
183827
193621
115733
172676
84230
128186
91081
152867
35611
153404
291591
196399
192365
45266
122935
245688
418685
163668
418908
427183
165450
254045
157672
136574
70347
144680
5544
120346
2994
141699
34059
281753
290116
249825
430979
147390
416987
173094
160448
185247
148402
413699
96192
194702
145251
96937
47617
37576
182962
235841
259075
257391
167893
122296
134310
6006
117879
160163
172307
170664
237968
421825
186813
126026
93907
99062
196475
126037
230535
49859
181840
291460
250640
118237
429208
248658
33337
194814
136497
413339
249721
158106
150198
116081
419527
138195
55742
196494
237406
237177
174138
249083
185248
262348
164616
168796
429313
158105
181736
172377
194645
90132
430133
107245
17339
91706
181400
156065
412508
144668
189237
235840
230778
156773
120575
180654
181218
418737
188294
194257
160195
25982
192523
243414
113000
194385
427745
403510
429878
180678
145309
169810
109467
156420
253771
49093
391183
192154
244249
187222
7220
153250
161655
180119
411448
241408
90665
70797
258057
181314
101866
194649
196179
91261
187284
160151
433268
93818
162227
238817
239282
37651
190825
258681
239564
424920
415695
237318
165038
174338
97898
14746
119335
194599
416276
99710
5209
195404
172282
427235
246358
55737
90718
164372
430132
248626
248659
136271
167581
190091
184597
423608
125981
121150
421902
166709
180277
194381
103553
253321
248255
153874
89940
117550
258710
149148
8537
132423
133285
186709
194375
192348
5333
118840
262997
125582
187341
115722
434088
173822
123158
111247
126304
42361
245786
428097
91226
29710
416358
33296
123598
148750
414361
186447
254188
33422
147555
49832
155321
97472
91901
142165
143773
117424
247020
188364
191325
122198
163770
135104
70913
94961
19947
44389
157863
148766
259108
422264
241406
188827
434090
186651
34754
181743
28414
14615
262045
193121
241006
182976
117894
291284
125583
248148
188405
90317
291280
154089
433216
237543
147725
259751
144913
428519
118550
154891
51694
148765
230347
185865
143989
190057
420818
54917
145289
89964
291116
70887
413496
156002
91079
97714
423107
133132
84228
291520
160064
418687
434438
145343
241405
164365
189921
183768
99631
186732
121754
244302
150759
180169
180591
429726
173194
193500
241011
145038
124973
156009
182041
146141
188095
237145
145186
8378
137234
247294
147355
249947
187278
59614
37541
136212
194972
246739
417452
180975
45053
427051
409854
247033
151695
250654
126027
252939
260867
246043
55484
172708
11791
133282
138380
165896
146114
255854
181212
193970
235387
154716
195823
190773
147188
143871
46314
115751
90323
230284
91528
90171
416586
160061
161323
193030
194519
258848
150806
57017
99052
14748
123348
168052
262554
153347
164568
258712
195046
145304
29687
182328
184758
252086
130344
432615
165421
120093
166655
239281
239397
117895
418849
190045
4796
418502
135000
32008
98504
165453
171823
236296
90384
173672
252605
25058
142766
118788
105820
174631
24268
239056
190474
252514
181668
166989
249810
163909
186669
190056
185368
45042
153896
144319
185397
134106
138809
185237
128295
251855
417678
191652
249082
247391
35927
160290
123596
39066
154073
159105
95997
188296
189348
195532
230419
193175
185370
427115
186217
165168
239223
262174
249140
96062
61080
160866
145321
29475
33436
258748
9150
143812
14801
141700
253099
112535
428778
120109
133374
259788
417962
95320
251347
267194
55482
95401
185151
162729
431964
194617
16131
118222
238213
264729
36636
35938
97997
99626
145252
147387
106925
7843
291300
150233
417215
421482
183635
192227
117192
422796
45041
411756
230313
156012
156307
32193
171242
159714
55228
142113
118626
126191
428745
258273
134312
182040
180644
172183
418693
156577
153738
194334
120146
291258
188801
29762
151610
249229
6065
8822
291301
154454
145297
187730
96140
54178
107273
414558
258556
181520
154087
98474
132538
39031
433517
93821
290120
411861
192797
391181
251140
189888
415604
169035
172644
167705
163679
160444
258113
258547
64068
184972
241872
143968
94393
143046
7788
253367
137132
409735
186779
182951
230416
112294
422654
416991
64065
236008
119328
257264
125978
92913
241362
157610
101765
159447
90006
162400
151853
33186
128079
163395
152886
5964
236269
98501
5229
188788
191551
190727
70798
147727
251598
163849
194383
422587
194764
431971
174337
99608
425857
12807
411483
97620
230118
415246
248550
145387
98165
257530
11599
156119
13019
134256
156124
145220
136204
31803
230225
165064
190730
118332
144661
187094
147259
238893
422397
13774
189927
427174
186811
155598
253918
5250
246502
96059
5547
19744
162781
11515
236267
118509
156980
189899
243646
4680
291613
257159
19282
137848
153740
244040
38761
159045
192109
110318
172704
418456
240954
195862
263032
258731
138562
261357
241843
239985
35031
188101
159423
153025
192006
24927
147415
257529
154384
19831
166651
433078
116649
156982
189346
97907
172802
5586
417251
246166
7393
261577
259392
230277
152455
119362
138092
11801
45946
421011
243658
247875
189890
259799
391173
241372
90449
261533
55734
29904
262998
172308
194650
117649
234591
230942
159247
196515
153333
187882
91254
186778
243405
172691
192324
421818
70083
165719
120106
92974
163771
181215
249815
238046
195260
91253
167589
118178
243791
55725
253877
173639
419807
260518
192452
258060
252999
118511
260490
112040
98095
42155
160154
424343
119384
96172
161575
187029
132224
184448
244743
183789
195827
164759
138804
257932
257862
167156
257464
90050
113005
145306
98273
193164
194499
259116
132421
152261
137477
166201
262756
14675
290982
249635
144745
130100
238544
14776
91900
38959
239712
32564
148421
237174
173791
181745
422380
248546
131350
187800
428098
148698
244108
51737
163990
57060
230976
154775
190469
247302
260514
139056
4663
415050
188359
107092
196182
260921
168703
120091
168113
238873
163772
145301
145286
47489
180151
262117
291576
253916
251498
91077
235285
142248
191467
429416
134498
153505
418567
158764
120939
290119
173751
113914
257315
22969
230012
149164
249991
189461
21954
134309
112680
146064
92213
157140
164226
126086
189221
429761
241423
422849
167116
149271
169078
146122
173199
93803
152258
131884
14791
252537
403509
411238
142745
156183
14797
191145
93898
99048
195190
194964
186969
230013
142807
163566
193633
32272
169536
58521
155619
159712
257394
144648
174147
165900
139000
156775
411795
126081
262285
239449
252563
70531
160016
143021
112381
192159
426858
144134
91339
59762
12474
146105
416712
29668
163281
104645
7391
122960
247526
19993
261551
37652
46128
157783
195070
163769
125496
70661
123490
70196
172013
96497
24358
55729
143700
168103
419626
237930
188094
238875
419048
51820
243947
167919
34499
182042
160161
417382
423255
248171
187731
185203
37627
45923
184075
161157
162937
188367
184586
9438
138625
415486
196256
35952
153725
429812
6072
119266
185539
186258
117534
248547
45562
235757
183222
122294
143967
189018
423660
137784
196236
415696
195437
133724
415714
189212
193228
188308
126077
99188
160966
162403
243384
431512
34086
55662
119274
90002
172685
188550
391133
140988
183033
427635
62626
181683
169469
163883
262936
252700
261964
172382
254301
96745
131976
183467
426869
257874
162358
148778
121221
166919
240094
194766
92196
166058
47541
128240
759445
180988
170568
250503
91171
153688
192791
47490
128193
250800
98953
166153
142846
193092
257221
174015
432041
63889
116221
418532
260150
291283
187404
760317
155600
132220
126092
184234
261942
409467
159164
138685
11657
118850
258552
883
94454
188996
162287
159857
155667
55951
180036
250658
142438
154687
237087
94890
237178
112338
93871
38985
153480
184073
172645
160020
153756
238745
152464
251651
148767
191117
263090
419334
125323
91819
185822
42725
95052
99457
421988
96495
261237
230249
19688
172301
27026
427095
160373
160024
196183
142220
133439
153420
96235
172078
424860
33184
243406
183732
185234
5973
156092
760019
253100
139015
11656
236947
184170
8655
240860
172647
159188
189793
194388
185866
120654
188787
48701
419066
111968
132035
416275
151561
141710
118535
247303
115747
190053
413824
95806
101283
38999
255853
137849
133965
51808
138192
195261
172666
259750
248046
252615
188799
173450
168799
99980
172702
112057
419069
36935
417684
32276
195987
64145
159167
145294
192501
423939
429189
117702
230128
132255
236006
150808
235902
157906
151748
150090
164810
192792
97908
161808
264699
35913
247236
63893
46312
182769
11789
173815
93882
138978
116391
122041
189924
423409
117195
195396
32270
184973
183730
191564
157544
429967
98984
132425
109416
173190
169023
429034
42983
417426
237887
36772
171587
253194
260520
251506
253101
121050
116657
17666
156617
155720
159150
45263
191134
247190
192084
185912
188297
261862
145345
236637
180033
156381
194389
19720
119553
257688
257441
239289
391187
261022
258935
128409
180639
124900
95914
290007
47543
258187
431822
189847
38203
153723
190929
153872
252249
431965
169877
237712
422288
37699
237282
427049
8384
137563
127853
281674
184103
170911
185285
192318
117200
185928
170748
237927
183114
195157
257830
99085
156384
434436
230762
37823
152936
151448
37472
11051
120574
154145
124243
239718
259624
250865
147388
98882
140984
290624
426375
248892
159693
191650
131827
138810
161353
152663
238858
173819
255643
154756
429725
19134
8380
259888
424887
98884
414559
413390
246215
183704
291483
290117
147252
122290
154991
248660
261044
253787
194642
257713
258467
195860
85230
76704
118414
106924
98948
90721
125976
412840
157035
156528
151494
147230
81950
249996
37603
99081
154251
252134
98503
171598
184202
29936
230944
157367
236056
51426
263022
182466
188361
148742
45740
51814
190496
162007
99073
147080
186454
153968
237861
182921
185096
21928
159926
51620
153053
64203
98897
186781
146375
118536
170292
156333
151447
258236
426731
169452
258466
153614
181744
415064
84440
290456
32498
70592
255447
142385
187614
118402
165932
253936
126215
144225
11640
5539
190399
258922
126189
257768
420823
89941
118808
155909
144104
429404
186975
147296
421279
257182
194735
253067
174526
148761
193357
185923
186541
118776
250806
117608
188936
194977
136222
251138
136489
191578
149134
8820
124461
43095
133437
140784
187479
191563
37481
261935
184988
119243
70900
48331
137482
257311
234590
157027
236624
192980
147228
403511
122384
134961
121097
92768
432538
45947
416992
245869
241012
138779
124120
98894
64080
194768
173328
36696
156230
247331
10624
255640
144135
93959
113509
37471
48348
260136
247050
185138
128348
239583
168860
427042
431186
411442
160028
261552
94342
247019
259710
91519
423422
19632
244303
258903
261720
172511
160434
252012
291326
118722
159691
93347
47591
93636
194163
145149
167040
247092
290458
236012
247873
184765
191601
246967
165901
123791
25981
230405
32237
159778
192277
180943
160720
243407
257467
54599
54574
131629
109419
248809
188447
51735
153346
37693
124235
32324
291109
163492
261573
93626
12808
166712
190590
125970
155649
121155
117878
