291630
191469
193997
107481
33402
113349
168098
95788
238806
153896
22972
70082
261221
174555
160028
238889
159135
184342
34981
138937
149165
157782
257770
171544
173199
258633
186483
147658
259068
291573
416275
245498
156003
155712
261136
422433
34964
412258
155600
184444
238335
117661
182982
21939
155731
132053
173732
194221
148785
150234
433183
425681
253768
161905
261607
155561
427784
426866
138561
182194
85031
110314
257531
290260
239416
138089
91339
169699
181525
123078
261496
137483
161503
238999
96498
117759
174642
33424
167893
291591
146922
167891
33400
120100
73677
247722
191109
48883
148754
281081
163146
145707
118390
173768
99935
428532
59215
291631
156960
263022
187064
32270
412376
252931
171120
191564
290811
433241
182768
137236
247329
171731
247502
184265
238876
109171
57782
423442
248187
155649
8521
184598
291284
184077
147380
113509
117429
253422
253787
122296
38990
281759
134602
189910
154986
189221
411804
34152
431358
189359
29674
250093
138819
160720
247640
419736
91049
188491
188098
416710
251825
416990
32604
192589
118710
47592
191576
166452
92392
98501
186710
193891
160498
118729
125995
251855
409833
133315
266647
416358
252362
250836
180034
239361
136566
195159
149215
184340
116136
97674
230362
42975
188643
183225
262085
117812
180670
188488
95401
118402
230350
260521
122371
121166
195862
138556
112455
70083
116663
252537
97386
172693
248014
119336
48331
155719
157333
51821
131836
160092
98098
253194
416815
109389
189968
18586
431355
147221
186152
191697
427596
194244
420475
190399
98188
192322
48339
131886
36358
32336
183089
117200
195155
31510
186806
180037
259250
194390
420420
185590
158863
238382
144830
132722
115719
119334
47614
155229
116234
154524
187287
45265
413825
34988
152250
117810
238948
249426
172629
258547
251599
235856
262665
413854
121145
138092
433456
185371
291325
153026
237410
168215
290287
195407
85064
37693
117791
188793
185179
250166
258218
96744
42103
171823
119384
182666
239052
117758
252276
421880
89943
48334
155668
259957
118125
154721
237947
44470
422396
22968
120663
48347
159649
418861
429520
112039
253387
173889
92213
110080
181228
185475
89939
146117
135345
85030
418502
111097
258774
151852
417101
12633
153728
421645
38979
260486
137881
180029
380344
18747
252394
70797
169564
136303
235859
291143
144944
113924
432200
412998
759459
416531
154914
7768
22465
418658
169601
155277
248353
235896
144980
137786
90664
171678
257405
230227
125978
107082
190634
163877
429224
90317
193499
420444
417703
190468
426543
421903
247302
170908
162891
36775
183031
252088
127153
194342
148740
146770
145187
137220
156251
164683
34137
167046
154940
133765
33313
191574
180666
259805
168094
249810
5260
180988
240128
172082
258712
150099
154716
122294
230416
90713
187516
126098
421287
90649
423940
153405
73678
138712
63896
92444
33422
136271
96145
194736
118603
119330
164373
427684
411862
128237
252997
125150
94780
37388
237141
290132
230549
159247
130633
259381
230409
182922
94999
157317
164761
193177
172281
155779
185115
99915
416528
431971
257830
172285
146067
138696
161319
137893
191045
90002
96558
162227
185354
252605
255459
421109
248892
262060
109556
257220
181239
290378
136313
247407
117703
247950
258113
415293
425659
180689
431968
172160
126019
241242
195259
430571
172801
164957
249807
148498
51391
138196
12639
180533
230548
29813
93588
151494
147822
263032
236353
143811
159443
255805
250626
261942
245021
428908
34155
112390
195845
125597
238502
147080
193737
146124
127829
249101
38873
417698
159168
249634
168361
173169
159646
193502
64077
113153
125369
159731
168422
262351
428097
109897
45268
171485
195854
133338
239761
97777
249095
257234
257469
98218
281083
415596
245811
143869
35541
253363
165419
247391
96000
98951
250837
5620
245807
423267
257379
391424
189206
264503
411204
45589
31802
12049
184198
248660
118412
244305
148358
189922
253781
121049
194500
94520
126310
89948
117202
22457
103745
261718
195190
180448
426858
38771
167506
125743
115718
429181
99512
188411
119417
11795
163462
239564
258619
97937
182618
419069
196176
153402
118404
161018
409596
237408
419492
156106
128360
11269
194433
98965
118236
90325
167890
119378
409853
152796
257636
155977
187341
183613
136570
111102
19766
55738
146123
157863
5967
180149
153351
163660
249310
38202
136225
166507
33185
413530
417694
254058
242099
182424
157416
181154
195346
171594
98782
188648
180737
186709
165771
173663
195271
192784
128361
418266
96958
194640
153245
92223
145304
8536
190175
194381
93547
258376
180645
426554
130791
12849
416989
191333
42999
411276
248179
183733
245141
5524
57768
417215
184199
125747
106935
55739
185003
145865
147500
173673
143359
5565
246731
415342
173812
161576
194767
21928
186983
253066
238907
424889
125405
55699
120144
17713
189220
195851
115568
155864
243383
98890
238367
165774
144981
18807
43082
257768
14788
122293
134213
157668
245029
193623
98502
93476
156961
160434
186669
190727
259353
185501
36678
19622
259351
51396
170897
147675
128296
143768
29699
169042
122961
136574
70800
257945
166349
139049
45042
166924
260999
189783
186406
410999
174150
415887
45982
112389
181682
183219
188356
262661
240014
244162
252273
430972
187219
107598
42764
290989
42364
105484
186221
85048
142007
413491
136488
159246
91708
419226
35610
163251
91875
121781
155720
251515
424154
96233
119323
253321
11641
180838
164830
426097
113302
186810
8668
191535
187323
253772
193179
188445
290006
414365
195531
118278
230691
243862
414363
259032
262670
248260
242280
192338
163799
291300
64080
122632
416124
253000
5557
14615
248805
17666
85230
431052
248015
260529
145956
19757
190748
161427
172657
125969
64070
91286
17630
230346
159659
45261
239231
154316
248882
247582
162159
240404
161387
189060
172077
253567
252087
168707
257256
236012
152261
96181
160876
411448
49147
235838
14553
5526
245747
90040
93826
14790
430364
260282
5598
38762
230132
180925
290978
119443
163282
94341
230188
124322
254293
136352
7829
32371
32315
183635
166790
137850
258554
154790
195592
185710
191757
236333
163607
120571
51816
183034
119385
237578
48361
161855
243947
432380
96195
35927
236948
262653
426862
143770
156500
134645
4663
259976
91168
411442
257730
29712
172889
259206
126055
51614
127952
160173
195180
250801
32498
184169
413297
187428
189043
243382
181233
128180
94951
152253
154412
248261
152636
122298
19198
93475
248662
98402
184343
185146
93819
259702
418413
186272
147231
180679
422044
183222
421484
247828
189900
51808
158216
290982
230264
424921
247398
109460
173329
93363
22459
291590
155907
161422
115524
241385
291636
413129
159794
17347
432040
173189
186270
234586
237193
161019
182527
70258
167040
168855
244142
109012
160707
159014
12634
35917
391174
24436
44441
151890
264723
193391
423147
237926
118445
418689
185524
183842
230277
247001
195822
162397
417691
118848
424717
120345
152880
187670
70660
189300
147427
121056
131580
183614
192363
173048
185181
415886
184978
96495
121323
4536
194138
192979
187281
96955
171242
180676
391184
173182
98475
51806
416916
245092
246357
429207
104669
152620
118238
168734
54877
246043
434617
421563
142166
89726
58924
415567
247581
54707
193511
38748
147444
154679
44429
125496
32276
431969
258109
135104
99608
37471
151780
160443
174552
94924
258713
158228
230354
32496
38825
147421
415249
418993
54232
43115
192558
173183
5540
141493
133890
173452
190830
166655
169756
32599
243387
190820
257861
261494
133429
160704
172710
281498
417704
259969
253386
290706
247190
143173
127919
186768
186897
258557
249828
237582
137567
133965
156136
164636
258173
170295
41743
124525
96527
70525
187486
160697
181216
98460
421902
160151
252244
251504
70653
263031
163278
156423
117618
432906
114309
119337
148402
190493
98284
164230
290884
136832
182970
152816
413174
250723
96170
193561
433182
432209
261960
134081
91169
5616
247023
29892
160017
128195
138562
421193
96956
195196
239579
38758
33182
261235
262427
157835
29920
92249
184974
251318
238685
230414
138774
36711
413731
130916
253695
47288
70900
154189
167705
95639
101764
186665
194774
261771
291102
426760
172162
17081
169548
172097
185244
139064
32354
174138
248550
37657
91821
154090
127510
252323
160024
118776
245370
260923
240568
243922
429192
8726
97907
155215
262732
96981
38760
47588
167622
14822
164375
243500
162122
121223
136503
192887
111346
127751
230380
414354
248175
150394
115753
112172
107085
426731
262998
409837
237963
417043
132102
191140
142338
5586
159423
230311
182306
291192
148757
414244
19623
120968
151544
252465
164551
42983
196397
190536
38159
184765
196182
241011
252228
422752
167177
426375
12809
128239
188161
163741
14684
248473
172522
157035
121690
119324
147727
161654
156331
29685
259765
162102
163424
181841
19688
128421
191324
91689
160967
173767
189044
122045
153250
252247
96316
95996
192278
257164
419070
291638
157834
128080
247390
99627
144667
417471
264138
181241
55664
159663
499448
261688
163976
257221
180678
430574
91293
230600
433336
260518
237297
11517
155228
134311
140988
248945
261704
19145
264759
118308
245541
172658
243659
33443
8669
132836
173229
252563
187880
418272
141710
281757
94873
154150
253364
189015
238219
6050
241388
430604
99187
246092
185114
21940
12972
230701
411238
89933
246502
5261
124229
35822
424151
161396
147681
159166
415248
415957
430438
254261
134167
195158
135348
248889
169559
7844
158196
160705
238612
142223
245275
230348
244303
172735
257839
138813
417687
249229
126027
238374
167994
36993
237967
131885
181689
118414
153072
57895
247724
248920
166111
261778
59197
42973
144476
244011
160162
94424
91468
290364
12010
230189
133136
172378
113917
70214
58521
8422
246970
9178
253266
29812
261856
161574
145220
431964
159793
126017
170670
416917
434439
187284
186052
290038
190615
240748
165454
253549
143192
760465
245326
249158
409551
37651
181234
427685
159105
19178
234585
247786
193098
240245
51598
155636
24965
56244
17710
183085
183091
131226
123491
123490
243384
159658
238897
417046
251023
248097
189970
262990
243957
132224
247002
157140
190047
250114
131974
421820
144664
148362
107251
91530
185358
112394
230180
240907
194765
429875
421823
118279
185901
194738
190197
111839
230128
148905
412257
12814
188754
147204
418257
136240
164981
17661
417692
163419
160088
138803
189532
151827
153411
168360
94314
33358
248132
180464
97479
136239
186180
172015
238858
241871
255804
92921
429190
169849
163148
413732
421210
55228
243642
422476
97717
248553
424860
419753
230466
5338
237674
238544
189199
165777
126192
136223
243644
154468
76692
99457
13418
420371
259789
195989
245937
247531
180841
185094
760467
149217
426316
419048
180637
246409
36313
280553
44389
230609
187996
154145
131937
245360
258534
190000
248723
186733
247538
5305
119366
426381
261134
245948
153346
4835
253099
238220
132637
230636
49498
248928
29908
140497
417038
236010
33033
260721
183114
290462
132214
99723
90397
122197
89947
194519
236625
192011
261707
51814
14618
142744
105976
131829
134030
180810
237730
191134
116882
158247
416915
243409
188355
281680
415486
259004
160033
63889
180982
195152
248622
51403
182830
194999
17489
159873
263033
191569
155594
116391
64210
171599
160034
238306
195586
101870
156593
126118
281751
230580
253332
126037
70342
184201
245085
93490
131884
160007
237861
245687
418267
121151
141254
119326
184082
414356
187997
413498
119497
32275
171484
180169
35848
432215
156409
262092
36665
59214
239151
415603
188703
250182
41719
194756
155302
99964
55732
429495
183296
241476
158998
243598
195828
290458
145362
236052
160444
39191
170882
252564
145284
47489
47593
260492
42736
141775
95561
180663
90447
189261
245565
428541
166285
186898
192573
96125
105989
260070
138194
138799
46851
281500
260490
247866
163879
119270
257727
246401
260389
136507
418207
259186
12170
235840
90607
165415
167742
124999
171534
120020
431967
117410
191530
159694
245294
267741
58917
189204
180646
47445
252274
247399
230586
238562
124232
110020
184317
38965
34144
59655
7787
59891
430928
252128
152886
126206
112536
291256
187338
154481
247638
430974
107084
262935
190055
249812
427174
257312
252360
13968
196179
185865
93771
246397
182314
259270
115942
157784
258546
8675
167318
424900
12476
430970
160160
257394
238891
118388
90669
192807
137234
189906
143988
107245
253377
258061
97072
422427
7839
51397
235858
264139
180677
252696
91763
182693
95478
291460
64149
180839
236258
154517
418016
119383
36700
259341
194754
433244
290751
235387
411240
144680
193134
183033
173480
11801
164771
152462
243848
180816
63897
159696
114314
230537
421482
38731
427115
417686
51734
185403
230927
99290
48899
19316
195150
194406
252989
157367
241006
290810
246266
192816
136279
43117
426861
261568
417684
182772
173392
169341
116078
91823
237402
166230
155387
126214
257116
70345
19967
260510
187822
96939
238373
90449
115720
45983
167702
430751
29770
237142
161426
134495
147357
14668
188321
47591
252242
252008
192566
147938
416132
144946
432947
158765
253238
150240
14669
155602
37709
38857
253390
234596
183612
37472
184754
127511
160468
172517
128244
412390
118399
431388
12171
415226
149279
54574
38960
119368
432434
422858
180597
97480
188836
249157
98025
166156
35022
77259
257630
155539
188310
86005
261606
121224
191512
182766
155056
248236
168796
151829
253267
165453
150366
238894
150241
237112
149272
116080
262678
150233
12709
34898
192316
5253
195400
419611
251842
426095
426112
430576
115731
187615
95318
180640
420421
142436
429512
429310
126189
14746
3909
34442
230662
417829
144796
6040
171545
151705
125746
137132
99926
120565
31429
54229
290845
425441
237494
239128
160927
160452
248883
291635
423177
262082
137958
172631
183032
38764
250282
38123
252327
252324
261897
258631
192596
143985
195436
152213
94519
153350
7391
412046
238216
243566
157144
29894
290363
421821
416908
190480
26314
159699
174644
47543
154064
261133
32274
125582
95916
419066
45277
434088
236083
261766
137967
96993
182421
21936
191848
261098
131604
185848
291146
163394
257395
186956
59930
181044
260631
246522
96974
15918
143361
168467
146600
172056
434329
55727
246402
186142
173327
143885
145183
138576
380226
90171
195756
37483
180027
37492
250764
410925
186871
93421
134511
51342
291108
261841
134256
138978
4669
249720
230955
141881
160925
141700
117786
117878
258564
192792
417501
429034
158219
180370
93348
32603
18517
260397
239119
259346
146356
181219
262941
187263
253193
186541
36710
93987
25062
163801
19194
290953
254297
107504
252027
37692
247295
11653
38214
251137
153718
156065
182908
194755
194498
99621
157658
260505
159164
5304
38826
155216
136037
290280
169077
118092
155315
37653
93535
117622
195978
181398
123153
180975
246100
253062
98976
237925
145181
165410
248555
420672
116405
431392
153398
128193
92553
230592
230224
239060
196178
8847
139001
90665
291431
93626
431021
258519
136198
11550
249635
262766
253011
185399
166677
33477
164568
243366
161656
252634
247838
37571
161647
258773
413528
190494
193031
417380
118366
94779
258740
160661
124900
117559
162606
417939
230245
12474
236072
154915
113736
19831
123353
51301
8493
259624
424583
94760
90703
280609
419798
258895
191049
146375
145890
136498
143990
241843
260865
154460
172615
253009
194422
148063
237281
237407
161537
115717
147820
115749
415051
45923
183108
66716
160029
230505
160289
101277
253102
252426
246011
142246
124231
165772
190986
190829
190104
21933
193099
141580
172674
89934
159020
429725
251024
185098
412777
29907
161854
260487
174190
51693
145256
174408
7221
290755
380386
257688
99720
252015
137851
260133
237711
425123
7776
18512
257490
258057
64447
261683
238996
186478
159697
57739
154758
249420
194506
239223
252962
159420
182198
249086
94390
5645
247839
97533
430565
258529
148701
194432
245358
160469
134961
18224
185616
191430
185284
131263
154942
257383
19353
91471
34948
247545
426376
118551
196528
259344
93398
189908
258273
152283
244041
154824
91261
250624
418738
121951
171473
164760
421288
34059
191561
118506
433121
192019
133436
192349
259238
76697
171591
188125
115742
97824
260686
254013
147295
156125
55736
11254
147395
759639
180943
422083
7843
48698
99626
245716
380510
230388
117180
192340
81950
259695
143973
237558
145290
152251
261860
258274
98505
187279
13424
104625
154146
254188
130075
33175
181509
170292
429876
151830
162400
291103
195397
248075
413086
144756
414343
59928
238888
11798
160888
291029
189807
249997
9979
169810
161481
158210
180683
247303
11655
153480
257550
25981
147555
94757
430971
434079
91518
137409
23494
138816
119365
191122
191133
264722
187498
415944
194925
180948
59614
185198
98947
22994
146140
127852
249093
145863
5670
138842
192364
261044
183615
262655
426867
141221
111094
173682
39007
158570
281499
38761
12707
154391
139061
186050
418456
150239
99353
117192
418208
172372
259033
122302
190832
250276
164376
153872
412493
45262
93825
173060
9934
145286
120022
161359
90484
121991
163440
189902
139060
188639
96193
246000
5306
174631
183465
432202
158841
90372
281758
248797
159425
185136
173054
239360
119362
246227
245174
192359
194761
236014
260474
160154
262973
166286
166919
230593
119265
186481
148759
183104
132774
431916
258935
253947
45044
131550
95494
403509
248627
135032
94422
249824
133764
182042
261711
241390
180026
121966
185287
243615
291270
123598
236013
416993
418967
260026
155909
130643
152220
10623
120129
188162
123488
194225
118723
171483
248625
180987
259116
58933
247392
173066
184983
162224
38738
183702
151558
425440
184166
427957
127856
183330
158232
130101
188195
90647
119338
418176
431352
258503
290632
247787
259139
35601
37481
165422
237849
411462
248050
125979
154465
180121
146122
162593
124246
409912
63904
181207
230410
12092
192006
191510
172632
196334
156002
413698
37627
26112
238488
424863
258838
46126
154455
37544
411062
49856
250284
163197
25445
63938
118520
5562
156067
291574
120119
96002
92215
238884
142745
157836
193121
115737
260984
127513
38754
252278
31670
107543
291287
93813
156490
37490
158586
428177
64443
170912
246824
159592
131487
30302
137618
157544
145347
36942
237143
35027
427991
96573
237862
156528
416743
422137
248167
122040
181669
187283
185930
14610
235907
186959
431357
174556
130254
165061
417702
117203
246212
97436
253791
125741
26113
126052
417502
153747
290324
254044
192595
291126
193534
239227
266973
161423
252623
143870
98963
255825
248547
171115
170198
193501
151638
152262
165179
154463
237854
138682
196117
259951
147397
153462
419213
64219
48902
52087
239712
259385
167639
42767
230012
246182
155827
126090
5585
123354
156985
146146
425725
119382
424343
181401
123348
113739
230700
260687
237379
172059
93261
152785
429726
76701
247667
261571
143769
237050
180642
418090
125990
186171
48880
168101
47944
257173
263105
34084
164233
70537
117784
248740
173534
190385
85062
159169
184073
94839
432680
187921
55442
261547
188293
429519
243929
116081
189042
143021
32278
262997
241978
194972
32565
184933
119447
137858
94307
193505
263091
291080
413257
236439
190432
136301
279594
189772
39032
259401
153897
189121
249085
189951
166791
153344
149216
247871
155230
151695
154086
189017
190052
11635
253237
121972
115810
185912
419805
415696
186305
237176
127982
99986
193473
425546
76691
172183
170293
258468
36743
131348
162576
33362
188363
195864
144744
415950
195991
183769
85037
759797
162362
180639
185373
136212
167116
155929
159233
45562
128297
118007
8673
237087
17631
185273
95609
174196
127061
250600
167704
144082
93364
5552
137852
250534
131528
250091
258905
92195
259249
11636
73679
260242
133284
150803
191614
237162
186482
159447
291602
32221
189383
32161
51685
403414
37488
55951
110081
251886
170776
96163
433238
423608
195028
248894
38854
182528
119335
259352
258692
55693
262672
182464
49859
160371
185096
5573
188372
118720
181314
192208
34885
35916
107090
291632
5288
22454
230215
290379
147662
250794
38733
98099
146064
120559
257040
122000
248661
411280
142170
421644
196326
8753
258615
195241
154686
247867
143275
97714
262554
145311
171481
167503
134496
119538
163393
169037
230327
29893
259343
147067
127835
14883
170668
258553
96165
185907
171595
187876
165036
94871
259956
11259
99188
427639
170907
97476
185410
192228
113508
22455
158197
168358
172680
249909
262664
194734
261574
9143
156341
174149
117550
70910
146141
194419
156585
64415
32271
144978
237139
45739
290908
168425
29772
245154
154073
195122
133281
290129
124995
5567
11806
189040
428699
195396
257375
239627
262196
185113
174576
39037
264711
146103
259006
430699
157780
111098
192782
291327
260927
259704
9438
157779
139311
195249
192579
193533
182280
234587
180814
243749
157400
163878
247091
163885
159149
148751
33444
416714
142964
94963
246408
29689
418015
93959
37500
190831
137231
193164
250658
171592
56199
110022
188100
145097
254201
411557
121150
238217
257884
191990
258515
193329
153528
131630
59581
119376
168654
112392
117088
157417
428095
157886
180865
181524
230347
147726
11919
195239
760019
117195
156186
238222
180840
54706
161653
253356
145186
139052
147343
95830
254393
418013
434437
191325
92034
184564
19738
251602
38155
190469
161432
132921
413496
4849
416712
245353
97439
409743
189205
250835
173823
136497
710067
125740
32232
132339
267194
261401
118178
37506
181011
245640
894
259119
155295
37655
241563
17637
191849
160015
429878
55484
189930
168005
90200
147390
5530
230284
97927
94922
132366
159160
230405
249021
117984
117881
12706
5269
248549
14811
230560
160040
236624
138817
243377
187650
59831
236088
190476
409994
10625
250640
171404
246527
162729
167578
18580
22993
230428
230943
126308
168426
122844
133314
170464
165894
421270
291314
246575
259907
173201
188737
250246
148688
429307
430616
124277
196114
19632
160035
245111
8750
413499
188752
291458
126081
290041
152218
160389
160113
235711
162356
141313
165421
245513
251827
19204
17636
125153
420132
281497
183663
420370
121753
144679
122852
170868
423772
195758
34294
159162
147598
238977
45052
64168
182769
167835
195070
413734
760259
8522
267197
280190
184145
33034
422690
192796
170687
192339
433077
258921
423636
230274
134882
261858
98286
411820
244198
119328
195450
151733
190048
193759
174171
134509
43081
63919
186598
133437
247017
182304
66935
172094
70092
412044
154687
145382
236006
12005
155621
185108
259071
22957
97676
11643
131079
418994
18579
8678
161349
172306
35915
260859
281501
92102
185285
172382
253844
280547
419212
251135
173592
113106
428956
85028
51587
32700
165874
160038
243406
263093
185927
193532
185137
155620
90518
251483
96173
419528
415606
172678
195398
193530
230464
262190
250210
148051
148762
188789
260864
230044
159451
183111
172307
253566
5515
160318
243415
70911
188936
249110
152807
254284
121517
164455
154934
111347
192008
134031
169413
426373
417941
249850
186534
54810
433907
194766
14789
146459
166989
5529
194878
164226
426031
237146
411553
262094
51471
181691
246017
47273
250502
157138
258764
196515
257398
173607
167669
39031
252372
27176
11090
160889
239782
180661
190003
155587
180578
193619
236296
186582
29691
174409
96746
240328
230217
156532
152479
249989
238906
159727
127951
151756
97337
45743
259392
161764
290984
230431
237819
230976
417701
145301
267276
173095
55950
190608
239240
236007
111084
246165
120079
240958
238153
160022
126318
39033
280513
59761
33177
70347
96522
247546
253959
262098
411481
181743
9174
237400
249832
257687
248890
164831
290032
90448
174613
22990
130388
759364
145305
230463
12820
19739
17320
85036
250724
59881
137782
99478
96174
250865
425260
252166
165163
884
246097
258368
45725
419612
183088
245870
247521
247583
193193
249723
247642
146956
237111
107092
168887
151533
43120
93823
162403
261139
155551
189793
429312
291562
149051
193902
409511
128079
107098
125917
17789
431027
180687
193863
8385
261710
137732
249089
167119
156092
59749
169461
188126
421988
257388
187070
14667
2994
412842
37125
260182
91900
134883
194515
152488
194376
230130
128231
165409
154928
94870
24358
131611
92212
191519
416922
95323
96167
256677
132422
34188
92214
193422
192955
239184
414559
180028
94998
49846
253478
148771
195261
250840
262654
115721
107094
157470
165418
418745
181839
125337
96943
245090
136838
180681
427184
168919
95297
413493
254177
63870
290749
238901
163147
184986
29771
180460
144652
237153
138848
93632
291222
182918
163416
183788
174147
413700
120557
188364
166346
153054
119445
237751
90427
125149
259734
266644
153226
70230
234593
252322
12051
112462
5964
759637
253918
9118
128064
73670
54681
168116
160096
98569
51461
182771
253029
251657
251590
49253
154453
188550
165776
172303
230329
291433
254072
155562
194257
70219
167576
433594
238001
163733
117701
148422
63900
434419
195954
186566
260135
246498
258952
157677
245201
247092
73680
417685
155019
264533
185218
260527
107273
54614
246729
32236
426125
159875
257406
91226
97941
258110
138129
192352
237946
262016
230337
138193
252047
42102
188308
147290
16078
93872
428540
118791
195406
70256
124233
139015
153510
238899
259348
55224
152264
117186
425444
151903
238883
183870
172712
251658
174634
261012
192523
97505
253784
196228
260134
151826
174444
22937
95036
185864
35609
19284
420226
64208
230539
254060
252143
161573
174527
93253
37512
151706
155742
93983
171478
426096
32873
245867
85237
238893
172078
249882
243916
122957
163459
237887
196529
9175
32340
247872
33178
192783
173344
194159
98893
230352
137481
161027
163679
182426
151448
168104
235988
237115
132577
76685
9177
185135
116531
244241
150824
431972
98948
420139
241337
185106
190753
166048
260777
90487
185903
32233
249049
14955
134168
250802
34984
92986
412780
186595
115565
192229
230036
182923
149128
195256
260689
167581
117721
128227
146844
259076
136568
169985
154228
187692
97779
90446
137421
5559
51737
245496
193165
253376
99267
432112
155595
162228
424342
425661
263102
417677
291639
111082
171531
184987
253761
159292
165703
238875
427095
245732
433268
150237
94783
194260
183632
118785
260051
160447
172676
230013
130015
189461
170911
191112
246214
249160
180462
99988
236263
184446
37586
380383
169381
191327
12813
91572
183351
261416
415498
155906
107081
45746
125259
5650
189045
427686
146597
172905
195269
95321
235743
154466
145838
195417
291104
136839
253197
119333
109416
188359
262366
252627
237692
172098
416813
257161
160045
257766
48901
150315
262081
259607
133132
14738
247580
32268
94961
433371
250541
148918
54181
151534
237766
248574
155666
35928
34166
123151
257178
152461
127838
193507
161652
195345
90702
159421
171119
259824
34499
259799
146743
147910
194421
238338
193633
119264
186861
238213
145954
186496
173606
264522
183588
144135
194753
132220
122386
38961
246957
64211
93803
38203
122958
193622
416910
91876
97403
120556
262446
159106
235806
419801
418014
194420
125345
119110
417519
138987
422719
430821
114310
147083
85066
163461
194389
192980
158566
430133
171000
19134
138557
423252
262841
18839
155588
245606
416405
248545
76707
155585
185846
37581
262589
160150
249080
193508
64416
143485
262680
260688
245608
37531
250839
120107
126205
161318
166918
10697
153060
180576
236267
14763
196111
13512
138698
195164
118808
427458
30963
243915
411975
99996
187225
118015
183107
249320
426380
160648
32267
51910
103553
37542
36667
290939
257728
421917
118582
147686
245497
142498
63894
247047
158218
92220
258711
262195
248621
64213
162357
154384
185111
163488
155540
432199
152211
250833
237147
120122
245557
246311
258566
161702
148790
189114
191431
147780
424861
144832
54777
260390
96501
266259
433457
70215
112987
147527
111968
113923
248189
122292
118179
47538
430973
47617
186250
138467
185116
257932
171491
259035
112006
93907
263084
99981
183810
150806
138391
141223
167740
161856
42197
147499
151844
172302
154060
19740
145645
191542
188472
122308
421488
413185
161734
125977
163881
193626
230175
290457
190828
133374
96171
192909
154469
51733
167158
146133
14671
251942
112040
416919
264190
291633
188358
185194
156577
148399
86019
236073
237493
56231
170664
190497
99105
111083
196284
130387
162350
260926
48238
117551
250629
187221
126209
90439
19270
99302
187925
94512
153726
238214
148773
181665
237808
413697
114312
240763
5610
155559
263062
291141
253936
242110
119219
186661
183014
5644
193175
290999
238305
170748
267196
120574
160448
148715
183697
159045
191559
259666
149050
161772
257217
185541
189846
258370
90987
157674
22995
112293
253487
263107
41694
246217
39034
51446
159046
92913
170150
94997
145434
99445
189923
134313
89945
290327
252936
31478
62634
107498
96061
131349
104645
156184
391089
253385
230103
119267
240749
174545
247544
120554
119345
70254
52076
420480
241870
126312
181211
169380
54596
51428
237113
246054
38160
411307
121103
253673
5542
181021
151561
120146
258731
188835
230376
261573
415245
173815
171029
418567
254636
51738
421011
134523
42356
230285
238772
251598
180926
414359
258256
418270
5619
143276
36679
290986
152214
181469
12007
191568
123355
184234
195976
194375
70539
21934
169338
188729
419439
192356
163671
245806
290944
51791
409614
189201
27177
64065
14678
253759
419211
113735
237965
426551
49093
147292
418726
118189
234594
169968
189347
146599
98878
160094
172646
90326
253790
189945
153466
101867
33183
155276
190434
186732
245793
93400
35874
168749
258718
258258
161345
429967
191989
760466
156580
118618
194769
14787
245866
426030
92770
167903
8383
119369
30303
162957
173731
425202
117785
155382
260027
38841
230778
250820
185205
238551
191846
134207
429416
5963
158567
43083
185193
8399
413127
411024
172666
92394
167642
130021
136504
290121
433216
252137
150344
70133
258112
51893
151922
54214
99100
760464
250252
230116
4680
99923
92577
247029
168097
238904
158225
263097
290283
120939
419806
414536
187069
167950
3056
25980
193484
121052
99914
98796
291520
409647
247396
417676
95623
162354
415604
243498
184162
85035
94342
413207
181480
113006
258477
125907
143871
147259
98277
261533
173228
91839
94781
34376
92795
163276
17727
118860
135205
182530
418096
186447
147426
257862
290027
245366
166196
192318
230255
134713
99458
124997
8623
37822
157560
125399
93906
155281
97590
157750
19193
140987
192588
159851
185693
33470
187927
29909
183467
184314
290981
145442
182529
149175
258909
155322
37482
417381
154756
262058
249103
280301
22436
249823
46796
92196
257767
289986
85986
431970
110042
260632
150809
257381
185471
192794
249076
134082
90324
171136
117894
243414
167972
186539
165899
162144
253264
172644
257408
230262
96957
185359
93687
172231
186730
426372
168860
32563
173535
93871
22992
187730
262602
98496
191677
150191
144656
427745
417453
99064
99443
262365
193172
94343
144406
186181
259424
147739
185539
38850
14752
156013
230174
150458
237860
183750
172661
51790
150238
249811
153501
195258
34389
247412
158843
37654
91946
172093
236331
147725
157397
173331
127824
186731
413495
54235
89938
196420
194599
38829
291288
710060
147498
230216
159189
154403
95403
190496
55319
422804
54793
118124
119380
116680
255853
101279
154482
193621
172696
191408
187926
423637
146769
55731
250710
154775
140254
184589
239152
192317
148760
171590
59769
131346
230249
187342
188296
260925
148320
132255
413105
172682
196476
168468
186989
138681
158211
11048
99721
423254
90055
143771
186782
121053
126204
147396
167041
117530
153244
4817
21930
70534
55663
101256
244025
195165
188959
417962
185240
98952
409849
408970
45554
253773
291613
259743
99722
423582
162393
120572
174079
144745
248885
253764
169989
168998
62633
121250
230782
152559
118623
172277
261864
258911
37474
34197
184979
73675
249423
184279
48785
107216
172012
8727
183226
189210
169983
105828
259001
190348
117814
11652
13417
246966
291106
41725
257219
97438
181213
259166
189491
132423
182663
141316
235855
409578
420818
258550
230014
261623
416741
63918
417037
267198
254046
44461
167921
17193
113914
192630
90841
120576
14666
153255
90728
185100
51735
259820
423854
148756
136565
164907
136069
189796
259667
149088
125412
420183
47820
29902
427234
196256
237612
281455
149263
149099
194741
181824
409846
259165
291324
31598
27141
230049
84124
418735
418545
166348
195151
163927
431393
118813
290625
240929
238877
157315
121155
51710
230349
64079
432214
12816
238564
143661
261057
173821
167738
110311
188833
120560
190092
237694
153425
265179
189942
257876
115745
116235
186776
264526
192957
255446
246740
291637
119444
171715
428533
157051
96571
424862
138544
133283
247239
259772
426094
70196
144325
241123
188469
193866
180740
181680
423640
90717
156115
418271
128422
186954
246234
63893
37602
420846
126156
116082
180577
95315
256319
253782
166990
115196
252085
8655
162366
32499
253568
157781
35020
93827
180680
33469
33232
12819
21355
237277
193647
244204
173453
250911
418744
137256
160866
14679
241012
160041
172719
39156
99625
243657
58913
119325
47490
258242
138703
112124
93989
183770
165683
90506
192981
237585
54725
260768
247585
112292
262197
413298
190431
63922
760018
258908
51586
172014
171118
239580
92197
429812
64167
253001
181748
70076
290722
172660
154932
263103
237202
98891
248893
191509
290630
90018
33694
182071
36696
186179
130417
11633
188791
99563
241115
99062
253793
149171
189237
185712
253760
188751
120021
47921
246050
291353
171448
186456
411801
159730
157313
185297
415064
422533
136935
36740
190328
192808
248177
153746
180675
46988
161561
45045
159431
14794
181397
188444
173620
182773
169026
120081
34411
162575
97613
112296
36697
188964
237577
183703
250800
156154
154396
33244
6045
136351
158214
147355
247975
163939
138176
187546
180662
431022
187029
98217
257933
182045
134875
49497
246887
12812
173591
22452
189531
180924
238988
421716
166795
163698
29912
149134
184586
259706
195047
139022
18511
267275
11634
189006
193865
118735
183827
47540
173050
240007
91822
29475
185201
196235
46162
248169
161808
230781
420114
174450
409993
27026
257222
191841
412778
189368
230315
174311
236144
131343
238606
258843
38753
138392
173822
252249
123825
412838
166709
126067
431382
19530
154935
188803
419210
162352
126066
261558
181687
238892
117136
122038
158104
244206
158587
70077
159652
136489
17629
237361
885
188292
193625
118318
169013
118280
245649
49860
188996
416123
168858
94953
105141
70799
260507
14696
115516
416605
118871
161421
240476
172681
137411
181230
180692
194092
249820
245010
291107
255579
189905
168114
412003
63903
162886
158157
182532
93026
262050
237259
97096
185097
260524
173826
22269
193560
162222
144958
92397
184597
107006
165803
116222
89942
291264
186780
249354
244163
239281
184165
124236
237377
180659
190743
253395
230377
119379
99963
159446
118495
151290
261685
122738
149182
180647
418095
154525
237145
194977
184160
290126
34825
259606
260779
415223
165665
414361
11800
90437
32612
185245
153463
172669
51497
139063
250619
239652
114245
161999
237177
259663
257470
194750
152453
181571
193168
47625
110083
59765
181220
126076
35856
138923
120973
142562
417539
428028
124896
169232
133714
291111
70232
46828
117324
259349
37656
136226
257765
251847
187476
122798
4816
153210
191604
170163
63895
257043
192597
151557
118875
186455
167607
195408
186170
115747
125997
230412
94455
267200
422573
433818
263521
248632
97087
254407
174298
118624
194975
252933
167582
186662
148765
191019
66907
163944
291116
25067
180742
155018
133333
44434
5558
115523
259167
413193
248548
167030
116657
11996
249097
138363
183332
418908
280622
290812
280390
98897
291114
89944
195993
253696
419441
251068
121227
409615
70251
95602
262501
158101
168423
141581
35914
161355
247192
157678
137482
259806
98895
412042
147205
154373
409623
193745
416709
36712
115736
142164
248663
34883
248560
245024
194462
119416
248562
425958
253767
180867
195048
417693
6074
428429
710030
261936
46819
117425
253946
124119
180173
235839
122036
250864
418688
427388
154142
421285
107007
73682
165702
240164
126077
247050
713
142222
194387
12807
55725
148753
247238
125402
252677
144945
167032
239118
258102
70813
97336
170035
241131
125408
254179
409960
258565
191694
139056
135181
59770
422234
42202
193091
426703
241386
230975
259709
5250
148698
189901
143972
97938
240102
171474
105728
147430
168117
142245
183634
163909
124887
194430
96295
160863
184168
124043
433235
193512
230120
19993
237888
238872
429761
192351
134307
257504
239593
92910
262285
18544
235901
23459
93743
142639
137977
14793
144134
142740
14761
95314
70521
418007
130416
280551
120094
19947
5536
126072
169035
56138
167919
159768
429033
259783
118222
264458
156308
152556
253869
258613
107599
110309
244196
133344
182338
188620
153727
416713
121819
417425
47786
166226
432904
64150
91171
260101
239558
243379
195995
166229
182036
193968
48266
291026
46989
93391
239224
421555
258176
151522
168105
188736
92768
247389
117415
149132
59768
112139
70913
173194
235757
261493
124244
107503
188801
48875
98214
10624
172017
117658
172282
51252
247875
137484
19678
189795
251940
17634
157651
189239
151948
156464
415803
142248
147347
251034
155730
157407
259190
247243
247527
159044
291326
417044
430695
189912
241852
193862
94392
236867
135718
99051
135827
260022
173450
239048
163306
187344
154722
163773
19759
259770
247543
152397
116677
236264
128177
417680
255640
416920
241241
249177
131936
291268
148778
257155
126212
237676
22936
409467
154991
425657
21929
137568
759452
429314
126089
118190
184083
113151
291634
98428
235897
426726
84425
84218
19634
290039
126190
173819
158312
189349
258840
184696
192560
37626
84440
152210
793
173330
191328
183748
113297
166794
154464
148779
255641
260778
154936
146132
5968
149265
37690
172700
241392
291593
109553
33171
122739
421284
7833
182933
171112
254451
261251
250841
189943
237001
48332
127981
250763
260776
250211
418488
159312
196221
161758
246211
169846
147386
96235
291281
190927
409604
182040
147210
195046
96730
51344
194338
160009
247465
118859
247021
111104
5531
195268
194641
51264
144651
147567
181313
188795
236330
195668
237411
118626
247411
263095
11265
138380
165168
11914
170584
416655
253843
182921
19275
251506
38875
137849
13990
253949
145843
419479
248262
247395
123156
241481
166789
280322
127042
33404
260772
261572
249300
253208
96001
160394
96973
424184
104648
97068
145309
182694
181232
194642
246517
91519
19899
186807
132424
251139
257635
36681
21938
257316
126086
49599
128293
38964
194775
133282
236262
186735
165063
189909
238745
164227
136199
113357
262367
33305
248790
11051
90134
153724
96190
93727
188124
251597
239711
248809
136204
94902
409808
93961
98285
159656
160014
289991
424715
172305
33414
126260
4661
240037
281413
159150
70216
170146
156295
183820
189227
138402
264477
192793
192292
25291
155303
185110
126084
187726
172706
147415
166137
184330
251941
138975
172640
192471
262262
128348
170628
157384
247505
153399
266272
14760
243412
138930
247019
195245
245173
134498
244240
259005
411239
134379
180651
245306
248794
290882
23158
195266
192885
192581
70238
38981
243388
247641
55714
262460
188101
21475
166873
165839
156617
262848
174270
160031
51805
161648
161420
5539
188851
64142
189004
245186
115364
248150
262936
262191
117417
189794
150095
257745
160161
251140
172668
138131
247234
37582
230358
230363
169343
157052
164232
247241
168445
126099
12510
36357
54917
118522
17707
11640
116091
250400
245196
130344
260494
173195
151980
38201
146104
281679
174189
183220
194385
5152
260608
37823
47539
11793
18516
188984
172298
117885
422572
239653
167998
38859
117662
97940
171116
254024
25982
236004
186667
167159
5546
244302
136207
123359
70936
141395
183731
141882
136048
170568
253024
125152
243497
98950
173328
280735
164624
171566
147682
33323
153977
248623
169364
64145
156426
37624
153108
5213
117525
416814
263035
11791
99624
187649
247235
411923
136505
35926
59894
12958
10672
112038
181236
431966
38625
248115
183011
174554
187923
169863
11045
46314
93773
154461
248720
105140
172708
143968
116221
185368
262625
167010
98977
416679
263090
42734
190954
8755
116649
27605
194334
253319
190747
5521
133312
163390
98474
14797
126018
290043
171597
155335
237192
190045
188164
32605
145302
183562
160467
9513
117795
123856
409850
174135
290748
182432
412045
127488
254166
183301
148033
430929
97097
230631
126074
54594
240188
253365
48784
430681
432611
146061
106938
38872
167144
159870
92478
189888
230436
117549
259801
131529
254212
415029
191650
251505
239282
132254
238916
49858
96191
187673
44284
164407
194980
180192
14564
236070
99980
193859
148497
163744
90667
165416
181151
250620
188796
164231
194384
152035
240917
173831
94420
34129
243725
36773
45741
183106
258271
169757
155558
236332
416996
154480
155546
7396
414557
125406
110317
416997
119083
137854
173010
239449
126169
258060
173325
5566
114246
195270
186525
156980
134029
140984
249090
403366
161346
257315
107222
246355
118554
70090
190825
391186
160445
33366
97997
263099
8696
91285
246410
188623
194160
171683
172304
281088
55481
416631
421130
138814
240668
186564
125967
55476
280374
249818
250838
142495
147230
252996
156531
163415
35159
257380
237752
149052
39066
171533
54664
37477
230053
35531
109551
260311
250795
154386
98506
118335
254071
247579
172091
403512
183686
143928
187879
253373
119271
128410
430593
169934
159654
266645
70661
126087
193432
412496
91690
32846
125148
181654
192452
157339
409929
255643
118509
118856
147659
184084
252130
195975
167920
259906
194061
5321
24889
155908
418765
4796
5962
412048
89941
151610
183600
281375
95068
138699
191203
45051
423410
118368
127953
261926
124717
34773
131607
6020
257931
172016
55872
180942
195914
430566
98795
126101
91675
155993
260928
101871
290128
11916
194461
409716
433627
153686
185238
264721
194757
188148
417739
51469
11802
260500
250656
188787
159154
59762
126078
11783
37570
107574
247520
48242
230569
257874
97070
258556
99985
242200
431965
434436
55223
257384
59696
159153
123596
130173
183086
246013
180966
163731
196330
193818
189920
258990
152661
188790
153873
98880
142499
142743
59763
6028
174635
136045
188373
239830
263021
188407
34120
417697
169751
119244
230226
186526
55742
253101
169877
195437
133690
239220
237969
98288
117523
253320
38874
261566
116675
155647
290628
159874
171541
153421
57060
434092
97435
24961
760463
291282
195865
188706
121165
93886
234588
187066
417424
242111
252325
34148
419664
391177
194224
186139
426588
252326
417040
116608
131606
182767
172635
254050
156135
157561
29588
423773
172036
94421
35912
259383
159670
183464
157669
240594
195824
194749
230585
92963
154941
155599
124614
253788
169842
421545
421066
230250
12959
245499
241330
260522
267199
141683
36950
159448
193194
192033
64215
250910
260606
51666
172309
172698
9145
43036
428060
426340
151828
118333
196236
95128
192946
171498
246255
412375
35025
136300
257332
36354
70901
38985
257527
133345
147316
236011
247026
36713
136394
91691
51470
39065
18876
111474
133399
248973
259787
95900
159602
237191
195263
9936
262656
156309
34175
14954
411976
152347
193853
168106
185866
261021
181742
168113
247012
411326
33401
423519
155394
173976
243413
99719
255578
165873
421271
291258
182558
145297
429734
169024
37721
13510
425660
259002
98183
423653
262410
29911
159396
409959
164449
252965
125988
135824
419747
260493
158940
167684
183035
90720
159733
148772
243789
158372
422574
426168
258555
159291
166798
290127
415735
17667
182953
136506
143987
253067
34150
32874
258478
254215
183881
258922
413809
93901
186251
187731
249819
250834
156010
193402
159263
99081
432114
159198
133288
132421
116269
426758
249991
117531
181212
161352
113301
98366
153715
90651
412561
250535
181226
156535
172688
159288
185612
145308
247193
36691
37475
259773
46285
34198
31760
260535
48560
237201
70081
59743
183231
191842
118370
14813
63923
32337
35905
57127
17709
33169
42970
95316
195593
32497
426404
165666
148472
184072
244047
193358
171113
38716
425694
247016
155874
99617
194742
230344
148697
253103
262662
194650
230506
250907
46830
412840
259744
423441
113001
98797
126070
144670
431512
195167
249817
236865
189119
91081
428427
236864
111969
153969
238881
134170
194764
160054
187852
290991
290029
425845
245031
154056
191570
151768
7393
191652
260523
193124
126217
426730
186215
237968
183087
96456
157484
245198
32745
96315
38860
258516
94891
193174
195154
161338
240669
130644
253394
239109
152252
107087
167997
95914
162394
172694
138693
257330
133347
123587
165931
421273
173176
125410
136202
195532
157368
38959
149081
247014
163460
130546
261721
195416
148418
188158
98888
155370
190043
254057
290746
188441
138779
257386
8377
195197
180649
195153
230462
230404
248185
132718
252391
240155
248230
427579
245540
115461
147490
289994
118724
430247
191467
230589
193950
160037
169937
194762
253367
98504
109376
37509
38869
6072
118855
143810
194649
186864
239368
156009
261686
39018
4660
181214
291313
188322
257488
241562
31452
181218
180172
190837
183859
55662
258378
141314
252361
426869
240015
114296
429205
193171
123148
8405
421470
237283
258772
180036
419802
172703
161560
121970
417678
159408
150915
429309
165667
51496
265592
421819
173766
12848
425442
137293
93428
96561
192357
192857
236758
131827
97554
239725
421272
149241
181656
261565
24936
290124
162358
261575
230190
5544
4659
190327
93630
54878
192592
93986
258748
118307
171241
17803
258681
415224
96059
194743
248891
258470
132731
236637
29587
237966
259117
262996
90716
170322
189903
143974
182069
157672
188403
189364
127068
290456
5749
81242
147252
260517
195438
119553
189350
193122
112005
95320
181754
122042
161646
155573
95378
146066
188800
422343
193044
196419
183749
127980
12962
163849
157563
169862
98273
149083
51813
161351
244042
759691
173787
5970
164582
186952
126071
55743
156489
191845
125908
118621
156984
258614
97936
419613
101868
172084
416912
193113
153900
91085
427107
262117
112295
171543
192789
135071
246216
411023
419741
192884
31404
247721
98507
248796
257466
196494
173170
97776
142335
120091
188399
162402
35808
33297
151447
190540
416923
125323
11841
117184
191557
262499
45267
51690
37493
236266
147424
174633
106925
160647
171593
183113
91704
167640
141885
46127
259023
190925
262426
93726
186777
421842
152346
133372
97095
145312
54226
254068
248884
246218
155596
432206
5229
188624
174139
238902
51402
8626
160042
151559
111840
267201
425779
38831
113504
260496
55229
181217
237576
155822
19975
182305
93814
257709
95956
32324
252071
261867
154385
166058
37507
11660
259320
244026
258656
124240
181732
44462
132223
98989
168704
252791
11794
91819
107036
159163
234580
118625
195237
150094
194768
420192
48701
5632
90721
12818
258450
19636
189124
180579
107089
245061
182468
34132
19129
152784
291576
34822
63924
93899
245717
167996
190482
36943
409854
18578
196260
236067
97743
5560
161430
418690
154723
155279
236066
261859
251639
262660
96168
193176
192590
147387
421817
151693
291142
35843
145272
11638
97015
162187
25442
253998
31931
248234
118237
14801
143039
149085
164640
244567
189887
155111
109559
261034
187404
21356
166139
98499
162225
174553
127828
196335
96574
416463
50225
252016
49598
162353
97458
184233
258775
155603
403511
259768
192844
58914
37508
187585
428738
46110
252358
169078
183022
189919
186480
290131
118011
163439
11642
241372
171598
99489
415198
46105
136798
249071
262229
154891
166201
160865
96937
423443
188102
258739
236257
147388
185102
182423
146121
118001
159770
11646
186668
169231
120561
246964
290750
181683
119367
244279
196113
230583
238303
259408
417372
99710
165901
112498
160290
168469
161400
281750
258723
247873
230355
51681
183331
152258
98885
11659
191323
131549
414558
165452
5576
188123
240573
194388
159289
427183
186734
91078
260565
118763
194423
127047
259775
248840
119446
90483
25066
417777
248975
247015
257528
261943
184973
90650
230244
240665
12808
133343
182184
132420
249821
189520
180858
89841
174148
182554
167255
253778
291149
136347
185899
171587
157891
93256
192341
141510
195971
161398
259888
262624
97939
126174
413500
99548
192554
168103
188370
120585
110318
422618
190053
230780
95127
145250
120551
117998
115567
245689
62705
169366
153461
243822
423306
98221
291563
262671
159857
259340
411758
419799
181700
250842
186926
173041
416914
171532
433628
117876
92922
184588
239635
290886
409932
44380
124461
160628
154938
14552
99444
96062
759799
93973
55713
64212
149168
195500
52077
163487
84188
76687
85245
260947
121050
194379
247327
425581
194594
126016
36714
187202
120082
105150
243405
153099
291266
159428
6030
172802
146062
173061
190103
193500
241790
93252
243661
165898
32828
188635
32564
260514
255854
98962
153905
18509
37820
93822
237575
159444
187729
112309
152254
182467
230460
247259
126073
142766
121999
159651
239054
264712
45041
154147
188940
247331
186967
51785
36927
110082
239584
238196
156583
230254
94958
411541
266257
241850
158486
153242
5569
186767
245868
97633
251939
153968
257160
230747
230819
186883
51425
156310
45665
147381
162364
290318
125260
133287
185931
291151
239446
14807
421918
291136
172283
238865
196473
161570
46135
416885
99442
150314
250115
174013
195988
120275
37694
119320
123152
113740
170784
192788
45053
91676
93448
190773
138974
391185
187068
192781
237258
193524
154459
38763
156064
243863
195829
263034
181467
126216
182962
432250
183224
249816
58463
168145
145039
153404
430979
138468
153744
38832
192210
98898
172690
190826
192988
413539
154981
118840
261550
182076
155576
112527
193897
267274
101866
151696
195168
99456
391189
29877
47541
11515
236387
148764
49874
411483
117416
186711
235940
99346
185933
96772
32835
163277
107576
101765
31417
22453
258174
426729
38190
194163
262933
93725
253265
126304
19132
93856
251514
32212
156986
258738
183616
90722
194404
252090
116290
417426
189899
253488
144130
138684
119552
153225
257764
432121
243838
254059
245688
417251
136353
415890
253785
186596
74587
99620
144672
183105
98162
48358
119377
149271
14784
163469
29746
251651
144803
90617
258466
98883
96318
433078
411803
188047
173590
153419
421217
89905
434091
421476
14795
239397
119418
416174
159165
8632
122264
262244
153505
93821
149166
191048
186977
45742
238005
423646
98140
261624
63921
138804
144678
409655
166227
264460
145307
246358
190196
44472
411000
124241
35542
185141
433122
262091
249079
121055
259763
145285
144674
247240
259141
109419
164633
99141
152221
147525
159647
143476
429189
290383
162645
120555
101766
160021
246385
422341
156529
253855
99045
134309
257871
33962
171589
62626
171114
126091
155887
29683
380509
182043
124245
84223
230415
145185
49847
54704
133316
130353
11796
167584
235807
290913
138900
174544
251383
126193
55871
180168
11050
156775
5584
196115
131609
252932
151538
115805
416913
190046
169753
167668
51692
91253
230225
54182
159286
145292
172679
148421
92794
164956
161127
117620
138967
115521
415888
187637
139050
247408
252089
5517
230552
195045
186273
31940
13326
14854
125999
126266
424888
117608
186581
184758
169610
262553
35952
153055
153742
113228
91224
252013
252998
412495
421891
136495
290631
145119
418947
239222
194417
118442
192987
153259
190176
25057
166922
111101
169987
165700
281754
180660
166155
128186
251478
11637
116003
38628
42360
16089
148367
152460
144804
33687
35031
416998
160435
260690
264192
142807
180187
165719
427870
180164
192226
195124
247027
261560
39060
122804
128228
29914
182328
14802
193509
247532
92538
260912
144599
34182
39036
46286
195633
172691
186217
261762
136280
247328
260771
85056
90648
411415
426868
117197
237175
187422
136571
247236
248563
247458
49124
117648
150807
85010
187850
156578
46852
194735
51807
230635
143812
253937
409537
155122
189931
91225
184103
247499
125976
70887
193114
173820
185189
188827
55069
186659
119268
259159
153039
246521
46853
174580
252043
160195
380356
181215
160999
249129
249050
238545
156994
157880
125739
91076
142742
51815
430556
36662
36744
114258
261810
162648
189799
165778
157139
148768
291132
9103
411554
123149
421286
248650
248000
94964
173788
5543
230177
19966
145283
235803
180033
428098
195418
186182
137173
137563
188880
257838
38824
101275
188323
431957
153895
12169
168705
136670
240166
143767
196327
421477
192631
117560
280833
9150
42765
119159
248571
172024
424636
93938
126221
259161
98429
183841
430132
70888
47822
230783
183636
164374
123155
11651
258737
166134
155597
119143
413388
124996
181523
262846
246501
160061
120575
195130
241873
11042
167317
251716
137836
141709
94518
257163
147911
192209
186664
154939
260508
259203
155464
37699
169025
249721
173752
260198
257156
409715
159187
237962
183590
259710
243376
125146
193150
261846
240013
98879
181209
144319
419739
154454
416868
184086
416586
250621
434449
185474
238304
142167
163850
117423
161407
192294
55949
430564
409710
192797
250654
151548
432333
419807
267277
238909
63902
433119
6521
182201
36970
230973
280946
96103
262765
152456
85407
190926
153465
245659
195160
259118
155393
230535
280370
115740
137853
190495
252083
11263
165704
8900
159262
182531
194520
173796
193529
5973
163759
111971
180038
19756
70170
138707
90320
11921
186809
253423
134647
187278
193510
146060
127713
240021
117193
134964
426167
156366
243646
171110
230411
759643
118004
148718
237579
94995
196112
187800
257525
126049
29936
262174
55483
121228
246094
185101
147428
166241
254301
90672
158105
264189
253769
6065
187888
14778
187289
122034
257048
193434
31927
181231
92547
152867
192324
258111
14792
42972
81716
230173
422549
246971
120558
420477
180656
252393
192858
188653
180151
185473
36715
196325
171546
97028
125409
246404
230382
117619
123154
194966
243958
245011
189929
131332
421960
172650
246041
185472
239452
290179
422288
25457
173797
280996
144661
414358
194248
414179
156576
415716
423426
185589
184013
96162
248183
183732
144676
43832
148752
145289
422718
41782
429907
169340
182433
431038
5965
91080
156581
263121
259798
260503
98953
157369
117522
261274
55226
95417
55485
413988
185476
239985
189847
411505
181749
184316
5550
91745
116515
119321
152248
249941
243410
434767
160281
184448
262419
122831
416746
251565
290387
186145
420824
125991
95594
169456
113912
182422
174567
120654
291160
160966
117649
164616
252084
96931
160436
133134
5966
193362
247799
12627
64066
94952
158585
137968
196285
391475
146033
152609
238864
412043
99298
136936
280554
244743
127430
127154
140200
253912
156469
281675
194645
426870
160036
188912
190044
258710
162007
126025
257486
159152
137733
194223
118597
180157
257382
237713
248664
85236
8523
122663
257391
190329
121776
258177
194815
246213
121146
134601
134374
158213
193407
163775
98783
261564
135905
51389
759451
262715
138215
135186
55707
161577
422796
250368
91254
240954
188707
111081
262621
236724
64290
237403
168889
237961
144104
33363
160928
194311
164404
110041
161357
152663
151621
173191
248659
45571
290829
123857
247093
252275
237693
195823
187280
172095
236008
110021
13774
247171
170155
188354
380483
247951
47293
125970
145387
156537
163913
37691
184170
247949
184117
252935
23497
252950
134648
194052
251347
159615
252615
252697
258065
138558
158195
90199
247723
5548
260241
142801
184730
172653
153748
257882
154692
133286
142385
14957
186279
156990
52070
194974
95496
138685
25856
291280
152786
173858
29708
421931
262587
246101
433370
117717
96319
147291
163493
195264
235713
125986
172013
196398
194378
137480
37473
148750
96192
239438
254213
160163
430927
29768
759458
174575
8881
260340
120577
31409
5527
247635
126213
117532
29687
154458
181043
416715
262601
11789
189800
174573
145149
246215
185369
97088
194602
8418
98495
239432
412494
135030
104710
11792
260310
230762
257331
5746
172654
89844
145255
152798
137880
433625
260531
259622
117534
418601
63920
145083
134084
117582
241847
33467
245663
409852
191351
190478
37724
186592
261497
290808
710036
174536
196149
187345
266688
51820
147485
239246
257934
427049
165705
144786
798
157906
267270
154457
252633
236061
252363
290994
424582
250798
38095
117887
194964
260004
261764
181912
141035
434514
189207
154479
163215
37652
193503
11784
32851
238004
261551
171540
195535
124889
246965
153208
48787
240246
280999
12817
170291
115520
428512
137785
258632
191695
11799
759651
115722
126075
51817
40805
245655
33304
29477
134032
245195
195189
185233
421290
159151
185183
97056
419734
193995
4691
430976
253792
259735
157053
241362
237998
423736
122933
91241
70659
260769
12475
261935
91287
161643
191466
17804
92387
248546
418743
131078
195181
119290
52122
159650
235712
85072
190689
181522
259771
162829
260361
259354
290367
76705
5549
265063
238550
239053
3302
95563
111838
28431
257743
160703
38772
241391
42361
138625
98961
165918
421628
254045
116120
258736
112461
117204
429179
145867
248173
170675
42755
188546
262325
170867
131345
169725
91705
432537
195243
36772
33468
95820
257829
245495
189007
84194
245835
412667
126305
128294
259108
19667
136790
167641
259788
237110
147213
125810
144673
14765
5251
32380
281753
98095
183768
173605
168424
29762
186811
239717
192896
259912
162384
38958
236065
148490
418746
167606
34841
91240
168362
165062
11639
189917
422380
188798
266878
193132
181152
118733
416601
47589
248798
238112
126023
430466
90718
172714
259742
144838
117719
263106
180658
97012
127544
146134
237999
158212
238552
244186
238218
25857
22991
14728
237144
164667
188446
70807
173109
194744
247526
230420
8378
157671
188837
238725
98469
116077
257530
193682
196333
291470
181744
243951
117757
51909
190535
187614
162363
147393
166792
180842
153345
173814
93762
182898
169469
173057
249078
186593
422011
34836
70089
93489
31805
243946
11261
246503
118741
156124
101283
111096
161343
109793
185109
413983
413390
8384
131074
142113
257872
186326
113922
158198
18749
162760
432553
163441
180668
47486
174014
118449
230465
162759
253775
185138
189967
34266
156153
193433
191558
237848
426382
120093
253786
172709
149032
128295
193100
421478
241237
89932
247268
140255
194222
191132
172671
257313
246528
8621
171538
280879
252938
59753
45946
13511
126215
33324
173729
193133
45269
245362
152866
230253
96530
230419
415695
183500
409848
182434
262500
11790
194785
425843
153716
230181
241844
189848
418185
187340
181699
107271
148761
110310
118858
238878
258951
122043
161669
152464
29766
153976
5671
145180
138812
97944
183112
419804
187851
244300
44474
189003
238691
249825
237164
168442
125396
92390
246400
165169
126092
152255
246968
32838
248551
180030
134646
163745
157418
189898
64068
161651
165449
155068
187013
138746
33364
169544
123150
246219
253318
39062
196222
93347
95697
133313
128052
409616
194345
184339
55726
186813
247869
252632
19758
417039
151732
36935
144982
188878
170168
186729
391346
247524
195394
194981
92391
261567
189223
97778
36666
91130
418849
253424
415884
173765
241365
194773
133285
260530
8851
96164
247242
118548
37625
95450
37489
185391
142198
173231
172687
159158
63901
422587
291161
244299
99085
21790
143868
258230
249064
123330
416995
431390
97908
230316
250354
193404
8625
118336
258517
146771
116083
120089
230384
165773
164169
191651
291312
173064
32834
48359
128230
432252
429966
230341
22959
89907
51915
258936
156096
54178
418490
409872
230178
171972
243385
51607
97942
94874
33403
163940
230516
193668
160008
64209
169095
171237
33229
193681
90319
117426
5519
96568
143967
195204
259860
230941
34002
411065
258366
186860
149126
18843
191563
70348
247528
148788
154062
253100
171117
153871
125540
134372
164096
159655
95317
759461
239693
252009
113737
93747
170690
162146
250792
230417
186307
123110
47856
49832
290747
161157
195344
290727
54180
51404
152345
427051
12143
33230
144507
112680
119263
422712
122932
258912
416987
45591
19128
247010
163391
180134
138800
432041
8573
138195
418532
122387
181668
70168
261622
149278
5553
156015
134671
153722
135826
252538
290376
11920
257905
418685
258596
159760
261020
5204
64146
99982
149164
281315
260488
5533
259075
253412
172701
111109
120080
155030
159714
155741
253779
118616
54918
189008
92042
19173
185370
759689
29673
194065
156307
155123
247870
194431
190750
117886
171111
237174
230280
54855
194251
93393
116001
291286
237930
245494
180682
424155
160011
187875
403510
118846
171030
136577
253271
258467
127494
152215
97437
419065
184985
186454
291260
45264
166347
250213
230340
17486
157783
115219
247720
98360
91084
147232
59808
172717
19745
38852
170906
96945
184131
90894
189792
55033
125411
172689
131828
160016
237712
99052
255576
90724
187887
99368
125745
169984
99061
191119
415714
194739
121721
261577
180363
263101
261357
140989
253248
103771
190769
428778
429497
193454
189918
253198
55649
148767
243645
161399
246976
239305
173857
415827
432353
160112
280760
39059
261569
166287
188420
96969
29913
415337
239718
235800
180041
101869
117585
262679
415565
252514
252695
166666
258853
290122
257399
159853
247542
142438
185928
230101
259363
261043
107088
254244
144788
34086
92227
261687
188095
98935
158768
153348
91294
159732
127043
143278
37491
230413
159668
290117
186663
412508
70622
36929
174378
240092
163279
150090
37662
193645
241387
154411
249073
19512
166923
168799
14727
249074
246972
7395
417515
183453
35929
261400
188163
281674
160091
423425
194635
29901
166892
264760
195123
415227
192348
172571
117702
258938
159104
433517
169449
76706
258299
141315
153025
257467
19131
236269
134513
193409
13667
159450
51812
187343
14798
182627
429879
130782
155586
29987
38962
425458
251516
43118
92920
194737
136671
421131
243726
194745
93112
194245
94546
51340
253776
135340
42964
237140
101819
253916
423107
185372
48576
260801
164228
128166
170581
421373
137102
196425
261964
64069
145252
22460
172656
127994
196332
173198
138724
149150
431555
253675
12144
172028
236947
118807
195401
253565
153614
185867
181399
123109
411863
48362
187339
159156
13887
17619
115813
91784
123147
290123
57988
193107
120024
255807
237960
234557
416963
138522
153053
166153
239583
250184
38755
118841
253783
191551
239055
162229
264710
35913
423422
188797
249318
180671
192160
54227
5652
95130
164759
168342
259608
5299
194382
183115
239801
169023
190827
264720
171586
54231
32374
143994
158209
243660
160155
264486
173684
37604
24964
127512
154387
239359
42208
154088
417540
144943
159167
230688
127002
187071
97014
194482
30141
51809
99984
51418
155116
113474
260195
145264
235941
291311
31804
142221
190058
134080
143274
247410
190668
181240
245336
252219
239629
117418
244194
162287
117580
94993
168383
164216
126222
174152
235801
154091
109464
96771
168888
168595
155280
98984
143881
37821
257165
230140
155368
159855
413184
37476
160645
35543
188641
249100
95616
24268
37478
56170
430696
183092
417738
163770
158763
165933
240247
425844
234592
136073
118538
116667
167995
55480
191118
33168
409561
123459
125583
169558
187065
417516
248397
172616
250278
416918
260243
98216
246447
95877
433337
422798
413492
113299
35160
257264
252186
190346
181511
181655
180863
247525
252619
238607
190636
418210
429191
115741
280825
107086
165775
180669
153251
156016
169454
70217
12006
415303
66908
251589
427042
93904
117384
186726
125608
90662
153740
195182
171596
139055
248499
187922
426029
192990
250653
245785
417905
5580
194243
189969
29918
252012
151694
156385
42738
246226
261862
121997
147738
257689
29586
138548
99628
247827
38847
252999
146505
32298
97898
195166
391172
158106
99164
237805
417454
235808
158223
126050
37660
248676
109465
186258
432203
183633
161431
170329
196328
90064
172637
189892
230102
195860
117811
122306
124786
246739
185151
119269
58470
126344
38858
99604
159766
166832
25859
143989
90318
17731
93255
157534
253919
160062
196238
238890
126208
159778
413339
257579
430602
155622
186660
137412
259786
92334
35872
51811
194969
146779
90132
165902
164377
260516
42128
32273
169876
124234
55730
291432
143277
174446
192176
257174
154937
195395
137477
136396
417324
423424
190724
35849
183116
106936
17801
259708
31040
95999
156993
261945
163470
125744
160446
99300
91820
33478
55479
101872
429306
191047
93402
418736
159123
119329
119204
192321
260262
174188
415885
173352
170261
153738
248171
93844
138925
165804
11803
413824
417679
113337
430246
180946
245033
157871
17714
113167
30301
174464
91528
426383
253586
37514
195745
240199
144668
152795
19992
156962
99044
162806
257218
264699
160387
245084
249083
235841
95899
136575
250866
432538
192034
171539
152455
410770
173184
429880
29910
251078
120972
418436
191117
144825
421279
411859
192451
95559
180862
173190
144587
235939
99043
258568
257392
64408
249002
247874
172665
193504
253196
432208
180654
193227
246183
248658
93902
426169
260501
39022
113152
37579
251136
181235
25063
173200
119348
120970
185246
241424
5538
133111
230351
186477
419068
36925
122959
155752
98470
96169
182567
250357
161323
188622
126080
36770
152767
291140
191575
159769
172090
173828
248049
160026
241393
250280
169535
121263
167157
164445
237964
182020
133375
259160
51880
258771
170775
153721
144326
409928
291254
186960
188456
190744
419740
259887
155598
248626
247797
248806
168856
59907
11654
261689
55456
243643
248804
89294
185204
250908
256219
190492
185200
145343
252211
174610
171749
186051
169752
181520
258910
173196
433267
249096
125147
95301
153808
258504
120346
240477
165980
190633
172630
173855
136242
90438
45587
45986
12811
170949
121226
418183
39192
80951
99455
250655
98024
423131
258103
434658
37529
192591
236009
127979
194322
122304
237583
115221
238913
8821
260633
31019
249809
290626
159239
29672
249048
250212
189058
189016
47508
196220
250832
248624
64214
192004
251625
241114
245650
236627
189873
165053
433079
147824
146138
109375
94088
186233
111732
194772
141222
249094
194386
413926
182465
52072
192787
258709
144648
258187
249829
112257
156014
171536
161401
93820
258115
99979
194976
134958
248149
411025
137569
422264
162777
73717
149005
420935
413034
190224
173059
416991
432256
432207
11786
126191
90297
194967
42766
117199
249003
188725
422340
159188
425767
155224
146502
416985
187998
261682
413699
146063
95413
247018
188160
159693
163769
281746
98881
157965
425682
183873
254047
9173
158766
99913
99547
169935
59764
172649
418850
290985
249004
235900
147420
248735
168102
290116
411860
57017
187802
416461
112037
26932
156017
125598
421950
99629
39016
149147
181657
7845
426407
136067
235903
144853
291109
122385
36636
421178
18231
257489
142730
409936
194254
418686
247273
237319
422524
249947
418164
159161
246262
280725
162143
248114
154251
96745
138700
111095
152450
759798
193092
147497
235857
156963
423939
159313
124243
138815
126054
118536
380389
189018
172718
95035
163192
128238
111385
113366
425726
96773
188357
418737
120937
137103
122960
417455
188799
125987
152219
182035
195405
188792
14800
162953
230699
186819
32610
49604
131999
70349
245355
156773
144913
142094
156357
196475
246042
248887
37576
185604
5577
236056
18514
245364
250486
422859
6049
424011
98473
167971
97589
195172
141711
261218
153970
423919
419525
45703
195251
146105
421620
235186
173793
156584
122832
125400
147356
128298
25858
245291
19998
144166
2997
17633
417953
138810
145344
433277
161395
254472
425841
172025
117189
247501
12095
174338
35135
48704
412779
280793
173967
164758
194335
246958
165494
421291
93491
252608
48174
122937
48559
142741
41028
91803
29700
246193
124888
152263
173232
419631
90321
759449
417781
260695
185849
5556
64446
93399
119275
252134
152463
138951
141293
98472
137619
157957
174322
18510
281456
117877
107215
161350
291162
239298
18513
257702
98894
247584
169545
253774
186597
248620
249911
291127
759444
259762
37290
138726
5672
24959
174632
244521
172308
163269
237324
230944
429631
134214
172715
138847
93818
46128
249342
238319
130645
181679
260341
111131
99965
94454
254295
45747
94926
180277
118223
132520
188704
164370
138972
241940
251488
241842
97502
145810
173532
148789
157679
168255
184273
145298
62817
433232
172326
249104
124120
159287
193993
143872
94903
120101
49857
156774
153973
247013
429208
115463
144663
240202
193357
166231
93558
249815
259764
146372
159424
172692
264729
163195
29666
172675
5961
192575
149148
19742
18413
9443
180745
185234
154066
258751
159583
255806
186884
181301
54234
133280
117756
118507
418457
167156
190181
164403
186306
91086
152459
118850
245308
93964
156534
173230
411861
51596
64132
182147
145310
238874
134171
155469
29906
98219
260770
73671
186713
159673
156407
19820
257769
180746
112397
192989
415882
29900
257468
116352
253023
5333
263100
174295
163938
153967
412159
253952
426370
159395
245869
423409
243823
93900
22938
132785
248139
168633
249831
173451
182079
85009
421278
156333
144509
182770
47587
255447
195486
186485
261570
64445
92973
163484
115751
164372
130415
162761
157185
416745
243799
151734
90723
127661
107083
257310
181670
184076
94391
193486
144801
240038
427985
257866
420934
413224
190400
193788
419527
182044
259168
252862
156008
260506
415050
90988
259242
259749
93260
245022
162577
95817
194339
91484
173188
94898
196399
182066
192577
422523
244674
9980
195191
112338
94504
230634
38732
412047
160470
261706
188788
49090
267271
243948
149033
111384
118721
239244
230213
5615
172663
240666
117957
423941
155067
431354
113300
35850
253486
174445
420476
417951
128053
145345
144655
166642
156979
154058
158870
417690
241407
172210
135349
182425
421822
167141
118596
189893
103738
97551
151854
156992
144071
29903
131350
180667
260922
167999
98220
188361
261863
240012
250657
111085
48622
125910
266726
112165
236638
419774
187273
409566
415605
11729
126062
59212
258902
191465
196183
163677
122044
255849
409480
260511
194501
59920
8752
290860
432249
126306
237910
181696
155593
95913
195827
253098
99630
35546
163485
259169
280419
167589
427928
38749
241872
155575
98500
112535
96108
145383
139000
245935
48348
380390
260921
166650
247509
291113
153333
157741
191131
162081
186728
191601
194748
152260
152454
152348
183221
141255
73674
244077
255577
194668
117858
236032
96765
230223
195267
160391
248628
96687
125336
415196
391425
157905
89940
36944
253236
5934
11656
191329
160187
32237
99533
121221
45947
172695
260528
431581
186781
152259
95528
260472
236626
230408
244048
98911
194647
166114
37689
120109
155930
253777
152457
138553
150808
192084
290119
11730
151556
158487
115744
94906
99186
185923
117723
121051
127960
158220
154933
111099
257634
137879
158185
257797
250867
164481
191136
134381
159695
183043
192358
237116
191334
230581
181569
245197
160388
420706
428744
157670
34127
195591
153229
98934
31511
148758
162220
147084
162395
189041
63892
6003
99306
185195
186269
11555
182188
163880
8694
415028
237928
156406
184217
186969
126293
160093
119274
95398
45260
414081
189208
10903
252425
97552
134370
241657
118857
122789
188802
173639
11645
184969
427560
51732
180691
153975
252421
181045
380388
99983
184975
120563
116076
122291
291301
164581
162221
190691
173197
759450
192409
164999
238908
290603
118016
253418
5252
416926
193867
173818
95129
168257
33231
98097
432042
144585
159170
262592
246055
186209
163926
259209
417696
95608
90668
290624
143040
164006
163395
32381
248237
187999
241409
166991
186479
117663
33032
431028
52137
259018
194518
237710
117895
138727
247048
168444
170148
131849
162359
17488
290993
190488
167319
253911
190635
152209
190061
258548
259283
193969
34992
413251
136227
126021
243319
5554
8622
173672
247394
11657
99912
134497
173730
188147
173353
15656
196474
154680
151467
254003
93908
420481
190330
432569
37530
154087
148741
181698
238638
188621
262228
151843
76704
148743
252075
119331
194405
188351
121530
149277
118545
422653
193406
182924
144225
186783
194196
250659
145429
161877
243404
423255
5748
418645
158222
98503
165420
120660
195247
417514
149274
195399
193676
250401
24580
8624
167993
93254
98798
235842
291283
144983
421552
131826
432122
195404
257166
55294
183617
96496
164997
230766
267278
193410
110312
172278
260147
48878
96569
117883
260504
259342
258691
260515
415027
243724
230441
247266
109466
92300
32671
5618
139202
187224
47428
125981
34767
182566
99047
25058
411476
155560
254049
262840
235899
11144
426338
173237
195970
160753
169998
22983
35021
127044
291483
6317
5574
248608
93392
188094
98287
243499
184977
192155
132035
131605
171471
127712
260866
95917
84231
45040
126317
409930
154347
153422
426871
260924
150198
156536
34001
97503
196329
126051
49861
157016
119554
152594
263092
418600
126085
241423
419453
159712
64590
236863
195435
51725
196531
409605
64151
43119
261769
13513
189125
160027
32338
165038
427233
48382
417412
36745
433217
92543
124998
42741
182402
238900
11599
257333
182191
159908
93401
415804
239290
148208
243386
254007
262663
43008
172096
194374
253378
118719
42266
160019
63916
94889
51736
258469
45745
64203
54233
413696
186973
14748
132222
32369
38853
165451
8700
245307
122037
96735
172648
237290
19827
135000
29758
47776
429308
186975
235184
249722
291144
34777
121154
118010
48333
17097
434188
181745
152797
416443
122962
186434
250796
147188
35930
189014
185187
35026
252698
64147
132221
418499
259748
160390
192277
261709
239289
415568
150760
147373
280418
117787
290627
414357
98170
98739
249827
29741
173533
167120
230108
245185
419526
291577
418268
419208
429169
136044
248469
156982
150092
183223
159294
120110
147443
168053
141256
192315
14928
168501
12810
64075
6017
188303
120108
173068
425873
146790
150367
54552
280417
246093
12850
259003
427050
166796
429811
430630
152270
261708
194816
241845
165417
91053
196116
96933
154320
187882
160442
188166
181223
136071
253375
403513
193046
163675
122355
191696
257396
163862
238880
13425
155386
167973
245786
238605
434696
133135
96166
187285
290992
38856
421825
427047
57740
237461
147496
164982
188368
113913
160660
154462
186527
134310
162367
259700
35823
427389
250281
27606
188307
95322
187928
380295
416420
230251
113298
117859
417518
431353
18515
115566
245356
185542
134106
418687
163882
163772
154757
193864
428745
143887
70531
236002
424887
419803
193624
12974
136677
155321
144475
33476
238882
131358
189346
117753
21954
118514
173062
97992
415825
290285
188367
236005
70592
196471
132538
184167
239058
241010
33221
91079
98599
191468
414602
172683
241425
119344
118600
416204
417048
143961
184315
429877
434438
106924
148769
94282
429472
249098
135187
238549
710062
138761
134312
32193
96141
194763
248056
186862
118828
118403
180672
85453
161578
161415
95430
187924
119363
37541
189926
430575
168143
252940
187621
119572
189797
38611
252359
45740
153974
172511
239448
124121
189348
94011
166158
262657
90615
36771
241405
43084
181153
249881
153211
254018
163270
422744
254048
189907
138654
257631
99987
430187
418659
153723
189225
418693
34170
4658
230263
151546
184200
132732
110590
94899
420154
9176
22451
153756
5602
54228
93383
234578
193868
180860
258904
193535
244298
192015
123356
153743
117884
258259
31777
420509
116135
113004
5535
90050
163271
136569
759649
163990
188640
138591
172651
157054
181653
138513
187836
260700
163397
173751
77890
423855
247332
195169
239781
195825
112399
161827
257385
188374
97073
153874
237944
94457
111841
127642
93628
182303
426865
158217
418045
417695
133724
152257
64216
186882
116671
247025
156012
119415
54599
118511
180741
183811
55070
417047
122290
247170
163438
194162
14803
138831
147660
414174
168258
181671
160392
63891
230514
258808
132724
115733
247578
86501
243381
33365
190178
180644
168343
7811
413109
90663
196237
151845
161987
56233
133892
159729
48957
235285
184729
279580
154664
109418
248552
156991
185237
113358
409469
259767
145299
195193
90131
172209
168703
155740
130885
239050
166712
254925
191562
163355
153511
181693
136041
194344
11511
261605
417049
164834
52085
261712
196286
260269
108780
98359
170913
48897
237404
258842
172299
146596
192729
29710
153867
114010
257167
137422
195757
162360
113369
93742
259750
115522
244199
172711
45054
145251
189961
8822
136200
194752
70351
422547
180193
37584
92974
261865
45632
14776
93113
432205
169452
186169
194759
38830
98936
91783
193792
190091
45734
245034
267203
164365
243791
163941
158221
32272
151842
147505
263108
148755
190173
163984
252010
122734
291030
418130
124886
184932
92612
17243
260533
249419
142247
118332
194770
244149
153714
127855
90426
22456
32266
433311
158568
418265
230378
258062
32364
189894
192211
55737
193403
70346
193354
126026
115750
33426
160159
186484
193746
117813
145377
252011
195821
143046
19989
409630
243380
120145
38751
51488
73683
55831
34799
245335
158229
262847
238761
195485
161506
409530
155548
173479
246981
154252
250846
244027
249830
124370
136241
195594
239061
110315
172664
64148
195992
249910
187727
259347
261559
260025
116660
118601
122934
144660
391187
158279
257487
243923
130794
118852
427140
248148
230121
431463
154526
250183
172377
192275
122295
254181
194053
185326
192956
162654
257329
162165
164471
191326
409698
138809
153739
92501
152344
14930
5547
253010
167039
250622
113920
126069
238886
181849
258024
422395
251567
261220
195156
5578
159426
251826
149031
32230
158224
17635
51731
19127
247530
180655
170161
140546
415487
147391
159645
160097
93882
173049
251564
171542
119277
125669
195273
97504
246089
120083
258275
189005
128242
4640
160126
256037
118775
115715
194403
194434
98467
241413
185401
8751
32833
416321
256603
425443
34775
158226
93772
251600
90727
161645
138976
167504
415518
136811
170263
257378
239283
240198
123791
161281
256222
144391
194418
19133
155601
759445
261861
188371
185107
34761
169936
235756
187223
84219
290377
421480
418766
188090
166132
261719
91103
26306
253909
230313
172081
121147
190101
431464
99758
185236
14989
262095
433086
128320
160020
152563
239059
6048
118598
252865
185477
248350
26296
128051
90714
290042
260519
33186
264215
153260
189111
170674
152212
133373
99631
237378
251025
110316
159265
134999
99291
246999
161559
239630
161001
180591
97071
120578
113003
123220
426550
259241
260245
186278
162396
174191
12708
90715
166157
380384
159856
153527
31803
120553
167009
163774
391181
97943
94992
61080
127639
156384
34378
290629
416742
117583
46850
174471
291028
156533
253763
94345
160709
70538
91170
427635
189911
247265
96137
196120
414264
191151
433136
70079
192353
81437
11649
259774
262666
91898
128409
230345
243407
188753
163722
192475
134203
133439
14785
418500
181237
191146
149084
185235
42719
124344
195760
261870
190813
41073
245030
413255
171278
153070
247051
164378
97514
147823
191110
192109
236045
238954
184582
234590
116134
240534
426863
190644
93636
163883
230118
38837
113417
415195
37658
184313
433308
54597
190726
162401
240860
19970
258551
280320
97206
419782
91785
251498
417456
196218
139004
259437
415488
194139
143966
95379
183017
93883
91706
237847
186500
415197
117669
161670
99055
291262
172166
146598
145713
142165
416911
47650
160030
33442
153972
235804
235902
145265
122935
121153
253771
189928
31411
237909
421209
259364
131152
195987
153349
759423
184231
29618
413529
19746
168653
185243
124572
189113
243416
246931
253950
184312
19720
139193
138636
193173
193016
11787
409735
37289
123157
91278
416276
160090
250367
190742
118728
167115
230379
247247
120025
423638
118806
257285
99185
165900
125899
11053
152216
423920
180341
193411
119485
290988
133430
152217
192017
163732
182891
99938
259413
251138
152451
419421
98027
425842
194514
38861
163771
138780
239663
185196
432257
117407
168144
249068
180738
257877
252422
420193
91838
159920
31794
255718
257389
189115
39061
97620
6060
90710
95997
180739
184232
19853
115220
7788
172089
243616
426761
239727
158215
190177
42113
138805
415246
122936
97904
196216
153223
249424
156306
17711
189944
188398
5590
98985
185099
262078
259297
124235
18577
33695
248921
172643
119008
160165
167948
251015
425125
147394
426098
98617
19229
173103
21931
186962
248278
183704
98618
114311
239056
96185
49597
165897
31806
409832
101191
140784
42322
432978
5647
171535
168139
32836
122930
185185
416886
185144
262284
98960
10738
237200
191847
169754
121812
172079
195794
127853
421179
420823
164548
96172
166827
93817
429397
171108
290477
258598
112294
46841
149087
237128
230361
155443
64218
433307
166653
186708
185591
192365
5646
235937
14709
163373
189897
172639
266646
164586
180674
97077
93439
147065
127152
159691
45945
248046
66931
281563
192183
96234
186580
172516
41690
33453
165728
169455
240339
172659
261855
281082
142739
167952
159422
162752
171547
122384
132365
187881
246225
241869
118619
196181
236286
145346
37585
280304
94960
416744
136077
428059
247033
195265
237495
414371
118470
119310
143886
159728
140985
160373
422849
173326
55475
153909
34895
168256
239664
417517
190474
181701
190433
128532
64067
421246
144314
420131
258741
19965
64071
174197
118553
415247
432258
150464
261022
156408
51667
48881
98547
183700
120478
11913
45561
193093
147228
250356
104657
117623
187094
99048
253517
144852
121104
238903
99340
138971
181659
194499
7941
425945
35532
37603
409796
59926
134308
433312
188360
158839
37484
166651
380228
138390
97410
192361
260132
171109
151535
186252
85951
36729
164958
126100
113002
90384
245025
11785
430697
249996
160415
156575
185239
110134
180040
51600
145359
167906
153971
148766
240903
410778
195355
235854
192154
152036
158227
425857
90521
187555
32008
172685
238804
19355
428096
184988
165896
168142
252951
170227
145955
230314
162731
174526
174151
120573
184981
118599
169536
249067
155390
126316
46312
187783
14675
172367
155637
167905
99056
182950
94954
99053
164955
147484
145190
248807
124973
419800
94872
124890
238495
418455
161424
17339
246221
5297
427181
261578
195215
171986
96111
54230
416925
191335
155858
192499
33688
237857
252934
260920
154467
19999
257376
239051
155619
259074
193670
180743
21941
99459
33296
117548
188288
47542
281735
249814
249105
144313
236046
171565
4682
125989
246487
138702
118595
144093
89977
152662
5551
17778
248733
124122
182039
241658
260871
248219
426406
153246
42261
64144
51911
253389
45555
153898
45622
99622
187479
195272
34797
121534
37698
5614
19646
189212
250279
160194
183020
246488
99073
241417
194051
194740
143413
193364
109468
45043
254069
230591
28414
239057
171585
117879
19356
159698
180650
230011
138973
187860
169728
253877
172164
48898
422397
119332
154089
118849
38966
421283
94344
194979
152396
426308
409465
89946
149183
112398
96954
161002
34140
182466
259355
38156
153745
184075
180657
162191
91901
98039
128182
33354
111348
160945
230214
247237
418008
186494
156185
252699
189131
153240
169459
247000
190056
416260
110313
163755
118650
160013
161852
160657
280400
138191
162361
32231
19637
759462
426860
173531
33428
134028
164580
168095
253948
254302
29919
137051
126207
193620
189238
429404
236866
194702
281412
152343
182431
117201
148763
36748
281066
430977
189166
244249
187728
119170
419610
161876
186174
172076
111970
147229
124276
250625
8880
237148
63888
410838
153720
180755
11658
121222
55660
14555
433221
172647
114038
192354
154416
140986
431186
12009
237409
260775
138718
258459
128240
230690
163442
195484
24927
257904
155388
121998
257309
280998
248554
119243
174289
117198
237065
96521
36937
184034
160060
259211
55227
181206
117882
240775
96936
164699
196118
98462
192362
37463
32566
127995
257875
167685
258549
194926
117196
126056
98884
172297
257397
248561
124790
427197
411800
120003
188165
251026
422540
29665
165064
260339
240006
250163
192175
34142
36719
42237
290987
257407
5555
70801
157050
119322
185119
415997
155323
92224
189891
190489
38855
98664
431617
195260
131344
290622
426552
186227
97478
172365
139258
156582
414364
54741
264478
195149
252270
143772
185248
157531
49830
118627
193090
262134
155278
181842
250503
180744
153717
257042
106939
17800
138211
262596
883
416994
18581
249880
260649
76104
433080
153340
91702
422691
415030
45263
416357
247523
262658
161028
172633
180685
117191
142497
419228
140082
119361
262118
250863
124238
252700
258224
249813
189384
137847
47813
94900
16088
55482
193789
165423
95402
109467
93396
190057
164983
188983
253770
14683
180638
5488
128229
95052
97998
70535
194803
252939
149149
118191
258272
169565
418657
192360
189203
8620
97781
138401
412839
144979
160018
241408
182041
187222
70762
238287
14556
48876
185203
243411
257464
431008
181046
190002
169460
138689
181433
291510
29667
180086
246967
185929
19659
156983
8379
145189
257182
158769
161348
57271
253379
122199
55225
144826
120092
5270
190928
5588
36936
159692
126064
171732
258903
51487
149086
251561
126063
147211
150759
34167
193526
261901
260525
194161
154388
247267
186670
70658
380227
230784
230045
262348
257873
96976
153243
132425
193506
7392
415228
95876
432905
98616
249998
162039
159171
33356
121105
34154
5594
64073
144794
123158
171537
419067
250303
186671
169342
156978
99916
117183
258937
168706
159767
180035
8639
418258
154249
169482
63890
181736
418691
113890
172667
119266
145321
165701
132013
173816
113354
192725
169419
419626
246098
194377
187067
433384
168100
168096
117432
117190
260509
155447
99909
153224
173789
54595
99718
161000
259623
174015
166836
182951
11551
36193
409865
29701
21476
186736
190746
7940
867
33436
180949
262764
121225
415883
64217
415789
37461
184585
189889
42725
42083
47487
238898
25064
186712
37687
257158
162958
131825
192791
255719
409539
120105
181229
409758
92393
431822
14777
163427
186779
97477
430978
167577
5649
234589
84229
122963
5982
409903
162647
185822
54179
237282
185274
257724
147280
51426
263768
247868
181515
196472
193861
155916
125267
149082
154689
189369
38851
173977
240107
120974
92216
148420
120120
48231
422394
157284
147821
173094
57780
105820
145082
16131
290005
149161
418177
191844
8820
141317
186651
152717
54224
251869
172645
194497
90711
29916
39023
183090
19144
230286
172276
247301
94378
257387
95296
93816
244108
138894
180008
36741
194336
4639
135070
118736
252423
185202
181510
162890
89964
262999
419454
433247
119364
416986
134522
120130
173791
247533
131347
123278
237406
193030
115716
258690
258722
419529
118620
230407
429405
14677
430975
147507
184202
167892
258848
155753
153056
290983
246251
37697
257390
96497
261604
238046
258719
36695
248808
154890
120106
85070
180535
238905
145288
280398
290455
422548
194343
95915
247049
254308
51427
125590
173588
247409
258518
193109
249330
261319
93382
185286
136354
132253
70350
11087
414644
153687
280997
433626
144818
161575
155743
193089
70621
160010
95234
186924
419839
419162
51441
291545
194771
37543
135180
122039
92211
261716
173186
239396
128165
234597
59767
188447
150445
258849
98954
169755
55740
190802
138133
150236
241475
194814
260136
156011
262788
189870
26316
149160
147389
98882
138935
93047
168115
189374
162937
230037
164996
160893
157351
242122
8677
415225
257393
98508
132728
257157
237150
190225
180458
160032
70814
170290
190590
152887
145306
238000
187025
246500
14882
151587
163486
174337
112007
251452
55477
261720
427182
180162
416921
185617
174574
246499
412776
258901
158230
173181
186666
291150
258175
172652
91877
185393
174612
55695
135072
188093
170465
162727
230637
164810
107419
166654
188735
58460
258590
144831
95930
8610
249822
89840
423639
413823
125401
170052
425545
160025
242037
153241
119339
238817
168099
170289
184972
156091
261621
263778
260240
121054
125324
106937
230179
193646
192323
193360
169415
70301
98431
163437
107097
249826
187288
51810
128243
185140
90007
170623
159159
145822
259345
290004
138811
187429
99263
195157
191322
127993
155605
433313
155550
125403
116079
95615
156230
116653
184329
161342
230110
46103
260498
259947
192227
421274
188443
252949
186594
159136
242113
168137
122265
156420
250275
246051
252565
257465
248272
134217
188423
98887
171472
19848
416203
118550
145188
248277
48170
183812
97069
159854
415707
253239
191350
48882
51343
172083
180664
259350
417045
422652
145715
125397
190331
29880
5651
135001
167970
33165
165664
84183
117790
260526
137784
31407
37546
181697
70536
98289
246738
280549
281752
21937
94890
191653
251566
37510
181400
25860
35528
162101
244010
126065
113921
121974
409840
171463
44412
89906
153077
118746
196110
183665
148717
252595
138480
163668
36694
237748
423660
154980
194616
240094
230218
259769
127968
191566
257175
412144
14762
142846
145254
241404
188294
116407
238688
125368
429406
238805
174551
148496
184235
257746
167267
48621
145222
162743
193356
166793
240531
250909
124901
260427
186275
113005
182976
416992
267403
