    0    0    0   0.000000000   0.000000000  -0.208464E-18   0.194909E-04
    0    1    0  -0.000000000   0.585713725  -0.147722E-17   0.159821E-04
   -1    0    0  -0.585713725   0.000000000  -0.204192E-17   0.159821E-04
    1    0    0   0.585713725  -0.000000000  -0.204192E-17   0.159821E-04
    0   -1    0   0.000000000  -0.585713725  -0.147722E-17   0.159821E-04
    1   -1    0   0.585713725  -0.585713725   0.336160E-02  -0.331843E-04
   -1    1    0  -0.585713725   0.585713725   0.336160E-02  -0.331843E-04
    1    1    0   0.585713725   0.585713725   0.336160E-02  -0.331843E-04
   -1   -1    0  -0.585713725  -0.585713725   0.336160E-02  -0.331843E-04
   -2    0    0  -1.171427449   0.000000000   0.144967E-03   0.129489E-04
    0    2    0  -0.000000000   1.171427449   0.144967E-03   0.129489E-04
    2    0    0   1.171427449  -0.000000000   0.144967E-03   0.129489E-04
    0   -2    0   0.000000000  -1.171427449   0.144967E-03   0.129489E-04
    2   -1    0   1.171427449  -0.585713725  -0.273294E-02   0.397576E-04
    1   -2    0   0.585713725  -1.171427449   0.273294E-02   0.397576E-04
   -1   -2    0  -0.585713725  -1.171427449   0.273294E-02   0.397576E-04
   -2    1    0  -1.171427449   0.585713725  -0.273294E-02   0.397576E-04
   -2   -1    0  -1.171427449  -0.585713725  -0.273294E-02   0.397576E-04
    1    2    0   0.585713725   1.171427449   0.273294E-02   0.397576E-04
    2    1    0   1.171427449   0.585713725  -0.273294E-02   0.397576E-04
   -1    2    0  -0.585713725   1.171427449   0.273294E-02   0.397576E-04
    2    2    0   1.171427449   1.171427449  -0.725238E-03  -0.667142E-05
   -2   -2    0  -1.171427449  -1.171427449  -0.725238E-03  -0.667142E-05
    2   -2    0   1.171427449  -1.171427449  -0.725238E-03  -0.667142E-05
   -2    2    0  -1.171427449   1.171427449  -0.725238E-03  -0.667142E-05
    0   -3    0   0.000000000  -1.757141174   0.346967E-17  -0.214625E-04
    0    3    0  -0.000000000   1.757141174   0.346967E-17  -0.214625E-04
   -3    0    0  -1.757141174   0.000000000   0.648355E-17  -0.214625E-04
    3    0    0   1.757141174  -0.000000000   0.648355E-17  -0.214625E-04
   -1    3    0  -0.585713725   1.757141174  -0.321781E-02  -0.325649E-04
   -3   -1    0  -1.757141174  -0.585713725  -0.321781E-02  -0.325649E-04
    3   -1    0   1.757141174  -0.585713725  -0.321781E-02  -0.325649E-04
    1    3    0   0.585713725   1.757141174  -0.321781E-02  -0.325649E-04
    1   -3    0   0.585713725  -1.757141174  -0.321781E-02  -0.325649E-04
   -1   -3    0  -0.585713725  -1.757141174  -0.321781E-02  -0.325649E-04
    3    1    0   1.757141174   0.585713725  -0.321781E-02  -0.325649E-04
   -3    1    0  -1.757141174   0.585713725  -0.321781E-02  -0.325649E-04
   -3    2    0  -1.757141174   1.171427449  -0.185267E-01  -0.330398E-04
    3    2    0   1.757141174   1.171427449  -0.185267E-01  -0.330398E-04
   -2   -3    0  -1.171427449  -1.757141174   0.185267E-01  -0.330398E-04
   -3   -2    0  -1.757141174  -1.171427449  -0.185267E-01  -0.330398E-04
    2   -3    0   1.171427449  -1.757141174   0.185267E-01  -0.330398E-04
   -2    3    0  -1.171427449   1.757141174   0.185267E-01  -0.330398E-04
    3   -2    0   1.757141174  -1.171427449  -0.185267E-01  -0.330398E-04
    2    3    0   1.171427449   1.757141174   0.185267E-01  -0.330398E-04
    0    4    0  -0.000000000   2.342854898   0.222256E-01   0.257076E-04
    0   -4    0   0.000000000  -2.342854898   0.222256E-01   0.257076E-04
   -4    0    0  -2.342854898   0.000000000   0.222256E-01   0.257076E-04
    4    0    0   2.342854898  -0.000000000   0.222256E-01   0.257076E-04
   -1    4    0  -0.585713725   2.342854898   0.138053E-01   0.480881E-04
   -4   -1    0  -2.342854898  -0.585713725  -0.138053E-01   0.480881E-04
    4    1    0   2.342854898   0.585713725  -0.138053E-01   0.480881E-04
    1    4    0   0.585713725   2.342854898   0.138053E-01   0.480881E-04
   -1   -4    0  -0.585713725  -2.342854898   0.138053E-01   0.480881E-04
   -4    1    0  -2.342854898   0.585713725  -0.138053E-01   0.480881E-04
    1   -4    0   0.585713725  -2.342854898   0.138053E-01   0.480881E-04
    4   -1    0   2.342854898  -0.585713725  -0.138053E-01   0.480881E-04
    3   -3    0   1.757141174  -1.757141174   0.142285E-01   0.506999E-04
    3    3    0   1.757141174   1.757141174   0.142285E-01   0.506999E-04
   -3   -3    0  -1.757141174  -1.757141174   0.142285E-01   0.506999E-04
   -3    3    0  -1.757141174   1.757141174   0.142285E-01   0.506999E-04
   -4   -2    0  -2.342854898  -1.171427449   0.623744E-02  -0.148228E-05
    4   -2    0   2.342854898  -1.171427449   0.623744E-02  -0.148228E-05
   -2    4    0  -1.171427449   2.342854898   0.623744E-02  -0.148228E-05
    4    2    0   2.342854898   1.171427449   0.623744E-02  -0.148228E-05
   -4    2    0  -2.342854898   1.171427449   0.623744E-02  -0.148228E-05
    2   -4    0   1.171427449  -2.342854898   0.623744E-02  -0.148228E-05
   -2   -4    0  -1.171427449  -2.342854898   0.623744E-02  -0.148228E-05
    2    4    0   1.171427449   2.342854898   0.623744E-02  -0.148228E-05
    4    3    0   2.342854898   1.757141174   0.609743E-02   0.249482E-04
   -3    4    0  -1.757141174   2.342854898  -0.609743E-02   0.249482E-04
    0    5    0  -0.000000000   2.928568623  -0.369738E-17  -0.133957E-04
    3    4    0   1.757141174   2.342854898  -0.609743E-02   0.249482E-04
    4   -3    0   2.342854898  -1.757141174   0.609743E-02   0.249482E-04
   -3   -4    0  -1.757141174  -2.342854898  -0.609743E-02   0.249482E-04
    5    0    0   2.928568623  -0.000000000  -0.131699E-16  -0.133957E-04
   -4   -3    0  -2.342854898  -1.757141174   0.609743E-02   0.249482E-04
   -4    3    0  -2.342854898   1.757141174   0.609743E-02   0.249482E-04
   -5    0    0  -2.928568623   0.000000000  -0.131699E-16  -0.133957E-04
    3   -4    0   1.757141174  -2.342854898  -0.609743E-02   0.249482E-04
    0   -5    0   0.000000000  -2.928568623  -0.369738E-17  -0.133957E-04
    1   -5    0   0.585713725  -2.928568623  -0.425734E-02  -0.396603E-04
    5   -1    0   2.928568623  -0.585713725  -0.425734E-02  -0.396603E-04
   -1    5    0  -0.585713725   2.928568623  -0.425734E-02  -0.396603E-04
   -1   -5    0  -0.585713725  -2.928568623  -0.425734E-02  -0.396603E-04
    1    5    0   0.585713725   2.928568623  -0.425734E-02  -0.396603E-04
    5    1    0   2.928568623   0.585713725  -0.425734E-02  -0.396603E-04
   -5    1    0  -2.928568623   0.585713725  -0.425734E-02  -0.396603E-04
   -5   -1    0  -2.928568623  -0.585713725  -0.425734E-02  -0.396603E-04
   -2   -5    0  -1.171427449  -2.928568623   0.746735E-02   0.827782E-05
   -5    2    0  -2.928568623   1.171427449  -0.746735E-02   0.827782E-05
    5   -2    0   2.928568623  -1.171427449  -0.746735E-02   0.827782E-05
    2    5    0   1.171427449   2.928568623   0.746735E-02   0.827782E-05
    5    2    0   2.928568623   1.171427449  -0.746735E-02   0.827782E-05
   -2    5    0  -1.171427449   2.928568623   0.746735E-02   0.827782E-05
    2   -5    0   1.171427449  -2.928568623   0.746735E-02   0.827782E-05
   -5   -2    0  -2.928568623  -1.171427449  -0.746735E-02   0.827782E-05
    4    4    0   2.342854898   2.342854898   0.879976E-02  -0.829803E-05
    4   -4    0   2.342854898  -2.342854898   0.879976E-02  -0.829803E-05
   -4   -4    0  -2.342854898  -2.342854898   0.879976E-02  -0.829803E-05
   -4    4    0  -2.342854898   2.342854898   0.879976E-02  -0.829803E-05
   -3    5    0  -1.757141174   2.928568623  -0.225589E-01  -0.106049E-03
    5    3    0   2.928568623   1.757141174  -0.225589E-01  -0.106049E-03
   -5   -3    0  -2.928568623  -1.757141174  -0.225589E-01  -0.106049E-03
    3   -5    0   1.757141174  -2.928568623  -0.225589E-01  -0.106049E-03
    5   -3    0   2.928568623  -1.757141174  -0.225589E-01  -0.106049E-03
   -3   -5    0  -1.757141174  -2.928568623  -0.225589E-01  -0.106049E-03
   -5    3    0  -2.928568623   1.757141174  -0.225589E-01  -0.106049E-03
    3    5    0   1.757141174   2.928568623  -0.225589E-01  -0.106049E-03
    6    0    0   3.514282347  -0.000000000   0.304432E-01   0.122840E-03
    0    6    0  -0.000000000   3.514282347   0.304432E-01   0.122840E-03
    0   -6    0   0.000000000  -3.514282347   0.304432E-01   0.122840E-03
   -6    0    0  -3.514282347   0.000000000   0.304432E-01   0.122840E-03
    1    6    0   0.585713725   3.514282347   0.543581E-02   0.506565E-04
   -6   -1    0  -3.514282347  -0.585713725  -0.543581E-02   0.506565E-04
   -1    6    0  -0.585713725   3.514282347   0.543581E-02   0.506565E-04
   -1   -6    0  -0.585713725  -3.514282347   0.543581E-02   0.506565E-04
   -6    1    0  -3.514282347   0.585713725  -0.543581E-02   0.506565E-04
    6   -1    0   3.514282347  -0.585713725  -0.543581E-02   0.506565E-04
    6    1    0   3.514282347   0.585713725  -0.543581E-02   0.506565E-04
    1   -6    0   0.585713725  -3.514282347   0.543581E-02   0.506565E-04
   -2   -6    0  -1.171427449  -3.514282347  -0.101349E-01  -0.513958E-04
    2    6    0   1.171427449   3.514282347  -0.101349E-01  -0.513958E-04
    6    2    0   3.514282347   1.171427449  -0.101349E-01  -0.513958E-04
    6   -2    0   3.514282347  -1.171427449  -0.101349E-01  -0.513958E-04
   -6   -2    0  -3.514282347  -1.171427449  -0.101349E-01  -0.513958E-04
   -2    6    0  -1.171427449   3.514282347  -0.101349E-01  -0.513958E-04
    2   -6    0   1.171427449  -3.514282347  -0.101349E-01  -0.513958E-04
   -6    2    0  -3.514282347   1.171427449  -0.101349E-01  -0.513958E-04
    4   -5    0   2.342854898  -2.928568623  -0.808613E-02  -0.414853E-04
    5    4    0   2.928568623   2.342854898   0.808613E-02  -0.414853E-04
   -4   -5    0  -2.342854898  -2.928568623  -0.808613E-02  -0.414853E-04
   -4    5    0  -2.342854898   2.928568623  -0.808613E-02  -0.414853E-04
   -5   -4    0  -2.928568623  -2.342854898   0.808613E-02  -0.414853E-04
    4    5    0   2.342854898   2.928568623  -0.808613E-02  -0.414853E-04
   -5    4    0  -2.928568623   2.342854898   0.808613E-02  -0.414853E-04
    5   -4    0   2.928568623  -2.342854898   0.808613E-02  -0.414853E-04
   -6   -3    0  -3.514282347  -1.757141174   0.256837E-02   0.205499E-04
    6    3    0   3.514282347   1.757141174   0.256837E-02   0.205499E-04
    6   -3    0   3.514282347  -1.757141174   0.256837E-02   0.205499E-04
    3    6    0   1.757141174   3.514282347  -0.256837E-02   0.205499E-04
   -6    3    0  -3.514282347   1.757141174   0.256837E-02   0.205499E-04
   -3    6    0  -1.757141174   3.514282347  -0.256837E-02   0.205499E-04
   -3   -6    0  -1.757141174  -3.514282347  -0.256837E-02   0.205499E-04
    3   -6    0   1.757141174  -3.514282347  -0.256837E-02   0.205499E-04
   -7    0    0  -4.099996072   0.000000000  -0.336281E-17   0.287947E-04
    7    0    0   4.099996072  -0.000000000  -0.336281E-17   0.287947E-04
    0   -7    0   0.000000000  -4.099996072   0.109573E-17   0.287947E-04
    0    7    0  -0.000000000   4.099996072   0.109573E-17   0.287947E-04
   -1    7    0  -0.585713725   4.099996072   0.220851E-02   0.477961E-04
    7   -1    0   4.099996072  -0.585713725   0.220851E-02   0.477961E-04
    1   -7    0   0.585713725  -4.099996072   0.220851E-02   0.477961E-04
    7    1    0   4.099996072   0.585713725   0.220851E-02   0.477961E-04
   -1   -7    0  -0.585713725  -4.099996072   0.220851E-02   0.477961E-04
    1    7    0   0.585713725   4.099996072   0.220851E-02   0.477961E-04
   -7   -1    0  -4.099996072  -0.585713725   0.220851E-02   0.477961E-04
   -7    1    0  -4.099996072   0.585713725   0.220851E-02   0.477961E-04
    5   -5    0   2.928568623  -2.928568623   0.192438E-02  -0.307907E-04
   -5   -5    0  -2.928568623  -2.928568623   0.192438E-02  -0.307907E-04
    5    5    0   2.928568623   2.928568623   0.192438E-02  -0.307907E-04
   -5    5    0  -2.928568623   2.928568623   0.192438E-02  -0.307907E-04
    4    6    0   2.342854898   3.514282347   0.832559E-03  -0.250206E-04
   -4   -6    0  -2.342854898  -3.514282347   0.832559E-03  -0.250206E-04
    6   -4    0   3.514282347  -2.342854898   0.832559E-03  -0.250206E-04
   -6    4    0  -3.514282347   2.342854898   0.832559E-03  -0.250206E-04
    4   -6    0   2.342854898  -3.514282347   0.832559E-03  -0.250206E-04
   -4    6    0  -2.342854898   3.514282347   0.832559E-03  -0.250206E-04
    6    4    0   3.514282347   2.342854898   0.832559E-03  -0.250206E-04
   -6   -4    0  -3.514282347  -2.342854898   0.832559E-03  -0.250206E-04
   -2    7    0  -1.171427449   4.099996072   0.240478E-02   0.194623E-04
    2   -7    0   1.171427449  -4.099996072   0.240478E-02   0.194623E-04
    2    7    0   1.171427449   4.099996072   0.240478E-02   0.194623E-04
   -2   -7    0  -1.171427449  -4.099996072   0.240478E-02   0.194623E-04
   -7    2    0  -4.099996072   1.171427449  -0.240478E-02   0.194623E-04
    7    2    0   4.099996072   1.171427449  -0.240478E-02   0.194623E-04
    7   -2    0   4.099996072  -1.171427449  -0.240478E-02   0.194623E-04
   -7   -2    0  -4.099996072  -1.171427449  -0.240478E-02   0.194623E-04
   -3    7    0  -1.757141174   4.099996072   0.538117E-02   0.325633E-04
    3    7    0   1.757141174   4.099996072   0.538117E-02   0.325633E-04
   -7   -3    0  -4.099996072  -1.757141174   0.538117E-02   0.325633E-04
    7   -3    0   4.099996072  -1.757141174   0.538117E-02   0.325633E-04
   -3   -7    0  -1.757141174  -4.099996072   0.538117E-02   0.325633E-04
   -7    3    0  -4.099996072   1.757141174   0.538117E-02   0.325633E-04
    7    3    0   4.099996072   1.757141174   0.538117E-02   0.325633E-04
    3   -7    0   1.757141174  -4.099996072   0.538117E-02   0.325633E-04
   -5    6    0  -2.928568623   3.514282347   0.478746E-02   0.526967E-04
    5   -6    0   2.928568623  -3.514282347   0.478746E-02   0.526967E-04
   -5   -6    0  -2.928568623  -3.514282347   0.478746E-02   0.526967E-04
    6   -5    0   3.514282347  -2.928568623  -0.478746E-02   0.526967E-04
    6    5    0   3.514282347   2.928568623  -0.478746E-02   0.526967E-04
   -6    5    0  -3.514282347   2.928568623  -0.478746E-02   0.526967E-04
   -6   -5    0  -3.514282347  -2.928568623  -0.478746E-02   0.526967E-04
    5    6    0   2.928568623   3.514282347   0.478746E-02   0.526967E-04
    8    0    0   4.685709797  -0.000000000   0.559618E-02  -0.102532E-04
    0   -8    0   0.000000000  -4.685709797   0.559618E-02  -0.102532E-04
   -8    0    0  -4.685709797   0.000000000   0.559618E-02  -0.102532E-04
    0    8    0  -0.000000000   4.685709797   0.559618E-02  -0.102532E-04
   -7    4    0  -4.099996072   2.342854898   0.141713E-02   0.105442E-04
    4    7    0   2.342854898   4.099996072  -0.141713E-02   0.105442E-04
   -7   -4    0  -4.099996072  -2.342854898   0.141713E-02   0.105442E-04
    7   -4    0   4.099996072  -2.342854898   0.141713E-02   0.105442E-04
    4   -7    0   2.342854898  -4.099996072  -0.141713E-02   0.105442E-04
    7    4    0   4.099996072   2.342854898   0.141713E-02   0.105442E-04
   -4    7    0  -2.342854898   4.099996072  -0.141713E-02   0.105442E-04
   -4   -7    0  -2.342854898  -4.099996072  -0.141713E-02   0.105442E-04
    1    8    0   0.585713725   4.685709797  -0.126264E-02  -0.121625E-04
   -1    8    0  -0.585713725   4.685709797  -0.126264E-02  -0.121625E-04
   -8    1    0  -4.685709797   0.585713725   0.126264E-02  -0.121625E-04
    8    1    0   4.685709797   0.585713725   0.126264E-02  -0.121625E-04
   -8   -1    0  -4.685709797  -0.585713725   0.126264E-02  -0.121625E-04
    1   -8    0   0.585713725  -4.685709797  -0.126264E-02  -0.121625E-04
    8   -1    0   4.685709797  -0.585713725   0.126264E-02  -0.121625E-04
   -1   -8    0  -0.585713725  -4.685709797  -0.126264E-02  -0.121625E-04
    2    8    0   1.171427449   4.685709797   0.830597E-02   0.315637E-04
   -2    8    0  -1.171427449   4.685709797   0.830597E-02   0.315637E-04
    8    2    0   4.685709797   1.171427449   0.830597E-02   0.315637E-04
   -8   -2    0  -4.685709797  -1.171427449   0.830597E-02   0.315637E-04
   -2   -8    0  -1.171427449  -4.685709797   0.830597E-02   0.315637E-04
   -8    2    0  -4.685709797   1.171427449   0.830597E-02   0.315637E-04
    8   -2    0   4.685709797  -1.171427449   0.830597E-02   0.315637E-04
    2   -8    0   1.171427449  -4.685709797   0.830597E-02   0.315637E-04
   -6   -6    0  -3.514282347  -3.514282347   0.671666E-02   0.451164E-04
    6   -6    0   3.514282347  -3.514282347   0.671666E-02   0.451164E-04
    6    6    0   3.514282347   3.514282347   0.671666E-02   0.451164E-04
   -6    6    0  -3.514282347   3.514282347   0.671666E-02   0.451164E-04
    8   -3    0   4.685709797  -1.757141174   0.881567E-02   0.596139E-04
   -8    3    0  -4.685709797   1.757141174   0.881567E-02   0.596139E-04
   -8   -3    0  -4.685709797  -1.757141174   0.881567E-02   0.596139E-04
    3    8    0   1.757141174   4.685709797  -0.881567E-02   0.596139E-04
    8    3    0   4.685709797   1.757141174   0.881567E-02   0.596139E-04
    3   -8    0   1.757141174  -4.685709797  -0.881567E-02   0.596139E-04
   -3    8    0  -1.757141174   4.685709797  -0.881567E-02   0.596139E-04
   -3   -8    0  -1.757141174  -4.685709797  -0.881567E-02   0.596139E-04
   -7   -5    0  -4.099996072  -2.928568623  -0.829324E-02  -0.564535E-04
   -5    7    0  -2.928568623   4.099996072  -0.829324E-02  -0.564535E-04
   -5   -7    0  -2.928568623  -4.099996072  -0.829324E-02  -0.564535E-04
   -7    5    0  -4.099996072   2.928568623  -0.829324E-02  -0.564535E-04
    7   -5    0   4.099996072  -2.928568623  -0.829324E-02  -0.564535E-04
    7    5    0   4.099996072   2.928568623  -0.829324E-02  -0.564535E-04
    5   -7    0   2.928568623  -4.099996072  -0.829324E-02  -0.564535E-04
    5    7    0   2.928568623   4.099996072  -0.829324E-02  -0.564535E-04
   -8   -4    0  -4.685709797  -2.342854898   0.113883E-01   0.361237E-04
    8   -4    0   4.685709797  -2.342854898   0.113883E-01   0.361237E-04
    8    4    0   4.685709797   2.342854898   0.113883E-01   0.361237E-04
    4    8    0   2.342854898   4.685709797   0.113883E-01   0.361237E-04
   -8    4    0  -4.685709797   2.342854898   0.113883E-01   0.361237E-04
    4   -8    0   2.342854898  -4.685709797   0.113883E-01   0.361237E-04
   -4    8    0  -2.342854898   4.685709797   0.113883E-01   0.361237E-04
   -4   -8    0  -2.342854898  -4.685709797   0.113883E-01   0.361237E-04
   -9    0    0  -5.271423521   0.000000000  -0.142861E-16  -0.225117E-05
    0   -9    0   0.000000000  -5.271423521  -0.569385E-17  -0.225117E-05
    9    0    0   5.271423521  -0.000000000  -0.142861E-16  -0.225117E-05
    0    9    0  -0.000000000   5.271423521  -0.569385E-17  -0.225117E-05
    9    1    0   5.271423521   0.585713725  -0.150568E-03   0.320169E-04
    1    9    0   0.585713725   5.271423521  -0.150568E-03   0.320169E-04
   -1   -9    0  -0.585713725  -5.271423521  -0.150568E-03   0.320169E-04
   -9    1    0  -5.271423521   0.585713725  -0.150568E-03   0.320169E-04
   -1    9    0  -0.585713725   5.271423521  -0.150568E-03   0.320169E-04
   -9   -1    0  -5.271423521  -0.585713725  -0.150568E-03   0.320169E-04
    9   -1    0   5.271423521  -0.585713725  -0.150568E-03   0.320169E-04
    1   -9    0   0.585713725  -5.271423521  -0.150568E-03   0.320169E-04
   -6    7    0  -3.514282347   4.099996072  -0.623614E-03  -0.813099E-05
   -7   -6    0  -4.099996072  -3.514282347   0.623614E-03  -0.813099E-05
    7   -6    0   4.099996072  -3.514282347   0.623614E-03  -0.813099E-05
    7    6    0   4.099996072   3.514282347   0.623614E-03  -0.813099E-05
    6    7    0   3.514282347   4.099996072  -0.623614E-03  -0.813099E-05
    6   -7    0   3.514282347  -4.099996072  -0.623614E-03  -0.813099E-05
   -7    6    0  -4.099996072   3.514282347   0.623614E-03  -0.813099E-05
   -6   -7    0  -3.514282347  -4.099996072  -0.623614E-03  -0.813099E-05
   -2   -9    0  -1.171427449  -5.271423521  -0.102850E-02   0.186956E-04
   -9   -2    0  -5.271423521  -1.171427449   0.102850E-02   0.186956E-04
    2   -9    0   1.171427449  -5.271423521  -0.102850E-02   0.186956E-04
   -2    9    0  -1.171427449   5.271423521  -0.102850E-02   0.186956E-04
    9   -2    0   5.271423521  -1.171427449   0.102850E-02   0.186956E-04
    9    2    0   5.271423521   1.171427449   0.102850E-02   0.186956E-04
   -9    2    0  -5.271423521   1.171427449   0.102850E-02   0.186956E-04
    2    9    0   1.171427449   5.271423521  -0.102850E-02   0.186956E-04
    8   -5    0   4.685709797  -2.928568623   0.882819E-02   0.657887E-04
    8    5    0   4.685709797   2.928568623   0.882819E-02   0.657887E-04
    5    8    0   2.928568623   4.685709797  -0.882819E-02   0.657887E-04
   -8    5    0  -4.685709797   2.928568623   0.882819E-02   0.657887E-04
    5   -8    0   2.928568623  -4.685709797  -0.882819E-02   0.657887E-04
   -8   -5    0  -4.685709797  -2.928568623   0.882819E-02   0.657887E-04
   -5    8    0  -2.928568623   4.685709797  -0.882819E-02   0.657887E-04
   -5   -8    0  -2.928568623  -4.685709797  -0.882819E-02   0.657887E-04
    9   -3    0   5.271423521  -1.757141174   0.938000E-02   0.702885E-04
   -9    3    0  -5.271423521   1.757141174   0.938000E-02   0.702885E-04
   -3   -9    0  -1.757141174  -5.271423521   0.938000E-02   0.702885E-04
   -3    9    0  -1.757141174   5.271423521   0.938000E-02   0.702885E-04
    3   -9    0   1.757141174  -5.271423521   0.938000E-02   0.702885E-04
   -9   -3    0  -5.271423521  -1.757141174   0.938000E-02   0.702885E-04
    9    3    0   5.271423521   1.757141174   0.938000E-02   0.702885E-04
    3    9    0   1.757141174   5.271423521   0.938000E-02   0.702885E-04
    4   -9    0   2.342854898  -5.271423521  -0.350561E-02  -0.489592E-04
   -9   -4    0  -5.271423521  -2.342854898   0.350561E-02  -0.489592E-04
   -9    4    0  -5.271423521   2.342854898   0.350561E-02  -0.489592E-04
   -4   -9    0  -2.342854898  -5.271423521  -0.350561E-02  -0.489592E-04
    9   -4    0   5.271423521  -2.342854898   0.350561E-02  -0.489592E-04
   -4    9    0  -2.342854898   5.271423521  -0.350561E-02  -0.489592E-04
    9    4    0   5.271423521   2.342854898   0.350561E-02  -0.489592E-04
    4    9    0   2.342854898   5.271423521  -0.350561E-02  -0.489592E-04
   -7   -7    0  -4.099996072  -4.099996072   0.484791E-02   0.379013E-04
    7    7    0   4.099996072   4.099996072   0.484791E-02   0.379013E-04
    7   -7    0   4.099996072  -4.099996072   0.484791E-02   0.379013E-04
   -7    7    0  -4.099996072   4.099996072   0.484791E-02   0.379013E-04
   -6    8    0  -3.514282347   4.685709797  -0.750185E-03  -0.116470E-04
    0  -10    0   0.000000000  -5.857137246   0.193975E-01   0.131710E-03
    6    8    0   3.514282347   4.685709797  -0.750185E-03  -0.116470E-04
   -6   -8    0  -3.514282347  -4.685709797  -0.750185E-03  -0.116470E-04
    6   -8    0   3.514282347  -4.685709797  -0.750185E-03  -0.116470E-04
   -8   -6    0  -4.685709797  -3.514282347  -0.750185E-03  -0.116470E-04
   -8    6    0  -4.685709797   3.514282347  -0.750185E-03  -0.116470E-04
    0   10    0  -0.000000000   5.857137246   0.193975E-01   0.131710E-03
  -10    0    0  -5.857137246   0.000000000   0.193975E-01   0.131710E-03
   10    0    0   5.857137246  -0.000000000   0.193975E-01   0.131710E-03
    8    6    0   4.685709797   3.514282347  -0.750185E-03  -0.116470E-04
    8   -6    0   4.685709797  -3.514282347  -0.750185E-03  -0.116470E-04
    1  -10    0   0.585713725  -5.857137246   0.127536E-02  -0.166960E-04
  -10   -1    0  -5.857137246  -0.585713725  -0.127536E-02  -0.166960E-04
   -1   10    0  -0.585713725   5.857137246   0.127536E-02  -0.166960E-04
   10   -1    0   5.857137246  -0.585713725  -0.127536E-02  -0.166960E-04
  -10    1    0  -5.857137246   0.585713725  -0.127536E-02  -0.166960E-04
   -1  -10    0  -0.585713725  -5.857137246   0.127536E-02  -0.166960E-04
   10    1    0   5.857137246   0.585713725  -0.127536E-02  -0.166960E-04
    1   10    0   0.585713725   5.857137246   0.127536E-02  -0.166960E-04
   -2   10    0  -1.171427449   5.857137246  -0.352661E-02  -0.367887E-04
   10   -2    0   5.857137246  -1.171427449  -0.352661E-02  -0.367887E-04
   -2  -10    0  -1.171427449  -5.857137246  -0.352661E-02  -0.367887E-04
   10    2    0   5.857137246   1.171427449  -0.352661E-02  -0.367887E-04
    2  -10    0   1.171427449  -5.857137246  -0.352661E-02  -0.367887E-04
  -10   -2    0  -5.857137246  -1.171427449  -0.352661E-02  -0.367887E-04
  -10    2    0  -5.857137246   1.171427449  -0.352661E-02  -0.367887E-04
    2   10    0   1.171427449   5.857137246  -0.352661E-02  -0.367887E-04
   -9    5    0  -5.271423521   2.928568623  -0.947713E-02  -0.770781E-04
   -5   -9    0  -2.928568623  -5.271423521  -0.947713E-02  -0.770781E-04
   -5    9    0  -2.928568623   5.271423521  -0.947713E-02  -0.770781E-04
    9   -5    0   5.271423521  -2.928568623  -0.947713E-02  -0.770781E-04
    5    9    0   2.928568623   5.271423521  -0.947713E-02  -0.770781E-04
   -9   -5    0  -5.271423521  -2.928568623  -0.947713E-02  -0.770781E-04
    9    5    0   5.271423521   2.928568623  -0.947713E-02  -0.770781E-04
    5   -9    0   2.928568623  -5.271423521  -0.947713E-02  -0.770781E-04
  -10   -3    0  -5.857137246  -1.757141174   0.847247E-03  -0.337105E-04
    3  -10    0   1.757141174  -5.857137246  -0.847247E-03  -0.337105E-04
  -10    3    0  -5.857137246   1.757141174   0.847247E-03  -0.337105E-04
   -3   10    0  -1.757141174   5.857137246  -0.847247E-03  -0.337105E-04
   -3  -10    0  -1.757141174  -5.857137246  -0.847247E-03  -0.337105E-04
    3   10    0   1.757141174   5.857137246  -0.847247E-03  -0.337105E-04
   10   -3    0   5.857137246  -1.757141174   0.847247E-03  -0.337105E-04
   10    3    0   5.857137246   1.757141174   0.847247E-03  -0.337105E-04
   -8    7    0  -4.685709797   4.099996072   0.231638E-02  -0.204483E-05
    8   -7    0   4.685709797  -4.099996072   0.231638E-02  -0.204483E-05
   -8   -7    0  -4.685709797  -4.099996072   0.231638E-02  -0.204483E-05
   -7    8    0  -4.099996072   4.685709797  -0.231638E-02  -0.204483E-05
    7   -8    0   4.099996072  -4.685709797  -0.231638E-02  -0.204483E-05
    7    8    0   4.099996072   4.685709797  -0.231638E-02  -0.204483E-05
    8    7    0   4.685709797   4.099996072   0.231638E-02  -0.204483E-05
   -7   -8    0  -4.099996072  -4.685709797  -0.231638E-02  -0.204483E-05
   10    4    0   5.857137246   2.342854898   0.222726E-02   0.793559E-05
    4   10    0   2.342854898   5.857137246   0.222726E-02   0.793559E-05
   -4  -10    0  -2.342854898  -5.857137246   0.222726E-02   0.793559E-05
   10   -4    0   5.857137246  -2.342854898   0.222726E-02   0.793559E-05
  -10   -4    0  -5.857137246  -2.342854898   0.222726E-02   0.793559E-05
    4  -10    0   2.342854898  -5.857137246   0.222726E-02   0.793559E-05
  -10    4    0  -5.857137246   2.342854898   0.222726E-02   0.793559E-05
   -4   10    0  -2.342854898   5.857137246   0.222726E-02   0.793559E-05
   -9   -6    0  -5.271423521  -3.514282347   0.173012E-02  -0.373725E-04
   -9    6    0  -5.271423521   3.514282347   0.173012E-02  -0.373725E-04
   -6   -9    0  -3.514282347  -5.271423521  -0.173012E-02  -0.373725E-04
   -6    9    0  -3.514282347   5.271423521  -0.173012E-02  -0.373725E-04
    6    9    0   3.514282347   5.271423521  -0.173012E-02  -0.373725E-04
    9   -6    0   5.271423521  -3.514282347   0.173012E-02  -0.373725E-04
    6   -9    0   3.514282347  -5.271423521  -0.173012E-02  -0.373725E-04
    9    6    0   5.271423521   3.514282347   0.173012E-02  -0.373725E-04
   11    0    0   6.442850970  -0.000000000  -0.350283E-18  -0.148372E-04
  -11    0    0  -6.442850970   0.000000000  -0.350283E-18  -0.148372E-04
    0  -11    0   0.000000000  -6.442850970  -0.851724E-17  -0.148372E-04
    0   11    0  -0.000000000   6.442850970  -0.851724E-17  -0.148372E-04
   -1   11    0  -0.585713725   6.442850970  -0.292830E-03   0.135886E-04
   11   -1    0   6.442850970  -0.585713725  -0.292830E-03   0.135886E-04
    1  -11    0   0.585713725  -6.442850970  -0.292830E-03   0.135886E-04
  -11    1    0  -6.442850970   0.585713725  -0.292830E-03   0.135886E-04
   -1  -11    0  -0.585713725  -6.442850970  -0.292830E-03   0.135886E-04
  -11   -1    0  -6.442850970  -0.585713725  -0.292830E-03   0.135886E-04
   11    1    0   6.442850970   0.585713725  -0.292830E-03   0.135886E-04
    1   11    0   0.585713725   6.442850970  -0.292830E-03   0.135886E-04
    2   11    0   1.171427449   6.442850970   0.143358E-02   0.304721E-04
   -2  -11    0  -1.171427449  -6.442850970   0.143358E-02   0.304721E-04
   11    2    0   6.442850970   1.171427449  -0.143358E-02   0.304721E-04
    2  -11    0   1.171427449  -6.442850970   0.143358E-02   0.304721E-04
   11   -2    0   6.442850970  -1.171427449  -0.143358E-02   0.304721E-04
   -2   11    0  -1.171427449   6.442850970   0.143358E-02   0.304721E-04
  -11   -2    0  -6.442850970  -1.171427449  -0.143358E-02   0.304721E-04
  -11    2    0  -6.442850970   1.171427449  -0.143358E-02   0.304721E-04
    5  -10    0   2.928568623  -5.857137246   0.127747E-02  -0.402692E-05
   -5  -10    0  -2.928568623  -5.857137246   0.127747E-02  -0.402692E-05
   -5   10    0  -2.928568623   5.857137246   0.127747E-02  -0.402692E-05
  -10    5    0  -5.857137246   2.928568623  -0.127747E-02  -0.402692E-05
   10   -5    0   5.857137246  -2.928568623  -0.127747E-02  -0.402692E-05
   10    5    0   5.857137246   2.928568623  -0.127747E-02  -0.402692E-05
    5   10    0   2.928568623   5.857137246   0.127747E-02  -0.402692E-05
  -10   -5    0  -5.857137246  -2.928568623  -0.127747E-02  -0.402692E-05
   -8    8    0  -4.685709797   4.685709797   0.115172E-01   0.617938E-04
    8    8    0   4.685709797   4.685709797   0.115172E-01   0.617938E-04
    8   -8    0   4.685709797  -4.685709797   0.115172E-01   0.617938E-04
   -8   -8    0  -4.685709797  -4.685709797   0.115172E-01   0.617938E-04
  -11   -3    0  -6.442850970  -1.757141174  -0.963776E-02  -0.870708E-04
    3  -11    0   1.757141174  -6.442850970  -0.963776E-02  -0.870708E-04
   -3  -11    0  -1.757141174  -6.442850970  -0.963776E-02  -0.870708E-04
   11   -3    0   6.442850970  -1.757141174  -0.963776E-02  -0.870708E-04
   11    3    0   6.442850970   1.757141174  -0.963776E-02  -0.870708E-04
   -3   11    0  -1.757141174   6.442850970  -0.963776E-02  -0.870708E-04
  -11    3    0  -6.442850970   1.757141174  -0.963776E-02  -0.870708E-04
    3   11    0   1.757141174   6.442850970  -0.963776E-02  -0.870708E-04
    7   -9    0   4.099996072  -5.271423521   0.538186E-02   0.486216E-04
    9    7    0   5.271423521   4.099996072   0.538186E-02   0.486216E-04
   -7    9    0  -4.099996072   5.271423521   0.538186E-02   0.486216E-04
   -7   -9    0  -4.099996072  -5.271423521   0.538186E-02   0.486216E-04
    9   -7    0   5.271423521  -4.099996072   0.538186E-02   0.486216E-04
   -9   -7    0  -5.271423521  -4.099996072   0.538186E-02   0.486216E-04
    7    9    0   4.099996072   5.271423521   0.538186E-02   0.486216E-04
   -9    7    0  -5.271423521   4.099996072   0.538186E-02   0.486216E-04
  -10   -6    0  -5.857137246  -3.514282347   0.557038E-02   0.515351E-04
   -6   10    0  -3.514282347   5.857137246   0.557038E-02   0.515351E-04
   10   -6    0   5.857137246  -3.514282347   0.557038E-02   0.515351E-04
  -10    6    0  -5.857137246   3.514282347   0.557038E-02   0.515351E-04
   10    6    0   5.857137246   3.514282347   0.557038E-02   0.515351E-04
    6  -10    0   3.514282347  -5.857137246   0.557038E-02   0.515351E-04
    6   10    0   3.514282347   5.857137246   0.557038E-02   0.515351E-04
   -6  -10    0  -3.514282347  -5.857137246   0.557038E-02   0.515351E-04
    4   11    0   2.342854898   6.442850970  -0.473658E-02  -0.439914E-04
   11   -4    0   6.442850970  -2.342854898   0.473658E-02  -0.439914E-04
    4  -11    0   2.342854898  -6.442850970  -0.473658E-02  -0.439914E-04
  -11    4    0  -6.442850970   2.342854898   0.473658E-02  -0.439914E-04
   -4  -11    0  -2.342854898  -6.442850970  -0.473658E-02  -0.439914E-04
   -4   11    0  -2.342854898   6.442850970  -0.473658E-02  -0.439914E-04
   11    4    0   6.442850970   2.342854898   0.473658E-02  -0.439914E-04
  -11   -4    0  -6.442850970  -2.342854898   0.473658E-02  -0.439914E-04
    0  -12    0   0.000000000  -7.028564695   0.885474E-02   0.437300E-04
    0   12    0  -0.000000000   7.028564695   0.885474E-02   0.437300E-04
  -12    0    0  -7.028564695   0.000000000   0.885474E-02   0.437300E-04
   12    0    0   7.028564695  -0.000000000   0.885474E-02   0.437300E-04
   12   -1    0   7.028564695  -0.585713725  -0.414302E-02   0.179350E-04
    9   -8    0   5.271423521  -4.685709797  -0.158849E-03   0.405241E-04
  -12   -1    0  -7.028564695  -0.585713725  -0.414302E-02   0.179350E-04
   -1  -12    0  -0.585713725  -7.028564695   0.414302E-02   0.179350E-04
    8   -9    0   4.685709797  -5.271423521   0.158849E-03   0.405241E-04
   -8   -9    0  -4.685709797  -5.271423521   0.158849E-03   0.405241E-04
    1  -12    0   0.585713725  -7.028564695   0.414302E-02   0.179350E-04
   -1   12    0  -0.585713725   7.028564695   0.414302E-02   0.179350E-04
    9    8    0   5.271423521   4.685709797  -0.158849E-03   0.405241E-04
   -9   -8    0  -5.271423521  -4.685709797  -0.158849E-03   0.405241E-04
    8    9    0   4.685709797   5.271423521   0.158849E-03   0.405241E-04
   -9    8    0  -5.271423521   4.685709797  -0.158849E-03   0.405241E-04
    1   12    0   0.585713725   7.028564695   0.414302E-02   0.179350E-04
   12    1    0   7.028564695   0.585713725  -0.414302E-02   0.179350E-04
  -12    1    0  -7.028564695   0.585713725  -0.414302E-02   0.179350E-04
   -8    9    0  -4.685709797   5.271423521   0.158849E-03   0.405241E-04
    5  -11    0   2.928568623  -6.442850970   0.190465E-02   0.328067E-04
  -11    5    0  -6.442850970   2.928568623   0.190465E-02   0.328067E-04
   -5   11    0  -2.928568623   6.442850970   0.190465E-02   0.328067E-04
   -5  -11    0  -2.928568623  -6.442850970   0.190465E-02   0.328067E-04
   11   -5    0   6.442850970  -2.928568623   0.190465E-02   0.328067E-04
   11    5    0   6.442850970   2.928568623   0.190465E-02   0.328067E-04
  -11   -5    0  -6.442850970  -2.928568623   0.190465E-02   0.328067E-04
    5   11    0   2.928568623   6.442850970   0.190465E-02   0.328067E-04
   12    2    0   7.028564695   1.171427449  -0.388859E-03   0.127743E-17
    2  -12    0   1.171427449  -7.028564695  -0.388859E-03   0.683345E-17
  -12    2    0  -7.028564695   1.171427449  -0.388859E-03   0.537306E-17
  -12   -2    0  -7.028564695  -1.171427449  -0.388859E-03  -0.475543E-18
   12   -2    0   7.028564695  -1.171427449  -0.388859E-03  -0.457118E-17
   -2  -12    0  -1.171427449  -7.028564695  -0.388859E-03   0.174978E-18
   -2   12    0  -1.171427449   7.028564695  -0.388859E-03  -0.603156E-17
    2   12    0   1.171427449   7.028564695  -0.388859E-03   0.626910E-18
   -7  -10    0  -4.099996072  -5.857137246   0.942234E-04   0.191986E-04
   10    7    0   5.857137246   4.099996072  -0.942234E-04   0.191986E-04
   -7   10    0  -4.099996072   5.857137246   0.942234E-04   0.191986E-04
   10   -7    0   5.857137246  -4.099996072  -0.942234E-04   0.191986E-04
    7  -10    0   4.099996072  -5.857137246   0.942234E-04   0.191986E-04
  -10   -7    0  -5.857137246  -4.099996072  -0.942234E-04   0.191986E-04
    7   10    0   4.099996072   5.857137246   0.942234E-04   0.191986E-04
  -10    7    0  -5.857137246   4.099996072  -0.942234E-04   0.191986E-04
   -3  -12    0  -1.757141174  -7.028564695  -0.322076E-02  -0.407446E-04
   12    3    0   7.028564695   1.757141174   0.322076E-02  -0.407446E-04
    3   12    0   1.757141174   7.028564695  -0.322076E-02  -0.407446E-04
    3  -12    0   1.757141174  -7.028564695  -0.322076E-02  -0.407446E-04
  -12    3    0  -7.028564695   1.757141174   0.322076E-02  -0.407446E-04
   12   -3    0   7.028564695  -1.757141174   0.322076E-02  -0.407446E-04
  -12   -3    0  -7.028564695  -1.757141174   0.322076E-02  -0.407446E-04
   -3   12    0  -1.757141174   7.028564695  -0.322076E-02  -0.407446E-04
  -11    6    0  -6.442850970   3.514282347   0.305776E-02   0.316999E-04
  -11   -6    0  -6.442850970  -3.514282347   0.305776E-02   0.316999E-04
   11   -6    0   6.442850970  -3.514282347   0.305776E-02   0.316999E-04
    6   11    0   3.514282347   6.442850970  -0.305776E-02   0.316999E-04
    6  -11    0   3.514282347  -6.442850970  -0.305776E-02   0.316999E-04
   11    6    0   6.442850970   3.514282347   0.305776E-02   0.316999E-04
   -6   11    0  -3.514282347   6.442850970  -0.305776E-02   0.316999E-04
   -6  -11    0  -3.514282347  -6.442850970  -0.305776E-02   0.316999E-04
   -4  -12    0  -2.342854898  -7.028564695   0.322165E-02   0.199303E-04
   12   -4    0   7.028564695  -2.342854898   0.322165E-02   0.199303E-04
  -12   -4    0  -7.028564695  -2.342854898   0.322165E-02   0.199303E-04
   -4   12    0  -2.342854898   7.028564695   0.322165E-02   0.199303E-04
   12    4    0   7.028564695   2.342854898   0.322165E-02   0.199303E-04
    4  -12    0   2.342854898  -7.028564695   0.322165E-02   0.199303E-04
  -12    4    0  -7.028564695   2.342854898   0.322165E-02   0.199303E-04
    4   12    0   2.342854898   7.028564695   0.322165E-02   0.199303E-04
   -9    9    0  -5.271423521   5.271423521   0.611067E-02   0.621223E-04
    9   -9    0   5.271423521  -5.271423521   0.611067E-02   0.621223E-04
    9    9    0   5.271423521   5.271423521   0.611067E-02   0.621223E-04
   -9   -9    0  -5.271423521  -5.271423521   0.611067E-02   0.621223E-04
    8  -10    0   4.685709797  -5.857137246   0.189924E-02  -0.318232E-04
   -8   10    0  -4.685709797   5.857137246   0.189924E-02  -0.318232E-04
  -10   -8    0  -5.857137246  -4.685709797   0.189924E-02  -0.318232E-04
   10   -8    0   5.857137246  -4.685709797   0.189924E-02  -0.318232E-04
  -10    8    0  -5.857137246   4.685709797   0.189924E-02  -0.318232E-04
   10    8    0   5.857137246   4.685709797   0.189924E-02  -0.318232E-04
   -8  -10    0  -4.685709797  -5.857137246   0.189924E-02  -0.318232E-04
    8   10    0   4.685709797   5.857137246   0.189924E-02  -0.318232E-04
  -13    0    0  -7.614278420   0.000000000  -0.676355E-17  -0.133156E-04
    0  -13    0   0.000000000  -7.614278420  -0.139193E-16  -0.133156E-04
   13    0    0   7.614278420  -0.000000000  -0.676355E-17  -0.133156E-04
    0   13    0  -0.000000000   7.614278420  -0.139193E-16  -0.133156E-04
   -5  -12    0  -2.928568623  -7.028564695   0.231916E-02   0.285650E-04
   12   -5    0   7.028564695  -2.928568623  -0.231916E-02   0.285650E-04
   -5   12    0  -2.928568623   7.028564695   0.231916E-02   0.285650E-04
  -12    5    0  -7.028564695   2.928568623  -0.231916E-02   0.285650E-04
    5  -12    0   2.928568623  -7.028564695   0.231916E-02   0.285650E-04
    5   12    0   2.928568623   7.028564695   0.231916E-02   0.285650E-04
   12    5    0   7.028564695   2.928568623  -0.231916E-02   0.285650E-04
  -12   -5    0  -7.028564695  -2.928568623  -0.231916E-02   0.285650E-04
   11    7    0   6.442850970   4.099996072  -0.352370E-02  -0.272668E-04
    7  -11    0   4.099996072  -6.442850970  -0.352370E-02  -0.272668E-04
   11   -7    0   6.442850970  -4.099996072  -0.352370E-02  -0.272668E-04
   -7   11    0  -4.099996072   6.442850970  -0.352370E-02  -0.272668E-04
  -11    7    0  -6.442850970   4.099996072  -0.352370E-02  -0.272668E-04
    7   11    0   4.099996072   6.442850970  -0.352370E-02  -0.272668E-04
  -11   -7    0  -6.442850970  -4.099996072  -0.352370E-02  -0.272668E-04
   -7  -11    0  -4.099996072  -6.442850970  -0.352370E-02  -0.272668E-04
   -1  -13    0  -0.585713725  -7.614278420  -0.468261E-03  -0.173325E-05
    1  -13    0   0.585713725  -7.614278420  -0.468261E-03  -0.173325E-05
   13    1    0   7.614278420   0.585713725  -0.468261E-03  -0.173325E-05
   13   -1    0   7.614278420  -0.585713725  -0.468261E-03  -0.173325E-05
  -13   -1    0  -7.614278420  -0.585713725  -0.468261E-03  -0.173325E-05
  -13    1    0  -7.614278420   0.585713725  -0.468261E-03  -0.173325E-05
    1   13    0   0.585713725   7.614278420  -0.468261E-03  -0.173325E-05
   -1   13    0  -0.585713725   7.614278420  -0.468261E-03  -0.173325E-05
  -13   -2    0  -7.614278420  -1.171427449  -0.595062E-02  -0.428708E-04
   -2   13    0  -1.171427449   7.614278420   0.595062E-02  -0.428708E-04
    2   13    0   1.171427449   7.614278420   0.595062E-02  -0.428708E-04
   -2  -13    0  -1.171427449  -7.614278420   0.595062E-02  -0.428708E-04
    2  -13    0   1.171427449  -7.614278420   0.595062E-02  -0.428708E-04
   13    2    0   7.614278420   1.171427449  -0.595062E-02  -0.428708E-04
  -13    2    0  -7.614278420   1.171427449  -0.595062E-02  -0.428708E-04
   13   -2    0   7.614278420  -1.171427449  -0.595062E-02  -0.428708E-04
  -13   -3    0  -7.614278420  -1.757141174   0.205267E-02  -0.537264E-04
   13   -3    0   7.614278420  -1.757141174   0.205267E-02  -0.537264E-04
   13    3    0   7.614278420   1.757141174   0.205267E-02  -0.537264E-04
    3  -13    0   1.757141174  -7.614278420   0.205267E-02  -0.537264E-04
   -3   13    0  -1.757141174   7.614278420   0.205267E-02  -0.537264E-04
    3   13    0   1.757141174   7.614278420   0.205267E-02  -0.537264E-04
   -3  -13    0  -1.757141174  -7.614278420   0.205267E-02  -0.537264E-04
  -13    3    0  -7.614278420   1.757141174   0.205267E-02  -0.537264E-04
  -12   -6    0  -7.028564695  -3.514282347   0.211220E-02  -0.461451E-04
    6   12    0   3.514282347   7.028564695   0.211220E-02  -0.461451E-04
   12    6    0   7.028564695   3.514282347   0.211220E-02  -0.461451E-04
  -12    6    0  -7.028564695   3.514282347   0.211220E-02  -0.461451E-04
    6  -12    0   3.514282347  -7.028564695   0.211220E-02  -0.461451E-04
   12   -6    0   7.028564695  -3.514282347   0.211220E-02  -0.461451E-04
   -6  -12    0  -3.514282347  -7.028564695   0.211220E-02  -0.461451E-04
   -6   12    0  -3.514282347   7.028564695   0.211220E-02  -0.461451E-04
   10   -9    0   5.857137246  -5.271423521  -0.487442E-03  -0.159210E-04
  -10   -9    0  -5.857137246  -5.271423521  -0.487442E-03  -0.159210E-04
   -9   10    0  -5.271423521   5.857137246   0.487442E-03  -0.159210E-04
    9   10    0   5.271423521   5.857137246   0.487442E-03  -0.159210E-04
    9  -10    0   5.271423521  -5.857137246   0.487442E-03  -0.159210E-04
  -10    9    0  -5.857137246   5.271423521  -0.487442E-03  -0.159210E-04
   10    9    0   5.857137246   5.271423521  -0.487442E-03  -0.159210E-04
   -9  -10    0  -5.271423521  -5.857137246   0.487442E-03  -0.159210E-04
   13    4    0   7.614278420   2.342854898  -0.290835E-02   0.755749E-04
   13   -4    0   7.614278420  -2.342854898  -0.290835E-02   0.755749E-04
  -13   -4    0  -7.614278420  -2.342854898  -0.290835E-02   0.755749E-04
    8   11    0   4.685709797   6.442850970   0.388182E-02  -0.777888E-04
   -8   11    0  -4.685709797   6.442850970   0.388182E-02  -0.777888E-04
   11    8    0   6.442850970   4.685709797  -0.388182E-02  -0.777888E-04
    4  -13    0   2.342854898  -7.614278420   0.290835E-02   0.755749E-04
  -13    4    0  -7.614278420   2.342854898  -0.290835E-02   0.755749E-04
  -11   -8    0  -6.442850970  -4.685709797  -0.388182E-02  -0.777888E-04
  -11    8    0  -6.442850970   4.685709797  -0.388182E-02  -0.777888E-04
    8  -11    0   4.685709797  -6.442850970   0.388182E-02  -0.777888E-04
    4   13    0   2.342854898   7.614278420   0.290835E-02   0.755749E-04
   -8  -11    0  -4.685709797  -6.442850970   0.388182E-02  -0.777888E-04
   11   -8    0   6.442850970  -4.685709797  -0.388182E-02  -0.777888E-04
   -4   13    0  -2.342854898   7.614278420   0.290835E-02   0.755749E-04
   -4  -13    0  -2.342854898  -7.614278420   0.290835E-02   0.755749E-04
   12    7    0   7.028564695   4.099996072  -0.392914E-03  -0.123346E-16
  -12   -7    0  -7.028564695  -4.099996072  -0.392914E-03   0.135570E-16
    7  -12    0   4.099996072  -7.028564695   0.392914E-03  -0.613400E-17
   -7   12    0  -4.099996072   7.028564695   0.392914E-03   0.735638E-17
  -12    7    0  -7.028564695   4.099996072  -0.392914E-03   0.650664E-17
    7   12    0   4.099996072   7.028564695   0.392914E-03  -0.476653E-17
   -7  -12    0  -4.099996072  -7.028564695   0.392914E-03   0.598890E-17
   12   -7    0   7.028564695  -4.099996072  -0.392914E-03  -0.528427E-17
  -13    5    0  -7.614278420   2.928568623  -0.761420E-02  -0.856378E-04
   13    5    0   7.614278420   2.928568623  -0.761420E-02  -0.856378E-04
    5  -13    0   2.928568623  -7.614278420  -0.761420E-02  -0.856378E-04
   -5   13    0  -2.928568623   7.614278420  -0.761420E-02  -0.856378E-04
    5   13    0   2.928568623   7.614278420  -0.761420E-02  -0.856378E-04
   13   -5    0   7.614278420  -2.928568623  -0.761420E-02  -0.856378E-04
  -13   -5    0  -7.614278420  -2.928568623  -0.761420E-02  -0.856378E-04
   -5  -13    0  -2.928568623  -7.614278420  -0.761420E-02  -0.856378E-04
    0  -14    0   0.000000000  -8.199992144  -0.332698E-02   0.450985E-04
    0   14    0  -0.000000000   8.199992144  -0.332698E-02   0.450985E-04
  -14    0    0  -8.199992144   0.000000000  -0.332698E-02   0.450985E-04
   14    0    0   8.199992144  -0.000000000  -0.332698E-02   0.450985E-04
  -14    1    0  -8.199992144   0.585713725  -0.257314E-02  -0.708427E-04
   -1   14    0  -0.585713725   8.199992144   0.257314E-02  -0.708427E-04
   14   -1    0   8.199992144  -0.585713725  -0.257314E-02  -0.708427E-04
  -14   -1    0  -8.199992144  -0.585713725  -0.257314E-02  -0.708427E-04
   14    1    0   8.199992144   0.585713725  -0.257314E-02  -0.708427E-04
   -1  -14    0  -0.585713725  -8.199992144   0.257314E-02  -0.708427E-04
    1   14    0   0.585713725   8.199992144   0.257314E-02  -0.708427E-04
    1  -14    0   0.585713725  -8.199992144   0.257314E-02  -0.708427E-04
    2  -14    0   1.171427449  -8.199992144   0.856203E-03  -0.127239E-04
   14   -2    0   8.199992144  -1.171427449   0.856203E-03  -0.127239E-04
   14    2    0   8.199992144   1.171427449   0.856203E-03  -0.127239E-04
  -14    2    0  -8.199992144   1.171427449   0.856203E-03  -0.127239E-04
   -2   14    0  -1.171427449   8.199992144   0.856203E-03  -0.127239E-04
  -14   -2    0  -8.199992144  -1.171427449   0.856203E-03  -0.127239E-04
    2   14    0   1.171427449   8.199992144   0.856203E-03  -0.127239E-04
   -2  -14    0  -1.171427449  -8.199992144   0.856203E-03  -0.127239E-04
   10  -10    0   5.857137246  -5.857137246   0.591996E-02   0.677577E-04
  -10  -10    0  -5.857137246  -5.857137246   0.591996E-02   0.677577E-04
  -10   10    0  -5.857137246   5.857137246   0.591996E-02   0.677577E-04
   10   10    0   5.857137246   5.857137246   0.591996E-02   0.677577E-04
  -11    9    0  -6.442850970   5.271423521  -0.531505E-02  -0.611845E-04
   -9   11    0  -5.271423521   6.442850970  -0.531505E-02  -0.611845E-04
   11   -9    0   6.442850970  -5.271423521  -0.531505E-02  -0.611845E-04
   -9  -11    0  -5.271423521  -6.442850970  -0.531505E-02  -0.611845E-04
    9  -11    0   5.271423521  -6.442850970  -0.531505E-02  -0.611845E-04
  -11   -9    0  -6.442850970  -5.271423521  -0.531505E-02  -0.611845E-04
    9   11    0   5.271423521   6.442850970  -0.531505E-02  -0.611845E-04
   11    9    0   6.442850970   5.271423521  -0.531505E-02  -0.611845E-04
   -3   14    0  -1.757141174   8.199992144  -0.354510E-02  -0.284073E-04
  -14   -3    0  -8.199992144  -1.757141174   0.354510E-02  -0.284073E-04
   -3  -14    0  -1.757141174  -8.199992144  -0.354510E-02  -0.284073E-04
  -14    3    0  -8.199992144   1.757141174   0.354510E-02  -0.284073E-04
   14   -3    0   8.199992144  -1.757141174   0.354510E-02  -0.284073E-04
    3   14    0   1.757141174   8.199992144  -0.354510E-02  -0.284073E-04
   14    3    0   8.199992144   1.757141174   0.354510E-02  -0.284073E-04
    3  -14    0   1.757141174  -8.199992144  -0.354510E-02  -0.284073E-04
   13   -6    0   7.614278420  -3.514282347  -0.127387E-02   0.968553E-05
  -13   -6    0  -7.614278420  -3.514282347  -0.127387E-02   0.968553E-05
    6   13    0   3.514282347   7.614278420   0.127387E-02   0.968553E-05
  -13    6    0  -7.614278420   3.514282347  -0.127387E-02   0.968553E-05
    6  -13    0   3.514282347  -7.614278420   0.127387E-02   0.968553E-05
   -6  -13    0  -3.514282347  -7.614278420   0.127387E-02   0.968553E-05
   -6   13    0  -3.514282347   7.614278420   0.127387E-02   0.968553E-05
   13    6    0   7.614278420   3.514282347  -0.127387E-02   0.968553E-05
   -8  -12    0  -4.685709797  -7.028564695   0.322878E-02  -0.928956E-05
   12   -8    0   7.028564695  -4.685709797   0.322878E-02  -0.928956E-05
    8  -12    0   4.685709797  -7.028564695   0.322878E-02  -0.928956E-05
    8   12    0   4.685709797   7.028564695   0.322878E-02  -0.928956E-05
   -8   12    0  -4.685709797   7.028564695   0.322878E-02  -0.928956E-05
   12    8    0   7.028564695   4.685709797   0.322878E-02  -0.928956E-05
  -12    8    0  -7.028564695   4.685709797   0.322878E-02  -0.928956E-05
  -12   -8    0  -7.028564695  -4.685709797   0.322878E-02  -0.928956E-05
  -14   -4    0  -8.199992144  -2.342854898   0.562527E-03   0.420211E-05
  -14    4    0  -8.199992144   2.342854898   0.562527E-03   0.420211E-05
    4  -14    0   2.342854898  -8.199992144   0.562527E-03   0.420211E-05
   -4   14    0  -2.342854898   8.199992144   0.562527E-03   0.420211E-05
   14   -4    0   8.199992144  -2.342854898   0.562527E-03   0.420211E-05
   14    4    0   8.199992144   2.342854898   0.562527E-03   0.420211E-05
    4   14    0   2.342854898   8.199992144   0.562527E-03   0.420211E-05
   -4  -14    0  -2.342854898  -8.199992144   0.562527E-03   0.420211E-05
   -7   13    0  -4.099996072   7.614278420   0.160449E-02   0.364619E-04
   -7  -13    0  -4.099996072  -7.614278420   0.160449E-02   0.364619E-04
  -13    7    0  -7.614278420   4.099996072   0.160449E-02   0.364619E-04
    7   13    0   4.099996072   7.614278420   0.160449E-02   0.364619E-04
    7  -13    0   4.099996072  -7.614278420   0.160449E-02   0.364619E-04
  -13   -7    0  -7.614278420  -4.099996072   0.160449E-02   0.364619E-04
   13    7    0   7.614278420   4.099996072   0.160449E-02   0.364619E-04
   13   -7    0   7.614278420  -4.099996072   0.160449E-02   0.364619E-04
  -14    5    0  -8.199992144   2.928568623  -0.332599E-03  -0.157169E-04
   -5  -14    0  -2.928568623  -8.199992144   0.332599E-03  -0.157169E-04
   14   -5    0   8.199992144  -2.928568623  -0.332599E-03  -0.157169E-04
  -14   -5    0  -8.199992144  -2.928568623  -0.332599E-03  -0.157169E-04
   14    5    0   8.199992144   2.928568623  -0.332599E-03  -0.157169E-04
    5   14    0   2.928568623   8.199992144   0.332599E-03  -0.157169E-04
   -5   14    0  -2.928568623   8.199992144   0.332599E-03  -0.157169E-04
    5  -14    0   2.928568623  -8.199992144   0.332599E-03  -0.157169E-04
  -11   10    0  -6.442850970   5.857137246   0.963891E-03  -0.287819E-04
   10  -11    0   5.857137246  -6.442850970  -0.963891E-03  -0.287819E-04
   11  -10    0   6.442850970  -5.857137246   0.963891E-03  -0.287819E-04
  -10   11    0  -5.857137246   6.442850970  -0.963891E-03  -0.287819E-04
  -10  -11    0  -5.857137246  -6.442850970  -0.963891E-03  -0.287819E-04
   10   11    0   5.857137246   6.442850970  -0.963891E-03  -0.287819E-04
   11   10    0   6.442850970   5.857137246   0.963891E-03  -0.287819E-04
  -11  -10    0  -6.442850970  -5.857137246   0.963891E-03  -0.287819E-04
   12   -9    0   7.028564695  -5.271423521  -0.190447E-02   0.253202E-04
   -9  -12    0  -5.271423521  -7.028564695   0.190447E-02   0.253202E-04
  -12   -9    0  -7.028564695  -5.271423521  -0.190447E-02   0.253202E-04
   12    9    0   7.028564695   5.271423521  -0.190447E-02   0.253202E-04
   -9   12    0  -5.271423521   7.028564695   0.190447E-02   0.253202E-04
    9   12    0   5.271423521   7.028564695   0.190447E-02   0.253202E-04
  -12    9    0  -7.028564695   5.271423521  -0.190447E-02   0.253202E-04
    9  -12    0   5.271423521  -7.028564695   0.190447E-02   0.253202E-04
   14   -6    0   8.199992144  -3.514282347  -0.595979E-02  -0.744207E-04
  -14   -6    0  -8.199992144  -3.514282347  -0.595979E-02  -0.744207E-04
   -6   14    0  -3.514282347   8.199992144  -0.595979E-02  -0.744207E-04
    6  -14    0   3.514282347  -8.199992144  -0.595979E-02  -0.744207E-04
  -14    6    0  -8.199992144   3.514282347  -0.595979E-02  -0.744207E-04
   14    6    0   8.199992144   3.514282347  -0.595979E-02  -0.744207E-04
   -6  -14    0  -3.514282347  -8.199992144  -0.595979E-02  -0.744207E-04
    6   14    0   3.514282347   8.199992144  -0.595979E-02  -0.744207E-04
   -8  -13    0  -4.685709797  -7.614278420   0.540257E-02   0.676362E-04
  -13   -8    0  -7.614278420  -4.685709797  -0.540257E-02   0.676362E-04
   13    8    0   7.614278420   4.685709797  -0.540257E-02   0.676362E-04
    8  -13    0   4.685709797  -7.614278420   0.540257E-02   0.676362E-04
   13   -8    0   7.614278420  -4.685709797  -0.540257E-02   0.676362E-04
   -8   13    0  -4.685709797   7.614278420   0.540257E-02   0.676362E-04
    8   13    0   4.685709797   7.614278420   0.540257E-02   0.676362E-04
  -13    8    0  -7.614278420   4.685709797  -0.540257E-02   0.676362E-04
   11  -11    0   6.442850970  -6.442850970   0.223034E-02   0.167761E-05
  -11  -11    0  -6.442850970  -6.442850970   0.223034E-02   0.167761E-05
   11   11    0   6.442850970   6.442850970   0.223034E-02   0.167761E-05
  -11   11    0  -6.442850970   6.442850970   0.223034E-02   0.167761E-05
  -10   12    0  -5.857137246   7.028564695   0.210025E-02   0.282267E-04
  -12   10    0  -7.028564695   5.857137246   0.210025E-02   0.282267E-04
  -12  -10    0  -7.028564695  -5.857137246   0.210025E-02   0.282267E-04
   12   10    0   7.028564695   5.857137246   0.210025E-02   0.282267E-04
  -10  -12    0  -5.857137246  -7.028564695   0.210025E-02   0.282267E-04
   10   12    0   5.857137246   7.028564695   0.210025E-02   0.282267E-04
   10  -12    0   5.857137246  -7.028564695   0.210025E-02   0.282267E-04
   12  -10    0   7.028564695  -5.857137246   0.210025E-02   0.282267E-04
  -14   -7    0  -8.199992144  -4.099996072   0.194974E-03  -0.365763E-04
    7   14    0   4.099996072   8.199992144  -0.194974E-03  -0.365763E-04
   -7   14    0  -4.099996072   8.199992144  -0.194974E-03  -0.365763E-04
   14    7    0   8.199992144   4.099996072   0.194974E-03  -0.365763E-04
   -7  -14    0  -4.099996072  -8.199992144  -0.194974E-03  -0.365763E-04
  -14    7    0  -8.199992144   4.099996072   0.194974E-03  -0.365763E-04
   14   -7    0   8.199992144  -4.099996072   0.194974E-03  -0.365763E-04
    7  -14    0   4.099996072  -8.199992144  -0.194974E-03  -0.365763E-04
    9  -13    0   5.271423521  -7.614278420   0.404151E-02   0.344746E-04
  -13   -9    0  -7.614278420  -5.271423521   0.404151E-02   0.344746E-04
   -9   13    0  -5.271423521   7.614278420   0.404151E-02   0.344746E-04
   13    9    0   7.614278420   5.271423521   0.404151E-02   0.344746E-04
   13   -9    0   7.614278420  -5.271423521   0.404151E-02   0.344746E-04
  -13    9    0  -7.614278420   5.271423521   0.404151E-02   0.344746E-04
    9   13    0   5.271423521   7.614278420   0.404151E-02   0.344746E-04
   -9  -13    0  -5.271423521  -7.614278420   0.404151E-02   0.344746E-04
   -8   14    0  -4.685709797   8.199992144   0.520006E-02   0.505918E-04
  -14    8    0  -8.199992144   4.685709797   0.520006E-02   0.505918E-04
   14   -8    0   8.199992144  -4.685709797   0.520006E-02   0.505918E-04
   -8  -14    0  -4.685709797  -8.199992144   0.520006E-02   0.505918E-04
   14    8    0   8.199992144   4.685709797   0.520006E-02   0.505918E-04
  -14   -8    0  -8.199992144  -4.685709797   0.520006E-02   0.505918E-04
    8  -14    0   4.685709797  -8.199992144   0.520006E-02   0.505918E-04
    8   14    0   4.685709797   8.199992144   0.520006E-02   0.505918E-04
  -12   11    0  -7.028564695   6.442850970  -0.227622E-02   0.124484E-04
   11   12    0   6.442850970   7.028564695   0.227622E-02   0.124484E-04
  -11  -12    0  -6.442850970  -7.028564695   0.227622E-02   0.124484E-04
   12  -11    0   7.028564695  -6.442850970  -0.227622E-02   0.124484E-04
   11  -12    0   6.442850970  -7.028564695   0.227622E-02   0.124484E-04
  -11   12    0  -6.442850970   7.028564695   0.227622E-02   0.124484E-04
  -12  -11    0  -7.028564695  -6.442850970  -0.227622E-02   0.124484E-04
   12   11    0   7.028564695   6.442850970  -0.227622E-02   0.124484E-04
  -13   10    0  -7.614278420   5.857137246  -0.567706E-03  -0.393884E-05
  -13  -10    0  -7.614278420  -5.857137246  -0.567706E-03  -0.393884E-05
   13  -10    0   7.614278420  -5.857137246  -0.567706E-03  -0.393884E-05
  -10   13    0  -5.857137246   7.614278420   0.567706E-03  -0.393884E-05
   10  -13    0   5.857137246  -7.614278420   0.567706E-03  -0.393884E-05
   10   13    0   5.857137246   7.614278420   0.567706E-03  -0.393884E-05
   13   10    0   7.614278420   5.857137246  -0.567706E-03  -0.393884E-05
  -10  -13    0  -5.857137246  -7.614278420   0.567706E-03  -0.393884E-05
   14   -9    0   8.199992144  -5.271423521  -0.123000E-02  -0.399527E-04
  -14    9    0  -8.199992144   5.271423521  -0.123000E-02  -0.399527E-04
    9  -14    0   5.271423521  -8.199992144   0.123000E-02  -0.399527E-04
   -9   14    0  -5.271423521   8.199992144   0.123000E-02  -0.399527E-04
   14    9    0   8.199992144   5.271423521  -0.123000E-02  -0.399527E-04
   -9  -14    0  -5.271423521  -8.199992144   0.123000E-02  -0.399527E-04
  -14   -9    0  -8.199992144  -5.271423521  -0.123000E-02  -0.399527E-04
    9   14    0   5.271423521   8.199992144   0.123000E-02  -0.399527E-04
   12   12    0   7.028564695   7.028564695   0.266551E-02  -0.997443E-05
   12  -12    0   7.028564695  -7.028564695   0.266551E-02  -0.997443E-05
  -12  -12    0  -7.028564695  -7.028564695   0.266551E-02  -0.997443E-05
  -12   12    0  -7.028564695   7.028564695   0.266551E-02  -0.997443E-05
   11   13    0   6.442850970   7.614278420  -0.480378E-02  -0.687813E-04
  -13  -11    0  -7.614278420  -6.442850970  -0.480378E-02  -0.687813E-04
  -11  -13    0  -6.442850970  -7.614278420  -0.480378E-02  -0.687813E-04
  -13   11    0  -7.614278420   6.442850970  -0.480378E-02  -0.687813E-04
  -11   13    0  -6.442850970   7.614278420  -0.480378E-02  -0.687813E-04
   11  -13    0   6.442850970  -7.614278420  -0.480378E-02  -0.687813E-04
   13  -11    0   7.614278420  -6.442850970  -0.480378E-02  -0.687813E-04
   13   11    0   7.614278420   6.442850970  -0.480378E-02  -0.687813E-04
  -14   10    0  -8.199992144   5.857137246  -0.337550E-02  -0.571992E-04
  -14  -10    0  -8.199992144  -5.857137246  -0.337550E-02  -0.571992E-04
   10  -14    0   5.857137246  -8.199992144  -0.337550E-02  -0.571992E-04
   14  -10    0   8.199992144  -5.857137246  -0.337550E-02  -0.571992E-04
   14   10    0   8.199992144   5.857137246  -0.337550E-02  -0.571992E-04
  -10  -14    0  -5.857137246  -8.199992144  -0.337550E-02  -0.571992E-04
  -10   14    0  -5.857137246   8.199992144  -0.337550E-02  -0.571992E-04
   10   14    0   5.857137246   8.199992144  -0.337550E-02  -0.571992E-04
  -12  -13    0  -7.028564695  -7.614278420   0.264544E-02  -0.677899E-04
   12  -13    0   7.028564695  -7.614278420   0.264544E-02  -0.677899E-04
  -13   12    0  -7.614278420   7.028564695  -0.264544E-02  -0.677899E-04
  -13  -12    0  -7.614278420  -7.028564695  -0.264544E-02  -0.677899E-04
   13   12    0   7.614278420   7.028564695  -0.264544E-02  -0.677899E-04
  -12   13    0  -7.028564695   7.614278420   0.264544E-02  -0.677899E-04
   12   13    0   7.028564695   7.614278420   0.264544E-02  -0.677899E-04
   13  -12    0   7.614278420  -7.028564695  -0.264544E-02  -0.677899E-04
   11  -14    0   6.442850970  -8.199992144   0.955059E-03   0.216705E-04
  -11   14    0  -6.442850970   8.199992144   0.955059E-03   0.216705E-04
  -14  -11    0  -8.199992144  -6.442850970  -0.955059E-03   0.216705E-04
  -14   11    0  -8.199992144   6.442850970  -0.955059E-03   0.216705E-04
  -11  -14    0  -6.442850970  -8.199992144   0.955059E-03   0.216705E-04
   14  -11    0   8.199992144  -6.442850970  -0.955059E-03   0.216705E-04
   11   14    0   6.442850970   8.199992144   0.955059E-03   0.216705E-04
   14   11    0   8.199992144   6.442850970  -0.955059E-03   0.216705E-04
  -13   13    0  -7.614278420   7.614278420  -0.517354E-04   0.292213E-04
   13   13    0   7.614278420   7.614278420  -0.517354E-04   0.292213E-04
  -13  -13    0  -7.614278420  -7.614278420  -0.517354E-04   0.292213E-04
   13  -13    0   7.614278420  -7.614278420  -0.517354E-04   0.292213E-04
   14  -12    0   8.199992144  -7.028564695  -0.981081E-03  -0.274093E-04
  -12  -14    0  -7.028564695  -8.199992144  -0.981081E-03  -0.274093E-04
   14   12    0   8.199992144   7.028564695  -0.981081E-03  -0.274093E-04
   12  -14    0   7.028564695  -8.199992144  -0.981081E-03  -0.274093E-04
   12   14    0   7.028564695   8.199992144  -0.981081E-03  -0.274093E-04
  -14  -12    0  -8.199992144  -7.028564695  -0.981081E-03  -0.274093E-04
  -12   14    0  -7.028564695   8.199992144  -0.981081E-03  -0.274093E-04
  -14   12    0  -8.199992144   7.028564695  -0.981081E-03  -0.274093E-04
  -14  -13    0  -8.199992144  -7.614278420   0.301905E-02  -0.378081E-04
   14   13    0   8.199992144   7.614278420   0.301905E-02  -0.378081E-04
  -13  -14    0  -7.614278420  -8.199992144  -0.301905E-02  -0.378081E-04
  -13   14    0  -7.614278420   8.199992144  -0.301905E-02  -0.378081E-04
   14  -13    0   8.199992144  -7.614278420   0.301905E-02  -0.378081E-04
   13   14    0   7.614278420   8.199992144  -0.301905E-02  -0.378081E-04
   13  -14    0   7.614278420  -8.199992144  -0.301905E-02  -0.378081E-04
  -14   13    0  -8.199992144   7.614278420   0.301905E-02  -0.378081E-04
  -14   14    0  -8.199992144   8.199992144   0.100871E-02  -0.205528E-04
   14  -14    0   8.199992144  -8.199992144   0.100871E-02  -0.205528E-04
  -14  -14    0  -8.199992144  -8.199992144   0.100871E-02  -0.205528E-04
   14   14    0   8.199992144   8.199992144   0.100871E-02  -0.205528E-04
