    0    0    0   0.000000000   0.000000000  -0.977206E-18   0.459631E-04
    0    2    0  -0.000000000   2.117154462   0.558571E-01   0.854666E-04
   -2    0    0  -2.117154462   0.000000000   0.558571E-01   0.854666E-04
    2    0    0   2.117154462  -0.000000000   0.558571E-01   0.854666E-04
    0   -2    0   0.000000000  -2.117154462   0.558571E-01   0.854666E-04
    2   -2    0   2.117154462  -2.117154462   0.948987E-01   0.175733E-03
   -2    2    0  -2.117154462   2.117154462   0.948987E-01   0.175733E-03
    2    2    0   2.117154462   2.117154462   0.948987E-01   0.175733E-03
   -2   -2    0  -2.117154462  -2.117154462   0.948987E-01   0.175733E-03
   -4    0    0  -4.234308923   0.000000000   0.676885E-01   0.172959E-03
    0    4    0  -0.000000000   4.234308923   0.676885E-01   0.172959E-03
    4    0    0   4.234308923  -0.000000000   0.676885E-01   0.172959E-03
    0   -4    0   0.000000000  -4.234308923   0.676885E-01   0.172959E-03
    4   -2    0   4.234308923  -2.117154462   0.245847E-01   0.829791E-04
    2   -4    0   2.117154462  -4.234308923   0.245847E-01   0.829791E-04
   -2   -4    0  -2.117154462  -4.234308923   0.245847E-01   0.829791E-04
   -4    2    0  -4.234308923   2.117154462   0.245847E-01   0.829791E-04
   -4   -2    0  -4.234308923  -2.117154462   0.245847E-01   0.829791E-04
    2    4    0   2.117154462   4.234308923   0.245847E-01   0.829791E-04
    4    2    0   4.234308923   2.117154462   0.245847E-01   0.829791E-04
   -2    4    0  -2.117154462   4.234308923   0.245847E-01   0.829791E-04
    4    4    0   4.234308923   4.234308923   0.453788E-01   0.168309E-03
   -4   -4    0  -4.234308923  -4.234308923   0.453788E-01   0.168309E-03
    4   -4    0   4.234308923  -4.234308923   0.453788E-01   0.168309E-03
   -4    4    0  -4.234308923   4.234308923   0.453788E-01   0.168309E-03
    0   -6    0   0.000000000  -6.351463385   0.166369E-01   0.810716E-04
    0    6    0  -0.000000000   6.351463385   0.166369E-01   0.810716E-04
   -6    0    0  -6.351463385   0.000000000   0.166369E-01   0.810716E-04
    6    0    0   6.351463385  -0.000000000   0.166369E-01   0.810716E-04
   -2    6    0  -2.117154462   6.351463385   0.391774E-01   0.166297E-03
   -6   -2    0  -6.351463385  -2.117154462   0.391774E-01   0.166297E-03
    6   -2    0   6.351463385  -2.117154462   0.391774E-01   0.166297E-03
    2    6    0   2.117154462   6.351463385   0.391774E-01   0.166297E-03
    2   -6    0   2.117154462  -6.351463385   0.391774E-01   0.166297E-03
   -2   -6    0  -2.117154462  -6.351463385   0.391774E-01   0.166297E-03
    6    2    0   6.351463385   2.117154462   0.391774E-01   0.166297E-03
   -6    2    0  -6.351463385   2.117154462   0.391774E-01   0.166297E-03
   -6    4    0  -6.351463385   4.234308923   0.126183E-01   0.794951E-04
    6    4    0   6.351463385   4.234308923   0.126183E-01   0.794951E-04
   -4   -6    0  -4.234308923  -6.351463385   0.126183E-01   0.794951E-04
   -6   -4    0  -6.351463385  -4.234308923   0.126183E-01   0.794951E-04
    4   -6    0   4.234308923  -6.351463385   0.126183E-01   0.794951E-04
   -4    6    0  -4.234308923   6.351463385   0.126183E-01   0.794951E-04
    6   -4    0   6.351463385  -4.234308923   0.126183E-01   0.794951E-04
    4    6    0   4.234308923   6.351463385   0.126183E-01   0.794951E-04
    0    8    0  -0.000000000   8.468617847   0.278543E-01   0.161117E-03
    0   -8    0   0.000000000  -8.468617847   0.278543E-01   0.161117E-03
   -8    0    0  -8.468617847   0.000000000   0.278543E-01   0.161117E-03
    8    0    0   8.468617847  -0.000000000   0.278543E-01   0.161117E-03
   -2    8    0  -2.117154462   8.468617847   0.101736E-01   0.781417E-04
   -8   -2    0  -8.468617847  -2.117154462   0.101736E-01   0.781417E-04
    8    2    0   8.468617847   2.117154462   0.101736E-01   0.781417E-04
    2    8    0   2.117154462   8.468617847   0.101736E-01   0.781417E-04
   -2   -8    0  -2.117154462  -8.468617847   0.101736E-01   0.781417E-04
   -8    2    0  -8.468617847   2.117154462   0.101736E-01   0.781417E-04
    2   -8    0   2.117154462  -8.468617847   0.101736E-01   0.781417E-04
    8   -2    0   8.468617847  -2.117154462   0.101736E-01   0.781417E-04
    6   -6    0   6.351463385  -6.351463385   0.254098E-01   0.159609E-03
    6    6    0   6.351463385   6.351463385   0.254098E-01   0.159609E-03
   -6   -6    0  -6.351463385  -6.351463385   0.254098E-01   0.159609E-03
   -6    6    0  -6.351463385   6.351463385   0.254098E-01   0.159609E-03
   -8   -4    0  -8.468617847  -4.234308923   0.233612E-01   0.158189E-03
    8   -4    0   8.468617847  -4.234308923   0.233612E-01   0.158189E-03
   -4    8    0  -4.234308923   8.468617847   0.233612E-01   0.158189E-03
    8    4    0   8.468617847   4.234308923   0.233612E-01   0.158189E-03
   -8    4    0  -8.468617847   4.234308923   0.233612E-01   0.158189E-03
    4   -8    0   4.234308923  -8.468617847   0.233612E-01   0.158189E-03
   -4   -8    0  -4.234308923  -8.468617847   0.233612E-01   0.158189E-03
    4    8    0   4.234308923   8.468617847   0.233612E-01   0.158189E-03
    8    6    0   8.468617847   6.351463385   0.738692E-02   0.758795E-04
   -6    8    0  -6.351463385   8.468617847   0.738692E-02   0.758795E-04
    6   -8    0   6.351463385  -8.468617847   0.738692E-02   0.758795E-04
    6    8    0   6.351463385   8.468617847   0.738692E-02   0.758795E-04
    8   -6    0   8.468617847  -6.351463385   0.738692E-02   0.758795E-04
   -6   -8    0  -6.351463385  -8.468617847   0.738692E-02   0.758795E-04
   -8   -6    0  -8.468617847  -6.351463385   0.738692E-02   0.758795E-04
   -8    6    0  -8.468617847   6.351463385   0.738692E-02   0.758795E-04
   10    0    0  10.585772309  -0.000000000   0.738692E-02   0.758795E-04
  -10    0    0 -10.585772309   0.000000000   0.738692E-02   0.758795E-04
    0   10    0  -0.000000000  10.585772309   0.738692E-02   0.758795E-04
    0  -10    0   0.000000000 -10.585772309   0.738692E-02   0.758795E-04
    2  -10    0   2.117154462 -10.585772309   0.188270E-01   0.154354E-03
   10   -2    0  10.585772309  -2.117154462   0.188270E-01   0.154354E-03
   -2   10    0  -2.117154462  10.585772309   0.188270E-01   0.154354E-03
   -2  -10    0  -2.117154462 -10.585772309   0.188270E-01   0.154354E-03
    2   10    0   2.117154462  10.585772309   0.188270E-01   0.154354E-03
   10    2    0  10.585772309   2.117154462   0.188270E-01   0.154354E-03
  -10    2    0 -10.585772309   2.117154462   0.188270E-01   0.154354E-03
  -10   -2    0 -10.585772309  -2.117154462   0.188270E-01   0.154354E-03
   -4  -10    0  -4.234308923 -10.585772309   0.653328E-02   0.749042E-04
  -10    4    0 -10.585772309   4.234308923   0.653328E-02   0.749042E-04
   10   -4    0  10.585772309  -4.234308923   0.653328E-02   0.749042E-04
    4   10    0   4.234308923  10.585772309   0.653328E-02   0.749042E-04
   10    4    0  10.585772309   4.234308923   0.653328E-02   0.749042E-04
   -4   10    0  -4.234308923  10.585772309   0.653328E-02   0.749042E-04
    4  -10    0   4.234308923 -10.585772309   0.653328E-02   0.749042E-04
  -10   -4    0 -10.585772309  -4.234308923   0.653328E-02   0.749042E-04
    8    8    0   8.468617847   8.468617847   0.157987E-01   0.151018E-03
    8   -8    0   8.468617847  -8.468617847   0.157987E-01   0.151018E-03
   -8   -8    0  -8.468617847  -8.468617847   0.157987E-01   0.151018E-03
   -8    8    0  -8.468617847   8.468617847   0.157987E-01   0.151018E-03
   -6   10    0  -6.351463385  10.585772309   0.150035E-01   0.149995E-03
   10    6    0  10.585772309   6.351463385   0.150035E-01   0.149995E-03
  -10   -6    0 -10.585772309  -6.351463385   0.150035E-01   0.149995E-03
    6  -10    0   6.351463385 -10.585772309   0.150035E-01   0.149995E-03
   10   -6    0  10.585772309  -6.351463385   0.150035E-01   0.149995E-03
   -6  -10    0  -6.351463385 -10.585772309   0.150035E-01   0.149995E-03
  -10    6    0 -10.585772309   6.351463385   0.150035E-01   0.149995E-03
    6   10    0   6.351463385  10.585772309   0.150035E-01   0.149995E-03
   12    0    0  12.702926770  -0.000000000   0.142889E-01   0.149009E-03
    0   12    0  -0.000000000  12.702926770   0.142889E-01   0.149009E-03
    0  -12    0   0.000000000 -12.702926770   0.142889E-01   0.149009E-03
  -12    0    0 -12.702926770   0.000000000   0.142889E-01   0.149009E-03
    2   12    0   2.117154462  12.702926770   0.536462E-02   0.731676E-04
  -12   -2    0 -12.702926770  -2.117154462   0.536462E-02   0.731676E-04
   -2   12    0  -2.117154462  12.702926770   0.536462E-02   0.731676E-04
   -2  -12    0  -2.117154462 -12.702926770   0.536462E-02   0.731676E-04
  -12    2    0 -12.702926770   2.117154462   0.536462E-02   0.731676E-04
   12   -2    0  12.702926770  -2.117154462   0.536462E-02   0.731676E-04
   12    2    0  12.702926770   2.117154462   0.536462E-02   0.731676E-04
    2  -12    0   2.117154462 -12.702926770   0.536462E-02   0.731676E-04
   -4  -12    0  -4.234308923 -12.702926770   0.130578E-01   0.147139E-03
    4   12    0   4.234308923  12.702926770   0.130578E-01   0.147139E-03
   12    4    0  12.702926770   4.234308923   0.130578E-01   0.147139E-03
   12   -4    0  12.702926770  -4.234308923   0.130578E-01   0.147139E-03
  -12   -4    0 -12.702926770  -4.234308923   0.130578E-01   0.147139E-03
   -4   12    0  -4.234308923  12.702926770   0.130578E-01   0.147139E-03
    4  -12    0   4.234308923 -12.702926770   0.130578E-01   0.147139E-03
  -12    4    0 -12.702926770   4.234308923   0.130578E-01   0.147139E-03
    8  -10    0   8.468617847 -10.585772309   0.494754E-02   0.723819E-04
   10    8    0  10.585772309   8.468617847   0.494754E-02   0.723819E-04
   -8  -10    0  -8.468617847 -10.585772309   0.494754E-02   0.723819E-04
   -8   10    0  -8.468617847  10.585772309   0.494754E-02   0.723819E-04
  -10   -8    0 -10.585772309  -8.468617847   0.494754E-02   0.723819E-04
    8   10    0   8.468617847  10.585772309   0.494754E-02   0.723819E-04
  -10    8    0 -10.585772309   8.468617847   0.494754E-02   0.723819E-04
   10   -8    0  10.585772309  -8.468617847   0.494754E-02   0.723819E-04
  -12   -6    0 -12.702926770  -6.351463385   0.460212E-02   0.716399E-04
   12    6    0  12.702926770   6.351463385   0.460212E-02   0.716399E-04
   12   -6    0  12.702926770  -6.351463385   0.460212E-02   0.716399E-04
    6   12    0   6.351463385  12.702926770   0.460212E-02   0.716399E-04
  -12    6    0 -12.702926770   6.351463385   0.460212E-02   0.716399E-04
   -6   12    0  -6.351463385  12.702926770   0.460212E-02   0.716399E-04
   -6  -12    0  -6.351463385 -12.702926770   0.460212E-02   0.716399E-04
    6  -12    0   6.351463385 -12.702926770   0.460212E-02   0.716399E-04
  -14    0    0 -14.820081232   0.000000000   0.431023E-02   0.709357E-04
   14    0    0  14.820081232  -0.000000000   0.431023E-02   0.709357E-04
    0  -14    0   0.000000000 -14.820081232   0.431023E-02   0.709357E-04
    0   14    0  -0.000000000  14.820081232   0.431023E-02   0.709357E-04
   -2   14    0  -2.117154462  14.820081232   0.107891E-01   0.142951E-03
   14   -2    0  14.820081232  -2.117154462   0.107891E-01   0.142951E-03
    2  -14    0   2.117154462 -14.820081232   0.107891E-01   0.142951E-03
   14    2    0  14.820081232   2.117154462   0.107891E-01   0.142951E-03
   -2  -14    0  -2.117154462 -14.820081232   0.107891E-01   0.142951E-03
    2   14    0   2.117154462  14.820081232   0.107891E-01   0.142951E-03
  -14   -2    0 -14.820081232  -2.117154462   0.107891E-01   0.142951E-03
  -14    2    0 -14.820081232   2.117154462   0.107891E-01   0.142951E-03
   10  -10    0  10.585772309 -10.585772309   0.107891E-01   0.142951E-03
  -10  -10    0 -10.585772309 -10.585772309   0.107891E-01   0.142951E-03
   10   10    0  10.585772309  10.585772309   0.107891E-01   0.142951E-03
  -10   10    0 -10.585772309  10.585772309   0.107891E-01   0.142951E-03
    8   12    0   8.468617847  12.702926770   0.104336E-01   0.142183E-03
   -8  -12    0  -8.468617847 -12.702926770   0.104336E-01   0.142183E-03
   12   -8    0  12.702926770  -8.468617847   0.104336E-01   0.142183E-03
  -12    8    0 -12.702926770   8.468617847   0.104336E-01   0.142183E-03
    8  -12    0   8.468617847 -12.702926770   0.104336E-01   0.142183E-03
   -8   12    0  -8.468617847  12.702926770   0.104336E-01   0.142183E-03
   12    8    0  12.702926770   8.468617847   0.104336E-01   0.142183E-03
  -12   -8    0 -12.702926770  -8.468617847   0.104336E-01   0.142183E-03
   -4   14    0  -4.234308923  14.820081232   0.405924E-02   0.702643E-04
    4  -14    0   4.234308923 -14.820081232   0.405924E-02   0.702643E-04
    4   14    0   4.234308923  14.820081232   0.405924E-02   0.702643E-04
   -4  -14    0  -4.234308923 -14.820081232   0.405924E-02   0.702643E-04
  -14    4    0 -14.820081232   4.234308923   0.405924E-02   0.702643E-04
   14    4    0  14.820081232   4.234308923   0.405924E-02   0.702643E-04
   14   -4    0  14.820081232  -4.234308923   0.405924E-02   0.702643E-04
  -14   -4    0 -14.820081232  -4.234308923   0.405924E-02   0.702643E-04
   -6   14    0  -6.351463385  14.820081232   0.950501E-02   0.139992E-03
    6   14    0   6.351463385  14.820081232   0.950501E-02   0.139992E-03
  -14   -6    0 -14.820081232  -6.351463385   0.950501E-02   0.139992E-03
   14   -6    0  14.820081232  -6.351463385   0.950501E-02   0.139992E-03
   -6  -14    0  -6.351463385 -14.820081232   0.950501E-02   0.139992E-03
  -14    6    0 -14.820081232   6.351463385   0.950501E-02   0.139992E-03
   14    6    0  14.820081232   6.351463385   0.950501E-02   0.139992E-03
    6  -14    0   6.351463385 -14.820081232   0.950501E-02   0.139992E-03
  -10   12    0 -10.585772309  12.702926770   0.364647E-02   0.690055E-04
   10  -12    0  10.585772309 -12.702926770   0.364647E-02   0.690055E-04
  -10  -12    0 -10.585772309 -12.702926770   0.364647E-02   0.690055E-04
   12  -10    0  12.702926770 -10.585772309   0.364647E-02   0.690055E-04
   12   10    0  12.702926770  10.585772309   0.364647E-02   0.690055E-04
  -12   10    0 -12.702926770  10.585772309   0.364647E-02   0.690055E-04
  -12  -10    0 -12.702926770 -10.585772309   0.364647E-02   0.690055E-04
   10   12    0  10.585772309  12.702926770   0.364647E-02   0.690055E-04
   16    0    0  16.937235694  -0.000000000   0.873916E-02   0.137950E-03
    0  -16    0   0.000000000 -16.937235694   0.873916E-02   0.137950E-03
  -16    0    0 -16.937235694   0.000000000   0.873916E-02   0.137950E-03
    0   16    0  -0.000000000  16.937235694   0.873916E-02   0.137950E-03
    2   16    0   2.117154462  16.937235694   0.347337E-02   0.684125E-04
   -2  -16    0  -2.117154462 -16.937235694   0.347337E-02   0.684125E-04
    2  -16    0   2.117154462 -16.937235694   0.347337E-02   0.684125E-04
   -2   16    0  -2.117154462  16.937235694   0.347337E-02   0.684125E-04
  -16   -2    0 -16.937235694  -2.117154462   0.347337E-02   0.684125E-04
  -16    2    0 -16.937235694   2.117154462   0.347337E-02   0.684125E-04
   16   -2    0  16.937235694  -2.117154462   0.347337E-02   0.684125E-04
   16    2    0  16.937235694   2.117154462   0.347337E-02   0.684125E-04
  -14    8    0 -14.820081232   8.468617847   0.347337E-02   0.684125E-04
    8  -14    0   8.468617847 -14.820081232   0.347337E-02   0.684125E-04
  -14   -8    0 -14.820081232  -8.468617847   0.347337E-02   0.684125E-04
   -8   14    0  -8.468617847  14.820081232   0.347337E-02   0.684125E-04
    8   14    0   8.468617847  14.820081232   0.347337E-02   0.684125E-04
   14    8    0  14.820081232   8.468617847   0.347337E-02   0.684125E-04
   -8  -14    0  -8.468617847 -14.820081232   0.347337E-02   0.684125E-04
   14   -8    0  14.820081232  -8.468617847   0.347337E-02   0.684125E-04
    4   16    0   4.234308923  16.937235694   0.829824E-02   0.136662E-03
   -4   16    0  -4.234308923  16.937235694   0.829824E-02   0.136662E-03
   16    4    0  16.937235694   4.234308923   0.829824E-02   0.136662E-03
  -16   -4    0 -16.937235694  -4.234308923   0.829824E-02   0.136662E-03
   -4  -16    0  -4.234308923 -16.937235694   0.829824E-02   0.136662E-03
  -16    4    0 -16.937235694   4.234308923   0.829824E-02   0.136662E-03
   16   -4    0  16.937235694  -4.234308923   0.829824E-02   0.136662E-03
    4  -16    0   4.234308923 -16.937235694   0.829824E-02   0.136662E-03
  -12  -12    0 -12.702926770 -12.702926770   0.790247E-02   0.135425E-03
   12  -12    0  12.702926770 -12.702926770   0.790247E-02   0.135425E-03
   12   12    0  12.702926770  12.702926770   0.790247E-02   0.135425E-03
  -12   12    0 -12.702926770  12.702926770   0.790247E-02   0.135425E-03
   16   -6    0  16.937235694  -6.351463385   0.317531E-02   0.672888E-04
  -16    6    0 -16.937235694   6.351463385   0.317531E-02   0.672888E-04
  -16   -6    0 -16.937235694  -6.351463385   0.317531E-02   0.672888E-04
    6   16    0   6.351463385  16.937235694   0.317531E-02   0.672888E-04
   16    6    0  16.937235694   6.351463385   0.317531E-02   0.672888E-04
    6  -16    0   6.351463385 -16.937235694   0.317531E-02   0.672888E-04
   -6   16    0  -6.351463385  16.937235694   0.317531E-02   0.672888E-04
   -6  -16    0  -6.351463385 -16.937235694   0.317531E-02   0.672888E-04
  -14  -10    0 -14.820081232 -10.585772309   0.771929E-02   0.134824E-03
  -10   14    0 -10.585772309  14.820081232   0.771929E-02   0.134824E-03
  -10  -14    0 -10.585772309 -14.820081232   0.771929E-02   0.134824E-03
  -14   10    0 -14.820081232  10.585772309   0.771929E-02   0.134824E-03
   14  -10    0  14.820081232 -10.585772309   0.771929E-02   0.134824E-03
   14   10    0  14.820081232  10.585772309   0.771929E-02   0.134824E-03
   10  -14    0  10.585772309 -14.820081232   0.771929E-02   0.134824E-03
   10   14    0  10.585772309  14.820081232   0.771929E-02   0.134824E-03
  -16   -8    0 -16.937235694  -8.468617847   0.721994E-02   0.133088E-03
   16   -8    0  16.937235694  -8.468617847   0.721994E-02   0.133088E-03
   16    8    0  16.937235694   8.468617847   0.721994E-02   0.133088E-03
    8   16    0   8.468617847  16.937235694   0.721994E-02   0.133088E-03
  -16    8    0 -16.937235694   8.468617847   0.721994E-02   0.133088E-03
    8  -16    0   8.468617847 -16.937235694   0.721994E-02   0.133088E-03
   -8   16    0  -8.468617847  16.937235694   0.721994E-02   0.133088E-03
   -8  -16    0  -8.468617847 -16.937235694   0.721994E-02   0.133088E-03
  -18    0    0 -19.054390155   0.000000000   0.292603E-02   0.662375E-04
    0  -18    0   0.000000000 -19.054390155   0.292603E-02   0.662375E-04
   18    0    0  19.054390155  -0.000000000   0.292603E-02   0.662375E-04
    0   18    0  -0.000000000  19.054390155   0.292603E-02   0.662375E-04
   18    2    0  19.054390155   2.117154462   0.706825E-02   0.132530E-03
    2   18    0   2.117154462  19.054390155   0.706825E-02   0.132530E-03
   -2  -18    0  -2.117154462 -19.054390155   0.706825E-02   0.132530E-03
  -18    2    0 -19.054390155   2.117154462   0.706825E-02   0.132530E-03
   -2   18    0  -2.117154462  19.054390155   0.706825E-02   0.132530E-03
  -18   -2    0 -19.054390155  -2.117154462   0.706825E-02   0.132530E-03
   18   -2    0  19.054390155  -2.117154462   0.706825E-02   0.132530E-03
    2  -18    0   2.117154462 -19.054390155   0.706825E-02   0.132530E-03
   -4   18    0  -4.234308923  19.054390155   0.281562E-02   0.657359E-04
  -14  -12    0 -14.820081232 -12.702926770   0.281562E-02   0.657359E-04
  -18   -4    0 -19.054390155  -4.234308923   0.281562E-02   0.657359E-04
   14   12    0  14.820081232  12.702926770   0.281562E-02   0.657359E-04
   12   14    0  12.702926770  14.820081232   0.281562E-02   0.657359E-04
  -12   14    0 -12.702926770  14.820081232   0.281562E-02   0.657359E-04
  -14   12    0 -14.820081232  12.702926770   0.281562E-02   0.657359E-04
   -4  -18    0  -4.234308923 -19.054390155   0.281562E-02   0.657359E-04
   14  -12    0  14.820081232 -12.702926770   0.281562E-02   0.657359E-04
  -12  -14    0 -12.702926770 -14.820081232   0.281562E-02   0.657359E-04
    4  -18    0   4.234308923 -19.054390155   0.281562E-02   0.657359E-04
   12  -14    0  12.702926770 -14.820081232   0.281562E-02   0.657359E-04
   18   -4    0  19.054390155  -4.234308923   0.281562E-02   0.657359E-04
   18    4    0  19.054390155   4.234308923   0.281562E-02   0.657359E-04
  -18    4    0 -19.054390155   4.234308923   0.281562E-02   0.657359E-04
    4   18    0   4.234308923  19.054390155   0.281562E-02   0.657359E-04
   16  -10    0  16.937235694 -10.585772309   0.271315E-02   0.652489E-04
   16   10    0  16.937235694  10.585772309   0.271315E-02   0.652489E-04
   10   16    0  10.585772309  16.937235694   0.271315E-02   0.652489E-04
  -16   10    0 -16.937235694  10.585772309   0.271315E-02   0.652489E-04
   10  -16    0  10.585772309 -16.937235694   0.271315E-02   0.652489E-04
  -16  -10    0 -16.937235694 -10.585772309   0.271315E-02   0.652489E-04
  -10   16    0 -10.585772309  16.937235694   0.271315E-02   0.652489E-04
  -10  -16    0 -10.585772309 -16.937235694   0.271315E-02   0.652489E-04
   18   -6    0  19.054390155  -6.351463385   0.652257E-02   0.130388E-03
  -18    6    0 -19.054390155   6.351463385   0.652257E-02   0.130388E-03
   -6  -18    0  -6.351463385 -19.054390155   0.652257E-02   0.130388E-03
   -6   18    0  -6.351463385  19.054390155   0.652257E-02   0.130388E-03
    6  -18    0   6.351463385 -19.054390155   0.652257E-02   0.130388E-03
  -18   -6    0 -19.054390155  -6.351463385   0.652257E-02   0.130388E-03
   18    6    0  19.054390155   6.351463385   0.652257E-02   0.130388E-03
    6   18    0   6.351463385  19.054390155   0.652257E-02   0.130388E-03
    8  -18    0   8.468617847 -19.054390155   0.252857E-02   0.643156E-04
  -18   -8    0 -19.054390155  -8.468617847   0.252857E-02   0.643156E-04
  -18    8    0 -19.054390155   8.468617847   0.252857E-02   0.643156E-04
   -8  -18    0  -8.468617847 -19.054390155   0.252857E-02   0.643156E-04
   18   -8    0  19.054390155  -8.468617847   0.252857E-02   0.643156E-04
   -8   18    0  -8.468617847  19.054390155   0.252857E-02   0.643156E-04
   18    8    0  19.054390155   8.468617847   0.252857E-02   0.643156E-04
    8   18    0   8.468617847  19.054390155   0.252857E-02   0.643156E-04
  -14  -14    0 -14.820081232 -14.820081232   0.605739E-02   0.128378E-03
   14   14    0  14.820081232  14.820081232   0.605739E-02   0.128378E-03
   14  -14    0  14.820081232 -14.820081232   0.605739E-02   0.128378E-03
  -14   14    0 -14.820081232  14.820081232   0.605739E-02   0.128378E-03
  -12   16    0 -12.702926770  16.937235694   0.595152E-02   0.127895E-03
   12  -16    0  12.702926770 -16.937235694   0.595152E-02   0.127895E-03
   12   16    0  12.702926770  16.937235694   0.595152E-02   0.127895E-03
  -12  -16    0 -12.702926770 -16.937235694   0.595152E-02   0.127895E-03
   16   12    0  16.937235694  12.702926770   0.595152E-02   0.127895E-03
  -16  -12    0 -16.937235694 -12.702926770   0.595152E-02   0.127895E-03
  -16   12    0 -16.937235694  12.702926770   0.595152E-02   0.127895E-03
   16  -12    0  16.937235694 -12.702926770   0.595152E-02   0.127895E-03
    0  -20    0   0.000000000 -21.171544617   0.595152E-02   0.127895E-03
  -20    0    0 -21.171544617   0.000000000   0.595152E-02   0.127895E-03
    0   20    0  -0.000000000  21.171544617   0.595152E-02   0.127895E-03
   20    0    0  21.171544617  -0.000000000   0.595152E-02   0.127895E-03
    2  -20    0   2.117154462 -21.171544617   0.244506E-02   0.638678E-04
  -20   -2    0 -21.171544617  -2.117154462   0.244506E-02   0.638678E-04
   -2   20    0  -2.117154462  21.171544617   0.244506E-02   0.638678E-04
   20   -2    0  21.171544617  -2.117154462   0.244506E-02   0.638678E-04
  -20    2    0 -21.171544617   2.117154462   0.244506E-02   0.638678E-04
   -2  -20    0  -2.117154462 -21.171544617   0.244506E-02   0.638678E-04
   20    2    0  21.171544617   2.117154462   0.244506E-02   0.638678E-04
    2   20    0   2.117154462  21.171544617   0.244506E-02   0.638678E-04
   -4   20    0  -4.234308923  21.171544617   0.575066E-02   0.126948E-03
   20   -4    0  21.171544617  -4.234308923   0.575066E-02   0.126948E-03
   -4  -20    0  -4.234308923 -21.171544617   0.575066E-02   0.126948E-03
   20    4    0  21.171544617   4.234308923   0.575066E-02   0.126948E-03
    4  -20    0   4.234308923 -21.171544617   0.575066E-02   0.126948E-03
  -20   -4    0 -21.171544617  -4.234308923   0.575066E-02   0.126948E-03
  -20    4    0 -21.171544617   4.234308923   0.575066E-02   0.126948E-03
    4   20    0   4.234308923  21.171544617   0.575066E-02   0.126948E-03
  -18   10    0 -19.054390155  10.585772309   0.565530E-02   0.126484E-03
  -10  -18    0 -10.585772309 -19.054390155   0.565530E-02   0.126484E-03
  -10   18    0 -10.585772309  19.054390155   0.565530E-02   0.126484E-03
   18  -10    0  19.054390155 -10.585772309   0.565530E-02   0.126484E-03
   10   18    0  10.585772309  19.054390155   0.565530E-02   0.126484E-03
  -18  -10    0 -19.054390155 -10.585772309   0.565530E-02   0.126484E-03
   18   10    0  19.054390155  10.585772309   0.565530E-02   0.126484E-03
   10  -18    0  10.585772309 -19.054390155   0.565530E-02   0.126484E-03
  -20   -6    0 -21.171544617  -6.351463385   0.229286E-02   0.630064E-04
    6  -20    0   6.351463385 -21.171544617   0.229286E-02   0.630064E-04
  -20    6    0 -21.171544617   6.351463385   0.229286E-02   0.630064E-04
   -6   20    0  -6.351463385  21.171544617   0.229286E-02   0.630064E-04
   -6  -20    0  -6.351463385 -21.171544617   0.229286E-02   0.630064E-04
    6   20    0   6.351463385  21.171544617   0.229286E-02   0.630064E-04
   20   -6    0  21.171544617  -6.351463385   0.229286E-02   0.630064E-04
   20    6    0  21.171544617   6.351463385   0.229286E-02   0.630064E-04
  -16   14    0 -16.937235694  14.820081232   0.222329E-02   0.625919E-04
   16  -14    0  16.937235694 -14.820081232   0.222329E-02   0.625919E-04
  -16  -14    0 -16.937235694 -14.820081232   0.222329E-02   0.625919E-04
  -14   16    0 -14.820081232  16.937235694   0.222329E-02   0.625919E-04
   14  -16    0  14.820081232 -16.937235694   0.222329E-02   0.625919E-04
   14   16    0  14.820081232  16.937235694   0.222329E-02   0.625919E-04
   16   14    0  16.937235694  14.820081232   0.222329E-02   0.625919E-04
  -14  -16    0 -14.820081232 -16.937235694   0.222329E-02   0.625919E-04
   20    8    0  21.171544617   8.468617847   0.522257E-02   0.124258E-03
    8   20    0   8.468617847  21.171544617   0.522257E-02   0.124258E-03
   -8  -20    0  -8.468617847 -21.171544617   0.522257E-02   0.124258E-03
   20   -8    0  21.171544617  -8.468617847   0.522257E-02   0.124258E-03
  -20   -8    0 -21.171544617  -8.468617847   0.522257E-02   0.124258E-03
    8  -20    0   8.468617847 -21.171544617   0.522257E-02   0.124258E-03
  -20    8    0 -21.171544617   8.468617847   0.522257E-02   0.124258E-03
   -8   20    0  -8.468617847  21.171544617   0.522257E-02   0.124258E-03
  -18  -12    0 -19.054390155 -12.702926770   0.215757E-02   0.621873E-04
  -18   12    0 -19.054390155  12.702926770   0.215757E-02   0.621873E-04
  -12  -18    0 -12.702926770 -19.054390155   0.215757E-02   0.621873E-04
  -12   18    0 -12.702926770  19.054390155   0.215757E-02   0.621873E-04
   12   18    0  12.702926770  19.054390155   0.215757E-02   0.621873E-04
   18  -12    0  19.054390155 -12.702926770   0.215757E-02   0.621873E-04
   12  -18    0  12.702926770 -19.054390155   0.215757E-02   0.621873E-04
   18   12    0  19.054390155  12.702926770   0.215757E-02   0.621873E-04
   22    0    0  23.288699079  -0.000000000   0.209539E-02   0.617924E-04
  -22    0    0 -23.288699079   0.000000000   0.209539E-02   0.617924E-04
    0  -22    0   0.000000000 -23.288699079   0.209539E-02   0.617924E-04
    0   22    0  -0.000000000  23.288699079   0.209539E-02   0.617924E-04
   -2   22    0  -2.117154462  23.288699079   0.499334E-02   0.122991E-03
   22   -2    0  23.288699079  -2.117154462   0.499334E-02   0.122991E-03
    2  -22    0   2.117154462 -23.288699079   0.499334E-02   0.122991E-03
  -22    2    0 -23.288699079   2.117154462   0.499334E-02   0.122991E-03
   -2  -22    0  -2.117154462 -23.288699079   0.499334E-02   0.122991E-03
  -22   -2    0 -23.288699079  -2.117154462   0.499334E-02   0.122991E-03
   22    2    0  23.288699079   2.117154462   0.499334E-02   0.122991E-03
    2   22    0   2.117154462  23.288699079   0.499334E-02   0.122991E-03
    4   22    0   4.234308923  23.288699079   0.203648E-02   0.614067E-04
   10  -20    0  10.585772309 -21.171544617   0.203648E-02   0.614067E-04
   22    4    0  23.288699079   4.234308923   0.203648E-02   0.614067E-04
    4  -22    0   4.234308923 -23.288699079   0.203648E-02   0.614067E-04
  -10   20    0 -10.585772309  21.171544617   0.203648E-02   0.614067E-04
   -4  -22    0  -4.234308923 -23.288699079   0.203648E-02   0.614067E-04
  -10  -20    0 -10.585772309 -21.171544617   0.203648E-02   0.614067E-04
  -22    4    0 -23.288699079   4.234308923   0.203648E-02   0.614067E-04
   -4   22    0  -4.234308923  23.288699079   0.203648E-02   0.614067E-04
  -20  -10    0 -21.171544617 -10.585772309   0.203648E-02   0.614067E-04
   22   -4    0  23.288699079  -4.234308923   0.203648E-02   0.614067E-04
  -20   10    0 -21.171544617  10.585772309   0.203648E-02   0.614067E-04
   20  -10    0  21.171544617 -10.585772309   0.203648E-02   0.614067E-04
   20   10    0  21.171544617  10.585772309   0.203648E-02   0.614067E-04
   10   20    0  10.585772309  21.171544617   0.203648E-02   0.614067E-04
  -22   -4    0 -23.288699079  -4.234308923   0.203648E-02   0.614067E-04
  -16   16    0 -16.937235694  16.937235694   0.478325E-02   0.121769E-03
   16   16    0  16.937235694  16.937235694   0.478325E-02   0.121769E-03
   16  -16    0  16.937235694 -16.937235694   0.478325E-02   0.121769E-03
  -16  -16    0 -16.937235694 -16.937235694   0.478325E-02   0.121769E-03
   18   14    0  19.054390155  14.820081232   0.471706E-02   0.121371E-03
   14  -18    0  14.820081232 -19.054390155   0.471706E-02   0.121371E-03
   14   18    0  14.820081232  19.054390155   0.471706E-02   0.121371E-03
  -18   14    0 -19.054390155  14.820081232   0.471706E-02   0.121371E-03
  -14   18    0 -14.820081232  19.054390155   0.471706E-02   0.121371E-03
  -14  -18    0 -14.820081232 -19.054390155   0.471706E-02   0.121371E-03
   18  -14    0  19.054390155 -14.820081232   0.471706E-02   0.121371E-03
  -18  -14    0 -19.054390155 -14.820081232   0.471706E-02   0.121371E-03
  -22   -6    0 -23.288699079  -6.351463385   0.471706E-02   0.121371E-03
   22   -6    0  23.288699079  -6.351463385   0.471706E-02   0.121371E-03
    6  -22    0   6.351463385 -23.288699079   0.471706E-02   0.121371E-03
   -6   22    0  -6.351463385  23.288699079   0.471706E-02   0.121371E-03
   -6  -22    0  -6.351463385 -23.288699079   0.471706E-02   0.121371E-03
   22    6    0  23.288699079   6.351463385   0.471706E-02   0.121371E-03
    6   22    0   6.351463385  23.288699079   0.471706E-02   0.121371E-03
  -22    6    0 -23.288699079   6.351463385   0.471706E-02   0.121371E-03
  -20  -12    0 -21.171544617 -12.702926770   0.452888E-02   0.120205E-03
  -12   20    0 -12.702926770  21.171544617   0.452888E-02   0.120205E-03
   20  -12    0  21.171544617 -12.702926770   0.452888E-02   0.120205E-03
  -20   12    0 -21.171544617  12.702926770   0.452888E-02   0.120205E-03
   20   12    0  21.171544617  12.702926770   0.452888E-02   0.120205E-03
   12  -20    0  12.702926770 -21.171544617   0.452888E-02   0.120205E-03
   12   20    0  12.702926770  21.171544617   0.452888E-02   0.120205E-03
  -12  -20    0 -12.702926770 -21.171544617   0.452888E-02   0.120205E-03
    8   22    0   8.468617847  23.288699079   0.187694E-02   0.603007E-04
   22   -8    0  23.288699079  -8.468617847   0.187694E-02   0.603007E-04
    8  -22    0   8.468617847 -23.288699079   0.187694E-02   0.603007E-04
  -22    8    0 -23.288699079   8.468617847   0.187694E-02   0.603007E-04
   -8  -22    0  -8.468617847 -23.288699079   0.187694E-02   0.603007E-04
   -8   22    0  -8.468617847  23.288699079   0.187694E-02   0.603007E-04
   22    8    0  23.288699079   8.468617847   0.187694E-02   0.603007E-04
  -22   -8    0 -23.288699079  -8.468617847   0.187694E-02   0.603007E-04
    0  -24    0   0.000000000 -25.405853540   0.429979E-02   0.118711E-03
    0   24    0  -0.000000000  25.405853540   0.429979E-02   0.118711E-03
  -24    0    0 -25.405853540   0.000000000   0.429979E-02   0.118711E-03
   24    0    0  25.405853540  -0.000000000   0.429979E-02   0.118711E-03
   24   -2    0  25.405853540  -2.117154462   0.178294E-02   0.596027E-04
   18  -16    0  19.054390155 -16.937235694   0.178294E-02   0.596027E-04
  -24   -2    0 -25.405853540  -2.117154462   0.178294E-02   0.596027E-04
   -2  -24    0  -2.117154462 -25.405853540   0.178294E-02   0.596027E-04
   16  -18    0  16.937235694 -19.054390155   0.178294E-02   0.596027E-04
  -16  -18    0 -16.937235694 -19.054390155   0.178294E-02   0.596027E-04
    2  -24    0   2.117154462 -25.405853540   0.178294E-02   0.596027E-04
   -2   24    0  -2.117154462  25.405853540   0.178294E-02   0.596027E-04
   18   16    0  19.054390155  16.937235694   0.178294E-02   0.596027E-04
  -18  -16    0 -19.054390155 -16.937235694   0.178294E-02   0.596027E-04
   16   18    0  16.937235694  19.054390155   0.178294E-02   0.596027E-04
  -18   16    0 -19.054390155  16.937235694   0.178294E-02   0.596027E-04
    2   24    0   2.117154462  25.405853540   0.178294E-02   0.596027E-04
   24    2    0  25.405853540   2.117154462   0.178294E-02   0.596027E-04
  -24    2    0 -25.405853540   2.117154462   0.178294E-02   0.596027E-04
  -16   18    0 -16.937235694  19.054390155   0.178294E-02   0.596027E-04
   10  -22    0  10.585772309 -23.288699079   0.424602E-02   0.118347E-03
  -22   10    0 -23.288699079  10.585772309   0.424602E-02   0.118347E-03
  -10   22    0 -10.585772309  23.288699079   0.424602E-02   0.118347E-03
  -10  -22    0 -10.585772309 -23.288699079   0.424602E-02   0.118347E-03
   22  -10    0  23.288699079 -10.585772309   0.424602E-02   0.118347E-03
   22   10    0  23.288699079  10.585772309   0.424602E-02   0.118347E-03
  -22  -10    0 -23.288699079 -10.585772309   0.424602E-02   0.118347E-03
   10   22    0  10.585772309  23.288699079   0.424602E-02   0.118347E-03
   24    4    0  25.405853540   4.234308923   0.419354E-02   0.117987E-03
    4  -24    0   4.234308923 -25.405853540   0.419354E-02   0.117987E-03
  -24    4    0 -25.405853540   4.234308923   0.419354E-02   0.117987E-03
  -24   -4    0 -25.405853540  -4.234308923   0.419354E-02   0.117987E-03
   24   -4    0  25.405853540  -4.234308923   0.419354E-02   0.117987E-03
   -4  -24    0  -4.234308923 -25.405853540   0.419354E-02   0.117987E-03
   -4   24    0  -4.234308923  25.405853540   0.419354E-02   0.117987E-03
    4   24    0   4.234308923  25.405853540   0.419354E-02   0.117987E-03
  -14  -20    0 -14.820081232 -21.171544617   0.173915E-02   0.592645E-04
   20   14    0  21.171544617  14.820081232   0.173915E-02   0.592645E-04
  -14   20    0 -14.820081232  21.171544617   0.173915E-02   0.592645E-04
   20  -14    0  21.171544617 -14.820081232   0.173915E-02   0.592645E-04
   14  -20    0  14.820081232 -21.171544617   0.173915E-02   0.592645E-04
  -20  -14    0 -21.171544617 -14.820081232   0.173915E-02   0.592645E-04
   14   20    0  14.820081232  21.171544617   0.173915E-02   0.592645E-04
  -20   14    0 -21.171544617  14.820081232   0.173915E-02   0.592645E-04
   -6  -24    0  -6.351463385 -25.405853540   0.169731E-02   0.589333E-04
   24    6    0  25.405853540   6.351463385   0.169731E-02   0.589333E-04
    6   24    0   6.351463385  25.405853540   0.169731E-02   0.589333E-04
    6  -24    0   6.351463385 -25.405853540   0.169731E-02   0.589333E-04
  -24    6    0 -25.405853540   6.351463385   0.169731E-02   0.589333E-04
   24   -6    0  25.405853540  -6.351463385   0.169731E-02   0.589333E-04
  -24   -6    0 -25.405853540  -6.351463385   0.169731E-02   0.589333E-04
   -6   24    0  -6.351463385  25.405853540   0.169731E-02   0.589333E-04
  -22   12    0 -23.288699079  12.702926770   0.165731E-02   0.586086E-04
  -22  -12    0 -23.288699079 -12.702926770   0.165731E-02   0.586086E-04
   22  -12    0  23.288699079 -12.702926770   0.165731E-02   0.586086E-04
   12   22    0  12.702926770  23.288699079   0.165731E-02   0.586086E-04
   12  -22    0  12.702926770 -23.288699079   0.165731E-02   0.586086E-04
   22   12    0  23.288699079  12.702926770   0.165731E-02   0.586086E-04
  -12   22    0 -12.702926770  23.288699079   0.165731E-02   0.586086E-04
  -12  -22    0 -12.702926770 -23.288699079   0.165731E-02   0.586086E-04
   -8  -24    0  -8.468617847 -25.405853540   0.390347E-02   0.115906E-03
   24   -8    0  25.405853540  -8.468617847   0.390347E-02   0.115906E-03
  -24   -8    0 -25.405853540  -8.468617847   0.390347E-02   0.115906E-03
   -8   24    0  -8.468617847  25.405853540   0.390347E-02   0.115906E-03
   24    8    0  25.405853540   8.468617847   0.390347E-02   0.115906E-03
    8  -24    0   8.468617847 -25.405853540   0.390347E-02   0.115906E-03
  -24    8    0 -25.405853540   8.468617847   0.390347E-02   0.115906E-03
    8   24    0   8.468617847  25.405853540   0.390347E-02   0.115906E-03
  -18   18    0 -19.054390155  19.054390155   0.385888E-02   0.115571E-03
   18  -18    0  19.054390155 -19.054390155   0.385888E-02   0.115571E-03
   18   18    0  19.054390155  19.054390155   0.385888E-02   0.115571E-03
  -18  -18    0 -19.054390155 -19.054390155   0.385888E-02   0.115571E-03
   16  -20    0  16.937235694 -21.171544617   0.381526E-02   0.115239E-03
  -16   20    0 -16.937235694  21.171544617   0.381526E-02   0.115239E-03
  -20  -16    0 -21.171544617 -16.937235694   0.381526E-02   0.115239E-03
   20  -16    0  21.171544617 -16.937235694   0.381526E-02   0.115239E-03
  -20   16    0 -21.171544617  16.937235694   0.381526E-02   0.115239E-03
   20   16    0  21.171544617  16.937235694   0.381526E-02   0.115239E-03
  -16  -20    0 -16.937235694 -21.171544617   0.381526E-02   0.115239E-03
   16   20    0  16.937235694  21.171544617   0.381526E-02   0.115239E-03
   24  -10    0  25.405853540 -10.585772309   0.154719E-02   0.576721E-04
  -10   24    0 -10.585772309  25.405853540   0.154719E-02   0.576721E-04
   10   24    0  10.585772309  25.405853540   0.154719E-02   0.576721E-04
   10  -24    0  10.585772309 -25.405853540   0.154719E-02   0.576721E-04
  -10  -24    0 -10.585772309 -25.405853540   0.154719E-02   0.576721E-04
  -24   10    0 -25.405853540  10.585772309   0.154719E-02   0.576721E-04
   24   10    0  25.405853540  10.585772309   0.154719E-02   0.576721E-04
  -24  -10    0 -25.405853540 -10.585772309   0.154719E-02   0.576721E-04
   26    0    0  27.523008002  -0.000000000   0.154719E-02   0.576721E-04
    0  -26    0   0.000000000 -27.523008002   0.154719E-02   0.576721E-04
    0   26    0  -0.000000000  27.523008002   0.154719E-02   0.576721E-04
  -26    0    0 -27.523008002   0.000000000   0.154719E-02   0.576721E-04
   22   14    0  23.288699079  14.820081232   0.368998E-02   0.114263E-03
   14  -22    0  14.820081232 -23.288699079   0.368998E-02   0.114263E-03
   22  -14    0  23.288699079 -14.820081232   0.368998E-02   0.114263E-03
  -14   22    0 -14.820081232  23.288699079   0.368998E-02   0.114263E-03
  -22   14    0 -23.288699079  14.820081232   0.368998E-02   0.114263E-03
   14   22    0  14.820081232  23.288699079   0.368998E-02   0.114263E-03
  -22  -14    0 -23.288699079 -14.820081232   0.368998E-02   0.114263E-03
  -14  -22    0 -14.820081232 -23.288699079   0.368998E-02   0.114263E-03
   -2  -26    0  -2.117154462 -27.523008002   0.368998E-02   0.114263E-03
    2  -26    0   2.117154462 -27.523008002   0.368998E-02   0.114263E-03
   26    2    0  27.523008002   2.117154462   0.368998E-02   0.114263E-03
   26   -2    0  27.523008002  -2.117154462   0.368998E-02   0.114263E-03
  -26   -2    0 -27.523008002  -2.117154462   0.368998E-02   0.114263E-03
  -26    2    0 -27.523008002   2.117154462   0.368998E-02   0.114263E-03
    2   26    0   2.117154462  27.523008002   0.368998E-02   0.114263E-03
   -2   26    0  -2.117154462  27.523008002   0.368998E-02   0.114263E-03
  -26   -4    0 -27.523008002  -4.234308923   0.151345E-02   0.573717E-04
   -4   26    0  -4.234308923  27.523008002   0.151345E-02   0.573717E-04
    4   26    0   4.234308923  27.523008002   0.151345E-02   0.573717E-04
   -4  -26    0  -4.234308923 -27.523008002   0.151345E-02   0.573717E-04
    4  -26    0   4.234308923 -27.523008002   0.151345E-02   0.573717E-04
   26    4    0  27.523008002   4.234308923   0.151345E-02   0.573717E-04
  -26    4    0 -27.523008002   4.234308923   0.151345E-02   0.573717E-04
   26   -4    0  27.523008002  -4.234308923   0.151345E-02   0.573717E-04
  -26   -6    0 -27.523008002  -6.351463385   0.353482E-02   0.113004E-03
   26   -6    0  27.523008002  -6.351463385   0.353482E-02   0.113004E-03
   26    6    0  27.523008002   6.351463385   0.353482E-02   0.113004E-03
    6  -26    0   6.351463385 -27.523008002   0.353482E-02   0.113004E-03
   -6   26    0  -6.351463385  27.523008002   0.353482E-02   0.113004E-03
    6   26    0   6.351463385  27.523008002   0.353482E-02   0.113004E-03
   -6  -26    0  -6.351463385 -27.523008002   0.353482E-02   0.113004E-03
  -26    6    0 -27.523008002   6.351463385   0.353482E-02   0.113004E-03
  -24  -12    0 -25.405853540 -12.702926770   0.349798E-02   0.112696E-03
   12   24    0  12.702926770  25.405853540   0.349798E-02   0.112696E-03
   24   12    0  25.405853540  12.702926770   0.349798E-02   0.112696E-03
  -24   12    0 -25.405853540  12.702926770   0.349798E-02   0.112696E-03
   12  -24    0  12.702926770 -25.405853540   0.349798E-02   0.112696E-03
   24  -12    0  25.405853540 -12.702926770   0.349798E-02   0.112696E-03
  -12  -24    0 -12.702926770 -25.405853540   0.349798E-02   0.112696E-03
  -12   24    0 -12.702926770  25.405853540   0.349798E-02   0.112696E-03
   20  -18    0  21.171544617 -19.054390155   0.144995E-02   0.567872E-04
  -20  -18    0 -21.171544617 -19.054390155   0.144995E-02   0.567872E-04
  -18   20    0 -19.054390155  21.171544617   0.144995E-02   0.567872E-04
   18   20    0  19.054390155  21.171544617   0.144995E-02   0.567872E-04
   18  -20    0  19.054390155 -21.171544617   0.144995E-02   0.567872E-04
  -20   18    0 -21.171544617  19.054390155   0.144995E-02   0.567872E-04
   20   18    0  21.171544617  19.054390155   0.144995E-02   0.567872E-04
  -18  -20    0 -19.054390155 -21.171544617   0.144995E-02   0.567872E-04
   16   22    0  16.937235694  23.288699079   0.142003E-02   0.565028E-04
  -16  -22    0 -16.937235694 -23.288699079   0.142003E-02   0.565028E-04
   22   16    0  23.288699079  16.937235694   0.142003E-02   0.565028E-04
  -22   16    0 -23.288699079  16.937235694   0.142003E-02   0.565028E-04
  -16   22    0 -16.937235694  23.288699079   0.142003E-02   0.565028E-04
   16  -22    0  16.937235694 -23.288699079   0.142003E-02   0.565028E-04
   22  -16    0  23.288699079 -16.937235694   0.142003E-02   0.565028E-04
  -22  -16    0 -23.288699079 -16.937235694   0.142003E-02   0.565028E-04
  -26    8    0 -27.523008002   8.468617847   0.142003E-02   0.565028E-04
   26    8    0  27.523008002   8.468617847   0.142003E-02   0.565028E-04
  -26   -8    0 -27.523008002  -8.468617847   0.142003E-02   0.565028E-04
    8  -26    0   8.468617847 -27.523008002   0.142003E-02   0.565028E-04
   26   -8    0  27.523008002  -8.468617847   0.142003E-02   0.565028E-04
    8   26    0   8.468617847  27.523008002   0.142003E-02   0.565028E-04
   -8   26    0  -8.468617847  27.523008002   0.142003E-02   0.565028E-04
   -8  -26    0  -8.468617847 -27.523008002   0.142003E-02   0.565028E-04
   24   14    0  25.405853540  14.820081232   0.136354E-02   0.559487E-04
  -24  -14    0 -25.405853540 -14.820081232   0.136354E-02   0.559487E-04
   14  -24    0  14.820081232 -25.405853540   0.136354E-02   0.559487E-04
  -14   24    0 -14.820081232  25.405853540   0.136354E-02   0.559487E-04
  -24   14    0 -25.405853540  14.820081232   0.136354E-02   0.559487E-04
   14   24    0  14.820081232  25.405853540   0.136354E-02   0.559487E-04
  -14  -24    0 -14.820081232 -25.405853540   0.136354E-02   0.559487E-04
   24  -14    0  25.405853540 -14.820081232   0.136354E-02   0.559487E-04
  -26   10    0 -27.523008002  10.585772309   0.325953E-02   0.110617E-03
   26   10    0  27.523008002  10.585772309   0.325953E-02   0.110617E-03
   10  -26    0  10.585772309 -27.523008002   0.325953E-02   0.110617E-03
  -10   26    0 -10.585772309  27.523008002   0.325953E-02   0.110617E-03
   10   26    0  10.585772309  27.523008002   0.325953E-02   0.110617E-03
   26  -10    0  27.523008002 -10.585772309   0.325953E-02   0.110617E-03
  -26  -10    0 -27.523008002 -10.585772309   0.325953E-02   0.110617E-03
  -10  -26    0 -10.585772309 -27.523008002   0.325953E-02   0.110617E-03
    0  -28    0   0.000000000 -29.640162464   0.322800E-02   0.110330E-03
    0   28    0  -0.000000000  29.640162464   0.322800E-02   0.110330E-03
  -28    0    0 -29.640162464   0.000000000   0.322800E-02   0.110330E-03
   28    0    0  29.640162464  -0.000000000   0.322800E-02   0.110330E-03
  -28    2    0 -29.640162464   2.117154462   0.133685E-02   0.556788E-04
   -2   28    0  -2.117154462  29.640162464   0.133685E-02   0.556788E-04
   28   -2    0  29.640162464  -2.117154462   0.133685E-02   0.556788E-04
  -28   -2    0 -29.640162464  -2.117154462   0.133685E-02   0.556788E-04
   28    2    0  29.640162464   2.117154462   0.133685E-02   0.556788E-04
   -2  -28    0  -2.117154462 -29.640162464   0.133685E-02   0.556788E-04
    2   28    0   2.117154462  29.640162464   0.133685E-02   0.556788E-04
    2  -28    0   2.117154462 -29.640162464   0.133685E-02   0.556788E-04
    4  -28    0   4.234308923 -29.640162464   0.316668E-02   0.109764E-03
   28   -4    0  29.640162464  -4.234308923   0.316668E-02   0.109764E-03
   28    4    0  29.640162464   4.234308923   0.316668E-02   0.109764E-03
  -28    4    0 -29.640162464   4.234308923   0.316668E-02   0.109764E-03
   -4   28    0  -4.234308923  29.640162464   0.316668E-02   0.109764E-03
  -28   -4    0 -29.640162464  -4.234308923   0.316668E-02   0.109764E-03
    4   28    0   4.234308923  29.640162464   0.316668E-02   0.109764E-03
   -4  -28    0  -4.234308923 -29.640162464   0.316668E-02   0.109764E-03
   20  -20    0  21.171544617 -21.171544617   0.316668E-02   0.109764E-03
  -20  -20    0 -21.171544617 -21.171544617   0.316668E-02   0.109764E-03
  -20   20    0 -21.171544617  21.171544617   0.316668E-02   0.109764E-03
   20   20    0  21.171544617  21.171544617   0.316668E-02   0.109764E-03
  -22   18    0 -23.288699079  19.054390155   0.313685E-02   0.109484E-03
  -18   22    0 -19.054390155  23.288699079   0.313685E-02   0.109484E-03
   22  -18    0  23.288699079 -19.054390155   0.313685E-02   0.109484E-03
  -18  -22    0 -19.054390155 -23.288699079   0.313685E-02   0.109484E-03
   18  -22    0  19.054390155 -23.288699079   0.313685E-02   0.109484E-03
  -22  -18    0 -23.288699079 -19.054390155   0.313685E-02   0.109484E-03
   18   22    0  19.054390155  23.288699079   0.313685E-02   0.109484E-03
   22   18    0  23.288699079  19.054390155   0.313685E-02   0.109484E-03
   -6   28    0  -6.351463385  29.640162464   0.128632E-02   0.551524E-04
  -28   -6    0 -29.640162464  -6.351463385   0.128632E-02   0.551524E-04
   -6  -28    0  -6.351463385 -29.640162464   0.128632E-02   0.551524E-04
  -28    6    0 -29.640162464   6.351463385   0.128632E-02   0.551524E-04
   26  -12    0  27.523008002 -12.702926770   0.128632E-02   0.551524E-04
  -26  -12    0 -27.523008002 -12.702926770   0.128632E-02   0.551524E-04
  -12   26    0 -12.702926770  27.523008002   0.128632E-02   0.551524E-04
   28   -6    0  29.640162464  -6.351463385   0.128632E-02   0.551524E-04
   12  -26    0  12.702926770 -27.523008002   0.128632E-02   0.551524E-04
   28    6    0  29.640162464   6.351463385   0.128632E-02   0.551524E-04
   12   26    0  12.702926770  27.523008002   0.128632E-02   0.551524E-04
  -26   12    0 -27.523008002  12.702926770   0.128632E-02   0.551524E-04
    6  -28    0   6.351463385 -29.640162464   0.128632E-02   0.551524E-04
  -12  -26    0 -12.702926770 -27.523008002   0.128632E-02   0.551524E-04
    6   28    0   6.351463385  29.640162464   0.128632E-02   0.551524E-04
   26   12    0  27.523008002  12.702926770   0.128632E-02   0.551524E-04
  -16  -24    0 -16.937235694 -25.405853540   0.305054E-02   0.108658E-03
   24  -16    0  25.405853540 -16.937235694   0.305054E-02   0.108658E-03
   16  -24    0  16.937235694 -25.405853540   0.305054E-02   0.108658E-03
   16   24    0  16.937235694  25.405853540   0.305054E-02   0.108658E-03
  -16   24    0 -16.937235694  25.405853540   0.305054E-02   0.108658E-03
   24   16    0  25.405853540  16.937235694   0.305054E-02   0.108658E-03
  -24   16    0 -25.405853540  16.937235694   0.305054E-02   0.108658E-03
  -24  -16    0 -25.405853540 -16.937235694   0.305054E-02   0.108658E-03
  -28   -8    0 -29.640162464  -8.468617847   0.299549E-02   0.108119E-03
  -28    8    0 -29.640162464   8.468617847   0.299549E-02   0.108119E-03
    8  -28    0   8.468617847 -29.640162464   0.299549E-02   0.108119E-03
   -8   28    0  -8.468617847  29.640162464   0.299549E-02   0.108119E-03
   28   -8    0  29.640162464  -8.468617847   0.299549E-02   0.108119E-03
   28    8    0  29.640162464   8.468617847   0.299549E-02   0.108119E-03
    8   28    0   8.468617847  29.640162464   0.299549E-02   0.108119E-03
   -8  -28    0  -8.468617847 -29.640162464   0.299549E-02   0.108119E-03
  -14   26    0 -14.820081232  27.523008002   0.291642E-02   0.107325E-03
  -14  -26    0 -14.820081232 -27.523008002   0.291642E-02   0.107325E-03
  -26   14    0 -27.523008002  14.820081232   0.291642E-02   0.107325E-03
   14   26    0  14.820081232  27.523008002   0.291642E-02   0.107325E-03
   14  -26    0  14.820081232 -27.523008002   0.291642E-02   0.107325E-03
  -26  -14    0 -27.523008002 -14.820081232   0.291642E-02   0.107325E-03
   26   14    0  27.523008002  14.820081232   0.291642E-02   0.107325E-03
   26  -14    0  27.523008002 -14.820081232   0.291642E-02   0.107325E-03
  -28   10    0 -29.640162464  10.585772309   0.119539E-02   0.541494E-04
  -10  -28    0 -10.585772309 -29.640162464   0.119539E-02   0.541494E-04
   28  -10    0  29.640162464 -10.585772309   0.119539E-02   0.541494E-04
  -28  -10    0 -29.640162464 -10.585772309   0.119539E-02   0.541494E-04
   28   10    0  29.640162464  10.585772309   0.119539E-02   0.541494E-04
   10   28    0  10.585772309  29.640162464   0.119539E-02   0.541494E-04
  -10   28    0 -10.585772309  29.640162464   0.119539E-02   0.541494E-04
   10  -28    0  10.585772309 -29.640162464   0.119539E-02   0.541494E-04
  -22   20    0 -23.288699079  21.171544617   0.119539E-02   0.541494E-04
   20  -22    0  21.171544617 -23.288699079   0.119539E-02   0.541494E-04
   22  -20    0  23.288699079 -21.171544617   0.119539E-02   0.541494E-04
  -20   22    0 -21.171544617  23.288699079   0.119539E-02   0.541494E-04
  -20  -22    0 -21.171544617 -23.288699079   0.119539E-02   0.541494E-04
   20   22    0  21.171544617  23.288699079   0.119539E-02   0.541494E-04
   22   20    0  23.288699079  21.171544617   0.119539E-02   0.541494E-04
  -22  -20    0 -23.288699079 -21.171544617   0.119539E-02   0.541494E-04
   24  -18    0  25.405853540 -19.054390155   0.117454E-02   0.539083E-04
  -18  -24    0 -19.054390155 -25.405853540   0.117454E-02   0.539083E-04
  -24  -18    0 -25.405853540 -19.054390155   0.117454E-02   0.539083E-04
   24   18    0  25.405853540  19.054390155   0.117454E-02   0.539083E-04
  -18   24    0 -19.054390155  25.405853540   0.117454E-02   0.539083E-04
   18   24    0  19.054390155  25.405853540   0.117454E-02   0.539083E-04
  -24   18    0 -25.405853540  19.054390155   0.117454E-02   0.539083E-04
   18  -24    0  19.054390155 -25.405853540   0.117454E-02   0.539083E-04
   28  -12    0  29.640162464 -12.702926770   0.274668E-02   0.105543E-03
  -28  -12    0 -29.640162464 -12.702926770   0.274668E-02   0.105543E-03
  -12   28    0 -12.702926770  29.640162464   0.274668E-02   0.105543E-03
   12  -28    0  12.702926770 -29.640162464   0.274668E-02   0.105543E-03
  -28   12    0 -29.640162464  12.702926770   0.274668E-02   0.105543E-03
   28   12    0  29.640162464  12.702926770   0.274668E-02   0.105543E-03
  -12  -28    0 -12.702926770 -29.640162464   0.274668E-02   0.105543E-03
   12   28    0  12.702926770  29.640162464   0.274668E-02   0.105543E-03
  -16  -26    0 -16.937235694 -27.523008002   0.113484E-02   0.534370E-04
  -26  -16    0 -27.523008002 -16.937235694   0.113484E-02   0.534370E-04
   26   16    0  27.523008002  16.937235694   0.113484E-02   0.534370E-04
   16  -26    0  16.937235694 -27.523008002   0.113484E-02   0.534370E-04
   26  -16    0  27.523008002 -16.937235694   0.113484E-02   0.534370E-04
  -16   26    0 -16.937235694  27.523008002   0.113484E-02   0.534370E-04
   16   26    0  16.937235694  27.523008002   0.113484E-02   0.534370E-04
  -26   16    0 -27.523008002  16.937235694   0.113484E-02   0.534370E-04
   22  -22    0  23.288699079 -23.288699079   0.263665E-02   0.104325E-03
  -22  -22    0 -23.288699079 -23.288699079   0.263665E-02   0.104325E-03
   22   22    0  23.288699079  23.288699079   0.263665E-02   0.104325E-03
  -22   22    0 -23.288699079  23.288699079   0.263665E-02   0.104325E-03
  -20   24    0 -21.171544617  25.405853540   0.261566E-02   0.104086E-03
  -24   20    0 -25.405853540  21.171544617   0.261566E-02   0.104086E-03
  -24  -20    0 -25.405853540 -21.171544617   0.261566E-02   0.104086E-03
   24   20    0  25.405853540  21.171544617   0.261566E-02   0.104086E-03
  -20  -24    0 -21.171544617 -25.405853540   0.261566E-02   0.104086E-03
   20   24    0  21.171544617  25.405853540   0.261566E-02   0.104086E-03
   20  -24    0  21.171544617 -25.405853540   0.261566E-02   0.104086E-03
   24  -20    0  25.405853540 -21.171544617   0.261566E-02   0.104086E-03
  -28  -14    0 -29.640162464 -14.820081232   0.107991E-02   0.527555E-04
   14   28    0  14.820081232  29.640162464   0.107991E-02   0.527555E-04
  -14   28    0 -14.820081232  29.640162464   0.107991E-02   0.527555E-04
   28   14    0  29.640162464  14.820081232   0.107991E-02   0.527555E-04
  -14  -28    0 -14.820081232 -29.640162464   0.107991E-02   0.527555E-04
  -28   14    0 -29.640162464  14.820081232   0.107991E-02   0.527555E-04
   28  -14    0  29.640162464 -14.820081232   0.107991E-02   0.527555E-04
   14  -28    0  14.820081232 -29.640162464   0.107991E-02   0.527555E-04
   18  -26    0  19.054390155 -27.523008002   0.255457E-02   0.103381E-03
  -26  -18    0 -27.523008002 -19.054390155   0.255457E-02   0.103381E-03
  -18   26    0 -19.054390155  27.523008002   0.255457E-02   0.103381E-03
   26   18    0  27.523008002  19.054390155   0.255457E-02   0.103381E-03
   26  -18    0  27.523008002 -19.054390155   0.255457E-02   0.103381E-03
  -26   18    0 -27.523008002  19.054390155   0.255457E-02   0.103381E-03
   18   26    0  19.054390155  27.523008002   0.255457E-02   0.103381E-03
  -18  -26    0 -19.054390155 -27.523008002   0.255457E-02   0.103381E-03
  -16   28    0 -16.937235694  29.640162464   0.245863E-02   0.102237E-03
  -28   16    0 -29.640162464  16.937235694   0.245863E-02   0.102237E-03
   28  -16    0  29.640162464 -16.937235694   0.245863E-02   0.102237E-03
  -16  -28    0 -16.937235694 -29.640162464   0.245863E-02   0.102237E-03
   28   16    0  29.640162464  16.937235694   0.245863E-02   0.102237E-03
  -28  -16    0 -29.640162464 -16.937235694   0.245863E-02   0.102237E-03
   16  -28    0  16.937235694 -29.640162464   0.245863E-02   0.102237E-03
   16   28    0  16.937235694  29.640162464   0.245863E-02   0.102237E-03
  -24   22    0 -25.405853540  23.288699079   0.998930E-03   0.516817E-04
   22   24    0  23.288699079  25.405853540   0.998930E-03   0.516817E-04
  -22  -24    0 -23.288699079 -25.405853540   0.998930E-03   0.516817E-04
   24  -22    0  25.405853540 -23.288699079   0.998930E-03   0.516817E-04
   22  -24    0  23.288699079 -25.405853540   0.998930E-03   0.516817E-04
  -22   24    0 -23.288699079  25.405853540   0.998930E-03   0.516817E-04
  -24  -22    0 -25.405853540 -23.288699079   0.998930E-03   0.516817E-04
   24   22    0  25.405853540  23.288699079   0.998930E-03   0.516817E-04
  -26   20    0 -27.523008002  21.171544617   0.984129E-03   0.514755E-04
  -26  -20    0 -27.523008002 -21.171544617   0.984129E-03   0.514755E-04
   26  -20    0  27.523008002 -21.171544617   0.984129E-03   0.514755E-04
  -20   26    0 -21.171544617  27.523008002   0.984129E-03   0.514755E-04
   20  -26    0  21.171544617 -27.523008002   0.984129E-03   0.514755E-04
   20   26    0  21.171544617  27.523008002   0.984129E-03   0.514755E-04
   26   20    0  27.523008002  21.171544617   0.984129E-03   0.514755E-04
  -20  -26    0 -21.171544617 -27.523008002   0.984129E-03   0.514755E-04
   28  -18    0  29.640162464 -19.054390155   0.955775E-03   0.510711E-04
  -28   18    0 -29.640162464  19.054390155   0.955775E-03   0.510711E-04
   18  -28    0  19.054390155 -29.640162464   0.955775E-03   0.510711E-04
  -18   28    0 -19.054390155  29.640162464   0.955775E-03   0.510711E-04
   28   18    0  29.640162464  19.054390155   0.955775E-03   0.510711E-04
  -18  -28    0 -19.054390155 -29.640162464   0.955775E-03   0.510711E-04
  -28  -18    0 -29.640162464 -19.054390155   0.955775E-03   0.510711E-04
   18   28    0  19.054390155  29.640162464   0.955775E-03   0.510711E-04
   24   24    0  25.405853540  25.405853540   0.222360E-02   0.992253E-04
   24  -24    0  25.405853540 -25.405853540   0.222360E-02   0.992253E-04
  -24  -24    0 -25.405853540 -25.405853540   0.222360E-02   0.992253E-04
  -24   24    0 -25.405853540  25.405853540   0.222360E-02   0.992253E-04
   22   26    0  23.288699079  27.523008002   0.220847E-02   0.990201E-04
  -26  -22    0 -27.523008002 -23.288699079   0.220847E-02   0.990201E-04
  -22  -26    0 -23.288699079 -27.523008002   0.220847E-02   0.990201E-04
  -26   22    0 -27.523008002  23.288699079   0.220847E-02   0.990201E-04
  -22   26    0 -23.288699079  27.523008002   0.220847E-02   0.990201E-04
   22  -26    0  23.288699079 -27.523008002   0.220847E-02   0.990201E-04
   26  -22    0  27.523008002 -23.288699079   0.220847E-02   0.990201E-04
   26   22    0  27.523008002  23.288699079   0.220847E-02   0.990201E-04
  -28   20    0 -29.640162464  21.171544617   0.216422E-02   0.984120E-04
  -28  -20    0 -29.640162464 -21.171544617   0.216422E-02   0.984120E-04
   20  -28    0  21.171544617 -29.640162464   0.216422E-02   0.984120E-04
   28  -20    0  29.640162464 -21.171544617   0.216422E-02   0.984120E-04
   28   20    0  29.640162464  21.171544617   0.216422E-02   0.984120E-04
  -20  -28    0 -21.171544617 -29.640162464   0.216422E-02   0.984120E-04
  -20   28    0 -21.171544617  29.640162464   0.216422E-02   0.984120E-04
   20   28    0  21.171544617  29.640162464   0.216422E-02   0.984120E-04
  -24  -26    0 -25.405853540 -27.523008002   0.845800E-03   0.686434E-04
   24  -26    0  25.405853540 -27.523008002   0.845800E-03   0.686434E-04
  -26   24    0 -27.523008002  25.405853540   0.845800E-03   0.686434E-04
  -26  -24    0 -27.523008002 -25.405853540   0.845800E-03   0.686434E-04
   26   24    0  27.523008002  25.405853540   0.845800E-03   0.686434E-04
  -24   26    0 -25.405853540  27.523008002   0.845800E-03   0.686434E-04
   24   26    0  25.405853540  27.523008002   0.845800E-03   0.686434E-04
   26  -24    0  27.523008002 -25.405853540   0.845800E-03   0.686434E-04
   22  -28    0  23.288699079 -29.640162464   0.835106E-03   0.677437E-04
  -22   28    0 -23.288699079  29.640162464   0.835106E-03   0.677437E-04
  -28  -22    0 -29.640162464 -23.288699079   0.835106E-03   0.677437E-04
  -28   22    0 -29.640162464  23.288699079   0.835106E-03   0.677437E-04
  -22  -28    0 -23.288699079 -29.640162464   0.835106E-03   0.677437E-04
   28  -22    0  29.640162464 -23.288699079   0.835106E-03   0.677437E-04
   22   28    0  23.288699079  29.640162464   0.835106E-03   0.677437E-04
   28   22    0  29.640162464  23.288699079   0.835106E-03   0.677437E-04
  -26   26    0 -27.523008002  27.523008002   0.189676E-02   0.944369E-04
   26   26    0  27.523008002  27.523008002   0.189676E-02   0.944369E-04
  -26  -26    0 -27.523008002 -27.523008002   0.189676E-02   0.944369E-04
   26  -26    0  27.523008002 -27.523008002   0.189676E-02   0.944369E-04
   28  -24    0  29.640162464 -25.405853540   0.188561E-02   0.942588E-04
  -24  -28    0 -25.405853540 -29.640162464   0.188561E-02   0.942588E-04
   28   24    0  29.640162464  25.405853540   0.188561E-02   0.942588E-04
   24  -28    0  25.405853540 -29.640162464   0.188561E-02   0.942588E-04
   24   28    0  25.405853540  29.640162464   0.188561E-02   0.942588E-04
  -28  -24    0 -29.640162464 -25.405853540   0.188561E-02   0.942588E-04
  -24   28    0 -25.405853540  29.640162464   0.188561E-02   0.942588E-04
  -28   24    0 -29.640162464  25.405853540   0.188561E-02   0.942588E-04
  -28  -26    0 -29.640162464 -27.523008002   0.725064E-03   0.451499E-04
   28   26    0  29.640162464  27.523008002   0.725064E-03   0.451499E-04
  -26  -28    0 -27.523008002 -29.640162464   0.725064E-03   0.451499E-04
  -26   28    0 -27.523008002  29.640162464   0.725064E-03   0.451499E-04
   28  -26    0  29.640162464 -27.523008002   0.725064E-03   0.451499E-04
   26   28    0  27.523008002  29.640162464   0.725064E-03   0.451499E-04
   26  -28    0  27.523008002 -29.640162464   0.725064E-03   0.451499E-04
  -28   26    0 -29.640162464  27.523008002   0.725064E-03   0.451499E-04
  -28   28    0 -29.640162464  29.640162464   0.163447E-02   0.899304E-04
   28  -28    0  29.640162464 -29.640162464   0.163447E-02   0.899304E-04
  -28  -28    0 -29.640162464 -29.640162464   0.163447E-02   0.899304E-04
   28   28    0  29.640162464  29.640162464   0.163447E-02   0.899304E-04
