    0    0    0   0.000000000   0.000000000  -0.339173E-18   0.325893E-04
    0    2    0   0.000000000   1.940093027  -0.371041E-02  -0.498660E-05
   -2    0    0  -1.940093027   0.000000000  -0.371041E-02  -0.498660E-05
    2    0    0   1.940093027  -0.000000000  -0.371041E-02  -0.498660E-05
    0   -2    0  -0.000000000  -1.940093027  -0.371041E-02  -0.498660E-05
    2   -2    0   1.940093027  -1.940093027   0.705267E-01   0.783399E-04
   -2    2    0  -1.940093027   1.940093027   0.705267E-01   0.783399E-04
    2    2    0   1.940093027   1.940093027   0.705267E-01   0.783399E-04
   -2   -2    0  -1.940093027  -1.940093027   0.705267E-01   0.783399E-04
   -4    0    0  -3.880186054   0.000000000   0.513296E-01   0.775261E-04
    0    4    0   0.000000000   3.880186054   0.513296E-01   0.775261E-04
    4    0    0   3.880186054  -0.000000000   0.513296E-01   0.775261E-04
    0   -4    0  -0.000000000  -3.880186054   0.513296E-01   0.775261E-04
    4   -2    0   3.880186054  -1.940093027  -0.693566E-03  -0.423318E-05
    2   -4    0   1.940093027  -3.880186054  -0.693566E-03  -0.423318E-05
   -2   -4    0  -1.940093027  -3.880186054  -0.693566E-03  -0.423318E-05
   -4    2    0  -3.880186054   1.940093027  -0.693566E-03  -0.423318E-05
   -4   -2    0  -3.880186054  -1.940093027  -0.693566E-03  -0.423318E-05
    2    4    0   1.940093027   3.880186054  -0.693566E-03  -0.423318E-05
    4    2    0   3.880186054   1.940093027  -0.693566E-03  -0.423318E-05
   -2    4    0  -1.940093027   3.880186054  -0.693566E-03  -0.423318E-05
    4    4    0   3.880186054   3.880186054   0.352465E-01   0.761305E-04
   -4   -4    0  -3.880186054  -3.880186054   0.352465E-01   0.761305E-04
    4   -4    0   3.880186054  -3.880186054   0.352465E-01   0.761305E-04
   -4    4    0  -3.880186054   3.880186054   0.352465E-01   0.761305E-04
    0   -6    0  -0.000000000  -5.820279081  -0.416149E-03  -0.340555E-05
    0    6    0   0.000000000   5.820279081  -0.416149E-03  -0.340555E-05
   -6    0    0  -5.820279081   0.000000000  -0.416149E-03  -0.340555E-05
    6    0    0   5.820279081  -0.000000000  -0.416149E-03  -0.340555E-05
   -2    6    0  -1.940093027   5.820279081   0.307415E-01   0.755160E-04
   -6   -2    0  -5.820279081  -1.940093027   0.307415E-01   0.755160E-04
    6   -2    0   5.820279081  -1.940093027   0.307415E-01   0.755160E-04
    2    6    0   1.940093027   5.820279081   0.307415E-01   0.755160E-04
    2   -6    0   1.940093027  -5.820279081   0.307415E-01   0.755160E-04
   -2   -6    0  -1.940093027  -5.820279081   0.307415E-01   0.755160E-04
    6    2    0   5.820279081   1.940093027   0.307415E-01   0.755160E-04
   -6    2    0  -5.820279081   1.940093027   0.307415E-01   0.755160E-04
   -6    4    0  -5.820279081   3.880186054  -0.390484E-03  -0.333570E-05
    6    4    0   5.820279081   3.880186054  -0.390484E-03  -0.333570E-05
   -4   -6    0  -3.880186054  -5.820279081  -0.390484E-03  -0.333570E-05
   -6   -4    0  -5.820279081  -3.880186054  -0.390484E-03  -0.333570E-05
    4   -6    0   3.880186054  -5.820279081  -0.390484E-03  -0.333570E-05
   -4    6    0  -3.880186054   5.820279081  -0.390484E-03  -0.333570E-05
    6   -4    0   5.820279081  -3.880186054  -0.390484E-03  -0.333570E-05
    4    6    0   3.880186054   5.820279081  -0.390484E-03  -0.333570E-05
    0    8    0   0.000000000   7.760372107   0.223603E-01   0.739058E-04
    0   -8    0  -0.000000000  -7.760372107   0.223603E-01   0.739058E-04
   -8    0    0  -7.760372107   0.000000000   0.223603E-01   0.739058E-04
    8    0    0   7.760372107  -0.000000000   0.223603E-01   0.739058E-04
   -2    8    0  -1.940093027   7.760372107  -0.382101E-03  -0.332454E-05
   -8   -2    0  -7.760372107  -1.940093027  -0.382101E-03  -0.332454E-05
    8    2    0   7.760372107   1.940093027  -0.382101E-03  -0.332454E-05
    2    8    0   1.940093027   7.760372107  -0.382101E-03  -0.332454E-05
   -2   -8    0  -1.940093027  -7.760372107  -0.382101E-03  -0.332454E-05
   -8    2    0  -7.760372107   1.940093027  -0.382101E-03  -0.332454E-05
    2   -8    0   1.940093027  -7.760372107  -0.382101E-03  -0.332454E-05
    8   -2    0   7.760372107  -1.940093027  -0.382101E-03  -0.332454E-05
    6   -6    0   5.820279081  -5.820279081   0.205135E-01   0.734301E-04
    6    6    0   5.820279081   5.820279081   0.205135E-01   0.734301E-04
   -6   -6    0  -5.820279081  -5.820279081   0.205135E-01   0.734301E-04
   -6    6    0  -5.820279081   5.820279081   0.205135E-01   0.734301E-04
   -8   -4    0  -7.760372107  -3.880186054   0.189531E-01   0.729790E-04
    8   -4    0   7.760372107  -3.880186054   0.189531E-01   0.729790E-04
   -4    8    0  -3.880186054   7.760372107   0.189531E-01   0.729790E-04
    8    4    0   7.760372107   3.880186054   0.189531E-01   0.729790E-04
   -8    4    0  -7.760372107   3.880186054   0.189531E-01   0.729790E-04
    4   -8    0   3.880186054  -7.760372107   0.189531E-01   0.729790E-04
   -4   -8    0  -3.880186054  -7.760372107   0.189531E-01   0.729790E-04
    4    8    0   3.880186054   7.760372107   0.189531E-01   0.729790E-04
    8    6    0   7.760372107   5.820279081  -0.335649E-03  -0.331351E-05
   -6    8    0  -5.820279081   7.760372107  -0.335649E-03  -0.331351E-05
    6   -8    0   5.820279081  -7.760372107  -0.335649E-03  -0.331351E-05
    6    8    0   5.820279081   7.760372107  -0.335649E-03  -0.331351E-05
    8   -6    0   7.760372107  -5.820279081  -0.335649E-03  -0.331351E-05
   -6   -8    0  -5.820279081  -7.760372107  -0.335649E-03  -0.331351E-05
   -8   -6    0  -7.760372107  -5.820279081  -0.335649E-03  -0.331351E-05
   -8    6    0  -7.760372107   5.820279081  -0.335649E-03  -0.331351E-05
   10    0    0   9.700465134  -0.000000000  -0.335649E-03  -0.330260E-05
  -10    0    0  -9.700465134   0.000000000  -0.335649E-03  -0.330260E-05
    0   10    0   0.000000000   9.700465134  -0.335649E-03  -0.330260E-05
    0  -10    0  -0.000000000  -9.700465134  -0.335649E-03  -0.330260E-05
    2  -10    0   1.940093027  -9.700465134   0.154533E-01   0.717483E-04
   10   -2    0   9.700465134  -1.940093027   0.154533E-01   0.717483E-04
   -2   10    0  -1.940093027   9.700465134   0.154533E-01   0.717483E-04
   -2  -10    0  -1.940093027  -9.700465134   0.154533E-01   0.717483E-04
    2   10    0   1.940093027   9.700465134   0.154533E-01   0.717483E-04
   10    2    0   9.700465134   1.940093027   0.154533E-01   0.717483E-04
  -10    2    0  -9.700465134   1.940093027   0.154533E-01   0.717483E-04
  -10   -2    0  -9.700465134  -1.940093027   0.154533E-01   0.717483E-04
   -4  -10    0  -3.880186054  -9.700465134  -0.304108E-03  -0.328116E-05
  -10    4    0  -9.700465134   3.880186054  -0.304108E-03  -0.328116E-05
   10   -4    0   9.700465134  -3.880186054  -0.304108E-03  -0.328116E-05
    4   10    0   3.880186054   9.700465134  -0.304108E-03  -0.328116E-05
   10    4    0   9.700465134   3.880186054  -0.304108E-03  -0.328116E-05
   -4   10    0  -3.880186054   9.700465134  -0.304108E-03  -0.328116E-05
    4  -10    0   3.880186054  -9.700465134  -0.304108E-03  -0.328116E-05
  -10   -4    0  -9.700465134  -3.880186054  -0.304108E-03  -0.328116E-05
    8    8    0   7.760372107   7.760372107   0.130761E-01   0.706639E-04
    8   -8    0   7.760372107  -7.760372107   0.130761E-01   0.706639E-04
   -8   -8    0  -7.760372107  -7.760372107   0.130761E-01   0.706639E-04
   -8    8    0  -7.760372107   7.760372107   0.130761E-01   0.706639E-04
   -6   10    0  -5.820279081   9.700465134   0.124462E-01   0.703287E-04
   10    6    0   9.700465134   5.820279081   0.124462E-01   0.703287E-04
  -10   -6    0  -9.700465134  -5.820279081   0.124462E-01   0.703287E-04
    6  -10    0   5.820279081  -9.700465134   0.124462E-01   0.703287E-04
   10   -6    0   9.700465134  -5.820279081   0.124462E-01   0.703287E-04
   -6  -10    0  -5.820279081  -9.700465134   0.124462E-01   0.703287E-04
  -10    6    0  -9.700465134   5.820279081   0.124462E-01   0.703287E-04
    6   10    0   5.820279081   9.700465134   0.124462E-01   0.703287E-04
   12    0    0  11.640558161  -0.000000000   0.118782E-01   0.700048E-04
    0   12    0   0.000000000  11.640558161   0.118782E-01   0.700048E-04
    0  -12    0  -0.000000000 -11.640558161   0.118782E-01   0.700048E-04
  -12    0    0 -11.640558161   0.000000000   0.118782E-01   0.700048E-04
    2   12    0   1.940093027  11.640558161  -0.243094E-03  -0.327062E-05
  -12   -2    0 -11.640558161  -1.940093027  -0.243094E-03  -0.327062E-05
   -2   12    0  -1.940093027  11.640558161  -0.243094E-03  -0.327062E-05
   -2  -12    0  -1.940093027 -11.640558161  -0.243094E-03  -0.327062E-05
  -12    2    0 -11.640558161   1.940093027  -0.243094E-03  -0.327062E-05
   12   -2    0  11.640558161  -1.940093027  -0.243094E-03  -0.327062E-05
   12    2    0  11.640558161   1.940093027  -0.243094E-03  -0.327062E-05
    2  -12    0   1.940093027 -11.640558161  -0.243094E-03  -0.327062E-05
   -4  -12    0  -3.880186054 -11.640558161   0.108953E-01   0.693877E-04
    4   12    0   3.880186054  11.640558161   0.108953E-01   0.693877E-04
   12    4    0  11.640558161   3.880186054   0.108953E-01   0.693877E-04
   12   -4    0  11.640558161  -3.880186054   0.108953E-01   0.693877E-04
  -12   -4    0 -11.640558161  -3.880186054   0.108953E-01   0.693877E-04
   -4   12    0  -3.880186054  11.640558161   0.108953E-01   0.693877E-04
    4  -12    0   3.880186054 -11.640558161   0.108953E-01   0.693877E-04
  -12    4    0 -11.640558161   3.880186054   0.108953E-01   0.693877E-04
    8  -10    0   7.760372107  -9.700465134  -0.216769E-03  -0.324988E-05
   10    8    0   9.700465134   7.760372107  -0.216769E-03  -0.324988E-05
   -8  -10    0  -7.760372107  -9.700465134  -0.216769E-03  -0.324988E-05
   -8   10    0  -7.760372107   9.700465134  -0.216769E-03  -0.324988E-05
  -10   -8    0  -9.700465134  -7.760372107  -0.216769E-03  -0.324988E-05
    8   10    0   7.760372107   9.700465134  -0.216769E-03  -0.324988E-05
  -10    8    0  -9.700465134   7.760372107  -0.216769E-03  -0.324988E-05
   10   -8    0   9.700465134  -7.760372107  -0.216769E-03  -0.324988E-05
  -12   -6    0 -11.640558161  -5.820279081  -0.193812E-03  -0.324988E-05
   12    6    0  11.640558161   5.820279081  -0.193812E-03  -0.324988E-05
   12   -6    0  11.640558161  -5.820279081  -0.193812E-03  -0.324988E-05
    6   12    0   5.820279081  11.640558161  -0.193812E-03  -0.324988E-05
  -12    6    0 -11.640558161   5.820279081  -0.193812E-03  -0.324988E-05
   -6   12    0  -5.820279081  11.640558161  -0.193812E-03  -0.324988E-05
   -6  -12    0  -5.820279081 -11.640558161  -0.193812E-03  -0.324988E-05
    6  -12    0   5.820279081 -11.640558161  -0.193812E-03  -0.324988E-05
  -14    0    0 -13.580651188   0.000000000  -0.174097E-03  -0.323968E-05
   14    0    0  13.580651188  -0.000000000  -0.174097E-03  -0.323968E-05
    0  -14    0  -0.000000000 -13.580651188  -0.174097E-03  -0.323968E-05
    0   14    0   0.000000000  13.580651188  -0.174097E-03  -0.323968E-05
   10  -10    0   9.700465134  -9.700465134   0.907169E-02   0.679939E-04
   10   10    0   9.700465134   9.700465134   0.907169E-02   0.679939E-04
  -10  -10    0  -9.700465134  -9.700465134   0.907169E-02   0.679939E-04
  -10   10    0  -9.700465134   9.700465134   0.907169E-02   0.679939E-04
   -2   14    0  -1.940093027  13.580651188   0.907169E-02   0.679939E-04
    2  -14    0   1.940093027 -13.580651188   0.907169E-02   0.679939E-04
  -14    2    0 -13.580651188   1.940093027   0.907169E-02   0.679939E-04
   -2  -14    0  -1.940093027 -13.580651188   0.907169E-02   0.679939E-04
   14   -2    0  13.580651188  -1.940093027   0.907169E-02   0.679939E-04
  -14   -2    0 -13.580651188  -1.940093027   0.907169E-02   0.679939E-04
   14    2    0  13.580651188   1.940093027   0.907169E-02   0.679939E-04
    2   14    0   1.940093027  13.580651188   0.907169E-02   0.679939E-04
    8   12    0   7.760372107  11.640558161   0.878481E-02   0.677364E-04
   -8  -12    0  -7.760372107 -11.640558161   0.878481E-02   0.677364E-04
   12   -8    0  11.640558161  -7.760372107   0.878481E-02   0.677364E-04
  -12    8    0 -11.640558161   7.760372107   0.878481E-02   0.677364E-04
    8  -12    0   7.760372107 -11.640558161   0.878481E-02   0.677364E-04
   -8   12    0  -7.760372107  11.640558161   0.878481E-02   0.677364E-04
   12    8    0  11.640558161   7.760372107   0.878481E-02   0.677364E-04
  -12   -8    0 -11.640558161  -7.760372107   0.878481E-02   0.677364E-04
   -4   14    0  -3.880186054  13.580651188  -0.157318E-03  -0.320974E-05
    4  -14    0   3.880186054 -13.580651188  -0.157318E-03  -0.320974E-05
    4   14    0   3.880186054  13.580651188  -0.157318E-03  -0.320974E-05
   -4  -14    0  -3.880186054 -13.580651188  -0.157318E-03  -0.320974E-05
  -14    4    0 -13.580651188   3.880186054  -0.157318E-03  -0.320974E-05
   14    4    0  13.580651188   3.880186054  -0.157318E-03  -0.320974E-05
   14   -4    0  13.580651188  -3.880186054  -0.157318E-03  -0.320974E-05
  -14   -4    0 -13.580651188  -3.880186054  -0.157318E-03  -0.320974E-05
   -6   14    0  -5.820279081  13.580651188   0.803439E-02   0.669996E-04
    6   14    0   5.820279081  13.580651188   0.803439E-02   0.669996E-04
  -14   -6    0 -13.580651188  -5.820279081   0.803439E-02   0.669996E-04
   14   -6    0  13.580651188  -5.820279081   0.803439E-02   0.669996E-04
   -6  -14    0  -5.820279081 -13.580651188   0.803439E-02   0.669996E-04
  -14    6    0 -13.580651188   5.820279081   0.803439E-02   0.669996E-04
   14    6    0  13.580651188   5.820279081   0.803439E-02   0.669996E-04
    6  -14    0   5.820279081 -13.580651188   0.803439E-02   0.669996E-04
  -10   12    0  -9.700465134  11.640558161  -0.131104E-03  -0.320974E-05
   10  -12    0   9.700465134 -11.640558161  -0.131104E-03  -0.320974E-05
  -10  -12    0  -9.700465134 -11.640558161  -0.131104E-03  -0.320974E-05
   12  -10    0  11.640558161  -9.700465134  -0.131104E-03  -0.320974E-05
   12   10    0  11.640558161   9.700465134  -0.131104E-03  -0.320974E-05
  -12   10    0 -11.640558161   9.700465134  -0.131104E-03  -0.320974E-05
  -12  -10    0 -11.640558161  -9.700465134  -0.131104E-03  -0.320974E-05
   10   12    0   9.700465134  11.640558161  -0.131104E-03  -0.320974E-05
   16    0    0  15.520744215  -0.000000000   0.741464E-02   0.663096E-04
    0  -16    0  -0.000000000 -15.520744215   0.741464E-02   0.663096E-04
  -16    0    0 -15.520744215   0.000000000   0.741464E-02   0.663096E-04
    0   16    0   0.000000000  15.520744215   0.741464E-02   0.663096E-04
    2   16    0   1.940093027  15.520744215  -0.120964E-03  -0.318074E-05
   -2  -16    0  -1.940093027 -15.520744215  -0.120964E-03  -0.318074E-05
    2  -16    0   1.940093027 -15.520744215  -0.120964E-03  -0.318074E-05
   -2   16    0  -1.940093027  15.520744215  -0.120964E-03  -0.318074E-05
  -16   -2    0 -15.520744215  -1.940093027  -0.120964E-03  -0.318074E-05
  -16    2    0 -15.520744215   1.940093027  -0.120964E-03  -0.318074E-05
   16   -2    0  15.520744215  -1.940093027  -0.120964E-03  -0.318074E-05
   16    2    0  15.520744215   1.940093027  -0.120964E-03  -0.318074E-05
  -14    8    0 -13.580651188   7.760372107  -0.120964E-03  -0.319031E-05
    8  -14    0   7.760372107 -13.580651188  -0.120964E-03  -0.319031E-05
  -14   -8    0 -13.580651188  -7.760372107  -0.120964E-03  -0.319031E-05
   -8   14    0  -7.760372107  13.580651188  -0.120964E-03  -0.319031E-05
    8   14    0   7.760372107  13.580651188  -0.120964E-03  -0.319031E-05
   14    8    0  13.580651188   7.760372107  -0.120964E-03  -0.319031E-05
   -8  -14    0  -7.760372107 -13.580651188  -0.120964E-03  -0.319031E-05
   14   -8    0  13.580651188  -7.760372107  -0.120964E-03  -0.319031E-05
    4   16    0   3.880186054  15.520744215   0.705754E-02   0.658723E-04
   -4   16    0  -3.880186054  15.520744215   0.705754E-02   0.658723E-04
   16    4    0  15.520744215   3.880186054   0.705754E-02   0.658723E-04
  -16   -4    0 -15.520744215  -3.880186054   0.705754E-02   0.658723E-04
   -4  -16    0  -3.880186054 -15.520744215   0.705754E-02   0.658723E-04
  -16    4    0 -15.520744215   3.880186054   0.705754E-02   0.658723E-04
   16   -4    0  15.520744215  -3.880186054   0.705754E-02   0.658723E-04
    4  -16    0   3.880186054 -15.520744215   0.705754E-02   0.658723E-04
  -12  -12    0 -11.640558161 -11.640558161   0.673676E-02   0.654513E-04
   12  -12    0  11.640558161 -11.640558161   0.673676E-02   0.654513E-04
   12   12    0  11.640558161  11.640558161   0.673676E-02   0.654513E-04
  -12   12    0 -11.640558161  11.640558161   0.673676E-02   0.654513E-04
   16   -6    0  15.520744215  -5.820279081  -0.105127E-03  -0.316190E-05
  -16    6    0 -15.520744215   5.820279081  -0.105127E-03  -0.316190E-05
  -16   -6    0 -15.520744215  -5.820279081  -0.105127E-03  -0.316190E-05
    6   16    0   5.820279081  15.520744215  -0.105127E-03  -0.316190E-05
   16    6    0  15.520744215   5.820279081  -0.105127E-03  -0.316190E-05
    6  -16    0   5.820279081 -15.520744215  -0.105127E-03  -0.316190E-05
   -6   16    0  -5.820279081  15.520744215  -0.105127E-03  -0.316190E-05
   -6  -16    0  -5.820279081 -15.520744215  -0.105127E-03  -0.316190E-05
  -14  -10    0 -13.580651188  -9.700465134   0.658820E-02   0.652464E-04
  -10   14    0  -9.700465134  13.580651188   0.658820E-02   0.652464E-04
  -10  -14    0  -9.700465134 -13.580651188   0.658820E-02   0.652464E-04
  -14   10    0 -13.580651188   9.700465134   0.658820E-02   0.652464E-04
   14  -10    0  13.580651188  -9.700465134   0.658820E-02   0.652464E-04
   14   10    0  13.580651188   9.700465134   0.658820E-02   0.652464E-04
   10  -14    0   9.700465134 -13.580651188   0.658820E-02   0.652464E-04
   10   14    0   9.700465134  13.580651188   0.658820E-02   0.652464E-04
  -16   -8    0 -15.520744215  -7.760372107   0.618283E-02   0.646526E-04
   16   -8    0  15.520744215  -7.760372107   0.618283E-02   0.646526E-04
   16    8    0  15.520744215   7.760372107   0.618283E-02   0.646526E-04
    8   16    0   7.760372107  15.520744215   0.618283E-02   0.646526E-04
  -16    8    0 -15.520744215   7.760372107   0.618283E-02   0.646526E-04
    8  -16    0   7.760372107 -15.520744215   0.618283E-02   0.646526E-04
   -8   16    0  -7.760372107  15.520744215   0.618283E-02   0.646526E-04
   -8  -16    0  -7.760372107 -15.520744215   0.618283E-02   0.646526E-04
  -18    0    0 -17.460837242   0.000000000  -0.936918E-04  -0.316190E-05
    0  -18    0  -0.000000000 -17.460837242  -0.936918E-04  -0.316190E-05
   18    0    0  17.460837242  -0.000000000  -0.936918E-04  -0.316190E-05
    0   18    0   0.000000000  17.460837242  -0.936918E-04  -0.316190E-05
   18    2    0  17.460837242   1.940093027   0.605955E-02   0.644611E-04
    2   18    0   1.940093027  17.460837242   0.605955E-02   0.644611E-04
   -2  -18    0  -1.940093027 -17.460837242   0.605955E-02   0.644611E-04
  -18    2    0 -17.460837242   1.940093027   0.605955E-02   0.644611E-04
   -2   18    0  -1.940093027  17.460837242   0.605955E-02   0.644611E-04
  -18   -2    0 -17.460837242  -1.940093027   0.605955E-02   0.644611E-04
   18   -2    0  17.460837242  -1.940093027   0.605955E-02   0.644611E-04
    2  -18    0   1.940093027 -17.460837242   0.605955E-02   0.644611E-04
   -4   18    0  -3.880186054  17.460837242  -0.891852E-04  -0.316190E-05
  -14  -12    0 -13.580651188 -11.640558161  -0.891852E-04  -0.314344E-05
  -18   -4    0 -17.460837242  -3.880186054  -0.891852E-04  -0.316190E-05
   14   12    0  13.580651188  11.640558161  -0.891852E-04  -0.314344E-05
   12   14    0  11.640558161  13.580651188  -0.891852E-04  -0.314344E-05
  -12   14    0 -11.640558161  13.580651188  -0.891852E-04  -0.314344E-05
  -14   12    0 -13.580651188  11.640558161  -0.891852E-04  -0.314344E-05
   -4  -18    0  -3.880186054 -17.460837242  -0.891852E-04  -0.316190E-05
   14  -12    0  13.580651188 -11.640558161  -0.891852E-04  -0.314344E-05
  -12  -14    0 -11.640558161 -13.580651188  -0.891852E-04  -0.314344E-05
    4  -18    0   3.880186054 -17.460837242  -0.891852E-04  -0.316190E-05
   12  -14    0  11.640558161 -13.580651188  -0.891852E-04  -0.314344E-05
   18   -4    0  17.460837242  -3.880186054  -0.891852E-04  -0.316190E-05
   18    4    0  17.460837242   3.880186054  -0.891852E-04  -0.316190E-05
  -18    4    0 -17.460837242   3.880186054  -0.891852E-04  -0.316190E-05
    4   18    0   3.880186054  17.460837242  -0.891852E-04  -0.316190E-05
   16  -10    0  15.520744215  -9.700465134  -0.853080E-04  -0.313435E-05
   16   10    0  15.520744215   9.700465134  -0.853080E-04  -0.313435E-05
   10   16    0   9.700465134  15.520744215  -0.853080E-04  -0.313435E-05
  -16   10    0 -15.520744215   9.700465134  -0.853080E-04  -0.313435E-05
   10  -16    0   9.700465134 -15.520744215  -0.853080E-04  -0.313435E-05
  -16  -10    0 -15.520744215  -9.700465134  -0.853080E-04  -0.313435E-05
  -10   16    0  -9.700465134  15.520744215  -0.853080E-04  -0.313435E-05
  -10  -16    0  -9.700465134 -15.520744215  -0.853080E-04  -0.313435E-05
   18   -6    0  17.460837242  -5.820279081   0.561530E-02   0.637246E-04
  -18    6    0 -17.460837242   5.820279081   0.561530E-02   0.637246E-04
   -6  -18    0  -5.820279081 -17.460837242   0.561530E-02   0.637246E-04
   -6   18    0  -5.820279081  17.460837242   0.561530E-02   0.637246E-04
    6  -18    0   5.820279081 -17.460837242   0.561530E-02   0.637246E-04
  -18   -6    0 -17.460837242  -5.820279081   0.561530E-02   0.637246E-04
   18    6    0  17.460837242   5.820279081   0.561530E-02   0.637246E-04
    6   18    0   5.820279081  17.460837242   0.561530E-02   0.637246E-04
    8  -18    0   7.760372107 -17.460837242  -0.790380E-04  -0.310761E-05
  -18   -8    0 -17.460837242  -7.760372107  -0.790380E-04  -0.310761E-05
  -18    8    0 -17.460837242   7.760372107  -0.790380E-04  -0.310761E-05
   -8  -18    0  -7.760372107 -17.460837242  -0.790380E-04  -0.310761E-05
   18   -8    0  17.460837242  -7.760372107  -0.790380E-04  -0.310761E-05
   -8   18    0  -7.760372107  17.460837242  -0.790380E-04  -0.310761E-05
   18    8    0  17.460837242   7.760372107  -0.790380E-04  -0.310761E-05
    8   18    0   7.760372107  17.460837242  -0.790380E-04  -0.310761E-05
  -14  -14    0 -13.580651188 -13.580651188   0.523530E-02   0.630304E-04
   14   14    0  13.580651188  13.580651188   0.523530E-02   0.630304E-04
   14  -14    0  13.580651188 -13.580651188   0.523530E-02   0.630304E-04
  -14   14    0 -13.580651188  13.580651188   0.523530E-02   0.630304E-04
  -12   16    0 -11.640558161  15.520744215   0.514859E-02   0.628628E-04
   12  -16    0  11.640558161 -15.520744215   0.514859E-02   0.628628E-04
   12   16    0  11.640558161  15.520744215   0.514859E-02   0.628628E-04
  -12  -16    0 -11.640558161 -15.520744215   0.514859E-02   0.628628E-04
   16   12    0  15.520744215  11.640558161   0.514859E-02   0.628628E-04
  -16  -12    0 -15.520744215 -11.640558161   0.514859E-02   0.628628E-04
  -16   12    0 -15.520744215  11.640558161   0.514859E-02   0.628628E-04
   16  -12    0  15.520744215 -11.640558161   0.514859E-02   0.628628E-04
    0  -20    0  -0.000000000 -19.400930269   0.514859E-02   0.628628E-04
  -20    0    0 -19.400930269   0.000000000   0.514859E-02   0.628628E-04
    0   20    0   0.000000000  19.400930269   0.514859E-02   0.628628E-04
   20    0    0  19.400930269  -0.000000000   0.514859E-02   0.628628E-04
    2  -20    0   1.940093027 -19.400930269  -0.764854E-04  -0.309887E-05
  -20   -2    0 -19.400930269  -1.940093027  -0.764854E-04  -0.309887E-05
   -2   20    0  -1.940093027  19.400930269  -0.764854E-04  -0.309887E-05
   20   -2    0  19.400930269  -1.940093027  -0.764854E-04  -0.309887E-05
  -20    2    0 -19.400930269   1.940093027  -0.764854E-04  -0.309887E-05
   -2  -20    0  -1.940093027 -19.400930269  -0.764854E-04  -0.309887E-05
   20    2    0  19.400930269   1.940093027  -0.764854E-04  -0.309887E-05
    2   20    0   1.940093027  19.400930269  -0.764854E-04  -0.309887E-05
   -4   20    0  -3.880186054  19.400930269   0.498386E-02   0.625343E-04
   20   -4    0  19.400930269  -3.880186054   0.498386E-02   0.625343E-04
   -4  -20    0  -3.880186054 -19.400930269   0.498386E-02   0.625343E-04
   20    4    0  19.400930269   3.880186054   0.498386E-02   0.625343E-04
    4  -20    0   3.880186054 -19.400930269   0.498386E-02   0.625343E-04
  -20   -4    0 -19.400930269  -3.880186054   0.498386E-02   0.625343E-04
  -20    4    0 -19.400930269   3.880186054   0.498386E-02   0.625343E-04
    4   20    0   3.880186054  19.400930269   0.498386E-02   0.625343E-04
  -18   10    0 -17.460837242   9.700465134   0.490552E-02   0.623733E-04
  -10  -18    0  -9.700465134 -17.460837242   0.490552E-02   0.623733E-04
  -10   18    0  -9.700465134  17.460837242   0.490552E-02   0.623733E-04
   18  -10    0  17.460837242  -9.700465134   0.490552E-02   0.623733E-04
   10   18    0   9.700465134  17.460837242   0.490552E-02   0.623733E-04
  -18  -10    0 -17.460837242  -9.700465134   0.490552E-02   0.623733E-04
   18   10    0  17.460837242   9.700465134   0.490552E-02   0.623733E-04
   10  -18    0   9.700465134 -17.460837242   0.490552E-02   0.623733E-04
  -20   -6    0 -19.400930269  -5.820279081  -0.722421E-04  -0.308164E-05
    6  -20    0   5.820279081 -19.400930269  -0.722421E-04  -0.308164E-05
  -20    6    0 -19.400930269   5.820279081  -0.722421E-04  -0.308164E-05
   -6   20    0  -5.820279081  19.400930269  -0.722421E-04  -0.308164E-05
   -6  -20    0  -5.820279081 -19.400930269  -0.722421E-04  -0.308164E-05
    6   20    0   5.820279081  19.400930269  -0.722421E-04  -0.308164E-05
   20   -6    0  19.400930269  -5.820279081  -0.722421E-04  -0.308164E-05
   20    6    0  19.400930269   5.820279081  -0.722421E-04  -0.308164E-05
  -16   14    0 -15.520744215  13.580651188  -0.704603E-04  -0.307315E-05
   16  -14    0  15.520744215 -13.580651188  -0.704603E-04  -0.307315E-05
  -16  -14    0 -15.520744215 -13.580651188  -0.704603E-04  -0.307315E-05
  -14   16    0 -13.580651188  15.520744215  -0.704603E-04  -0.307315E-05
   14  -16    0  13.580651188 -15.520744215  -0.704603E-04  -0.307315E-05
   14   16    0  13.580651188  15.520744215  -0.704603E-04  -0.307315E-05
   16   14    0  15.520744215  13.580651188  -0.704603E-04  -0.307315E-05
  -14  -16    0 -13.580651188 -15.520744215  -0.704603E-04  -0.307315E-05
   20    8    0  19.400930269   7.760372107   0.454887E-02   0.615978E-04
    8   20    0   7.760372107  19.400930269   0.454887E-02   0.615978E-04
   -8  -20    0  -7.760372107 -19.400930269   0.454887E-02   0.615978E-04
   20   -8    0  19.400930269  -7.760372107   0.454887E-02   0.615978E-04
  -20   -8    0 -19.400930269  -7.760372107   0.454887E-02   0.615978E-04
    8  -20    0   7.760372107 -19.400930269   0.454887E-02   0.615978E-04
  -20    8    0 -19.400930269   7.760372107   0.454887E-02   0.615978E-04
   -8   20    0  -7.760372107  19.400930269   0.454887E-02   0.615978E-04
  -18  -12    0 -17.460837242 -11.640558161  -0.688569E-04  -0.307315E-05
  -18   12    0 -17.460837242  11.640558161  -0.688569E-04  -0.307315E-05
  -12  -18    0 -11.640558161 -17.460837242  -0.688569E-04  -0.307315E-05
  -12   18    0 -11.640558161  17.460837242  -0.688569E-04  -0.307315E-05
   12   18    0  11.640558161  17.460837242  -0.688569E-04  -0.307315E-05
   18  -12    0  17.460837242 -11.640558161  -0.688569E-04  -0.307315E-05
   12  -18    0  11.640558161 -17.460837242  -0.688569E-04  -0.307315E-05
   18   12    0  17.460837242  11.640558161  -0.688569E-04  -0.307315E-05
   22    0    0  21.341023296  -0.000000000  -0.674034E-04  -0.306473E-05
  -22    0    0 -21.341023296   0.000000000  -0.674034E-04  -0.306473E-05
    0  -22    0  -0.000000000 -21.341023296  -0.674034E-04  -0.306473E-05
    0   22    0   0.000000000  21.341023296  -0.674034E-04  -0.306473E-05
   -2   22    0  -1.940093027  21.341023296   0.435906E-02   0.611545E-04
   22   -2    0  21.341023296  -1.940093027   0.435906E-02   0.611545E-04
    2  -22    0   1.940093027 -21.341023296   0.435906E-02   0.611545E-04
  -22    2    0 -21.341023296   1.940093027   0.435906E-02   0.611545E-04
   -2  -22    0  -1.940093027 -21.341023296   0.435906E-02   0.611545E-04
  -22   -2    0 -21.341023296  -1.940093027   0.435906E-02   0.611545E-04
   22    2    0  21.341023296   1.940093027   0.435906E-02   0.611545E-04
    2   22    0   1.940093027  21.341023296   0.435906E-02   0.611545E-04
   10  -20    0   9.700465134 -19.400930269  -0.660762E-04  -0.305640E-05
  -10  -20    0  -9.700465134 -19.400930269  -0.660762E-04  -0.305640E-05
   10   20    0   9.700465134  19.400930269  -0.660762E-04  -0.305640E-05
  -20  -10    0 -19.400930269  -9.700465134  -0.660762E-04  -0.305640E-05
  -10   20    0  -9.700465134  19.400930269  -0.660762E-04  -0.305640E-05
   20  -10    0  19.400930269  -9.700465134  -0.660762E-04  -0.305640E-05
   20   10    0  19.400930269   9.700465134  -0.660762E-04  -0.305640E-05
  -20   10    0 -19.400930269   9.700465134  -0.660762E-04  -0.305640E-05
   22    4    0  21.341023296   3.880186054  -0.660762E-04  -0.304814E-05
    4   22    0   3.880186054  21.341023296  -0.660762E-04  -0.304814E-05
   22   -4    0  21.341023296  -3.880186054  -0.660762E-04  -0.304814E-05
   -4   22    0  -3.880186054  21.341023296  -0.660762E-04  -0.304814E-05
   -4  -22    0  -3.880186054 -21.341023296  -0.660762E-04  -0.304814E-05
    4  -22    0   3.880186054 -21.341023296  -0.660762E-04  -0.304814E-05
  -22    4    0 -21.341023296   3.880186054  -0.660762E-04  -0.304814E-05
  -22   -4    0 -21.341023296  -3.880186054  -0.660762E-04  -0.304814E-05
  -16   16    0 -15.520744215  15.520744215   0.418451E-02   0.607263E-04
   16   16    0  15.520744215  15.520744215   0.418451E-02   0.607263E-04
   16  -16    0  15.520744215 -15.520744215   0.418451E-02   0.607263E-04
  -16  -16    0 -15.520744215 -15.520744215   0.418451E-02   0.607263E-04
   18   14    0  17.460837242  13.580651188   0.412939E-02   0.605867E-04
   14  -18    0  13.580651188 -17.460837242   0.412939E-02   0.605867E-04
   14   18    0  13.580651188  17.460837242   0.412939E-02   0.605867E-04
  -18   14    0 -17.460837242  13.580651188   0.412939E-02   0.605867E-04
  -14   18    0 -13.580651188  17.460837242   0.412939E-02   0.605867E-04
  -14  -18    0 -13.580651188 -17.460837242   0.412939E-02   0.605867E-04
   18  -14    0  17.460837242 -13.580651188   0.412939E-02   0.605867E-04
  -18  -14    0 -17.460837242 -13.580651188   0.412939E-02   0.605867E-04
  -22   -6    0 -21.341023296  -5.820279081   0.412939E-02   0.605867E-04
   22   -6    0  21.341023296  -5.820279081   0.412939E-02   0.605867E-04
    6  -22    0   5.820279081 -21.341023296   0.412939E-02   0.605867E-04
   -6   22    0  -5.820279081  21.341023296   0.412939E-02   0.605867E-04
   -6  -22    0  -5.820279081 -21.341023296   0.412939E-02   0.605867E-04
   22    6    0  21.341023296   5.820279081   0.412939E-02   0.605867E-04
    6   22    0   5.820279081  21.341023296   0.412939E-02   0.605867E-04
  -22    6    0 -21.341023296   5.820279081   0.412939E-02   0.605867E-04
  -20  -12    0 -19.400930269 -11.640558161   0.397235E-02   0.601769E-04
  -12   20    0 -11.640558161  19.400930269   0.397235E-02   0.601769E-04
   20  -12    0  19.400930269 -11.640558161   0.397235E-02   0.601769E-04
  -20   12    0 -19.400930269  11.640558161   0.397235E-02   0.601769E-04
   20   12    0  19.400930269  11.640558161   0.397235E-02   0.601769E-04
   12  -20    0  11.640558161 -19.400930269   0.397235E-02   0.601769E-04
   12   20    0  11.640558161  19.400930269   0.397235E-02   0.601769E-04
  -12  -20    0 -11.640558161 -19.400930269   0.397235E-02   0.601769E-04
    8   22    0   7.760372107  21.341023296  -0.626706E-04  -0.304814E-05
   22   -8    0  21.341023296  -7.760372107  -0.626706E-04  -0.304814E-05
    8  -22    0   7.760372107 -21.341023296  -0.626706E-04  -0.304814E-05
  -22    8    0 -21.341023296   7.760372107  -0.626706E-04  -0.304814E-05
   -8  -22    0  -7.760372107 -21.341023296  -0.626706E-04  -0.304814E-05
   -8   22    0  -7.760372107  21.341023296  -0.626706E-04  -0.304814E-05
   22    8    0  21.341023296   7.760372107  -0.626706E-04  -0.304814E-05
  -22   -8    0 -21.341023296  -7.760372107  -0.626706E-04  -0.304814E-05
    0  -24    0  -0.000000000 -23.281116322   0.378043E-02   0.596503E-04
    0   24    0   0.000000000  23.281116322   0.378043E-02   0.596503E-04
  -24    0    0 -23.281116322   0.000000000   0.378043E-02   0.596503E-04
   24    0    0  23.281116322  -0.000000000   0.378043E-02   0.596503E-04
   24   -2    0  23.281116322  -1.940093027  -0.607473E-04  -0.300795E-05
   18  -16    0  17.460837242 -15.520744215  -0.607473E-04  -0.302381E-05
  -24   -2    0 -23.281116322  -1.940093027  -0.607473E-04  -0.300795E-05
   -2  -24    0  -1.940093027 -23.281116322  -0.607473E-04  -0.300795E-05
   16  -18    0  15.520744215 -17.460837242  -0.607473E-04  -0.302381E-05
  -16  -18    0 -15.520744215 -17.460837242  -0.607473E-04  -0.302381E-05
    2  -24    0   1.940093027 -23.281116322  -0.607473E-04  -0.300795E-05
   -2   24    0  -1.940093027  23.281116322  -0.607473E-04  -0.300795E-05
   18   16    0  17.460837242  15.520744215  -0.607473E-04  -0.302381E-05
  -18  -16    0 -17.460837242 -15.520744215  -0.607473E-04  -0.302381E-05
   16   18    0  15.520744215  17.460837242  -0.607473E-04  -0.302381E-05
  -18   16    0 -17.460837242  15.520744215  -0.607473E-04  -0.302381E-05
    2   24    0   1.940093027  23.281116322  -0.607473E-04  -0.300795E-05
   24    2    0  23.281116322   1.940093027  -0.607473E-04  -0.300795E-05
  -24    2    0 -23.281116322   1.940093027  -0.607473E-04  -0.300795E-05
  -16   18    0 -15.520744215  17.460837242  -0.607473E-04  -0.302381E-05
   10  -22    0   9.700465134 -21.341023296   0.373527E-02   0.595219E-04
  -22   10    0 -21.341023296   9.700465134   0.373527E-02   0.595219E-04
  -10   22    0  -9.700465134  21.341023296   0.373527E-02   0.595219E-04
  -10  -22    0  -9.700465134 -21.341023296   0.373527E-02   0.595219E-04
   22  -10    0  21.341023296  -9.700465134   0.373527E-02   0.595219E-04
   22   10    0  21.341023296   9.700465134   0.373527E-02   0.595219E-04
  -22  -10    0 -21.341023296  -9.700465134   0.373527E-02   0.595219E-04
   10   22    0   9.700465134  21.341023296   0.373527E-02   0.595219E-04
   24    4    0  23.281116322   3.880186054   0.369115E-02   0.593949E-04
    4  -24    0   3.880186054 -23.281116322   0.369115E-02   0.593949E-04
  -24    4    0 -23.281116322   3.880186054   0.369115E-02   0.593949E-04
  -24   -4    0 -23.281116322  -3.880186054   0.369115E-02   0.593949E-04
   24   -4    0  23.281116322  -3.880186054   0.369115E-02   0.593949E-04
   -4  -24    0  -3.880186054 -23.281116322   0.369115E-02   0.593949E-04
   -4   24    0  -3.880186054  23.281116322   0.369115E-02   0.593949E-04
    4   24    0   3.880186054  23.281116322   0.369115E-02   0.593949E-04
  -14  -20    0 -13.580651188 -19.400930269  -0.598609E-04  -0.300013E-05
   20   14    0  19.400930269  13.580651188  -0.598609E-04  -0.300013E-05
  -14   20    0 -13.580651188  19.400930269  -0.598609E-04  -0.300013E-05
   20  -14    0  19.400930269 -13.580651188  -0.598609E-04  -0.300013E-05
   14  -20    0  13.580651188 -19.400930269  -0.598609E-04  -0.300013E-05
  -20  -14    0 -19.400930269 -13.580651188  -0.598609E-04  -0.300013E-05
   14   20    0  13.580651188  19.400930269  -0.598609E-04  -0.300013E-05
  -20   14    0 -19.400930269  13.580651188  -0.598609E-04  -0.300013E-05
   -6  -24    0  -5.820279081 -23.281116322  -0.590151E-04  -0.299237E-05
   24    6    0  23.281116322   5.820279081  -0.590151E-04  -0.299237E-05
    6   24    0   5.820279081  23.281116322  -0.590151E-04  -0.299237E-05
    6  -24    0   5.820279081 -23.281116322  -0.590151E-04  -0.299237E-05
  -24    6    0 -23.281116322   5.820279081  -0.590151E-04  -0.299237E-05
   24   -6    0  23.281116322  -5.820279081  -0.590151E-04  -0.299237E-05
  -24   -6    0 -23.281116322  -5.820279081  -0.590151E-04  -0.299237E-05
   -6   24    0  -5.820279081  23.281116322  -0.590151E-04  -0.299237E-05
  -22   12    0 -21.341023296  11.640558161  -0.582046E-04  -0.298469E-05
  -22  -12    0 -21.341023296 -11.640558161  -0.582046E-04  -0.298469E-05
   22  -12    0  21.341023296 -11.640558161  -0.582046E-04  -0.298469E-05
   12   22    0  11.640558161  21.341023296  -0.582046E-04  -0.298469E-05
   12  -22    0  11.640558161 -21.341023296  -0.582046E-04  -0.298469E-05
   22   12    0  21.341023296  11.640558161  -0.582046E-04  -0.298469E-05
  -12   22    0 -11.640558161  21.341023296  -0.582046E-04  -0.298469E-05
  -12  -22    0 -11.640558161 -21.341023296  -0.582046E-04  -0.298469E-05
   -8  -24    0  -7.760372107 -23.281116322   0.344645E-02   0.586581E-04
   24   -8    0  23.281116322  -7.760372107   0.344645E-02   0.586581E-04
  -24   -8    0 -23.281116322  -7.760372107   0.344645E-02   0.586581E-04
   -8   24    0  -7.760372107  23.281116322   0.344645E-02   0.586581E-04
   24    8    0  23.281116322   7.760372107   0.344645E-02   0.586581E-04
    8  -24    0   7.760372107 -23.281116322   0.344645E-02   0.586581E-04
  -24    8    0 -23.281116322   7.760372107   0.344645E-02   0.586581E-04
    8   24    0   7.760372107  23.281116322   0.344645E-02   0.586581E-04
  -18   18    0 -17.460837242  17.460837242   0.340871E-02   0.585393E-04
   18  -18    0  17.460837242 -17.460837242   0.340871E-02   0.585393E-04
   18   18    0  17.460837242  17.460837242   0.340871E-02   0.585393E-04
  -18  -18    0 -17.460837242 -17.460837242   0.340871E-02   0.585393E-04
   16  -20    0  15.520744215 -19.400930269   0.337177E-02   0.584216E-04
  -16   20    0 -15.520744215  19.400930269   0.337177E-02   0.584216E-04
  -20  -16    0 -19.400930269 -15.520744215   0.337177E-02   0.584216E-04
   20  -16    0  19.400930269 -15.520744215   0.337177E-02   0.584216E-04
  -20   16    0 -19.400930269  15.520744215   0.337177E-02   0.584216E-04
   20   16    0  19.400930269  15.520744215   0.337177E-02   0.584216E-04
  -16  -20    0 -15.520744215 -19.400930269   0.337177E-02   0.584216E-04
   16   20    0  15.520744215  19.400930269   0.337177E-02   0.584216E-04
  -26    0    0 -25.221209349   0.000000000  -0.559410E-04  -0.296202E-05
    0  -26    0  -0.000000000 -25.221209349  -0.559410E-04  -0.296202E-05
   26    0    0  25.221209349  -0.000000000  -0.559410E-04  -0.296202E-05
    0   26    0   0.000000000  25.221209349  -0.559410E-04  -0.296202E-05
  -10  -24    0  -9.700465134 -23.281116322  -0.559410E-04  -0.295459E-05
   24  -10    0  23.281116322  -9.700465134  -0.559410E-04  -0.295459E-05
  -10   24    0  -9.700465134  23.281116322  -0.559410E-04  -0.295459E-05
  -24   10    0 -23.281116322   9.700465134  -0.559410E-04  -0.295459E-05
   10  -24    0   9.700465134 -23.281116322  -0.559410E-04  -0.295459E-05
   10   24    0   9.700465134  23.281116322  -0.559410E-04  -0.295459E-05
   24   10    0  23.281116322   9.700465134  -0.559410E-04  -0.295459E-05
  -24  -10    0 -23.281116322  -9.700465134  -0.559410E-04  -0.295459E-05
   -2  -26    0  -1.940093027 -25.221209349   0.326545E-02   0.580750E-04
   -2   26    0  -1.940093027  25.221209349   0.326545E-02   0.580750E-04
    2  -26    0   1.940093027 -25.221209349   0.326545E-02   0.580750E-04
   26   -2    0  25.221209349  -1.940093027   0.326545E-02   0.580750E-04
    2   26    0   1.940093027  25.221209349   0.326545E-02   0.580750E-04
   26    2    0  25.221209349   1.940093027   0.326545E-02   0.580750E-04
  -26   -2    0 -25.221209349  -1.940093027   0.326545E-02   0.580750E-04
  -26    2    0 -25.221209349   1.940093027   0.326545E-02   0.580750E-04
  -14   22    0 -13.580651188  21.341023296   0.326545E-02   0.580750E-04
   14  -22    0  13.580651188 -21.341023296   0.326545E-02   0.580750E-04
   22  -14    0  21.341023296 -13.580651188   0.326545E-02   0.580750E-04
  -22  -14    0 -21.341023296 -13.580651188   0.326545E-02   0.580750E-04
   22   14    0  21.341023296  13.580651188   0.326545E-02   0.580750E-04
   14   22    0  13.580651188  21.341023296   0.326545E-02   0.580750E-04
  -22   14    0 -21.341023296  13.580651188   0.326545E-02   0.580750E-04
  -14  -22    0 -13.580651188 -21.341023296   0.326545E-02   0.580750E-04
  -26   -4    0 -25.221209349  -3.880186054  -0.552313E-04  -0.295459E-05
   -4   26    0  -3.880186054  25.221209349  -0.552313E-04  -0.295459E-05
    4   26    0   3.880186054  25.221209349  -0.552313E-04  -0.295459E-05
   -4  -26    0  -3.880186054 -25.221209349  -0.552313E-04  -0.295459E-05
    4  -26    0   3.880186054 -25.221209349  -0.552313E-04  -0.295459E-05
   26    4    0  25.221209349   3.880186054  -0.552313E-04  -0.295459E-05
  -26    4    0 -25.221209349   3.880186054  -0.552313E-04  -0.295459E-05
   26   -4    0  25.221209349  -3.880186054  -0.552313E-04  -0.295459E-05
  -26   -6    0 -25.221209349  -5.820279081   0.313342E-02   0.576270E-04
   26   -6    0  25.221209349  -5.820279081   0.313342E-02   0.576270E-04
   26    6    0  25.221209349   5.820279081   0.313342E-02   0.576270E-04
    6  -26    0   5.820279081 -25.221209349   0.313342E-02   0.576270E-04
   -6   26    0  -5.820279081  25.221209349   0.313342E-02   0.576270E-04
    6   26    0   5.820279081  25.221209349   0.313342E-02   0.576270E-04
   -6  -26    0  -5.820279081 -25.221209349   0.313342E-02   0.576270E-04
  -26    6    0 -25.221209349   5.820279081   0.313342E-02   0.576270E-04
  -24  -12    0 -23.281116322 -11.640558161   0.310202E-02   0.575174E-04
   12   24    0  11.640558161  23.281116322   0.310202E-02   0.575174E-04
   24   12    0  23.281116322  11.640558161   0.310202E-02   0.575174E-04
  -24   12    0 -23.281116322  11.640558161   0.310202E-02   0.575174E-04
   12  -24    0  11.640558161 -23.281116322   0.310202E-02   0.575174E-04
   24  -12    0  23.281116322 -11.640558161   0.310202E-02   0.575174E-04
  -12  -24    0 -11.640558161 -23.281116322   0.310202E-02   0.575174E-04
  -12   24    0 -11.640558161  23.281116322   0.310202E-02   0.575174E-04
   20  -18    0  19.400930269 -17.460837242  -0.538646E-04  -0.295459E-05
  -20  -18    0 -19.400930269 -17.460837242  -0.538646E-04  -0.295459E-05
  -18   20    0 -17.460837242  19.400930269  -0.538646E-04  -0.295459E-05
   18   20    0  17.460837242  19.400930269  -0.538646E-04  -0.295459E-05
   18  -20    0  17.460837242 -19.400930269  -0.538646E-04  -0.295459E-05
  -20   18    0 -19.400930269  17.460837242  -0.538646E-04  -0.295459E-05
   20   18    0  19.400930269  17.460837242  -0.538646E-04  -0.295459E-05
  -18  -20    0 -17.460837242 -19.400930269  -0.538646E-04  -0.295459E-05
   26    8    0  25.221209349   7.760372107  -0.532039E-04  -0.292549E-05
   -8   26    0  -7.760372107  25.221209349  -0.532039E-04  -0.292549E-05
  -26   -8    0 -25.221209349  -7.760372107  -0.532039E-04  -0.292549E-05
   26   -8    0  25.221209349  -7.760372107  -0.532039E-04  -0.292549E-05
  -26    8    0 -25.221209349   7.760372107  -0.532039E-04  -0.292549E-05
    8   26    0   7.760372107  25.221209349  -0.532039E-04  -0.292549E-05
    8  -26    0   7.760372107 -25.221209349  -0.532039E-04  -0.292549E-05
   -8  -26    0  -7.760372107 -25.221209349  -0.532039E-04  -0.292549E-05
   16   22    0  15.520744215  21.341023296  -0.532039E-04  -0.293992E-05
  -22   16    0 -21.341023296  15.520744215  -0.532039E-04  -0.293992E-05
  -22  -16    0 -21.341023296 -15.520744215  -0.532039E-04  -0.293992E-05
   16  -22    0  15.520744215 -21.341023296  -0.532039E-04  -0.293992E-05
  -16  -22    0 -15.520744215 -21.341023296  -0.532039E-04  -0.293992E-05
   22  -16    0  21.341023296 -15.520744215  -0.532039E-04  -0.293992E-05
   22   16    0  21.341023296  15.520744215  -0.532039E-04  -0.293992E-05
  -16   22    0 -15.520744215  21.341023296  -0.532039E-04  -0.293992E-05
   24   14    0  23.281116322  13.580651188  -0.519211E-04  -0.291836E-05
  -24  -14    0 -23.281116322 -13.580651188  -0.519211E-04  -0.291836E-05
   14  -24    0  13.580651188 -23.281116322  -0.519211E-04  -0.291836E-05
  -14   24    0 -13.580651188  23.281116322  -0.519211E-04  -0.291836E-05
  -24   14    0 -23.281116322  13.580651188  -0.519211E-04  -0.291836E-05
   14   24    0  13.580651188  23.281116322  -0.519211E-04  -0.291836E-05
  -14  -24    0 -13.580651188 -23.281116322  -0.519211E-04  -0.291836E-05
   24  -14    0  23.281116322 -13.580651188  -0.519211E-04  -0.291836E-05
  -26   10    0 -25.221209349   9.700465134   0.289814E-02   0.567756E-04
   26   10    0  25.221209349   9.700465134   0.289814E-02   0.567756E-04
   10  -26    0   9.700465134 -25.221209349   0.289814E-02   0.567756E-04
  -10   26    0  -9.700465134  25.221209349   0.289814E-02   0.567756E-04
   10   26    0   9.700465134  25.221209349   0.289814E-02   0.567756E-04
   26  -10    0  25.221209349  -9.700465134   0.289814E-02   0.567756E-04
  -26  -10    0 -25.221209349  -9.700465134   0.289814E-02   0.567756E-04
  -10  -26    0  -9.700465134 -25.221209349   0.289814E-02   0.567756E-04
    0  -28    0  -0.000000000 -27.161302376   0.287112E-02   0.566731E-04
    0   28    0   0.000000000  27.161302376   0.287112E-02   0.566731E-04
  -28    0    0 -27.161302376   0.000000000   0.287112E-02   0.566731E-04
   28    0    0  27.161302376  -0.000000000   0.287112E-02   0.566731E-04
  -28    2    0 -27.161302376   1.940093027  -0.512968E-04  -0.291836E-05
   -2   28    0  -1.940093027  27.161302376  -0.512968E-04  -0.291836E-05
   28   -2    0  27.161302376  -1.940093027  -0.512968E-04  -0.291836E-05
  -28   -2    0 -27.161302376  -1.940093027  -0.512968E-04  -0.291836E-05
   28    2    0  27.161302376   1.940093027  -0.512968E-04  -0.291836E-05
   -2  -28    0  -1.940093027 -27.161302376  -0.512968E-04  -0.291836E-05
    2   28    0   1.940093027  27.161302376  -0.512968E-04  -0.291836E-05
    2  -28    0   1.940093027 -27.161302376  -0.512968E-04  -0.291836E-05
  -20   20    0 -19.400930269  19.400930269   0.281850E-02   0.564705E-04
   20  -20    0  19.400930269 -19.400930269   0.281850E-02   0.564705E-04
  -20  -20    0 -19.400930269 -19.400930269   0.281850E-02   0.564705E-04
   20   20    0  19.400930269  19.400930269   0.281850E-02   0.564705E-04
    4  -28    0   3.880186054 -27.161302376   0.281850E-02   0.564705E-04
   28    4    0  27.161302376   3.880186054   0.281850E-02   0.564705E-04
   28   -4    0  27.161302376  -3.880186054   0.281850E-02   0.564705E-04
  -28   -4    0 -27.161302376  -3.880186054   0.281850E-02   0.564705E-04
   -4   28    0  -3.880186054  27.161302376   0.281850E-02   0.564705E-04
  -28    4    0 -27.161302376   3.880186054   0.281850E-02   0.564705E-04
   -4  -28    0  -3.880186054 -27.161302376   0.281850E-02   0.564705E-04
    4   28    0   3.880186054  27.161302376   0.281850E-02   0.564705E-04
  -22   18    0 -21.341023296  17.460837242   0.279288E-02   0.563704E-04
  -18   22    0 -17.460837242  21.341023296   0.279288E-02   0.563704E-04
   22  -18    0  21.341023296 -17.460837242   0.279288E-02   0.563704E-04
  -18  -22    0 -17.460837242 -21.341023296   0.279288E-02   0.563704E-04
   18  -22    0  17.460837242 -21.341023296   0.279288E-02   0.563704E-04
  -22  -18    0 -21.341023296 -17.460837242   0.279288E-02   0.563704E-04
   18   22    0  17.460837242  21.341023296   0.279288E-02   0.563704E-04
   22   18    0  21.341023296  17.460837242   0.279288E-02   0.563704E-04
   26  -12    0  25.221209349 -11.640558161  -0.500783E-04  -0.291129E-05
  -12   26    0 -11.640558161  25.221209349  -0.500783E-04  -0.291129E-05
  -26  -12    0 -25.221209349 -11.640558161  -0.500783E-04  -0.291129E-05
   12   26    0  11.640558161  25.221209349  -0.500783E-04  -0.291129E-05
  -12  -26    0 -11.640558161 -25.221209349  -0.500783E-04  -0.291129E-05
  -26   12    0 -25.221209349  11.640558161  -0.500783E-04  -0.291129E-05
   12  -26    0  11.640558161 -25.221209349  -0.500783E-04  -0.291129E-05
   26   12    0  25.221209349  11.640558161  -0.500783E-04  -0.291129E-05
  -28   -6    0 -27.161302376  -5.820279081  -0.500783E-04  -0.289732E-05
   -6  -28    0  -5.820279081 -27.161302376  -0.500783E-04  -0.289732E-05
  -28    6    0 -27.161302376   5.820279081  -0.500783E-04  -0.289732E-05
   28   -6    0  27.161302376  -5.820279081  -0.500783E-04  -0.289732E-05
    6  -28    0   5.820279081 -27.161302376  -0.500783E-04  -0.289732E-05
   28    6    0  27.161302376   5.820279081  -0.500783E-04  -0.289732E-05
    6   28    0   5.820279081  27.161302376  -0.500783E-04  -0.289732E-05
   -6   28    0  -5.820279081  27.161302376  -0.500783E-04  -0.289732E-05
  -16  -24    0 -15.520744215 -23.281116322   0.271867E-02   0.560747E-04
   24  -16    0  23.281116322 -15.520744215   0.271867E-02   0.560747E-04
   16  -24    0  15.520744215 -23.281116322   0.271867E-02   0.560747E-04
   16   24    0  15.520744215  23.281116322   0.271867E-02   0.560747E-04
  -16   24    0 -15.520744215  23.281116322   0.271867E-02   0.560747E-04
   24   16    0  23.281116322  15.520744215   0.271867E-02   0.560747E-04
  -24   16    0 -23.281116322  15.520744215   0.271867E-02   0.560747E-04
  -24  -16    0 -23.281116322 -15.520744215   0.271867E-02   0.560747E-04
  -28   -8    0 -27.161302376  -7.760372107   0.267128E-02   0.558814E-04
  -28    8    0 -27.161302376   7.760372107   0.267128E-02   0.558814E-04
    8  -28    0   7.760372107 -27.161302376   0.267128E-02   0.558814E-04
   -8   28    0  -7.760372107  27.161302376   0.267128E-02   0.558814E-04
   28   -8    0  27.161302376  -7.760372107   0.267128E-02   0.558814E-04
   28    8    0  27.161302376   7.760372107   0.267128E-02   0.558814E-04
    8   28    0   7.760372107  27.161302376   0.267128E-02   0.558814E-04
   -8  -28    0  -7.760372107 -27.161302376   0.267128E-02   0.558814E-04
  -14   26    0 -13.580651188  25.221209349   0.260311E-02   0.555967E-04
  -14  -26    0 -13.580651188 -25.221209349   0.260311E-02   0.555967E-04
  -26   14    0 -25.221209349  13.580651188   0.260311E-02   0.555967E-04
   14   26    0  13.580651188  25.221209349   0.260311E-02   0.555967E-04
   14  -26    0  13.580651188 -25.221209349   0.260311E-02   0.555967E-04
  -26  -14    0 -25.221209349 -13.580651188   0.260311E-02   0.555967E-04
   26   14    0  25.221209349  13.580651188   0.260311E-02   0.555967E-04
   26  -14    0  25.221209349 -13.580651188   0.260311E-02   0.555967E-04
  -22   20    0 -21.341023296  19.400930269  -0.477461E-04  -0.286334E-05
   20  -22    0  19.400930269 -21.341023296  -0.477461E-04  -0.286334E-05
   20   22    0  19.400930269  21.341023296  -0.477461E-04  -0.286334E-05
   22  -20    0  21.341023296 -19.400930269  -0.477461E-04  -0.286334E-05
   22   20    0  21.341023296  19.400930269  -0.477461E-04  -0.286334E-05
  -20  -22    0 -19.400930269 -21.341023296  -0.477461E-04  -0.286334E-05
  -22  -20    0 -21.341023296 -19.400930269  -0.477461E-04  -0.286334E-05
  -20   22    0 -19.400930269  21.341023296  -0.477461E-04  -0.286334E-05
  -28   10    0 -27.161302376   9.700465134  -0.477461E-04  -0.289042E-05
   28   10    0  27.161302376   9.700465134  -0.477461E-04  -0.289042E-05
   28  -10    0  27.161302376  -9.700465134  -0.477461E-04  -0.289042E-05
  -10  -28    0  -9.700465134 -27.161302376  -0.477461E-04  -0.289042E-05
   10   28    0   9.700465134  27.161302376  -0.477461E-04  -0.289042E-05
  -10   28    0  -9.700465134  27.161302376  -0.477461E-04  -0.289042E-05
  -28  -10    0 -27.161302376  -9.700465134  -0.477461E-04  -0.289042E-05
   10  -28    0   9.700465134 -27.161302376  -0.477461E-04  -0.289042E-05
   24  -18    0  23.281116322 -17.460837242  -0.471825E-04  -0.285669E-05
  -18  -24    0 -17.460837242 -23.281116322  -0.471825E-04  -0.285669E-05
  -24  -18    0 -23.281116322 -17.460837242  -0.471825E-04  -0.285669E-05
   24   18    0  23.281116322  17.460837242  -0.471825E-04  -0.285669E-05
  -18   24    0 -17.460837242  23.281116322  -0.471825E-04  -0.285669E-05
   18   24    0  17.460837242  23.281116322  -0.471825E-04  -0.285669E-05
  -24   18    0 -23.281116322  17.460837242  -0.471825E-04  -0.285669E-05
   18  -24    0  17.460837242 -23.281116322  -0.471825E-04  -0.285669E-05
   28  -12    0  27.161302376 -11.640558161   0.245646E-02   0.549565E-04
  -28  -12    0 -27.161302376 -11.640558161   0.245646E-02   0.549565E-04
  -12   28    0 -11.640558161  27.161302376   0.245646E-02   0.549565E-04
   12  -28    0  11.640558161 -27.161302376   0.245646E-02   0.549565E-04
  -28   12    0 -27.161302376  11.640558161   0.245646E-02   0.549565E-04
   28   12    0  27.161302376  11.640558161   0.245646E-02   0.549565E-04
  -12  -28    0 -11.640558161 -27.161302376   0.245646E-02   0.549565E-04
   12   28    0  11.640558161  27.161302376   0.245646E-02   0.549565E-04
  -16  -26    0 -15.520744215 -25.221209349  -0.460770E-04  -0.285010E-05
  -26  -16    0 -25.221209349 -15.520744215  -0.460770E-04  -0.285010E-05
   26   16    0  25.221209349  15.520744215  -0.460770E-04  -0.285010E-05
   16  -26    0  15.520744215 -25.221209349  -0.460770E-04  -0.285010E-05
   26  -16    0  25.221209349 -15.520744215  -0.460770E-04  -0.285010E-05
  -16   26    0 -15.520744215  25.221209349  -0.460770E-04  -0.285010E-05
   16   26    0  15.520744215  25.221209349  -0.460770E-04  -0.285010E-05
  -26   16    0 -25.221209349  15.520744215  -0.460770E-04  -0.285010E-05
   22  -22    0  21.341023296 -21.341023296   0.236116E-02   0.545182E-04
  -22  -22    0 -21.341023296 -21.341023296   0.236116E-02   0.545182E-04
   22   22    0  21.341023296  21.341023296   0.236116E-02   0.545182E-04
  -22   22    0 -21.341023296  21.341023296   0.236116E-02   0.545182E-04
  -20   24    0 -19.400930269  23.281116322   0.234296E-02   0.544323E-04
  -24   20    0 -23.281116322  19.400930269   0.234296E-02   0.544323E-04
  -24  -20    0 -23.281116322 -19.400930269   0.234296E-02   0.544323E-04
   24   20    0  23.281116322  19.400930269   0.234296E-02   0.544323E-04
  -20  -24    0 -19.400930269 -23.281116322   0.234296E-02   0.544323E-04
   20   24    0  19.400930269  23.281116322   0.234296E-02   0.544323E-04
   20  -24    0  19.400930269 -23.281116322   0.234296E-02   0.544323E-04
   24  -20    0  23.281116322 -19.400930269   0.234296E-02   0.544323E-04
  -28  -14    0 -27.161302376 -13.580651188  -0.444702E-04  -0.283707E-05
   14   28    0  13.580651188  27.161302376  -0.444702E-04  -0.283707E-05
  -14   28    0 -13.580651188  27.161302376  -0.444702E-04  -0.283707E-05
   28   14    0  27.161302376  13.580651188  -0.444702E-04  -0.283707E-05
  -14  -28    0 -13.580651188 -27.161302376  -0.444702E-04  -0.283707E-05
  -28   14    0 -27.161302376  13.580651188  -0.444702E-04  -0.283707E-05
   28  -14    0  27.161302376 -13.580651188  -0.444702E-04  -0.283707E-05
   14  -28    0  13.580651188 -27.161302376  -0.444702E-04  -0.283707E-05
   18  -26    0  17.460837242 -25.221209349   0.228995E-02   0.541781E-04
  -26  -18    0 -25.221209349 -17.460837242   0.228995E-02   0.541781E-04
  -18   26    0 -17.460837242  25.221209349   0.228995E-02   0.541781E-04
   26   18    0  25.221209349  17.460837242   0.228995E-02   0.541781E-04
   26  -18    0  25.221209349 -17.460837242   0.228995E-02   0.541781E-04
  -26   18    0 -25.221209349  17.460837242   0.228995E-02   0.541781E-04
   18   26    0  17.460837242  25.221209349   0.228995E-02   0.541781E-04
  -18  -26    0 -17.460837242 -25.221209349   0.228995E-02   0.541781E-04
  -16   28    0 -15.520744215  27.161302376   0.220662E-02   0.537656E-04
  -28   16    0 -27.161302376  15.520744215   0.220662E-02   0.537656E-04
   28  -16    0  27.161302376 -15.520744215   0.220662E-02   0.537656E-04
  -16  -28    0 -15.520744215 -27.161302376   0.220662E-02   0.537656E-04
   28   16    0  27.161302376  15.520744215   0.220662E-02   0.537656E-04
  -28  -16    0 -27.161302376 -15.520744215   0.220662E-02   0.537656E-04
   16  -28    0  15.520744215 -27.161302376   0.220662E-02   0.537656E-04
   16   28    0  15.520744215  27.161302376   0.220662E-02   0.537656E-04
  -24   22    0 -23.281116322  21.341023296  -0.419226E-04  -0.279292E-05
   22   24    0  21.341023296  23.281116322  -0.419226E-04  -0.279292E-05
  -22  -24    0 -21.341023296 -23.281116322  -0.419226E-04  -0.279292E-05
   24  -22    0  23.281116322 -21.341023296  -0.419226E-04  -0.279292E-05
   22  -24    0  21.341023296 -23.281116322  -0.419226E-04  -0.279292E-05
  -22   24    0 -21.341023296  23.281116322  -0.419226E-04  -0.279292E-05
  -24  -22    0 -23.281116322 -21.341023296  -0.419226E-04  -0.279292E-05
   24   22    0  23.281116322  21.341023296  -0.419226E-04  -0.279292E-05
  -26   20    0 -25.221209349  19.400930269  -0.414320E-04  -0.278071E-05
  -26  -20    0 -25.221209349 -19.400930269  -0.414320E-04  -0.278071E-05
   26  -20    0  25.221209349 -19.400930269  -0.414320E-04  -0.278071E-05
  -20   26    0 -19.400930269  25.221209349  -0.414320E-04  -0.278071E-05
   20  -26    0  19.400930269 -25.221209349  -0.414320E-04  -0.278071E-05
   20   26    0  19.400930269  25.221209349  -0.414320E-04  -0.278071E-05
   26   20    0  25.221209349  19.400930269  -0.414320E-04  -0.278071E-05
  -20  -26    0 -19.400930269 -25.221209349  -0.414320E-04  -0.278071E-05
   28  -18    0  27.161302376 -17.460837242  -0.404696E-04  -0.277467E-05
  -28   18    0 -27.161302376  17.460837242  -0.404696E-04  -0.277467E-05
   18  -28    0  17.460837242 -27.161302376  -0.404696E-04  -0.277467E-05
  -18   28    0 -17.460837242  27.161302376  -0.404696E-04  -0.277467E-05
   28   18    0  27.161302376  17.460837242  -0.404696E-04  -0.277467E-05
  -18  -28    0 -17.460837242 -27.161302376  -0.404696E-04  -0.277467E-05
  -28  -18    0 -27.161302376 -17.460837242  -0.404696E-04  -0.277467E-05
   18   28    0  17.460837242  27.161302376  -0.404696E-04  -0.277467E-05
   24   24    0  23.281116322  23.281116322   0.200200E-02   0.526773E-04
   24  -24    0  23.281116322 -23.281116322   0.200200E-02   0.526773E-04
  -24  -24    0 -23.281116322 -23.281116322   0.200200E-02   0.526773E-04
  -24   24    0 -23.281116322  23.281116322   0.200200E-02   0.526773E-04
   22   26    0  21.341023296  25.221209349   0.198880E-02   0.526031E-04
  -26  -22    0 -25.221209349 -21.341023296   0.198880E-02   0.526031E-04
  -22  -26    0 -21.341023296 -25.221209349   0.198880E-02   0.526031E-04
  -26   22    0 -25.221209349  21.341023296   0.198880E-02   0.526031E-04
  -22   26    0 -21.341023296  25.221209349   0.198880E-02   0.526031E-04
   22  -26    0  21.341023296 -25.221209349   0.198880E-02   0.526031E-04
   26  -22    0  25.221209349 -21.341023296   0.198880E-02   0.526031E-04
   26   22    0  25.221209349  21.341023296   0.198880E-02   0.526031E-04
  -28   20    0 -27.161302376  19.400930269   0.195022E-02   0.523829E-04
  -28  -20    0 -27.161302376 -19.400930269   0.195022E-02   0.523829E-04
   20  -28    0  19.400930269 -27.161302376   0.195022E-02   0.523829E-04
   28  -20    0  27.161302376 -19.400930269   0.195022E-02   0.523829E-04
   28   20    0  27.161302376  19.400930269   0.195022E-02   0.523829E-04
  -20  -28    0 -19.400930269 -27.161302376   0.195022E-02   0.523829E-04
  -20   28    0 -19.400930269  27.161302376   0.195022E-02   0.523829E-04
   20   28    0  19.400930269  27.161302376   0.195022E-02   0.523829E-04
  -24  -26    0 -23.281116322 -25.221209349  -0.364411E-04  -0.272777E-05
   24  -26    0  23.281116322 -25.221209349  -0.364411E-04  -0.272777E-05
  -26   24    0 -25.221209349  23.281116322  -0.364411E-04  -0.272777E-05
  -26  -24    0 -25.221209349 -23.281116322  -0.364411E-04  -0.272777E-05
   26   24    0  25.221209349  23.281116322  -0.364411E-04  -0.272777E-05
  -24   26    0 -23.281116322  25.221209349  -0.364411E-04  -0.272777E-05
   24   26    0  23.281116322  25.221209349  -0.364411E-04  -0.272777E-05
   26  -24    0  25.221209349 -23.281116322  -0.364411E-04  -0.272777E-05
   22  -28    0  21.341023296 -27.161302376  -0.360234E-04  -0.272777E-05
  -22   28    0 -21.341023296  27.161302376  -0.360234E-04  -0.272777E-05
  -28  -22    0 -27.161302376 -21.341023296  -0.360234E-04  -0.272777E-05
  -28   22    0 -27.161302376  21.341023296  -0.360234E-04  -0.272777E-05
  -22  -28    0 -21.341023296 -27.161302376  -0.360234E-04  -0.272777E-05
   28  -22    0  27.161302376 -21.341023296  -0.360234E-04  -0.272777E-05
   22   28    0  21.341023296  27.161302376  -0.360234E-04  -0.272777E-05
   28   22    0  27.161302376  21.341023296  -0.360234E-04  -0.272777E-05
  -26   26    0 -25.221209349  25.221209349   0.171665E-02   0.509404E-04
   26   26    0  25.221209349  25.221209349   0.171665E-02   0.509404E-04
  -26  -26    0 -25.221209349 -25.221209349   0.171665E-02   0.509404E-04
   26  -26    0  25.221209349 -25.221209349   0.171665E-02   0.509404E-04
   28  -24    0  27.161302376 -23.281116322   0.170691E-02   0.508757E-04
  -24  -28    0 -23.281116322 -27.161302376   0.170691E-02   0.508757E-04
   28   24    0  27.161302376  23.281116322   0.170691E-02   0.508757E-04
   24  -28    0  23.281116322 -27.161302376   0.170691E-02   0.508757E-04
   24   28    0  23.281116322  27.161302376   0.170691E-02   0.508757E-04
  -28  -24    0 -27.161302376 -23.281116322   0.170691E-02   0.508757E-04
  -24   28    0 -23.281116322  27.161302376   0.170691E-02   0.508757E-04
  -28   24    0 -27.161302376  23.281116322   0.170691E-02   0.508757E-04
  -28  -26    0 -27.161302376 -25.221209349  -0.314582E-04  -0.264608E-05
   28   26    0  27.161302376  25.221209349  -0.314582E-04  -0.264608E-05
  -26  -28    0 -25.221209349 -27.161302376  -0.314582E-04  -0.264608E-05
  -26   28    0 -25.221209349  27.161302376  -0.314582E-04  -0.264608E-05
   28  -26    0  27.161302376 -25.221209349  -0.314582E-04  -0.264608E-05
   26   28    0  25.221209349  27.161302376  -0.314582E-04  -0.264608E-05
   26  -28    0  25.221209349 -27.161302376  -0.314582E-04  -0.264608E-05
  -28   26    0 -27.161302376  25.221209349  -0.314582E-04  -0.264608E-05
  -28   28    0 -27.161302376  27.161302376   0.148739E-02   0.492987E-04
   28  -28    0  27.161302376 -27.161302376   0.148739E-02   0.492987E-04
  -28  -28    0 -27.161302376 -27.161302376   0.148739E-02   0.492987E-04
   28   28    0  27.161302376  27.161302376   0.148739E-02   0.492987E-04
