261704
182951
260132
120555
159445
37624
434329
147296
165168
92396
188996
91049
241657
230701
168468
140546
173327
95996
173200
257728
184199
62817
230249
257399
181433
252421
168007
131828
171533
149150
160893
257688
190399
421477
163492
137784
136854
186593
230973
247868
172719
155390
142964
185183
151639
34984
247546
255853
149216
98880
434091
113153
173328
32338
59894
256677
188546
173344
122963
186279
117180
174573
145299
93814
120101
160195
119244
173684
169338
172653
95820
153255
191322
123459
119267
6049
244299
11555
230189
185239
260490
280849
51821
5588
122930
432214
180948
155321
156003
112390
161577
152343
259346
128243
22938
45946
93886
190496
191846
152461
152215
258737
48621
113298
34148
234597
112680
166832
163192
7843
181653
125981
8378
171474
173855
191467
19270
99628
409469
142170
34754
196256
173751
155864
147552
159696
153463
433122
122935
174138
51819
117410
125740
172281
89947
42964
85453
154150
249997
118011
234591
258176
97620
291631
169934
429208
12051
258598
38990
185693
38772
117658
193432
259186
160697
19975
173534
31411
113001
14794
414360
161987
159729
145189
180658
154890
183770
98221
419664
181215
131606
183087
291591
107599
184202
186811
144655
430975
251488
19756
134083
155370
59655
145254
96173
127981
137958
418269
97069
8694
118015
128227
165061
259001
144071
31670
187800
191350
131487
183108
180738
134495
411476
230700
167606
158214
152867
130416
250211
188098
113735
418096
195028
415029
146141
36696
63894
145253
427095
191111
230181
416203
416925
159760
154228
291602
94393
419440
154250
427596
419210
110313
158157
290882
166136
5521
230284
418130
236262
127494
119327
117884
254201
173831
149183
11651
161146
135348
262078
94998
190061
111097
124231
39007
195123
259737
101275
159668
35078
14822
160447
252565
182920
258516
413809
99300
244026
154388
154461
409936
257220
99353
165918
164229
158226
173057
157399
5569
27175
412496
418268
180840
39036
760317
418736
251658
186975
186733
240328
135824
47587
420154
32232
39191
118412
190468
95608
104615
94952
239223
258378
35026
55738
195266
166919
192084
119334
261533
99978
115991
158839
262174
98953
187429
155595
426338
184162
64079
245336
70256
258711
29771
132836
262348
11916
237676
145312
181736
244298
33686
156333
182066
152261
418737
259765
186525
29691
163306
168887
188368
259242
239728
289986
434621
152460
430565
164232
417679
189209
157677
413528
194311
173188
98948
191119
170912
155977
181842
19316
253764
11634
51810
189383
185899
186220
417704
18749
90132
144786
244674
146598
162362
153895
118550
196425
187486
159650
143769
167010
22269
168706
132584
412375
230535
434089
415997
248559
147211
144830
120663
126052
120553
181044
157003
93727
167669
252931
194424
249085
195995
187222
155068
32846
117725
59581
38753
190494
290913
37659
51396
291575
258903
165413
131829
194052
247393
116677
76707
138727
249810
73671
259190
153528
257394
159135
415803
161423
253098
145442
230431
164639
189898
185473
186663
257146
230941
192858
239231
136571
245606
146124
119324
149099
415196
4679
251597
5962
249300
421478
186478
43117
117723
264522
230225
29681
181701
195633
431970
180040
5961
235907
187498
409735
11784
155302
144313
94961
85245
427184
143869
247544
267201
262262
245257
195745
93396
91877
121049
193134
51790
262661
139015
421548
125397
5934
99721
95378
257768
263107
33469
433119
190750
105989
47539
260779
118402
155111
246397
99186
90200
183332
95317
5535
188653
128298
163373
184730
143767
32237
46978
186862
172671
194668
251657
11652
194406
23497
187404
419069
94993
239416
190828
237192
25895
123156
419800
290121
230120
247170
157484
180541
243410
415735
251940
262190
159159
128347
421483
168144
262284
253947
31040
112534
418457
96568
251599
169417
96496
98496
433086
95430
41028
152220
253877
149164
59764
32499
5209
113004
17635
246970
96194
144664
173049
257884
422380
153968
161430
244040
172629
193528
241872
172166
421555
239580
7391
248885
95478
130417
146778
180646
235903
248499
144681
174322
109389
115736
181749
181301
185274
64203
159770
45725
412046
191844
64447
195193
160064
130387
19194
12811
167997
185141
159426
45042
117753
139022
37478
423252
230388
417694
164983
190773
184075
12144
134032
54596
236073
122037
181045
260269
46331
169876
147726
291162
245868
416814
162401
145838
146922
90324
34182
248973
165423
192349
241386
151558
185003
157340
290007
144913
116079
169035
235807
38862
117583
153421
181524
252273
174526
138900
157679
29586
190045
94839
246402
138576
173237
411239
432333
235803
280551
171482
239432
230315
138930
126189
417454
109897
37662
258739
253486
182422
230316
245010
243658
136240
280553
172285
111969
247640
160150
152464
166922
159264
168258
169862
230227
14555
237128
259344
135032
70901
142745
38216
230286
237585
33323
412238
194061
249818
259787
150807
247329
167584
180027
132774
143361
240247
252084
414174
163415
127154
411415
247797
147662
187067
416157
8639
7829
172090
158570
174536
184585
190176
760464
29674
243498
262091
14669
240166
95496
253099
55227
190753
170748
45263
230417
245498
415606
236864
145345
252324
107094
115750
142801
186539
417101
258109
152797
122197
230783
193867
237998
157678
47428
173195
110311
122936
125410
11650
11914
111096
290746
118602
243319
33033
38755
251136
32271
153867
119445
92536
64077
35872
230280
237711
185192
117810
238549
290421
196475
130546
183562
99980
114310
238879
191323
190635
191131
173480
163388
47489
113734
258370
238305
234592
35609
70260
161574
257316
291109
252186
431971
193043
185866
137234
236045
380389
245092
417540
149087
189906
257470
110042
165932
48898
122632
113358
158196
131884
193993
171595
91708
189892
421891
155753
145429
152348
125989
54614
260864
237848
195259
133437
415887
131974
146114
417539
258478
189204
238562
180157
261778
180577
126118
184985
250846
93489
112296
261710
127994
162102
188643
155228
291116
188163
426125
248893
188126
433235
262846
162356
183634
143192
155558
237410
239445
192340
115219
170227
70536
421960
264190
189261
98617
98025
239298
96558
48242
91286
247545
147496
169984
115740
8620
156065
29475
243799
93636
10738
261019
166924
37529
35856
120081
91745
8399
134172
63889
42202
47821
5615
36937
153246
249068
172278
243379
253869
49830
172637
24965
135181
5540
261862
418967
260925
172231
19743
22959
411276
84194
165774
115746
186526
249822
4835
188705
194743
173752
118399
163439
189919
172080
134522
411505
97940
11599
120025
169610
64073
150810
189060
34376
421482
425125
111098
188800
55481
64071
170882
189346
9143
411861
258938
253378
136204
114003
419610
38856
425659
252008
154466
19144
36666
238046
259824
194767
93964
158769
13424
49846
91084
194405
230314
32566
426407
196181
194761
54224
419797
173392
290992
192499
241409
192596
173054
119345
165063
124235
119497
260025
261964
31452
241154
180672
122265
160703
173607
187064
188367
246357
257945
144832
252359
257382
124887
259355
190832
163277
51693
184564
148905
153245
59214
246500
132220
125915
248626
153510
158212
99722
126076
147290
184082
18581
253853
154058
13968
22454
91468
258939
194377
186180
168113
194745
64210
247530
5529
186734
124525
155562
92391
160876
279579
247722
97997
245869
157658
173639
95594
196330
63870
253775
187068
127044
171029
131825
111385
184329
411481
145039
170291
425441
33184
416275
194139
131529
76691
120572
8692
99290
190495
259115
246517
423306
70807
52077
48901
158373
238875
248629
259035
38227
239693
122959
51402
759799
119328
154756
19145
193031
192896
173450
413496
257872
90019
281563
98963
183733
173857
110590
238761
186768
30301
170623
195531
128166
187029
96973
193122
46988
172303
43081
62633
94342
239627
96185
33182
156991
19827
258467
153419
90050
142337
418657
186169
189131
186562
148422
194051
173050
95559
195398
144979
181696
166157
254302
161646
248660
127061
192352
5584
64213
416986
137786
185204
115220
238606
416712
189792
245717
241410
264458
290747
99511
182918
180941
153072
291110
6003
433217
258895
33353
417456
194434
237319
116649
97336
258552
257874
243838
51667
423920
181154
14750
181689
189893
137482
5530
416908
165422
429182
252393
91785
257485
163668
171534
190493
250834
70092
234580
290378
259352
99627
164407
193404
172081
184131
180663
230376
417380
192158
157139
12169
417426
143458
257829
260772
145038
186926
290812
167317
163849
246100
196176
155464
190726
193454
92224
196218
94011
250907
97386
51471
238977
188164
195534
148208
29912
193950
252086
243725
425945
193362
253197
194515
260311
409854
96993
416742
234596
257407
156353
163195
169937
430681
191542
253267
52076
193486
249140
160647
118334
21937
33694
262625
419802
260022
243660
411204
90617
189873
93726
230049
247827
252619
84219
428097
194064
107251
51403
259206
185236
241114
430616
36193
96295
237929
162658
413734
248277
29911
156980
3909
141256
154088
230943
431027
185476
154064
290829
267403
160165
11643
155447
172696
35929
91838
90988
433244
168257
12848
38850
165450
185140
26932
710030
430466
162403
230179
37543
159793
246098
259350
180744
145300
118620
143291
236012
37626
237141
5260
43120
107090
248237
37709
34155
165455
250797
261573
37579
32599
262659
58460
159395
121225
173186
18516
146117
280417
413732
245370
159855
190196
247580
112455
171540
125403
262045
37544
124043
168383
230416
31927
180149
158372
169968
195484
138802
281758
22451
262670
163926
125404
118404
261706
125990
247243
138129
180865
186665
90672
111840
121104
258852
194641
118010
21790
32834
195991
159168
257392
248975
193176
157184
63920
145868
409832
236004
186179
194498
245307
250658
243642
132224
249720
173814
238544
185198
432250
57271
144507
184013
253781
51587
416132
42364
13425
424583
187637
19127
422691
237406
151829
5580
93475
193473
246502
97553
237494
245029
195182
237404
418690
55872
38155
2994
173815
290811
133344
11786
159170
138848
31416
48174
172209
113369
257167
280322
127980
419747
168103
247001
36354
42766
8751
188964
54868
230175
194221
107097
138689
90724
188878
112461
260522
117894
93900
15656
133690
145187
93448
193100
251140
185354
181152
174149
163460
115221
128410
131332
195401
193194
116882
64415
31510
257550
193099
17320
158584
238880
32610
252940
94953
153348
29903
161420
186736
8422
182306
41725
107007
191110
94906
22968
241940
419162
37570
154087
169989
253319
238612
246193
93535
92197
184160
96744
188423
97436
166791
262554
70531
426729
192844
33477
259073
126018
147427
138812
76704
25065
180034
92922
258843
99935
11801
116082
187225
19131
123857
421066
34144
281752
37576
99620
267273
163419
51815
190091
5567
13512
418744
159171
121052
161318
29914
51389
409539
192032
190433
46105
44461
121097
99806
257173
391133
258772
126222
163940
189799
158231
191047
93113
411795
260721
131976
137847
55484
413498
36691
184973
124896
161854
161359
84183
259773
235898
64445
17661
92034
257375
38841
258681
157779
185846
107273
130644
254244
47589
259775
258259
252634
155730
154932
99455
243380
425841
169936
417940
96561
181849
239801
29712
124786
264477
90321
154759
144508
189928
96192
181671
148768
163879
260389
153053
259436
32336
193788
19356
262118
174553
193529
431463
73679
85951
256319
431972
143967
46819
261021
189347
417045
14675
185848
116120
90710
5577
419807
126070
230110
189004
136506
94760
189123
254057
149147
230409
410814
194248
140985
416919
126306
8377
125396
254177
192588
238897
434437
247396
260100
258848
186566
174613
154373
171749
154091
126221
414559
181754
120092
186667
51911
230252
254212
166892
153462
122290
180172
107087
59767
230927
246050
6017
258905
249075
153399
117721
163389
172015
759643
99923
174445
171587
260070
249829
195204
156990
255643
34167
280725
115745
47273
156577
248397
243411
243789
132577
180637
230441
153242
191653
280998
118846
189111
146138
121053
257469
235186
409865
183616
194419
159853
138390
156490
19820
191118
118627
46110
117197
261552
118856
164449
181021
180037
153274
246966
25058
181219
188366
150809
187924
93261
29588
180690
160452
160927
257525
247303
290722
180743
196113
96061
37541
32230
156423
14797
258212
259956
167319
240477
230217
262837
34499
187875
147229
430929
160162
413825
252423
59907
186527
126039
152662
33453
39059
261942
91037
162729
151706
237200
418183
29709
89936
260101
155315
35160
117194
187881
380483
280609
183035
35917
254297
188094
140984
99056
195759
255807
195923
420139
124244
257493
433308
248177
161999
95788
99996
162958
253062
14748
249101
241406
138595
248625
192797
55729
25981
5252
153466
168704
172665
55699
51736
188310
138380
173066
430571
128409
182970
290118
290127
187344
117559
7789
96193
238001
290990
235804
154790
46796
22955
39016
280946
159730
181313
38123
189772
267198
99062
250182
117648
99478
249426
250626
146033
188166
93844
126097
153420
117411
188363
98475
29902
152663
259667
11659
123078
152462
255842
259250
247011
241481
125997
195156
59763
248735
250794
45265
252605
241372
14684
138468
410778
96957
258937
248883
118785
154686
158195
54214
172025
19993
248148
196325
85028
416922
260427
185137
262848
251347
70525
145294
193228
249072
144958
96172
112399
257744
154465
421988
133429
237930
418013
174471
46286
22970
190536
141883
161397
245364
165419
246262
194815
172631
236264
192353
252012
163442
143771
290014
237407
136048
290458
259665
187338
171116
125150
253418
238551
155443
90006
180174
171597
118237
409853
93983
180341
96233
154454
35853
122386
230190
139311
160060
96234
125967
246101
291301
160033
90716
416909
247723
230043
5748
91225
171242
29700
155323
160097
184932
249090
430699
170035
180966
194159
109376
36357
126174
159448
122294
188102
161281
112987
191468
153720
420847
194222
194762
48348
171191
183226
156307
254072
46828
153251
241408
145297
248734
147394
12959
260776
147499
148200
240107
188361
59920
196216
260565
155637
409743
230405
174079
195262
422083
411801
29477
253768
125995
194616
172692
70087
248350
237859
236387
170168
147738
120020
95876
84188
151732
260504
161342
181398
167740
122038
142743
246980
128193
249989
241869
291146
230248
31467
250840
263093
19128
409960
290939
237318
196332
195586
154935
251847
248733
415696
36771
162361
424900
171485
248805
234557
8297
99988
90714
167250
255719
415028
156579
156115
187613
137618
96981
189237
38858
155587
193172
192015
42197
51805
157416
35849
120080
238996
189897
147373
257381
257161
261861
134511
264720
247013
124721
180665
121221
188321
412044
230327
259033
168469
154525
136223
181217
163880
432208
18544
143772
92794
123348
417046
252699
19999
188364
167267
141919
188157
159045
419625
247014
137977
416715
713
170329
414259
262081
119485
246183
112293
249910
181220
237258
96746
138978
262082
159294
180169
191333
254293
90512
261136
92196
112006
148758
8336
291030
170897
186605
36713
422859
109553
33426
253376
147490
172662
136301
254179
33178
144796
236724
159766
95320
161002
241241
423773
250284
239184
124232
249911
414355
181226
159104
248546
119383
238545
46989
117877
193506
419529
33221
165449
134203
45264
153977
149279
94378
85236
54178
145284
145307
156963
290003
55229
246410
194771
145298
186726
144982
33231
11729
158537
164957
174634
189917
93961
253195
110082
172683
156993
34767
38750
138811
70230
59765
35542
433337
172658
173201
162224
253196
155606
254071
13774
122041
29671
76705
236014
230506
162360
173816
154468
195169
184167
12807
132225
109468
380344
240534
163282
260608
17802
237751
164548
33230
433625
190634
164227
147484
42718
144794
252950
131349
416463
32272
248571
165418
12707
190831
415563
245689
249096
171536
42101
189532
263092
98935
280622
428540
93903
19759
5261
423113
248620
191559
196110
145387
91704
180975
252996
180659
243946
34127
173453
52070
92793
113739
152214
134214
253332
239718
249064
429495
248884
38716
92920
159699
18578
246522
165901
247238
257504
260262
49598
230350
54552
244046
260397
262500
194384
169343
188789
422744
185200
187223
46127
32266
192324
259003
416963
261858
25291
250166
97072
412778
174378
126213
414536
19853
267962
172298
64416
254294
247532
432906
185391
93255
193792
167999
416918
255825
281751
432042
236269
243929
160035
193509
39018
247465
172644
181525
99298
192451
191557
48334
180680
119362
259708
118554
420476
189793
133315
281315
430927
120971
150094
230116
159246
416997
148740
415827
156384
183750
241391
134958
163394
194785
181657
261568
91518
109419
172709
251825
409850
261707
94901
168888
244025
262410
134646
181227
180838
412508
238899
191329
64208
195760
153975
258550
94870
243863
22956
160008
138804
240748
290809
192471
157561
186884
168444
48704
97944
14802
418699
90510
54706
11806
51735
5270
5229
187998
245138
185401
153746
154934
237849
97501
252862
191046
190331
99141
118720
99081
195396
116081
150808
159265
54231
37687
104625
173531
290750
196260
260631
142740
42360
90618
186731
188469
244048
156408
192909
247268
153108
7788
98989
144944
172690
252327
151828
172302
120345
418095
36662
166712
258735
290130
70240
257390
191842
31794
194418
126064
254472
247875
84223
159670
254213
261769
147228
194975
419227
257766
196117
51820
122298
422794
237403
99263
248808
97533
34900
193682
132000
150241
152219
237147
188357
186217
33424
418208
247409
17629
250659
419801
230407
190802
154453
144744
252249
121998
180678
188303
291433
167031
413539
183820
22993
194649
261935
244240
258838
51690
290628
248650
251716
27026
112292
127488
42719
247010
11796
172663
109375
51785
64148
171593
416276
163677
427686
174631
411820
152563
243616
19745
164831
118333
420113
144651
194389
134645
429404
411065
94902
93824
92299
118601
257934
194386
89906
194254
91241
248790
253101
427928
98883
251505
183859
152252
160290
262658
14790
192321
4659
193864
162645
7839
155603
429207
235990
250763
167115
163462
115722
156536
125747
49599
180683
147822
434092
21476
195258
260928
162225
187801
97472
415487
230691
251855
29666
135001
98099
190727
29901
260486
255640
161645
261134
172647
291458
153687
97015
63897
145149
259969
49859
192035
12958
426340
167577
253321
125405
247391
261220
167903
431021
181522
193891
143972
421917
134498
91706
159695
118722
153260
94390
260947
146104
242200
47822
146770
171491
433268
230214
118599
147497
237713
153125
119082
35915
34198
253389
257713
118191
258936
241393
290120
281497
189227
261841
416989
249002
259363
260527
37500
281735
8749
236627
165803
291192
147415
98024
32605
248230
89944
259774
259002
238999
119365
142846
246957
247192
281500
26296
391184
260633
96125
157863
236007
257214
153077
236046
159239
190636
248046
424155
113003
259354
181840
431186
430926
33229
125910
422752
155335
243377
250837
192277
92394
181237
154252
157672
182184
174015
36744
137836
155752
7768
253367
263778
262094
262999
193354
138842
109793
230581
136577
194501
63922
403366
115567
245198
168734
118617
247458
185849
290749
91705
430928
187649
36748
54229
190476
240531
182982
192154
97388
244303
32835
280374
148688
160034
422796
416993
93821
45260
172645
258553
132420
181744
120110
253237
418257
183788
186213
183732
252425
189210
164551
117384
90720
137422
165064
238906
252362
290985
417040
239635
142221
133347
261494
192884
17243
33687
173858
149126
247259
37484
115568
190826
163938
237847
180670
163862
403510
249830
11657
193645
240198
190668
5533
262678
423422
423254
171591
138682
120561
187504
281066
180168
252698
187615
268018
161319
153905
9175
160159
195987
190748
70660
259068
192956
431352
166231
252088
260242
117663
163882
434090
171541
145250
162221
237153
258722
262196
181470
118414
194461
128182
247838
234594
162752
243386
191469
3056
235840
168255
230347
230251
92795
431354
11787
230462
161346
430974
33470
427957
169559
261867
163427
253937
189969
136574
249816
253320
11090
33356
145954
189908
93856
147343
257830
97476
85237
237999
127853
152216
184201
45622
18843
180654
117814
188622
149082
116531
89964
52085
261606
14792
262325
187927
169341
94341
156994
151826
134028
185287
258718
187650
252128
36929
160392
106937
194243
415518
14678
21356
415890
194417
194926
189945
113297
95623
180987
35541
134374
126063
11785
136505
253675
245141
62705
191604
238817
191045
267203
38981
155822
152038
190046
417905
99457
245111
5539
137854
182908
16089
239716
90320
249330
253208
249320
258518
44429
38855
159312
191558
253567
417455
193676
180667
427047
118828
37721
97906
160011
35850
186306
234587
32380
172689
11795
281757
14803
190745
258590
241413
98023
193353
121056
250764
25066
391475
135827
259768
248482
152459
246448
239579
96162
247000
172297
183881
124973
238338
139004
119369
5644
260525
36715
99443
189911
38203
118179
113921
115524
243406
99982
186050
391425
118535
418738
196236
85036
91876
141317
106938
185097
195828
421819
183467
56233
192885
138684
162393
155742
96527
238550
121151
42725
182424
180458
182769
196515
29916
24436
126015
190834
188161
173061
116080
193113
142742
258691
173064
133714
230178
97674
156385
17636
144838
55480
36773
98934
174270
409561
193391
185399
258713
413497
8821
99965
138712
127968
245174
430698
261685
259623
29910
190820
173326
413127
174464
172162
243948
261558
426863
126263
427745
429497
7393
259159
90669
291312
36740
191140
167705
240013
168422
5590
134601
259702
241844
240749
194617
240007
119418
124344
193569
246011
174551
160019
245294
11637
238894
36775
262654
250629
413184
167892
426095
159420
99723
238213
114010
64215
125746
423941
261855
412493
148752
138971
420420
189018
266272
39033
424889
263095
159286
143277
250277
254068
239055
259801
94424
101764
167318
139052
172712
257332
194422
192452
166642
185139
710091
155908
98039
230244
84229
253356
195758
136202
48876
5968
37473
186181
254044
115747
153250
413983
172301
163884
258771
14930
264710
159615
261034
253770
136200
90446
171478
414179
380509
136041
173788
181043
11259
11654
416713
90715
134523
192109
154189
172661
252939
154679
96002
134536
191327
93587
116235
157470
186276
155916
191530
422396
22937
157315
236353
29900
33365
11048
162159
250282
93899
186960
157610
99979
172676
194344
194753
70168
193227
145274
260688
131609
193622
258256
168097
173797
107574
161559
240014
98951
250623
192630
120563
92612
149182
153465
264759
173452
249420
49874
85009
13326
421011
90426
146146
118858
141315
10672
162397
137852
22995
121974
180008
170322
192784
115521
185617
183296
180652
193859
259906
290727
415889
196111
173198
92214
169461
255804
193168
192351
117191
143275
189887
51734
290116
235858
181521
34825
140989
96526
173818
159431
183330
154939
5297
76687
93026
247398
170908
420481
247828
238907
33232
137103
164481
148761
109418
161399
153386
189121
157417
181241
186898
180035
174171
19178
193866
107084
257311
145309
245541
97028
35531
180740
419527
173765
290129
181510
136488
118733
235896
257221
161398
195272
188095
55749
147389
160628
120478
159103
245785
391280
246488
91819
37531
8678
194383
95997
246528
236070
188959
193680
247091
93882
425873
134311
247017
246212
416420
98985
117425
238000
185185
291103
167641
147397
137782
262663
255805
262624
193089
138467
183665
32337
151845
261221
122738
238217
112007
123355
29919
164955
157534
281746
38847
417515
51426
157671
189888
189905
111970
249021
97478
148498
185930
32364
180675
241850
196528
248261
169340
143021
185273
193621
118710
195827
261400
230634
260528
190480
230363
182191
415228
248255
127919
136280
184972
126293
32315
174190
260027
262671
59881
427183
37821
42738
193132
248809
73678
415342
137849
415567
409647
117204
97554
261574
48382
241404
120559
37471
194224
186651
415883
14677
415245
90384
248720
143870
380388
136044
156992
64151
424921
125917
96569
12814
167998
184729
130782
193625
260341
249157
194053
172711
183870
250911
237201
54917
34086
169095
254046
159421
181697
37489
167685
263099
164226
196529
160866
183748
194802
194423
426376
174311
416924
421484
19967
19229
193531
418743
259766
110314
188797
194240
181911
93907
128292
154391
260516
5519
111841
160054
418726
171732
291284
63938
421563
122199
258275
140987
291431
258534
258613
51738
143359
428096
44443
421822
160014
164403
120577
120937
51487
14671
144476
187729
123109
144981
418849
180942
117189
119493
125799
426381
116269
186209
29587
258299
247519
416443
261319
251139
261605
239761
126209
174298
281498
5338
165896
259695
131075
159875
424888
136569
258712
145293
138685
48362
8750
251561
160061
413388
137421
95494
99985
33176
291264
181743
139050
98502
263096
264523
113740
154411
9176
162806
73670
96059
117560
418691
193853
290387
152796
147480
257218
418645
195593
883
5526
187065
186730
182566
258597
165778
33170
380386
147293
103745
258549
419803
91078
160028
55949
32161
187428
98216
248050
98498
122852
188358
258633
242099
161027
158230
22455
166346
240038
121145
195154
247839
237283
190329
145343
174191
158863
165897
415294
90649
63921
147356
238804
119274
25057
172284
171463
21930
171589
172096
169877
123220
190830
136394
246221
160018
107086
37603
144788
153972
125407
133333
51446
148362
170163
260282
422804
195172
132637
280400
261497
17630
164373
32851
139297
94757
153230
171678
291141
154347
164765
163279
259005
245640
96191
155740
107006
260508
193997
173232
253248
153241
13511
230548
237578
117523
118189
238903
291432
262095
51586
35032
195260
194749
134961
93898
413698
160435
12817
5565
171566
13888
290123
248015
92553
14928
261417
171545
258376
246089
90447
257174
115741
168856
261926
137848
267196
230337
192989
195486
191757
238865
159651
118595
425694
257877
64217
105820
251507
264712
248806
419736
192789
416992
426552
155322
105140
246972
55660
163909
174633
151694
122296
241853
158940
119364
156067
152452
416174
163397
29877
188323
419612
196399
113301
115520
169454
143040
261133
172304
165702
152455
186664
144225
158841
263102
11617
172693
96319
47542
121991
126193
414356
432204
14760
251078
416911
153725
125408
416531
130645
25859
112038
110022
167581
128361
59928
12474
159163
261357
185107
154680
139063
166650
415714
153511
391346
421552
190833
70538
39037
101766
183090
37724
165415
113922
164810
187922
164997
250502
172639
110316
153718
34761
187284
95877
19193
11793
235942
181745
191535
256219
167995
239282
261572
182923
21940
151841
157669
114245
418532
142336
257041
37656
6065
240860
29741
411462
45591
238220
251383
291151
172698
36772
240128
192033
98359
245355
180671
119332
262973
173187
194981
153896
153738
190434
95654
262117
420706
409615
33468
138987
260535
5632
34150
241407
290029
49253
91080
142495
38979
148701
91484
162145
162394
5542
142807
185135
111384
150314
187413
8700
257380
118318
266646
192339
259820
154386
253423
37462
194520
413499
168342
127152
415957
154387
160469
150445
250836
17193
14618
111247
147387
172059
137410
160038
5563
63890
147820
258774
119008
419454
116675
150090
124229
189222
7844
237150
163797
171404
119268
186145
419774
160446
186580
194220
258615
168361
253487
230014
423772
153244
11656
110021
190346
193371
193562
291590
164771
138089
119310
49861
118806
167159
136347
257839
426370
259353
38159
253479
152784
124370
32274
168095
92393
247239
32275
186709
132424
153467
29768
419211
416885
148418
42102
98599
90002
169548
190746
243416
281750
142766
424920
235711
163850
257464
123148
237730
189300
146456
172681
159292
247528
25064
409655
246093
258468
192577
427393
240021
259139
33165
126085
150458
25858
149160
181698
253102
416358
250303
191562
243659
257178
431353
431052
143173
253843
238153
48561
190197
180689
243862
5537
262840
174574
247786
257468
160720
247027
189889
119264
267276
169364
250621
107498
263033
189848
290117
230177
261960
163607
194420
193123
180666
54878
42973
127995
89294
181223
257329
254069
192957
258736
44412
191324
189800
186777
185604
173822
37654
245935
885
182768
422264
157957
191561
168102
183113
239396
186783
263084
230255
194814
38959
144673
138894
239361
196112
24959
425779
421290
159908
432904
99306
93500
258566
192409
187479
153026
131604
237116
260514
431388
183464
114312
147527
55226
8610
241843
409511
236072
155719
409849
246501
122831
37697
180193
118841
249069
246999
415249
186896
98894
144983
73683
136212
245650
195191
261684
97077
172700
47650
235743
258057
136936
164455
247541
120346
97937
147910
195243
171590
418007
94422
237144
431038
18747
33404
64142
118735
99368
151948
429205
94783
249079
261578
113920
154146
153719
135072
291633
414359
95616
120122
160999
54226
97941
116221
121776
96169
5556
35928
418176
131074
99624
37602
160039
186969
33688
194381
94520
164376
93815
70661
9980
167891
194974
17778
180121
86019
37582
182924
247332
37657
8669
188940
145220
48883
118871
120129
238495
126079
259663
136043
158210
113912
238772
151844
164377
91077
123489
254284
183920
94960
248882
55951
155540
239048
134372
245293
421277
185144
184987
254018
125907
185867
21475
168100
95459
230460
793
172649
168137
245031
115753
161503
165775
186599
246041
243657
230250
21936
230245
418947
49832
29892
187999
7833
85010
251023
44462
380510
252134
760019
432206
262098
157145
167157
290131
138191
194251
145956
237808
411541
55319
391187
148420
230180
34799
36682
35135
152594
188793
246213
259706
51893
95417
186962
116134
166155
192589
252071
260147
413500
48231
258115
95615
90439
119313
119444
148742
125401
159136
415789
196335
260198
32874
98467
32193
99720
423608
89941
166827
51807
37823
156014
195862
261564
164697
98470
125979
154915
163769
134171
422858
12007
412838
97992
93871
139060
193179
48238
166798
9934
239281
421620
424154
165179
148772
143868
51692
159233
190825
146372
32838
170913
156306
163469
257441
93502
156010
241476
172028
162890
188288
5554
98795
184983
38625
391177
248175
99512
11799
137051
289991
128297
97479
189794
180655
101696
158228
172092
193409
257405
59831
186269
235859
247799
262285
34002
415602
9177
188443
158870
188837
249129
5963
193647
161827
121153
414365
184754
32497
150237
418265
118416
156464
240094
167177
422523
249820
115566
7395
291262
182194
147485
173010
48698
163387
163722
95301
5566
182035
168424
186278
5204
147391
118057
154723
173169
235939
230349
92216
120660
169023
246498
120091
96735
419782
137893
45746
146596
146502
126308
124277
132035
64146
45261
118875
134883
193863
418436
422884
182314
91803
55228
185923
11794
157781
185403
243414
22460
172664
172666
245807
94871
98984
118791
187726
126019
245196
419208
153739
5250
186482
259410
142499
239712
180578
230411
170465
124233
169558
90841
238900
253778
250655
133281
188801
185907
429397
194432
257393
111095
411756
258690
425657
54223
161427
92042
137801
253787
240012
92220
290125
167640
117608
133313
429307
238605
164580
144585
97095
11618
159694
32612
38831
155622
253386
147780
34131
42971
181659
5321
261856
150344
190490
264192
18512
171000
93959
419839
261762
259976
250183
262935
433277
29987
5648
183220
191565
416655
239449
13418
6074
121819
428429
249423
191567
99044
195407
238691
421644
109556
165666
113914
250091
172660
258517
118746
196328
423939
98501
173325
187555
96171
188984
241847
248167
257379
262195
147739
36636
420823
38824
153422
168919
172675
119377
135905
416913
154689
247234
64444
181228
196419
23158
99926
160091
245499
98975
136576
194433
95830
192278
144134
418271
246968
166790
119326
58463
96000
190104
409808
192294
97435
281675
7776
19989
123151
186152
95917
32236
96497
45745
161734
45054
417951
142497
10903
180651
135349
194092
31511
38854
248621
257530
164633
154412
259385
238373
91278
264722
230516
132253
189008
115751
290377
261098
253485
249811
144661
117417
94900
93822
135345
99719
98287
140255
262601
145321
90722
180642
123158
118470
262655
97633
253911
147388
257175
155279
429416
147084
165705
230348
169810
262679
248550
93690
33355
128239
91103
132223
93382
415225
148788
254301
243409
24358
117534
34137
185101
98188
433121
131226
257933
191049
193745
260533
186710
267741
45555
185542
416994
181824
12708
166201
6050
42755
148496
146060
140082
260695
141710
17789
188399
236260
710060
245024
45587
163148
170261
247499
230414
111131
97012
98896
143968
248840
95804
55730
141313
86501
252047
186597
113337
280793
252998
141885
141581
7940
48339
151535
190747
241562
151548
267274
106924
121753
230591
156308
148402
136313
259349
429520
235989
120106
57988
167144
39061
264138
93772
187730
290122
156092
250619
196530
90666
147231
258921
115742
113349
98960
253412
281088
249722
136832
195164
187836
119084
259742
138702
99563
47786
189238
262936
249991
153742
258470
172514
246313
415224
127828
186215
146140
98977
163271
181669
93906
185108
92211
97898
156532
126092
257467
429811
151922
134497
173190
136489
18231
252011
8782
248547
163984
188322
263521
172082
157051
230583
291102
142385
759450
155019
262596
165036
118277
248891
244027
134081
249103
133343
247525
193532
128051
169415
111083
153259
262351
107504
118507
153345
259297
124900
38751
117882
267272
89939
166132
246409
258952
251034
415293
45554
190752
154459
253762
118278
172633
84218
166794
259743
152251
186670
51817
260520
55731
124238
147390
415051
36741
142166
261022
171114
96195
18579
156341
36711
120575
185116
188370
193620
55069
189797
37661
247533
230037
29766
155573
137102
142248
159151
238367
185109
33305
173095
432198
180679
246042
43118
247021
420226
409912
136388
18515
172094
145183
138625
162781
251598
148769
410992
126066
186272
94455
41743
122035
128237
257387
12009
165980
158209
42975
181569
172656
190535
251886
144325
403513
239053
118449
37530
182898
95297
125978
192354
154056
127430
264729
14727
236008
247578
251498
429631
411063
237963
184200
266878
173062
12634
155636
162577
290983
194339
417702
152270
243656
160505
99710
153405
181207
238335
91294
249091
429966
127510
126211
239246
259201
248892
151734
66935
21929
186594
155858
238287
110081
112535
55736
158763
253910
119243
128421
238306
121950
117758
259383
153871
236088
152211
153724
163461
172371
45041
99110
161653
247867
91261
8820
152213
247869
138967
51791
249082
11920
116077
90323
260526
261401
195848
433080
414342
189207
261721
159188
8385
94958
155560
147430
259203
257579
257122
246099
149166
258102
55725
187025
164636
186713
118808
426097
153527
192175
155666
113917
95603
190986
423442
259762
14776
124121
241845
290376
111100
96958
124997
28414
413174
247241
759689
416990
430970
90713
260926
245786
194336
17709
253379
429880
291637
243388
70251
99963
257165
11087
194969
241423
136279
193499
70621
257743
55223
145083
252242
123353
33962
423107
262261
142247
96976
94781
91690
70888
160467
160093
193535
425581
138808
22456
122302
247266
55476
185247
168360
160096
290379
38762
154824
155779
8667
161395
291327
422548
193411
250656
182766
190689
54594
160318
37822
253888
35601
416912
252027
70535
133279
421209
153970
98893
240568
155550
118548
187921
118553
142165
425442
37291
418266
180674
113504
109559
181670
191134
432537
173590
123825
194750
58521
153340
15918
186170
180687
194334
280879
162220
94995
259763
190431
138215
186534
257333
245362
265024
14789
171715
174444
116003
181397
246981
167256
182647
194735
11658
252627
93626
168889
14799
415337
37699
238888
117324
174152
759649
230560
9174
145383
422547
95914
4661
8626
127047
122798
247171
257709
245663
185501
249828
152053
92543
247638
167607
31404
142744
118509
33403
431969
173048
160470
70346
195405
253763
424861
160388
32371
190743
185194
416260
160012
420114
291545
46103
421373
91572
37477
29917
180842
163877
162228
261718
11789
243958
185928
133286
237960
167039
169756
120107
240668
431393
291563
126317
257635
34442
184103
164231
166792
260801
96174
163410
159153
119275
156008
247394
93398
156585
262050
189491
241870
8383
166137
195267
126054
428956
96111
230329
33325
193410
426405
248150
118618
183111
167504
195399
253959
290895
35031
173184
418185
421918
154464
8522
150463
93747
259116
110309
147426
245197
169419
411062
168117
291353
153346
127512
98096
189212
138708
426870
47820
117795
259023
251589
136207
418658
418689
159287
173792
111081
180036
170775
11515
117957
12639
134308
180657
290988
132491
412839
55737
138831
189912
254214
291576
5517
180591
155605
5598
291281
159647
36774
291132
180647
36719
194376
140254
421279
136037
101869
55695
127838
172679
188365
37581
19742
98898
132013
70620
429519
112124
245655
193626
174151
123152
248173
236056
413700
249081
98218
155281
33304
417678
96062
290908
172299
427458
162196
174612
183812
54855
147428
141775
172687
189530
237297
91086
37652
243381
11790
130344
151780
33363
90723
259018
120019
245085
134307
144670
258175
260923
164758
32354
29812
126210
93547
419626
163671
258547
70351
195270
419479
121530
98954
187282
237889
49857
884
123157
169078
230355
192791
31931
95316
121147
246358
193091
433182
189807
291638
33296
98469
264503
416920
412043
290630
259749
236013
8296
194648
193818
147424
163927
188788
169013
262191
257256
258187
252999
99604
14553
158766
250281
137481
247193
247502
187323
431964
424496
152636
92387
247012
159424
143987
413391
184448
235856
169455
130388
157351
187280
260240
182303
137132
48560
255579
253100
246092
158104
430187
421825
246017
160498
162144
421217
181693
114258
126091
248185
249825
195160
239446
128238
70090
412495
157313
170628
194466
122961
188124
258258
125368
421479
433079
98284
35022
152346
45982
14777
155667
258064
34775
94903
119336
90667
181314
38853
38830
11792
118511
416985
14787
421130
281499
267271
261570
29710
97403
432256
189017
194160
236009
250800
196179
63903
195500
258619
188640
117784
123359
411758
35912
93393
186258
122957
59768
196472
5543
70797
247635
94518
156574
130916
125148
172646
185397
260532
163396
257163
427050
417499
107082
121690
266644
290629
239244
146599
239052
230436
243615
14882
254045
151768
37625
187345
253478
156091
415030
91783
156420
159167
12049
159446
230012
181665
154757
118370
184076
160887
127951
119339
183043
281081
258272
429726
250276
263106
248560
144104
153099
183115
253198
109465
156583
290751
422427
252087
152254
158585
252633
171598
131611
759444
182467
425066
159728
165894
97514
93476
247526
153721
163146
420444
420477
195989
70170
189891
110083
426406
168654
18224
170946
184317
138974
245353
143973
98289
171473
434438
230587
291636
58914
5515
195990
291258
237174
119538
280419
433307
132718
432041
33999
196329
112394
195829
192155
186806
417324
192317
159645
182042
152212
172056
244041
62626
180643
93687
155576
163280
258740
185822
131605
152035
118332
230432
247531
164981
413298
45052
90664
183632
259666
161001
186779
166873
183617
101867
413257
149215
98500
245835
145645
159238
414602
159408
22994
238319
16131
170784
247520
25062
258174
412258
249095
36678
155056
37485
190052
257797
195485
180151
189500
156774
117190
55693
19632
145377
291106
184084
135823
182071
165416
432680
180688
249817
423255
167639
174580
156357
433077
5538
260136
51496
89935
195857
99489
180662
167919
247047
12627
159649
259734
257861
181229
138654
186481
253779
230944
155018
162575
143961
160009
253517
172024
143278
253023
190101
173977
423636
172083
429877
194161
24889
146064
155551
117429
145311
93773
258748
12819
290383
163566
420421
138558
11921
99626
185410
46285
114313
186455
99938
172707
191431
157531
291470
291080
145185
42155
193356
263090
428744
155559
156581
230118
9173
245557
185195
191574
167970
70231
149032
194775
161876
246499
426168
118495
146062
252275
153874
99444
760463
249831
160373
413492
14854
433238
249102
189124
257155
188787
235712
160194
146122
250710
230747
93558
250866
161772
191576
25857
35930
189795
416813
148756
121721
54232
409698
99909
189783
137968
152767
291613
113002
257862
121966
14668
419068
182280
248740
172615
148717
89943
156230
194065
97939
257384
122045
181315
165452
194403
29913
195978
171115
170159
431581
34059
159655
31019
11803
760466
185373
149085
417043
262134
55726
431512
172715
195263
47622
180660
26306
117200
138847
290994
118514
151528
248181
433818
186864
40805
240202
131629
258908
42972
191112
98669
182041
55743
8521
8655
134380
235902
182466
94964
172640
51694
258853
119333
191990
164699
136073
235854
193093
138683
189042
146600
131345
158217
419613
173731
174576
161400
191695
168215
128180
94997
89840
169755
145301
171119
111085
51301
5974
245011
171118
153210
235800
153715
241365
9443
192160
192571
236003
195975
117532
165704
182465
248401
180839
37510
147911
249160
261044
190954
391183
257309
192292
19284
188354
166241
238005
261860
16078
33364
427388
127043
257313
250908
166651
51488
120082
172704
46162
193511
128016
17800
98892
253264
182304
429512
259049
123154
249089
126318
91130
416528
253769
188445
257838
91839
172511
140986
186729
63918
188099
168256
169452
32231
95323
185590
249003
161905
161576
159447
45043
238218
98965
195971
182188
55740
434767
166796
130885
418016
139064
235900
185203
5749
94780
194803
238340
160945
425122
18517
426551
189005
189461
159658
122931
417684
244521
161415
160889
181687
163270
257396
128195
246355
124234
5541
31805
187783
163042
246165
99164
126192
155226
185235
230413
8755
188090
235937
4660
125977
193363
172706
419048
236267
194759
138402
253364
172688
260927
7220
173094
8675
8405
418685
257871
195977
239118
230945
195976
291593
192946
237400
93725
237577
112498
34188
37653
4663
90325
156983
55950
96933
119416
51806
156015
144667
131347
172307
172017
91691
93630
263100
109417
111109
160660
261865
98183
247048
126304
169042
237050
238913
184444
96687
429876
5528
251566
64150
45742
184981
258656
421931
36712
185098
143886
180187
139000
187996
93901
48900
417677
194764
260340
113913
38985
36710
47590
239305
142167
125540
187476
132254
95318
245688
237857
117998
183663
245494
64068
138211
290981
241385
136386
170161
252228
21934
181218
409846
432538
195273
166709
194817
95395
19282
258911
138392
163395
154251
181691
249812
99622
160925
240199
265179
759691
421285
252949
253265
97206
95322
45741
5213
17731
34992
237860
189931
430132
260632
156064
130021
194773
122962
180277
245186
153976
122960
170668
162146
248659
64132
85056
184170
195395
190769
192725
119143
166230
183700
173672
164834
391174
245034
191145
237558
187289
243661
168749
125337
119159
253695
262460
16195
93253
410838
138951
173789
164233
151610
164370
5964
158223
159162
166153
246824
189239
237854
118850
7396
8822
94954
168143
9172
13019
98949
290625
185115
419739
253782
259951
160434
70813
125986
138809
94314
164683
255854
172718
118852
181748
190827
173588
290040
170290
167971
264139
184083
91703
391186
237175
424184
253759
107088
280554
119378
240164
38095
152258
128348
432569
249066
121103
116653
162760
137173
151537
131607
257489
29667
244279
36714
9145
422574
236259
153727
138513
144756
171030
264478
261711
97552
163773
237409
170263
48875
184217
188165
192365
262732
413824
192364
4658
39022
17081
147724
145273
167009
191569
418601
261560
152208
426380
257466
64147
230218
32745
122734
195047
245513
17633
120970
51600
134875
159778
138705
429192
264699
415596
166158
51732
252615
188162
159698
185179
59212
408970
192034
36993
236083
159428
195970
423639
148490
183106
144314
183686
36745
173503
230428
109416
239109
55482
152250
22436
191151
263035
193995
267199
157144
258721
259408
48347
418766
245866
93628
230357
251564
420370
35808
70793
188851
154467
167040
249814
433183
192475
255641
251068
426761
259700
250723
188359
43832
84425
290363
155827
160645
411803
191325
55456
33400
117757
152253
137409
145292
193623
14761
96163
185096
230173
155743
35020
192990
260867
167906
161561
139193
21321
427197
188472
70089
160022
180026
240929
17347
118842
159733
157670
245867
247724
152209
158843
429407
247538
98547
173230
154936
163393
190926
160112
38962
154933
194774
172097
169536
121754
120109
51596
413493
152556
162761
186661
419453
144853
237944
166990
35611
162351
418456
246404
240188
431022
144656
96522
107598
230224
143812
29906
173170
5576
153614
193357
251567
98739
180639
143988
37693
189921
173821
291520
172630
181469
151748
251025
190435
155216
113890
246182
128293
183222
170146
230505
174409
183703
8573
93762
10624
252323
17710
416743
258731
143810
187224
183636
427639
257377
183615
37586
173798
125147
50225
181511
38964
118763
150239
135340
419441
160661
5544
192883
33478
5646
239583
146067
93827
70534
159583
160016
238723
414558
168116
422798
421193
130794
188635
257727
135826
255578
48880
261222
154249
254050
194967
429308
184316
47591
380228
239985
250864
96937
241790
113000
249177
44389
64145
253010
161853
138810
138556
112309
258519
91170
57739
247397
159123
38160
14778
167041
246965
192886
237110
145304
118445
173823
290179
240665
415568
189225
433078
157053
90018
245306
193016
409715
169752
181467
258564
99986
97505
163698
147500
98798
249067
32873
189015
230762
428098
241242
189846
250820
290896
145713
172674
246097
118857
49090
190348
19831
105976
426860
152620
258568
158216
430246
39062
161644
416987
119338
164445
291268
418014
142198
261569
258515
425123
195189
258901
262058
118442
432202
90727
33362
70196
249832
156984
237712
37580
253772
145302
47445
34797
193500
143413
420509
413224
421902
96318
168094
188880
259169
429034
97589
113509
259249
12475
167158
136354
250724
192008
250657
156125
238898
230819
34175
409596
262197
147259
240102
421271
148764
117184
186252
136224
417695
93771
186174
426029
241011
246225
243791
417251
173342
167996
39198
97905
35916
147295
118016
91171
128532
194430
432978
138973
249048
141493
150806
147080
239593
196471
172516
188791
101191
760467
171112
101279
146134
253365
41719
152344
413988
188836
180638
171498
237140
247295
230635
257876
248187
499448
93256
116083
9936
253998
134513
180927
30141
17667
257376
118366
153240
158586
188491
186871
180460
131078
161656
157140
131580
428427
180692
162959
163424
127993
415226
152345
125402
36927
254058
251842
118859
11517
93973
180741
156154
187823
162654
426382
166923
235857
99188
248189
162358
239058
237193
189359
103553
33324
247582
391181
261859
139001
247016
145289
247500
5747
257702
111732
239721
280190
126260
98360
191556
118736
122308
149165
93363
51710
45923
156407
173331
281456
186250
59197
118728
153225
262085
241424
260244
191335
145303
193173
261251
160966
418862
248608
189965
125583
150464
257770
426543
90607
261846
119271
184168
190837
143485
237858
248545
47486
195130
174446
230361
138925
409929
258274
155561
97676
260606
124996
185136
153714
8897
55662
21939
230351
429879
427685
181046
90040
186275
431965
117203
8632
141699
195256
54234
173605
12476
425767
37463
126100
159857
160387
29762
260492
252083
5652
136811
38869
4817
416123
156310
196149
11550
107092
155224
181700
182921
126204
57780
189041
123488
409758
254296
125999
154980
166156
415488
759445
155619
6030
4691
96165
291149
421376
413251
195794
261683
37289
173620
126206
193133
247579
413034
101866
247543
70232
151890
96943
431008
171484
262367
130015
241852
126156
244196
19635
173199
168705
98026
98890
236863
250841
154462
118788
234588
70081
181841
245495
241012
98976
247871
98783
96931
91254
260519
170584
160371
253375
258692
391424
262996
250400
236006
165839
124240
27605
169535
247015
145288
182767
121997
250863
182001
423640
171108
121534
138196
180164
70214
133132
165411
172306
427985
182558
238806
172571
260771
249065
246166
4816
132520
116515
249076
125151
239227
172076
759458
142496
421272
180464
137858
264461
120573
430751
63349
173191
143985
174575
96954
160468
161426
239061
117885
154460
191652
188100
189369
168005
280737
194740
56170
64066
257528
121227
184597
131827
260529
5573
162829
5965
27177
173533
98428
187822
125267
172089
280418
91082
155906
147210
290627
19899
193533
121224
38942
236948
241392
432257
121228
291283
172539
409537
257724
250212
187880
14670
95401
64069
172309
418659
136077
169380
9979
34140
122039
113167
416601
249988
194500
259364
798
186882
8838
149270
52072
99185
185358
414371
415944
163278
196115
139049
110312
161352
167738
235184
133288
260921
162101
26112
118124
239057
251506
261174
19636
156119
183022
432201
290706
94926
148489
118125
93214
98879
51427
184978
152457
11638
172905
138923
249809
237114
183769
196237
196334
115461
230036
157741
121951
259783
259211
164404
246971
192318
155123
121812
113300
51621
414361
159856
160094
426588
143994
163976
136227
253766
412048
126098
252537
257932
63895
160444
247294
12510
51685
184198
426867
391131
132921
253009
154480
433594
165163
123856
183116
180949
253765
131343
151830
183768
193406
180534
43095
150097
195993
89940
35822
180737
165719
155368
191511
163565
429405
156578
112257
101283
260521
240037
92215
423519
250275
155032
173796
6521
230975
191847
291026
230362
116136
230404
119572
64149
42764
418008
238502
172695
184165
193484
73717
240775
91531
249228
238881
246234
37698
192176
36942
170148
93985
51813
248623
132728
33476
132724
262756
172522
291300
185205
291104
151587
181240
11996
185245
237582
261622
59762
39156
160415
138700
85037
32221
138591
70219
434514
259117
126065
96955
425661
76692
251138
193150
120146
29672
163744
153740
18510
168703
259141
183032
95127
156528
97943
190540
137567
113357
192350
112139
17632
190400
183225
230044
133111
24268
149084
137733
130100
262990
417939
264486
426375
90665
246503
187094
194766
155874
189364
243500
241115
92768
239584
156011
169434
195988
57740
32604
259751
118280
101277
156773
194635
171120
160646
181509
126051
237861
230254
187013
182252
154981
111347
99533
417381
93818
247026
257385
22957
49858
166452
238988
263121
433136
122034
183301
134964
167920
184279
91337
187928
237692
252016
427597
183823
92223
158568
118551
95296
427232
427635
96939
161339
174642
187925
185237
146066
238214
156153
134170
238725
161353
195822
55871
7811
184977
155393
48787
138132
48266
148754
167255
261644
185477
95817
421818
245308
135187
166226
97778
416914
26316
418272
428060
144648
185371
180134
150096
759637
417687
253373
174609
92249
421817
158764
55442
180645
433247
181656
192579
250867
37585
193360
290886
238872
434620
148779
99054
64212
259806
192794
186221
21932
417676
244150
261235
5967
416605
193868
152609
109551
760465
188195
166347
51404
70254
251452
37512
70347
417047
252538
426703
159873
92397
252997
145305
119325
254047
157886
91339
38826
253771
154469
253780
133430
101868
120024
187348
99055
49856
195345
426094
151494
172365
126086
422795
254061
154062
414364
93872
183827
412777
193358
117787
257866
259607
415198
188796
421210
169459
70762
117423
258990
162222
259270
138562
417738
117195
93826
183114
153039
59926
266259
166114
45267
170581
117619
149052
160042
182045
185243
195757
127852
147213
239664
161670
236065
147188
154416
261682
183223
258450
290287
34142
143773
147675
90648
147525
413731
22452
192575
155278
161355
194374
90322
171592
166287
155277
417037
143966
253776
259750
230408
55478
33032
42261
426098
391185
144668
173068
186708
267277
167030
171472
170690
185119
230352
98273
240920
258565
416915
421131
45044
47856
156982
184342
180644
259424
240155
144852
64216
33467
133282
251515
246013
194738
169728
187850
33186
251869
191843
415197
172708
55727
252422
70800
70798
141882
152207
111104
138480
182770
152456
133133
429734
113152
186535
28431
149132
163488
257158
239299
91240
249004
192595
55831
425726
165494
419528
196238
421270
96456
144672
426862
130415
14791
259799
11051
5304
291254
155215
136566
5253
418177
38611
186897
145955
419228
254013
147347
425202
236286
416868
164761
195914
262680
184265
119265
281679
8493
262365
414354
119266
188550
195264
99621
33444
230410
45703
237519
148767
237928
234578
194244
131630
84124
167120
185616
154940
259071
192211
245649
142739
186669
236258
45986
429310
96166
81242
239782
158566
12972
252322
248114
126190
264721
45269
263108
189951
26314
413984
230976
119379
156489
192341
291313
236562
190330
413491
148497
98885
181127
105150
47813
244194
418765
89932
94873
185896
134313
46310
195181
5619
98027
164586
181239
125582
117791
243405
125336
153723
252219
110080
422573
154942
118537
261495
189016
291111
180673
415882
33388
153808
163545
247509
160875
250280
41694
31409
118597
162365
4849
125898
25445
97068
281759
414264
245173
38832
159630
259770
70910
186496
29687
96190
173889
54605
249882
96316
257395
191133
159157
166991
193503
432553
167576
155030
144678
431967
249105
159652
420935
97743
125153
117649
38761
145835
59749
190058
280833
248929
14556
170911
149271
422797
5578
127002
166789
260509
237925
156962
117661
5618
125259
174450
11050
111346
122198
291114
33695
230569
133891
185151
161758
290318
195064
246218
45734
98474
130791
191694
70349
132255
70259
14784
126084
185246
192315
184034
240404
248887
172210
145707
117426
149130
118851
105728
152866
252465
51390
155731
106936
243823
19133
51809
425845
185193
422011
192523
31777
189007
126316
163883
189199
167668
425444
244108
180462
155116
55713
119331
121323
148421
173793
173703
38982
184330
291634
186732
266688
248554
249824
236333
152463
126266
143653
118813
184579
125399
112391
11640
2997
417452
118522
249807
192987
412047
106939
180677
239663
429312
97458
37542
147220
433384
92501
253271
110134
158197
238889
243384
267202
252085
141293
105484
184765
189221
230377
168099
162396
163731
172515
249098
168467
39031
164830
192004
29813
32565
433216
260507
257389
291107
411000
64590
111968
194138
14785
186447
118719
186959
187278
419334
281754
416923
417701
243922
174295
38749
121054
421645
11633
253912
99987
180535
185099
236263
95128
188297
148918
126078
425440
230274
185113
118506
238904
143811
254451
236266
14807
143768
181238
429761
160045
103738
90663
134999
415064
14957
32324
149088
163486
155668
259907
260239
5614
418502
245356
759459
422718
157871
432205
253785
259401
184975
38748
174610
97921
188798
186598
132732
48358
153974
116076
184986
145275
64065
416321
172616
146190
424011
172377
280997
255806
164624
182922
159044
123598
99043
18514
173976
63919
166134
160173
182952
180576
47592
230311
14709
291288
194599
191146
165931
263022
173535
419209
141681
180029
249425
244047
427174
162648
172016
430575
168362
242122
5552
409623
430593
125496
134217
8537
240594
423582
151448
247720
17486
54574
162223
422476
236066
428778
187727
160007
183112
238303
260999
147824
25982
246266
44474
165899
55475
98494
117407
161431
162352
230580
186479
37604
162226
187888
250213
70215
169601
22465
57017
134084
144652
279580
155067
425958
163755
164996
11788
146956
29746
250624
420480
126077
64075
236624
243404
432199
159247
94456
173767
64443
180681
245793
419741
410925
234586
290119
429181
38961
163675
169757
252608
17631
97096
155620
41782
136071
183465
55224
190224
418545
169754
159691
120079
137484
183731
91820
243923
160705
238382
37483
290989
126036
153351
290128
195149
432209
66907
137477
243415
117136
426861
244198
99048
159920
260768
55477
94898
124122
155597
112172
188912
257531
76690
138707
54777
70794
119219
193505
137231
182020
113228
188735
264191
251826
163660
151756
423424
107419
138389
19739
159732
421278
187070
239452
266726
244206
89938
190488
258224
63896
32340
124120
93819
45983
167032
123153
429406
182529
421545
249086
172682
92334
163459
239289
11045
90719
45676
152488
122304
163391
258596
158487
43115
174635
145190
262660
31806
237142
54182
426869
239222
180041
24961
173766
64080
423660
192729
261237
18413
161481
165777
163939
45561
76103
157384
70217
48902
151557
429191
154320
170295
421246
417699
240711
172308
160289
98895
173451
235901
38731
426865
252143
244042
248139
184988
172659
291630
192558
12143
161808
172650
259032
127982
117717
143770
249354
411483
184169
5970
429309
118222
107503
290755
22453
172276
236330
158279
426868
144943
409994
194739
249813
35823
137569
180533
190047
290748
39034
136300
170906
235841
122804
246385
156136
155575
409716
112040
253788
413185
710067
8847
413823
417685
410770
36697
168104
113006
137880
119323
37492
182962
194462
409578
29685
290978
137413
236626
55739
290626
261936
38999
48170
409833
150315
70301
91549
248664
161669
98431
230358
191650
182693
187546
430972
239054
133287
33244
162229
155280
157675
152795
239652
113366
245185
417516
187852
240907
245061
159154
241131
154316
143700
194964
151538
130082
159014
182432
172667
237887
290984
194769
195124
173828
290884
37820
181209
185100
236002
253791
417519
434439
238890
247675
95035
422653
165453
418210
38638
109012
189220
190813
56138
145272
123791
230780
48576
182771
191849
151853
161323
21954
143974
182830
422618
241978
164982
166229
291127
230782
252938
121781
146780
161702
195406
193329
169699
418861
193527
194640
96168
189922
96167
247527
154991
423147
8819
159663
290872
171585
193510
183089
8881
11511
47293
416406
80951
246211
95450
182953
260243
147083
180739
145382
117202
155601
195418
237202
121517
124614
156978
190347
17714
143276
138774
244249
99057
172654
185927
163197
134648
427042
416910
168106
428177
151843
192979
97936
21884
89933
413086
172694
94457
241008
183105
105141
253784
187692
32603
135822
174188
94421
167642
165771
230346
189205
415050
184343
262933
428541
186967
168708
188356
112536
243566
112462
117201
247092
34980
63923
249721
259748
427233
160115
250802
111474
190055
5982
260135
93938
192590
126055
32374
95129
240669
184954
121223
189796
126344
183702
428533
230011
115737
97907
173353
181654
34836
180946
230942
161424
120560
187887
185187
253488
193403
43036
133283
291573
423736
106925
173812
152036
168343
426858
245154
169469
194506
158220
162355
117580
147396
259800
34895
429190
158227
182434
186494
128295
422234
91837
291314
192573
230213
191614
64209
120578
431357
58924
70258
18839
125744
118368
428095
260505
183088
189944
432615
184166
31417
38872
160394
171565
159731
192017
155594
426374
243749
145256
36681
26113
143046
250640
162937
117719
249088
98402
170150
107245
759451
253786
186541
34773
122297
162187
380356
262017
162123
409614
51598
191519
236296
153333
188799
153344
29699
156529
166793
150394
241873
147280
167972
425443
162367
154941
281501
153688
48756
155887
195436
291459
260182
70077
249996
257285
31803
184086
158222
260859
92212
186883
251602
186776
186454
5305
99547
90894
149149
118307
99964
136226
165665
122958
97970
47617
193969
185233
45747
121226
149265
257408
190056
193737
230121
115720
154692
145306
127979
196182
5672
38825
403512
261716
168101
429033
11053
159852
247049
170292
24936
186142
97439
195151
182147
431355
110317
267195
133765
94874
98098
157035
250798
434617
180173
9150
187201
93428
260531
183017
419067
194158
38732
759651
11915
115716
137851
11052
185189
186495
118536
187202
5670
70659
126087
113736
429501
170674
128053
416204
237674
180038
184073
159396
262667
433313
189900
23494
188374
95999
138561
17713
18513
186810
191564
163772
5620
260195
155741
236276
154403
246255
239630
419798
146769
46852
190385
19970
417453
93902
188307
155585
428028
184266
95956
96498
432040
181399
182305
163941
432203
18876
253395
158225
185864
240046
170687
191575
19623
145188
121050
12170
32381
258556
281455
164907
97097
147725
34166
237461
195190
431580
14883
163437
115196
31598
19992
165409
12850
280304
182425
29936
112381
135180
230103
163487
173228
291286
180862
186233
32234
230412
248920
172282
250115
159654
91875
195346
183500
9178
422288
153686
156009
172095
243724
188621
248169
238884
239240
187279
10697
98497
93112
183231
104669
243864
257217
189166
252696
248807
137483
29664
252166
152396
238552
291639
158213
184589
291285
161575
91519
29770
125597
190057
6317
188407
192597
188293
156469
168445
152887
25067
138363
120083
257465
170664
418746
171448
144130
97938
421488
130173
260004
184161
238892
245937
157668
159794
111105
113918
118621
415303
412998
90448
253767
37461
258557
31407
8380
248628
8726
291460
413193
185111
244011
48957
245360
245366
11797
142338
194736
138815
185122
34132
36770
37506
258459
90702
246227
64218
118600
172735
151467
421950
5527
235941
32273
248049
150824
261218
239059
261621
132339
36940
145890
158312
162576
149263
252564
247244
290027
35843
9118
250283
185181
235838
420132
121105
156776
181214
415604
91784
99340
193434
165683
126217
185238
259006
34152
92921
170568
290462
185209
107036
156500
418745
172382
116091
245090
12974
118623
240092
230593
430977
122295
173189
252394
93399
104657
238893
136241
290631
144978
183014
154526
152479
237177
85066
138703
418499
290993
194878
91822
95321
188441
4669
191510
237065
244302
11791
173479
118004
250210
236758
130099
158105
121166
186860
262228
241337
92538
133724
144831
181206
116290
166111
194390
76701
248622
167503
391172
122932
182933
191466
250625
45665
182433
433311
411326
415498
54181
422654
35926
92222
261810
153971
249635
166058
144679
98961
121149
192348
180684
255447
182666
154066
263062
122384
126062
133280
253916
153228
234590
38857
38966
252010
252276
164374
247410
145283
412776
413503
161573
253696
119376
259888
195197
191408
44470
258173
259735
195668
266973
128294
138817
259392
141318
411553
143273
89945
98797
138761
237111
48622
136677
45589
260775
148700
14762
249100
168426
168443
147221
238954
94307
167921
161560
258631
290624
147444
44441
117198
188101
280999
235940
99105
151561
119330
7218
38876
256222
257487
149280
37493
5585
128186
59614
147567
186273
118387
5616
145264
149050
415223
119552
238886
250093
196180
433628
97014
290004
420031
96164
263031
120108
49498
165053
190482
147393
70801
195155
193646
12633
193355
257687
153716
55070
258368
5152
21928
29811
94454
252865
172702
151695
246958
426554
258719
253385
421628
99045
168855
189890
47488
117522
55734
186668
165417
163881
148751
259912
154986
98891
411923
131152
120130
17804
4680
188639
185472
139258
97998
24927
54597
91253
184231
251027
190691
115523
99052
421823
166655
186592
95915
38771
118849
245291
172277
32223
172098
261945
167589
380383
70345
142498
172657
237112
159187
196286
245565
181480
183085
14795
51441
127068
189058
420818
259887
7787
260687
90651
70592
33185
185710
163913
241841
184586
73677
159046
259118
14800
245497
254024
153404
90436
291028
91675
149168
46841
291222
239360
11042
134167
163484
160032
114250
191122
147386
166227
235899
94872
187516
145434
93258
247639
422433
419066
70350
290986
250368
421274
411280
261688
55294
132219
155229
247505
193164
431382
248921
194322
132422
254059
152717
188360
64168
195215
290477
38738
158567
418687
258738
32833
247872
159198
186780
131936
11081
11649
128165
162287
159602
157367
172651
93391
185471
280549
96765
416995
434436
257160
238222
144803
194379
160026
259624
133285
248548
430971
183819
125598
262587
51895
186171
11798
263032
237961
99047
89726
290953
291510
248663
18587
255577
417039
253011
19744
45045
237946
415027
46849
134671
99623
193030
290126
193524
426550
380390
260133
194342
424715
186326
149278
138975
165933
192183
417829
280320
55033
19659
243645
168098
183331
146459
259736
417680
188936
166286
254007
236867
109466
253568
249104
119415
192322
187728
153070
280547
230549
291483
189003
51808
189349
230375
138699
192501
112295
253066
279575
165700
182532
172517
51814
230313
115719
117790
119348
95609
416815
152451
185619
415707
160029
94344
180661
174337
90703
158998
162731
99913
186484
147212
37691
239438
244163
188790
154716
99053
433336
145181
434093
430696
245732
193402
427991
118598
193508
185297
144587
162039
157317
184273
19966
164958
19667
131886
58917
148770
186861
153872
258902
5548
195972
174289
117703
126310
122934
196284
239725
98219
150233
246216
153208
260498
99302
187923
117585
35528
262592
42765
128228
189115
426730
64167
194770
434658
163441
4640
248676
238902
154891
94999
55649
419799
243646
150093
95602
134713
245033
160113
150759
168425
123147
193044
759639
122355
172084
33443
154142
416996
51666
168501
134381
123354
118650
95697
230102
257331
230940
237805
252563
192988
171731
33177
169846
119380
290327
35848
240917
252695
113737
170907
154060
185284
191655
92547
6072
17727
157836
55115
47776
134379
189114
5525
257840
193170
96745
91285
114038
104645
99625
51397
247240
94343
153025
261567
128240
417703
241561
137256
759798
146121
5306
55741
151980
185372
146063
47541
409796
433338
238374
19757
136798
189847
70539
160707
32840
290958
244077
241658
247033
14679
147598
64211
194518
149031
5333
246527
251625
126191
250622
151827
253918
122663
237405
85407
237162
156531
38963
171539
173330
125411
152210
267402
252427
257048
141580
248171
421470
160704
94924
32613
134602
184072
193504
51461
193526
191334
115516
153898
184969
124241
189899
161000
184232
143360
117549
247866
173109
14989
163269
126071
136239
190048
39192
258922
260770
158101
159727
411925
280390
122292
188351
97410
92300
124572
156406
160391
433627
184976
45277
195046
38758
189970
155539
194754
174150
141711
131999
38754
259209
260860
118624
120022
93904
259788
424822
259347
150191
260487
417412
190929
97714
241330
192355
35027
250839
159164
243542
126207
155593
432258
238916
139061
143928
230420
162743
189125
46830
245811
419492
189531
183351
93908
171594
159263
98782
138636
48173
262672
111082
162759
253394
261496
98796
158224
151290
409930
188047
117525
247667
19634
244305
145347
62634
35821
165776
147727
113508
190053
411023
183034
248075
424342
247407
174556
238908
73675
147938
95930
195237
424887
156124
96108
90506
133892
118616
163774
252391
11641
172164
247018
29665
150198
248219
162007
172710
154664
38214
118001
153726
95899
246739
260922
136839
263094
195823
99983
192631
195159
257157
110040
196398
252213
163251
98936
186564
99262
191677
248889
37388
125590
136575
162266
120576
5524
37507
195591
138557
149134
168796
96315
195824
415565
172672
192554
412842
291105
142007
248278
411863
409551
259076
164471
160163
193177
258842
253549
159169
118092
162647
120939
153229
161349
31807
416744
174527
430576
261571
290456
188704
187680
416679
11730
193364
134310
180664
164583
59215
186456
133134
172183
94420
161347
195404
51469
194763
413129
98214
186305
194816
120654
153973
156185
132421
191989
93987
77259
280301
184758
38156
154455
142335
25856
119446
134029
163493
156183
174545
237576
249419
131344
116667
169983
98881
247019
126099
193407
247267
189902
155907
194260
411800
119385
230514
168860
180370
413697
411862
174147
417686
39032
184980
153756
247247
121055
17097
291136
425681
135104
54179
144135
429472
194186
195249
4796
148762
260496
165664
19848
157027
259167
132538
54810
38861
246401
247023
59891
181232
36700
263103
192472
180863
13513
230778
115805
37290
8849
422690
152263
160448
250535
258466
162364
111094
18511
29618
35874
430574
117756
148759
159874
180924
259709
259413
174013
107215
63900
248658
429178
248552
5549
423638
157750
93421
258840
130643
186712
161856
412144
248179
63916
93586
418850
195992
253673
236010
98288
419734
157054
142438
18580
132222
157050
241389
73674
391189
172685
257219
250835
132221
261864
98884
173532
258529
185052
266257
251590
289994
194642
158219
29708
409848
245032
417518
51725
49604
118741
242280
411238
194257
253236
157544
155602
184314
98887
33366
427049
138401
380384
151556
190492
125400
171986
154937
145282
195532
257330
239717
433371
123491
138816
138814
153398
188736
230262
418567
124995
99291
90987
166677
36695
133316
159422
96936
246226
419796
188403
32498
126037
161648
195152
95234
196114
432434
249850
143474
122044
237343
146505
127751
290285
19720
184979
9438
259704
168358
146103
116234
146356
262665
156986
19637
90438
235938
39023
257882
10625
147380
248890
147292
137850
91898
138131
14801
164581
160445
248945
124236
137785
51812
91079
185612
46851
173197
57060
163885
98507
185393
43084
147066
189044
261551
291150
36667
134256
172305
182076
5559
172669
415825
98277
192788
195437
91081
417941
193633
117759
70537
133338
158185
142639
260518
35532
190730
259345
181234
165900
230223
427107
413105
173826
160031
190742
290845
90397
162593
142730
239056
180039
194925
138130
42113
243915
166285
183811
133135
172014
164006
160160
246251
759800
249998
117883
186662
409932
169998
164378
196420
195122
281412
416631
236011
252358
237402
49124
107222
239119
239050
170776
241789
156584
189943
51811
156960
59753
120100
154481
156331
191601
14564
99914
426112
196397
193166
95916
241388
131937
35913
113417
412667
29689
167890
252514
189968
117702
247029
19998
261559
131346
241390
253792
195239
237145
188624
419740
152347
421284
426404
147507
261870
124889
415603
237493
131350
237693
190044
291144
180814
153055
37627
418993
250354
24580
137844
21938
181213
183224
238896
230354
417044
172762
154721
119110
158765
160126
181655
246447
190000
194741
138133
163281
92974
132731
159870
250401
243366
257386
423425
11551
421842
124461
188753
261623
280370
184145
263091
420934
164640
92444
119335
137732
169077
38873
415888
29683
131550
190478
237191
195241
247022
55742
59770
172801
246976
253193
147658
156135
171683
174139
161019
107083
173181
252595
433241
148789
187422
248014
243951
159165
180668
241405
426871
247235
117418
119366
116001
138972
148766
90484
153747
122371
421959
248662
48332
258469
154914
261643
190173
37650
158211
128320
759452
107098
252677
167578
183697
118236
230585
261223
29918
138818
66716
250909
416917
125810
247524
183730
66908
143039
258146
262653
8900
417682
172077
151693
119290
253948
126074
253029
164759
173176
133312
181231
159425
161357
180686
244149
148358
185370
90615
235801
252989
43082
238488
97781
93491
189942
243407
47490
424343
93813
237115
290280
252212
257636
116671
90007
248555
6639
431966
5602
251514
165728
290260
159020
246887
186270
141221
291143
90326
5324
51391
423919
182530
141683
90711
91076
123278
111971
426096
37584
93383
417384
146123
143274
240339
99073
419525
137293
93823
104312
380227
180033
98460
421716
238882
230384
132423
117984
172642
240015
133436
426760
92392
92227
70521
157284
262366
94519
280735
145291
92913
230380
19688
89907
35025
97013
252137
239220
188706
5558
195247
193408
127712
96956
160928
243383
172283
34964
22991
33034
235756
260777
117669
420193
124888
192275
409903
254166
262998
264533
431617
252244
280825
49597
34328
116405
181571
188707
194375
194748
130101
95068
122040
196221
165454
710062
147067
186778
94951
261547
248183
230779
253239
169460
38852
167905
152785
125326
160030
166048
160281
182919
146771
182527
190092
186782
186477
262657
172091
29915
86005
167684
138548
161578
5649
117530
261565
136351
257406
165408
19622
13887
130254
258271
425725
251516
259074
249823
99915
192781
156002
98504
425546
413389
70887
243643
134647
3302
258849
96181
17637
136838
192955
196178
159313
259166
160648
144825
125976
253001
11261
188835
159926
38958
171596
189923
14615
237139
121250
187621
33414
413696
183789
146132
123490
125743
230263
185929
154517
133314
167994
191465
281375
73682
36925
186989
194431
117878
43083
153728
237290
194594
138192
258103
187288
238112
260769
33669
180086
138724
141881
111099
426731
183842
247395
93392
168105
151522
418488
250865
97337
32268
117416
125991
147204
171111
118855
159443
239629
22472
157407
194752
148743
247585
188795
191150
257315
258177
430602
249819
145810
118520
5651
136507
157880
45947
244010
290006
247331
61080
37526
421824
8673
93047
417501
263034
47537
141254
187340
153243
186711
409856
182464
250246
182423
140200
420192
247873
51915
194385
166348
237969
422572
193902
196053
143881
160090
257769
33337
196222
98429
157835
190181
413339
235839
157560
187926
162354
162357
290457
152255
249310
247190
126056
243957
54222
14954
131263
164616
249723
51681
290283
51418
243385
189927
259070
409710
422587
32270
6025
246931
291139
46135
174552
415247
192207
191568
117196
180816
173183
133399
38874
189040
125152
192006
99267
54741
157783
184077
241475
125412
195807
258808
245687
193174
153909
257905
246054
144093
180982
262847
167893
194382
94282
190489
133373
41073
237752
291326
253909
238887
97782
22971
187585
188371
260649
127639
172701
262662
11802
431916
236032
238372
136503
291108
11917
260051
414343
183092
70902
162957
290810
181515
421273
123356
148033
162359
280398
138693
161643
51910
291324
189014
97477
90487
180858
97503
63892
138746
90518
259341
140497
250252
239368
144166
111101
195157
182421
250838
238564
230766
257764
415227
249947
262666
180597
237272
421289
426383
190491
187851
249083
161764
259789
159450
38827
37482
190328
158486
188160
147395
192227
266647
149161
137879
188369
170464
249094
174196
189520
147659
253103
409467
258113
248794
95052
195355
132053
99100
429875
248661
174554
160709
167582
29905
154145
426373
409616
245608
180579
245195
116352
152450
173791
5546
699
171586
244142
32278
97824
124276
191651
171483
257746
186406
97437
156575
188159
257383
156534
246729
189043
263021
188620
157400
417692
171546
163745
145346
251601
433907
168052
168998
127544
259437
128231
119368
261901
124790
148765
191117
49093
45040
194647
157891
260489
51737
181668
35952
142220
90425
417953
417502
147425
101872
154458
412294
230253
22983
238909
45945
190644
258230
423441
8677
181151
193994
191566
120574
133374
253422
14610
95913
19198
99608
433456
431823
92548
97942
5973
107081
35610
58933
237199
126080
147291
98162
57127
421179
195400
120556
99346
158221
258503
431822
99617
249158
415886
38875
183031
142113
144676
152259
92226
131885
128230
188398
258741
124901
21931
258632
186500
180656
149272
181011
190633
134030
194519
252278
155386
259260
8624
192792
143871
12709
161651
34777
391089
92577
173592
6319
85062
230466
103771
122291
238858
141395
194645
426759
280513
162606
115565
55485
145180
85035
258551
47508
22459
182694
418994
130075
248272
425844
125742
159768
181233
253586
251942
155647
190469
258366
249424
55728
190225
153967
153054
90718
119447
180119
48785
194972
163878
138976
759462
257391
186595
417781
433457
183086
237909
182253
428059
250163
413926
257044
19530
42237
180448
239830
97927
252089
239049
122043
237411
237748
257630
253024
144818
248236
11269
260523
165421
161401
76104
180745
241237
136568
147681
165701
152661
171117
99085
11144
118223
195045
160863
246400
143990
141510
247390
192787
120557
434449
236005
194335
94504
51344
230053
185234
196235
37474
249342
421820
259343
253793
253993
264460
132102
98897
167506
238878
173729
126075
248553
421109
230013
191132
412780
98503
413109
230045
180669
433267
17711
247242
181153
98473
170155
414644
412841
250620
126027
759364
242110
29701
241417
184598
237178
428532
37488
260390
153672
147686
64290
136069
111084
185933
262060
180747
419226
423409
252325
238607
94959
14765
151733
260515
193107
38837
291126
173103
12818
137881
409872
262501
154928
424151
166139
894
34170
260488
190432
230784
142222
252013
48361
38829
188794
251318
195854
419065
259072
159673
415884
236331
427140
17666
99061
48878
253855
162227
710036
253387
165772
185589
429189
160015
236439
262553
160040
194979
417698
4639
193502
128064
252937
138176
153969
171972
36944
12808
432611
120093
156617
174644
151696
250792
161506
182198
189122
169232
163276
76685
118007
19281
32836
9513
236625
118776
254925
117550
157418
164375
192358
252426
187219
413255
258065
185114
291112
119321
147682
253366
259769
190003
60458
192980
37571
133345
124886
157397
144677
182426
167156
188296
121999
134496
230226
188411
237143
5553
125899
145359
161654
195196
44434
45632
194163
91169
138092
262656
161348
147825
230464
249049
180028
34266
161428
237965
159106
149171
195192
139055
160036
411307
98462
236052
155598
192357
421480
188833
257042
172367
155122
119367
240476
36943
5671
431555
169753
241871
194980
252009
262664
95561
116608
418090
257164
183704
187069
117785
151903
14728
126069
259342
193525
159714
235805
238976
126067
194245
424582
98952
93986
31760
152936
6006
48331
245792
164999
35159
193422
144461
94889
257116
161425
51818
190474
148718
257388
172093
261943
247581
159854
184952
252274
409480
173673
187275
421476
250503
143476
145097
422044
194602
156186
759461
172036
186952
249941
429311
90372
426031
125745
237575
145308
136565
112039
257730
136271
144675
246217
426726
249078
247642
235802
237176
253783
170868
35546
157333
169849
246575
416746
247302
417517
30304
259805
125369
99064
234589
259381
134309
191048
144804
164228
419439
237967
48897
194404
185474
172643
155993
36680
32035
186453
135000
145843
246055
259161
157369
46136
169935
192361
90662
163741
181732
151533
113299
186052
247874
137411
191578
380226
43116
186809
34378
431028
137568
196476
230277
255718
46850
417739
247787
261550
151705
257765
147355
165169
248115
42983
412494
125969
422341
291252
120120
11660
230285
146105
430364
158768
97551
415716
29673
37125
260472
252428
152260
195150
97438
411024
160013
426030
169751
11639
247002
98882
48879
155720
261057
11254
117618
45739
248551
106935
416124
420475
152283
162400
183613
246311
258935
291574
91226
138549
246408
157185
433221
168653
186973
250534
429224
247265
66931
148771
117192
253424
152807
12171
257264
119204
134370
141223
70169
91168
144680
98886
173967
247327
51470
33188
252936
195153
164431
119363
251026
159149
43008
7846
252965
425842
136670
169619
8753
261577
95402
159697
163470
180640
126023
99548
189901
11731
99187
250184
110318
159592
245030
409630
189926
85070
160865
234585
182040
134213
164667
145119
186781
391173
194343
257527
193970
159156
152880
153347
163799
412561
239727
174544
185240
156184
261043
144326
168096
8696
23459
258475
117412
169863
258477
93252
173606
187273
118279
164641
147357
249821
113924
164760
24964
166918
427670
248234
115715
125345
246738
193746
415695
192581
115744
121155
230690
98495
262764
413390
185285
422849
258061
152397
152655
167952
150238
128080
165410
248132
165874
145286
186227
252933
120023
169987
98506
193862
248632
248723
259340
195416
172677
160092
262841
247542
260503
120551
31478
99916
239151
193968
126101
195344
250486
134082
155588
172889
90134
253238
290894
6048
191326
252247
52087
158232
149128
123144
144660
94891
11635
192887
259241
152816
138799
423267
290999
125987
64446
155388
251137
161157
112397
155599
17803
38860
41690
32611
33354
417424
144684
409465
98616
258723
174197
194189
188792
188444
118723
251015
171532
150234
236866
428512
413501
91224
236637
173732
130633
37690
93588
421291
262602
32700
186737
156979
188623
133965
125149
192359
55714
145360
180192
230216
135718
147505
150092
423940
193624
47543
259764
22990
12809
19132
188355
150095
51909
145863
171547
192808
238873
161345
426169
187876
160114
118545
127855
171237
259947
95398
187283
252130
189870
8379
126081
193897
250806
416916
37490
51731
155230
11919
168139
163416
150915
261548
127153
156985
247870
14667
125988
19204
159851
241425
105828
12849
96571
135205
48881
47540
160021
37660
167116
186813
181683
195592
96969
252014
142741
126068
117813
262426
187802
170670
32563
245275
250795
251478
122042
239290
131579
115733
259004
193109
153402
