248840
173231
97014
230180
196332
185410
138978
254295
147230
156582
27177
192354
136239
11913
119344
252276
146140
186983
139049
230600
258567
193099
147188
143868
180121
161560
191601
192229
194520
101870
32604
123149
193507
409735
191332
93844
117184
11796
249320
252278
38216
416461
134647
143968
55456
418455
230045
188164
51428
191570
147391
426308
187029
152717
184369
417046
412667
239220
95916
158212
249103
187730
422397
180742
136504
148762
152207
171585
106939
195241
49253
154457
11800
252934
291143
290984
195824
190831
261604
42999
421950
417038
59753
48900
264189
160151
64168
239438
426862
166139
131079
172013
251034
8422
163769
245336
183467
162359
170146
98460
239579
170628
161352
32276
243725
159712
164431
122300
290722
160468
261223
93726
4536
153348
186454
168422
415197
164233
257829
153411
188878
63903
8625
144944
196285
134646
181151
247399
244204
70531
290376
246409
185244
63920
186480
47489
99913
262662
188366
424920
190435
151694
125747
136505
251136
76705
391280
115521
181236
173183
414365
184073
186733
145344
190469
170150
192353
236007
90447
433336
185370
416985
168444
155111
246410
240665
33170
23459
263768
126310
184765
170052
150760
120083
125405
196515
134311
253565
9443
5962
427389
86005
91690
253778
419526
172685
153970
154468
247949
162645
163675
182527
252085
120968
70900
153225
172707
155562
195417
290953
250763
37483
239593
432199
153756
116134
253760
124276
45742
422433
238900
124997
5974
236269
262732
247975
54605
39036
187621
257116
191577
237493
64203
117203
418657
181216
159448
149147
241424
37478
241790
159444
432258
159158
119265
162394
186651
258256
5555
90714
120021
249080
90018
180691
240202
169077
260282
172299
169024
236562
130885
247583
431916
189520
239728
258516
54855
291630
17489
421484
253763
154914
259354
38760
103771
411238
416443
118785
185617
230505
247522
759452
91080
245021
156584
29936
190808
291636
112536
193680
248797
93558
158222
160709
190635
196176
415487
259734
123489
421479
253386
416531
417696
164759
238725
118617
111474
163410
70260
98951
55699
167584
238691
252008
141709
240954
262656
257687
182766
147910
291029
156308
144913
415882
45044
194967
63924
161002
258057
118399
262764
190327
29709
165839
64132
165169
181231
39191
182045
193454
165420
423444
14763
19758
91900
186595
190536
416923
171533
170464
94314
149132
190181
416679
133286
236014
96687
234592
403510
70661
194761
418207
237969
186731
42261
241843
257048
425779
118735
143192
163733
48382
145039
118520
291264
167642
146123
253673
117858
186142
48242
11645
257689
93986
156295
413732
243915
136271
54235
245092
243822
168383
186169
257146
245659
258060
230225
245195
239801
237960
252422
230248
91518
90666
136394
246976
149085
39033
430974
156015
166286
171546
239060
195437
134875
163745
152258
245663
241410
239305
429311
416276
418266
245306
157138
190432
122197
118189
248173
185096
252270
247635
421628
34948
18843
230432
12850
248625
168855
191326
165704
37580
172309
160160
180669
187921
155827
194816
14610
230405
115736
11644
258024
184579
11658
33186
90487
259765
33686
246214
123078
119264
150803
168889
249824
155019
185236
170674
168445
252595
141313
267196
433313
70217
193134
430604
156423
149031
11792
154790
416174
415029
249813
242112
99187
251478
163251
260505
193403
194519
153724
185710
136498
157351
154056
34797
413389
430576
422618
291141
193745
138683
93822
153226
192338
118626
243377
173480
156310
262667
417540
161019
113005
93961
54918
31417
13511
11806
266688
252633
172701
33401
259743
147355
193818
181480
423636
157532
85453
180579
172649
125151
185393
92986
32610
165163
260245
427560
109460
418270
33353
254213
99723
180649
118442
257713
194737
186215
181749
139050
160966
246400
32613
243381
243380
186811
148761
161905
17637
188147
19144
66935
250486
160657
239151
144830
422396
163879
131937
252015
186582
237925
417941
104710
195401
8849
186456
434089
133714
247675
4679
169544
37586
119267
162929
165931
115719
235988
172378
133313
281757
261865
290127
415565
174580
158224
184169
162761
81716
262846
49124
187880
184199
173229
157035
91528
244162
45268
186664
416743
194497
162102
99986
153108
153528
710060
139052
258177
238898
290895
425122
192957
90663
194974
253910
138363
7394
63922
186597
167030
190747
183700
160281
426383
247259
254925
259001
239627
185864
410770
143869
166922
37508
237163
44412
29700
155323
155600
126101
182280
413825
380228
194506
187836
426112
414644
186882
259068
47540
159187
195990
64446
136073
38962
173672
133133
138522
126076
153398
159851
31794
184034
181668
173230
239051
183617
180174
137851
29903
17661
161400
414342
418745
196260
172889
93725
193364
38853
128242
126070
159288
760018
124890
261721
152784
189075
91531
248262
173228
236264
253376
160173
431965
154228
413388
118601
263095
144958
120110
45746
37697
187729
144756
98095
166795
164957
8626
31598
261569
434436
189783
190496
253950
146598
22269
241114
259076
97386
173392
92393
115746
37475
17731
186139
187275
247267
290845
116082
138561
260310
57768
160389
119320
246313
115742
91077
263103
411022
245293
191651
249819
262680
99624
250792
249072
257830
156016
159852
98214
193402
91170
252128
194771
194092
193122
172511
17631
55649
258459
147727
180860
153614
188407
391424
122042
142801
132214
240092
185903
12809
46852
38860
125739
160032
257867
281498
51418
63901
418185
250659
37656
38858
195760
237612
90297
186670
241870
419753
157333
117719
258111
171749
248626
253267
128243
257312
180948
193408
45739
142964
237808
153223
281413
153466
126052
254058
186713
235897
160014
112397
121517
257874
195972
110081
90723
184974
257528
143661
168708
187288
122037
18807
181839
11659
105140
259340
119361
258849
235938
32498
122738
166832
51816
5965
237543
428427
250833
174574
185247
119275
189207
167046
11789
425841
37461
195180
117608
192784
425694
261769
91053
29768
42208
290118
185274
118741
138696
182627
258515
163279
39198
117623
159104
17789
145188
132423
255807
291639
189015
237998
240247
252275
181571
159856
167948
146844
185373
246964
17636
142198
187498
195267
413129
91877
116270
252427
261926
425844
413492
185202
98220
93773
59214
238878
192946
144979
290363
414357
151756
409578
155909
169876
51909
237849
254044
145185
117423
119310
417372
241371
196114
230635
155647
55483
124240
34992
119445
91763
252962
257165
33178
120971
261686
33358
185401
137410
116091
19741
237861
33032
144664
113508
167993
188787
160290
260509
11051
171482
429407
37570
194251
186217
163732
96939
14765
245364
162777
260606
430187
421478
14679
172630
237967
119335
11511
759643
188102
42738
193500
5539
421555
262190
237405
29708
138549
32599
48784
253238
31805
247407
116235
250866
19947
49598
185865
159652
142222
250710
166226
157651
169842
131529
63900
258720
291262
47786
186862
155368
109171
258842
5321
116675
167040
95996
98616
172700
430616
244743
32851
54614
191467
189795
94392
241393
262196
172616
48875
291520
252965
125402
249818
259209
417679
237848
414559
147598
280301
116269
391177
246096
94757
237402
94341
167950
117658
262715
11090
22971
136811
252608
22956
170261
93983
252936
155730
95068
131609
249426
191655
154689
94546
117533
128361
128421
250541
157560
90427
46103
8632
92392
194064
245000
413298
160016
12819
97436
14957
261400
118724
152456
136506
240102
147499
126210
186182
253779
113874
169988
195397
18512
172014
195258
430603
262661
196237
248187
180738
126308
48174
159645
187875
151548
70537
6639
180341
182201
230781
160040
261622
91287
118849
244279
126015
291614
248628
118599
172091
188754
193093
194744
99456
261862
240404
414179
194764
185604
47591
160163
181697
34499
147681
189967
38875
125910
110021
190055
90841
251826
419740
94924
19133
155388
132221
248148
413174
192725
97514
250863
165411
52137
264503
41725
290627
421826
291116
191847
237962
244042
239449
148766
192321
51441
14802
90064
113228
120129
174554
173831
422653
134648
162806
133135
159165
189891
93903
165703
38201
192980
290625
760466
257839
230215
422264
29906
421823
259800
259071
35543
230943
34984
165061
421272
259203
241392
194344
117620
5542
155390
234580
261709
415028
432121
185475
427181
92301
419611
64416
38876
51785
158226
249820
55115
110083
186269
137958
133316
192017
236260
118190
97590
117195
261860
122933
257934
260695
63897
429967
259710
182423
98183
193970
172082
158587
64218
17709
243414
185235
421283
194384
143768
29588
172656
158373
95321
164624
98796
230250
291282
37474
417700
132491
429512
119418
187025
418545
148758
238196
415603
161357
247015
239446
413109
98022
243407
246227
90987
431388
46104
170867
433235
238218
280849
165701
8522
169987
185241
249082
258564
149215
25857
259139
91076
143040
8384
247025
253264
38751
422341
187219
37576
290985
90171
260984
113921
169846
424151
163878
121323
117580
47856
11643
168857
11660
172210
416745
290812
249095
172646
165776
192211
186736
13968
169862
196531
124244
159286
189892
249998
85031
262367
156773
180638
160888
112040
163437
181745
159420
237857
147500
180637
427233
5617
244674
184075
423267
98505
124790
230700
187067
184165
236865
253479
258376
91706
128166
191510
99547
42083
245358
249720
128360
167009
418600
163797
12007
230348
97551
153340
35938
185848
190224
162159
157384
423640
158105
145256
113917
251597
426868
7846
182035
94760
429309
289986
188303
172615
127855
169545
186810
291432
128292
45703
191469
247332
257256
237751
186952
19738
187283
237174
193528
167144
141885
14750
184339
247722
415051
12009
238880
427670
152462
73671
64065
48559
236332
117088
172059
160373
157782
241365
95322
247509
244025
162223
18580
290327
411025
160031
414358
152211
189870
183331
230581
155874
120145
64213
21355
51790
259737
118495
93626
262679
409551
181701
5526
258467
262410
90134
93393
192979
145082
239290
149086
91839
137484
118509
93255
96162
243566
138774
247170
252075
250356
120974
257466
191650
11555
154686
6030
174545
195396
126191
155993
160505
109012
121151
235838
186712
247010
259320
11786
195978
185397
48334
157561
14748
257219
188367
119324
93938
252362
134961
161387
122038
110022
159730
116003
127642
5540
156096
248660
380388
4817
183841
145302
73682
161428
126023
35915
5544
64415
48701
190837
195070
264460
290119
92213
45734
158198
95496
38963
190615
155303
92768
151733
430928
97403
45571
237965
403414
12627
160876
254244
194345
256677
138812
291258
239558
124999
90672
162576
118841
37472
168703
186494
114311
98496
181657
183703
93258
97620
290122
117429
193511
122297
421819
112338
248884
37724
248740
188639
189043
258722
49497
245360
181044
188623
45277
194969
107419
169342
128238
62817
171544
182198
36678
95459
16078
85066
63894
237193
416204
92536
253947
192315
186484
99048
419805
137784
98359
291311
154461
163741
152251
152887
90040
422083
184932
429179
33229
147356
196180
14669
250624
38716
190002
280417
140989
235712
121049
111100
8379
160012
184973
35542
158211
22970
237928
153714
90637
418532
169025
90662
167999
98782
250655
119170
261274
96955
181683
29909
165901
103758
247950
263084
411860
90320
33324
184588
167582
245869
45041
147205
196115
134671
166452
189220
149217
161258
260501
171136
171117
411505
22938
194322
55951
64146
7839
158567
138848
258809
412998
22990
134495
252274
195247
194926
259622
142248
189017
252134
236637
156992
97970
121221
55442
250401
156065
132836
237407
241123
247642
431580
43117
55726
59743
21929
184446
253389
181219
76103
166892
254296
117649
173820
152254
32298
257166
263031
258690
14764
34328
230128
29666
195406
161644
192595
111102
191131
171599
173094
158566
138684
281066
117418
238552
11795
164230
168427
147505
145810
18509
181240
154466
156581
117523
55481
5209
191322
96498
267198
196327
160390
230357
70592
150191
96059
31407
5619
156963
161578
431382
243319
186962
38862
425661
247002
119369
261570
142495
183634
187995
14777
38959
112535
195345
153060
187925
153251
257313
248804
185867
169037
95913
430575
192351
230380
171972
153501
156535
42741
117411
98898
167256
112391
35912
45046
426404
48704
247580
148905
412780
54180
434090
185136
136204
144313
195995
64444
418908
259190
411481
137412
430927
191133
160010
34198
116665
42971
161355
126063
151780
180149
247241
113913
158106
194976
252247
122937
180644
11053
426860
430571
192323
120023
164761
42972
58463
147425
34154
35808
237277
185923
174635
159160
17804
423255
426858
230592
182647
89944
141499
191046
107503
9178
147686
247521
417381
148740
47490
35025
258549
48898
174575
123459
121753
161576
759797
157677
17243
255576
230778
237730
123825
119364
196117
18577
291105
423131
145301
11794
230410
150464
230358
416990
99346
123488
181215
45743
165409
189359
22955
33476
248894
94872
182467
165422
193133
195821
254049
153425
180187
260530
161646
70251
173828
93586
38611
182566
33033
127152
159695
99368
112165
149033
194635
158537
191559
91705
99617
160017
11646
98895
434088
281412
259342
147507
424889
194602
113004
172710
418176
109897
159873
258610
131528
160041
130791
120003
194374
409865
431823
110082
174138
432250
192782
426125
433625
149052
45052
422654
153718
427579
187650
172690
196179
5967
259353
884
153245
280760
98618
6020
97904
760259
190434
127960
6317
11799
118791
243416
238213
94959
148698
109376
418183
121226
148790
173592
95930
118522
261936
11801
113922
98948
151768
248794
248189
17320
172012
248261
235941
111083
126086
230436
416868
153723
42975
240245
146121
36925
252465
185899
35532
45945
161877
188472
185239
147220
166836
5649
97613
45562
55484
192886
147397
117180
157905
89940
262091
193506
119159
184086
433217
238004
249110
189042
418738
172647
160195
121974
235898
419774
161396
91519
128293
280370
247013
168137
34175
193173
166287
8750
118057
250535
416260
35872
51813
56170
188166
186276
416405
417412
193560
250114
47822
117189
258064
161702
159693
36950
154758
248545
34822
153399
243616
415342
290631
137411
254007
230587
34155
249105
248179
163877
38869
12810
144670
35610
6048
147293
409596
234591
121146
156994
12169
241405
262837
427197
174289
126051
239128
98891
181525
185474
163415
173814
143887
431555
254297
161503
416988
55033
258517
36943
173170
425545
144651
118595
94424
155587
136227
188880
126056
32275
91676
183107
121054
19646
29919
241872
414536
155387
48879
432204
163492
18578
34150
156583
262016
230631
189917
44434
260776
244567
280825
111081
125917
14677
99353
167156
262554
159154
260801
154064
97907
240012
246521
98954
422718
35020
239281
187286
195191
418686
235901
168887
241852
11649
247867
181569
92211
262601
90720
237579
35843
260493
94874
413698
193172
144656
98989
418746
248056
33354
138132
11641
162829
90710
170670
163373
130644
113417
29901
243799
248798
127838
182531
262284
411307
125336
245308
172164
38999
259957
147232
10625
92214
260242
59894
182918
247581
135827
152594
155602
144672
120105
432200
125369
138800
237711
22459
107088
192006
169341
131605
252697
186447
164641
257217
760464
32315
154464
161426
124887
133430
159189
429907
429313
126080
252089
428429
142499
11633
255640
238001
160021
253775
247398
91784
124525
230955
246981
280398
415568
424863
134713
185354
253098
163396
97472
138810
111968
251138
250625
143966
234596
409932
186960
152609
47508
245688
153210
59920
290456
33426
422137
12171
252035
260864
184201
166794
421270
182567
171237
418272
192278
241871
247640
96958
155593
237558
243383
143967
91168
247638
41694
230976
245111
95559
167920
259887
250252
230218
243542
417514
94902
148786
248277
417702
251657
163984
130794
136037
122962
259769
96933
195197
416715
38625
132222
155315
256222
188708
25980
89841
172024
259775
132339
137103
185286
172016
144319
161827
29673
240534
132728
35821
45045
154142
33221
262050
144476
236948
96943
249091
262098
59655
253418
290117
193526
124245
145253
144652
97206
426406
290884
257465
182431
99445
118238
154347
183114
133343
415225
119443
258275
165896
30304
241330
247720
416275
144981
253888
184083
252013
168361
158216
416997
281497
32611
36944
34981
417691
230101
101766
135348
66907
235184
98896
132637
33443
5541
118222
138133
172301
250908
18513
230940
190724
64210
155370
168141
144093
159424
412144
125260
172631
8383
137619
27605
121055
147395
182921
121776
8755
180927
162396
5577
166136
153898
419492
249850
149241
259436
47821
138803
259787
164907
241408
182970
422533
173068
180470
193177
123596
159793
156135
253843
118871
230465
143173
172643
94992
237575
119367
186734
115737
125324
154939
257702
152217
135822
149099
125583
6017
192501
135826
194433
185616
236330
134308
238902
166709
18587
13326
164449
159649
99141
185234
172644
167891
187923
45042
42973
5574
230036
191119
257486
423920
97480
133338
5616
414557
186861
93448
258692
263032
171731
189903
380356
117881
173682
416912
96771
261559
180654
138595
191323
230174
138693
159926
291326
186053
194616
185183
427458
426863
265063
145298
137477
98936
159162
90002
253782
411062
127951
188126
182041
115716
181398
172094
262847
174536
8700
171498
187504
51596
159425
189368
291142
116221
99085
180743
261861
45054
170946
35853
5671
120559
29905
128320
239718
192857
410778
156978
181515
181659
156002
138894
121050
153871
146132
132220
146770
241242
182554
155281
194748
237929
258710
189772
126065
113152
247531
6006
14728
195827
147911
136067
124119
246968
411758
98474
249823
160887
411326
190480
27606
51587
430972
159247
156960
152453
194421
239246
95594
409605
127919
247408
411476
195408
172281
192989
192019
140082
183296
174197
92913
260524
246967
426169
260925
291103
258548
160318
191351
238685
112036
122198
121250
168705
165451
98599
44472
191551
249826
132365
409469
36700
248887
174642
157003
184145
237961
125988
19999
54222
147381
185100
264522
248973
187323
147394
93872
159292
431186
154937
290007
186599
161559
434079
246101
125979
73677
159153
261621
253208
422691
37585
137132
146456
37488
257866
124896
248796
194739
121147
194640
55223
164697
117785
180173
192791
128195
51252
184200
64216
135340
185369
152461
160029
159853
230354
64151
242113
33184
70797
126305
126071
32671
188643
192175
251507
107092
291634
143974
173196
188399
291151
428541
160289
14989
155599
195159
259783
117194
251514
247505
245154
427991
147485
257636
108780
259736
431967
180119
247391
290457
247582
18514
154060
96456
116078
55660
156593
169810
166111
120010
99306
162266
249811
412841
148063
14564
163438
106924
90718
250840
164983
32838
107273
180946
135071
32269
195825
104657
134312
147210
14615
152455
237343
247639
142007
181234
168653
143039
125401
101867
247641
120024
248046
134084
181696
22959
32231
131828
235899
184131
109417
38214
136571
57060
163938
434449
257504
173793
235743
417703
115749
250796
133438
148717
243386
120577
188163
92195
90055
158568
184972
188360
153250
238909
258175
188372
45267
49599
121153
5530
167041
188160
12005
253239
154479
185110
244047
419525
418744
263033
45923
97941
239564
138726
43119
138558
156184
257767
243951
180865
121534
147527
84230
120130
418736
16088
159238
172093
412048
180685
91901
21937
117811
180674
236286
118537
259161
172706
189965
123152
193512
182468
164810
95072
156185
158196
290027
139064
193993
418007
6049
113000
247532
64149
143928
161281
196398
156341
141035
168704
138973
37481
161648
45986
126189
188791
230416
36927
169454
142166
22994
230384
160470
92973
161570
243497
183748
166991
264710
159161
184266
194382
254407
170949
193016
167578
138923
172276
64408
192885
169536
230412
85062
141681
117585
97077
47622
247872
161157
194225
173453
430466
14752
195273
170868
113739
249812
118720
190053
13513
429878
163773
98277
433267
191049
155067
147343
35874
416709
52085
180027
55227
97095
416920
144677
97942
191110
163679
92197
172719
151534
416132
17714
173237
22937
183616
159855
238977
51289
173816
190825
432208
165902
107082
196235
155977
147444
416924
145713
134106
91530
94759
84223
252791
171542
97921
413503
246487
409623
250794
239054
144325
259350
183613
156384
126263
155740
759799
194462
252605
174188
167115
187071
7844
63892
89905
93632
11915
151546
148496
188803
135072
70133
188354
171587
51390
417695
421066
244299
250213
291613
428699
259355
262174
257220
193044
152270
97071
247022
187881
55713
16100
97073
123158
259702
5553
126169
144461
248115
131836
127968
150394
8622
432380
138802
191350
245689
429472
153054
123356
417539
147825
125400
148768
173751
159699
185359
169078
123782
162890
35031
249809
257840
243946
172633
247273
239652
7221
258633
257329
253918
181469
5548
170908
111096
163755
135070
125745
150097
119384
99057
188796
247787
121968
171404
422548
190058
251015
85245
412639
146033
154467
128297
190753
250653
117885
143278
172683
185196
120107
194424
17097
160094
186305
126260
258751
257333
194599
186278
163485
166201
290986
253394
253948
170322
182663
151528
7218
246739
95788
112498
262500
192318
421482
149149
171115
180739
196228
254069
51731
251939
125153
117791
188550
167031
153973
187341
185245
142170
131487
160703
431617
169366
266645
22995
252043
149005
121165
245650
429182
37492
180943
159045
7392
411204
138831
37625
429308
182769
187282
186598
291102
239058
55730
118004
33182
759449
158585
94995
172303
259408
98502
192183
247266
184072
194065
428778
155822
174013
160697
257884
421274
159870
187338
410925
192729
137893
160392
180650
128237
138727
8669
153741
181911
249157
90664
239056
147426
111104
391183
32381
236066
192208
159289
194979
230255
168654
415890
241404
110020
415957
254188
117425
132223
259745
161432
238222
192523
291325
180030
138215
245307
158157
94456
158940
189923
99457
29914
154251
183636
93898
243498
196329
260860
180639
120020
45983
54234
192292
251140
152816
89941
137782
186051
263092
253266
169877
195987
194466
258272
253486
144681
29671
260340
151558
61080
113890
187801
192316
420132
253318
237968
262592
291111
167702
253844
173050
195407
245173
14785
172083
184444
47543
187404
182338
162226
156307
183301
160161
158104
121225
258109
135181
254451
242099
160088
186539
182304
195237
19975
155606
172667
127980
432257
261012
413699
230251
419228
247527
250163
248735
253488
12633
104625
32603
250166
196471
149271
154942
11731
260427
120585
125323
118554
164765
189383
113300
258937
126027
239583
259115
138705
70539
230819
37687
251023
416420
422719
411795
263093
8667
253378
94961
89936
250626
237710
138576
111732
193792
107084
258711
154087
260496
55693
189204
247868
247238
159663
427957
248650
5646
188297
252677
147420
432537
261020
120019
189237
37692
160113
25457
230254
759458
98783
125944
117550
32232
180036
117894
149050
36936
39059
239227
247018
95413
413697
164997
190491
94954
290958
184976
160028
139061
260243
141882
126215
180941
150239
51666
136300
290179
230120
37477
180462
194754
239663
170913
137051
11515
181235
154480
95915
237272
36915
230417
434439
180653
260492
63919
122304
8694
161347
191575
426340
186562
29758
34754
162393
194334
119363
173857
122000
180172
125152
34182
411557
89840
264192
261533
245717
94454
150092
249229
134028
161350
133288
173049
37289
169559
261221
42736
253937
253566
181732
164667
247458
127488
164407
5966
230262
42103
122199
264721
243823
145264
154066
237379
193505
240594
117702
154680
146743
243957
48332
180464
33688
146596
230419
121166
97088
259663
425659
433371
174151
131347
257709
416710
238954
411462
238894
91898
94783
230466
173673
186500
163281
248075
35850
62634
246094
185712
128295
239053
122043
117196
154469
44462
85951
182768
155123
265179
31467
155603
187273
140986
170168
426095
240278
191568
181691
236088
257161
172079
190802
290894
415566
93398
180169
96172
261572
167972
184315
247020
161018
412375
153716
190178
137967
96235
169413
157417
421011
93428
161345
251716
235903
135905
409853
160045
181046
425873
148767
120108
169936
37571
29710
188799
192358
161342
117549
193356
193626
172718
39037
251827
173818
193863
94344
250797
251318
254215
160446
411862
416916
99100
76687
144852
156385
7789
236864
260912
95804
192361
291132
432252
230784
113366
49856
55225
419610
259018
248278
155559
192341
257396
97478
90483
193193
115744
246408
183686
143881
143413
432947
112124
415883
110310
187342
427928
158185
8399
114314
238723
90325
173204
95561
37690
70888
257904
260775
18586
145183
189348
169023
92444
170882
248139
117887
29672
189969
165064
248401
163390
192357
152796
262840
139311
141580
95806
3056
157777
134601
45554
195124
433078
128177
135349
243366
173184
125404
185193
257838
413491
248550
238219
241388
134380
14618
98886
99489
259789
195500
113357
23497
96735
186306
35541
253777
190478
189970
141883
290630
151845
182305
187926
136832
254013
38854
189796
159136
184730
418967
90615
185194
46110
230037
419626
144946
111099
418008
184933
230407
194758
181689
163197
119326
430593
164639
180687
186729
423519
93871
119338
51692
70082
8751
253062
25982
148778
117407
237324
9143
165408
25067
251855
183811
90521
194254
4660
181698
63895
51895
259160
184313
163427
34167
5306
191694
234588
257397
170295
260778
185285
188307
188800
169998
95052
32833
430364
290992
70348
185866
192348
32233
172735
119334
193746
244142
14760
119497
147221
258101
243929
90702
93439
429631
194641
264486
134307
155230
291080
155712
187879
147252
117717
189004
237411
91225
249068
98499
37509
280418
432214
245655
180660
426371
235711
240763
241337
759637
196333
98893
173856
91130
107081
156091
152559
290628
59765
11087
153072
135205
250280
166196
429725
429880
118620
136212
187339
172637
163387
194375
98934
252242
189119
21475
193165
8336
37489
432209
143973
195400
8385
253776
237111
194223
159105
158101
95899
63938
168143
260150
143987
126266
34773
136936
119493
166791
190689
422798
189364
12959
138467
240775
93383
174298
172679
249086
411863
261319
291026
260506
11045
119365
416741
167742
164227
138816
126206
70168
151890
91286
182314
37462
91572
250212
237112
98431
94457
109464
128168
189014
7829
132421
251506
250283
759649
259770
98965
190691
428028
419453
154679
173823
174450
120572
51915
5648
238882
169863
424496
126209
291256
425441
49874
238999
133764
126174
260865
281563
138746
185284
173190
183920
252999
154252
86019
236262
234593
432041
96171
230329
158217
182830
29880
257389
44389
58913
430979
430698
146062
174446
94345
432122
14955
230337
243646
125396
235803
151535
264458
247828
8297
238897
162220
167740
35927
421193
117663
91471
184166
246402
433244
115461
38829
255579
153715
418947
11254
413105
152563
252083
165416
230782
262197
48785
411442
194220
409872
189899
70535
92974
246215
417455
264712
192794
194735
42725
169610
127835
167607
191696
246234
193682
161643
246966
230766
417519
262589
98504
98947
5288
243404
187070
90717
260239
31409
161506
247091
47587
240166
158998
126072
96145
125595
166132
92963
267201
192155
70620
33362
36695
230264
159697
431390
247578
253869
115751
21931
137785
425945
157407
137413
5521
31019
246050
14670
36937
136354
291109
411976
147083
34137
245747
48238
240749
90426
433311
166229
415827
253478
147823
262553
185101
163671
423940
163459
145190
192858
94951
96568
140200
249074
188703
138842
160126
98953
8821
230927
96001
145285
165454
147496
189124
261897
193531
137848
31416
136677
116608
112680
173328
48881
131848
249989
122264
44284
192589
136224
429404
237999
192277
130353
194765
421179
55740
113167
48880
33175
145835
187486
186174
91079
188411
118092
245085
156961
95323
195976
190399
89935
251566
184198
257309
193434
21932
152216
195486
180033
183031
29701
46105
290132
19173
160013
148759
80951
162224
230388
104615
259005
415605
230121
188635
144804
252011
194647
19740
194430
51808
188835
193433
243656
189350
759690
291510
116653
33403
238916
253363
123857
191112
259695
151852
171113
258174
148421
248260
431357
195154
162287
181152
31777
192013
37546
230103
425660
9980
252865
145715
181743
259767
32278
107543
238564
39007
195484
170329
424155
91337
432256
174409
291433
187637
252937
34266
91875
33185
180747
122832
193535
193176
185218
47592
421290
94391
189887
173812
195150
264215
38979
162007
267274
47537
180924
291150
37541
195262
165771
85038
113912
431581
196476
429811
418456
421563
290116
22936
157669
19720
5618
251842
25860
98882
183113
36354
14801
145442
245032
185542
246958
230408
70622
136044
111384
230586
188792
117753
180026
98506
261712
19743
167705
183020
145310
152459
113151
413391
33305
59768
160967
29477
116290
93827
170292
248891
134523
258468
59907
248975
73708
413528
167994
19827
19966
117984
194756
51734
166918
243413
181206
149272
252211
425260
142385
188293
249830
161734
189500
422234
249177
186737
127639
252939
24965
260721
281751
254284
182922
126066
46819
156420
49857
89942
252137
166048
421246
14667
142223
33687
35021
291286
409849
180458
154387
117648
8620
34166
34964
99721
413529
186535
416358
120082
418699
290455
250600
421289
160645
47445
257378
163269
153274
431969
93392
155276
110041
51806
145255
186659
111840
235855
263101
191849
144818
195264
96969
421279
291287
254179
180682
196149
267202
96191
243499
119290
138191
415885
251347
195398
249423
195828
182042
190769
171536
248723
31429
230345
163280
19745
235858
258773
155585
131152
173535
5651
137563
159691
248171
117883
14784
153717
46851
144674
411925
290939
95697
160927
258503
133429
124370
434188
136202
7833
97940
261551
90618
418013
248632
39031
160866
162227
159157
155280
13667
237139
160020
157140
51446
259364
257182
250184
246093
146124
93856
98879
155601
48899
19998
261708
145294
141222
252219
249822
133136
194642
187284
241012
156986
145286
416963
260489
193090
243789
159233
119270
247014
411541
260529
238903
98961
193043
5576
127856
422587
425440
54793
430975
419068
380386
164370
248883
239580
173062
191846
239432
43008
196474
134032
419048
189369
152620
162654
98887
46978
174190
261416
22457
29767
196220
118746
138951
237408
143811
42718
125267
5531
114312
250210
168749
138176
247243
183332
157052
128080
94922
29746
171278
95320
180658
249097
258230
187287
144983
172645
238495
431391
14807
150759
99533
118178
186809
185619
122804
168860
258596
186213
153099
253487
254301
146375
184312
247394
192362
426726
182422
93815
261859
412842
162196
190385
259912
132718
166349
411065
38628
173531
250841
190730
143994
164471
415196
99512
421488
190726
254636
117415
93587
81437
172640
148320
148789
257042
194311
413207
416744
417043
91253
148489
157139
249075
156309
158768
230411
35822
97553
183116
237319
173606
180086
93906
134080
5590
259351
428059
261606
173639
190173
147280
253011
145954
180988
33414
418861
8523
12817
99720
237147
38738
181467
47921
190828
173858
182044
160015
125407
416605
64142
191567
414359
258741
141223
143773
246262
37530
91785
171463
238875
156017
417048
416989
11639
159422
237888
155929
291222
113002
97589
259762
51487
9175
241407
153402
252047
189793
186596
25895
18516
99105
193502
290944
246731
117621
280996
118332
252324
188736
144831
105728
185112
39060
262092
422574
144326
267270
174270
172676
5963
117384
290896
131345
35027
417382
13510
248733
173327
180192
189532
174573
291470
112264
420444
187555
124717
252563
420139
238892
238948
248945
164583
160945
248473
193109
257527
421476
107083
34841
432207
35848
261552
230688
5543
36942
32605
173194
415888
11655
412777
126064
126316
187680
196475
425657
128193
117186
172654
158586
111346
99110
230263
230747
190177
136313
110313
97068
94519
391184
5968
126017
165874
264461
163355
99630
156331
152255
244026
258848
44441
421545
169619
48878
93490
249988
156119
44443
245557
25858
245513
158215
93902
247871
119263
240128
247301
291458
418130
173479
94378
166789
184273
415488
119333
144599
291632
413734
181045
165980
426543
291327
260769
93502
266257
7845
158765
122040
291136
257875
169849
240037
106938
235285
194403
250800
126089
152655
32266
151561
180668
34825
18579
90727
34898
259750
188100
244041
156534
123154
230973
70799
117200
426729
173855
260182
187649
499448
47650
95402
252009
428908
186665
148743
191048
257464
186526
230340
19129
171472
237583
163926
257316
37473
156775
33165
94088
138708
117199
55949
230539
195633
281735
122294
161856
416917
173450
113337
172703
14793
259801
434767
107498
161353
190196
46849
188363
152867
409716
259969
96495
188361
291126
99923
183087
247393
262244
126090
180646
182924
166156
429189
180460
246404
147373
188959
159650
90607
171534
160628
113299
426096
426550
145297
172056
254393
413500
76104
259072
125325
194762
84219
432205
430976
96526
158221
97554
153873
415226
137786
238906
189005
148755
249064
153672
433626
194594
5746
186495
291146
759461
159769
126317
237909
172231
161001
36694
85070
138972
99608
48173
152261
186711
134964
149128
151842
235387
189206
182773
141710
152795
262655
95563
238761
164481
157957
195954
184167
174149
165918
162039
54777
245024
261495
146790
161415
133314
290994
429879
247017
93489
239289
157145
160037
123791
33453
96173
427870
101256
156578
12143
97533
55070
189873
8668
144679
185139
144507
409930
193633
263108
418743
14803
144745
149279
894
59769
152397
260070
168106
192365
160009
230178
257331
250275
245010
174634
238817
193670
99627
427183
143769
109468
434658
259165
172015
136048
159600
420371
291638
246501
122384
245138
409539
259006
261494
182951
32840
121721
131346
29685
33388
180656
163799
159246
414343
188148
230609
260523
99629
192207
55478
125259
44461
432611
189909
189926
134498
291313
246931
119330
257382
98096
245565
163397
70814
64215
252998
98880
55831
169459
419439
38981
187422
147415
55734
241849
239712
70347
419441
180645
158841
422340
167971
130416
189922
94899
426382
189347
230462
32337
188094
187673
194222
122935
152214
70232
415337
428096
109553
126204
184160
193123
96195
181213
51344
260500
18511
8838
17193
126212
169381
99300
238306
152053
245496
415293
416921
160875
192592
415498
162351
165700
136200
193175
415950
252393
185711
121149
8897
188295
186728
189121
430696
254181
131825
33313
236387
15656
11651
245866
258370
421825
161427
119331
117884
14882
98221
248551
98429
54226
236268
27141
166157
12010
166134
252627
84183
427784
144982
173684
157400
248353
153967
429397
151467
19992
166798
258840
113301
280946
257387
125740
14762
96181
35928
97096
195532
261945
32237
194650
92501
257406
163439
116657
247268
186863
415606
49858
11259
159670
113006
246358
156426
425123
3909
188420
291162
266878
182252
235842
93112
119417
428512
95997
34799
194260
280622
433337
187201
96730
432978
35611
417251
12709
34170
432202
191511
70653
135186
153424
117530
134536
290978
429501
249079
145429
191843
159151
196238
186594
9936
149166
5973
181315
115942
150810
173605
264526
413257
195204
416987
163488
409710
99291
93899
189115
38985
162648
97504
168423
253366
195864
249073
95914
230780
148422
122291
145290
154396
113349
426316
185471
37699
124241
173732
246225
193166
249310
191330
41782
159446
183788
264139
247331
415944
119377
51738
267276
19353
238502
242111
109556
264191
89294
195266
154716
38764
173731
130916
196256
291030
261576
98960
258853
145362
260311
237694
101819
112394
183870
169934
122295
162759
423306
31438
261493
246011
186525
419741
194766
195989
112381
161764
252213
152886
250839
143772
188292
99982
139193
262657
256319
126037
159166
247838
421960
291139
122036
194158
149084
183086
424184
191335
185849
117810
243615
8624
116882
11599
409480
185403
239360
38832
70901
118851
173191
417939
133375
184168
90200
4661
258736
152464
291577
11517
161420
124229
174609
186897
259033
147739
98911
103745
185119
186434
173976
121145
258477
143276
169231
171683
257531
173048
195130
248132
154388
11656
112461
261497
109375
143810
230382
185204
5269
250640
95876
98025
14696
118733
160646
138194
239711
244302
153909
43082
126085
412779
48347
185098
96937
280768
119274
126217
240907
423409
139004
90668
230244
196178
192560
430681
154915
230130
189846
163565
248624
885
142639
101191
101868
262936
168442
168362
263106
261577
141700
195166
172282
122039
136199
131976
146780
173060
236353
93743
43115
162101
261718
172717
136503
162401
246575
412496
163770
171485
291314
183085
163862
245356
261566
261855
163801
19820
114038
428060
236046
98884
32380
189120
153744
189911
130099
153480
290748
112462
189794
168257
117559
246397
160661
182434
415227
416922
134522
262094
159287
32565
55749
290378
29691
125399
247001
189205
18517
158769
9173
257872
412776
246226
257285
93399
168256
155668
138699
187280
280304
143870
168469
148752
159714
239055
7787
194750
403366
64209
230431
418096
117661
158195
152257
254046
280833
238374
117784
14789
184329
157563
113735
173826
145868
181654
37506
125149
236032
188403
118602
153747
251498
164226
14813
380227
186593
126193
248621
155605
413251
145149
187289
194386
266258
147659
137858
248808
136568
186783
98219
123598
114309
183115
132724
164228
181209
6028
171715
420706
136507
14930
92396
59197
409850
195165
155546
412493
138817
246824
19281
148490
187615
19145
51614
180858
162367
193676
17707
239452
420477
182071
193508
248015
8573
122961
157674
237752
419334
189166
144945
160467
29683
10903
118776
290129
194767
171119
133724
112006
131604
64290
281083
93476
148367
70660
191697
151639
6072
152215
421918
153345
246218
166919
169338
290829
230249
194381
132732
163192
113734
192783
259381
170912
131226
138799
149126
91082
417380
154941
257744
432538
47411
96062
127828
41690
51469
14822
421285
260508
91675
159155
8753
11793
424921
186145
167996
252931
94512
120575
159312
107576
66931
122844
192630
260772
160753
5584
99298
194053
186668
162221
118624
95623
258709
189201
59763
90322
186170
416124
417324
47813
126050
189848
38966
193406
190813
247171
181686
159654
155336
249829
190608
125908
230188
117814
258478
412778
24580
257768
258534
146117
421620
160018
414259
173061
19659
64077
185326
182530
118124
194498
137220
7776
133765
113737
421891
180838
281746
258529
160062
428956
153722
423582
94420
118449
38850
259023
188123
194741
112172
391346
421288
172664
123150
183111
42202
433277
170163
93421
237283
91084
131358
424715
130082
125899
257488
5119
414355
163147
230181
191519
156528
37823
247799
140985
230506
196284
163484
238112
125411
432353
291161
241010
144832
113740
155575
8673
137568
257529
260486
21476
174338
258566
155321
196419
245806
153896
409846
153726
130546
184161
163913
169984
281674
267197
111097
195215
248620
92216
290755
237860
126049
162959
248734
144794
418016
120119
23494
252564
131886
19282
55871
153745
159106
119313
239061
171483
11921
31411
251027
47617
138700
257040
118402
145955
26316
134511
93588
188162
93823
236005
14799
144661
416813
237495
147525
153686
254047
237297
171594
116515
159431
246042
409467
120122
85010
182933
185287
173198
97503
168360
186973
261684
230404
101871
237927
258712
162395
424900
59928
73679
409808
248658
136574
161028
263035
239716
6065
132102
45587
186819
230460
119416
136045
91876
19512
417502
416910
180982
37657
145321
236331
164996
429208
258273
183823
55226
191146
190742
184279
96976
246098
262348
192844
155619
192011
152252
93690
14792
157340
5632
131606
249424
162729
118368
253773
98500
128180
138724
416993
141711
195592
193995
11730
247869
38156
180814
99188
421483
148760
250865
185102
167890
128051
143474
12634
409994
259771
239221
262660
172377
98508
91086
188446
290458
261547
125907
136565
186776
236758
171589
164958
84124
239782
290029
240188
97012
180690
246488
162760
54707
193625
380383
85236
131974
239584
164378
257310
253010
188621
185106
258901
135180
96772
230378
257160
54233
167039
194419
262078
155551
172680
188359
181230
144786
380390
245499
164580
154453
259283
196325
265592
70800
29813
148497
32273
189912
245061
98140
230110
154890
127751
32835
91171
11797
246887
160442
413255
193409
117880
125326
91692
793
185097
6045
418862
172028
90894
261764
170776
258772
261711
150315
154928
426031
127829
93207
19831
241385
151621
252360
107094
161423
49604
168443
258909
19742
29689
257405
144071
162727
260923
423608
429224
194336
134372
239725
122302
105989
167503
426760
38160
260921
158213
239629
194759
117703
91689
174079
249991
148358
253949
137881
138544
188456
34059
196472
70534
417452
76707
115733
182772
262671
235989
230285
180370
143291
422540
188355
123348
113918
19128
97435
190727
49093
117618
155443
119219
155864
251942
113736
156500
98218
37689
19634
94953
241417
187278
155322
235857
4662
194257
190054
157533
160155
95687
253762
117426
8296
244300
237693
262848
89844
12706
190636
253783
132422
258469
58933
249094
118846
422849
172209
170291
70230
257311
263105
136222
125898
163393
162356
158372
182039
260262
131549
195807
162225
122663
173532
172702
246089
169434
48362
184986
163282
246043
419226
421824
257375
243958
252424
190986
291637
257745
151734
415714
185591
93382
259748
194518
119325
77259
168145
51805
119082
290747
38203
241372
117813
253993
239118
33231
133690
162357
234590
423442
5620
247827
149274
413501
418850
17619
130415
42765
185099
259751
418765
168888
122296
5670
5536
136041
96571
63923
185901
174337
111101
84440
8610
245031
122739
250864
195394
146190
159673
244108
430697
147204
230375
151830
245716
151610
156136
189058
419227
191566
156776
258735
290808
240477
258550
164982
38827
190668
113914
196216
55475
145186
172166
160090
173797
47539
35913
181127
35159
171491
111105
411000
418457
426030
36743
155561
146597
153972
290809
412838
137567
142436
95401
249004
151556
163884
251565
263778
183104
138847
260867
93771
241391
196236
92922
194774
419421
181653
195344
290040
428532
239653
417517
45946
32230
189122
32745
182001
291283
113924
156407
172307
22465
182528
94393
236263
138130
421373
430973
247525
252244
169753
124043
190928
96316
418993
192363
127979
183820
192883
8380
121150
195586
236006
413496
245022
253567
247048
166797
427639
432333
160889
261687
238550
261766
7396
262460
280549
107245
188491
290123
260770
155720
119366
161654
710062
8727
120574
36193
413086
98984
99964
157317
165774
51694
291160
96108
95917
181232
421470
64212
187546
257173
188098
250832
32338
245034
14709
415050
155469
194752
172514
192597
190482
247237
118390
34148
157284
430132
98473
238488
238338
193621
64073
162146
190045
184983
280736
116076
182771
182424
37654
195993
147660
192322
193046
247519
92215
260528
183635
95450
290006
180744
107036
245362
11265
416915
248608
164636
257155
254048
291252
115220
238046
182253
194617
169461
121781
19967
99073
89948
262325
59808
249909
98165
187614
230361
121227
172687
230316
190634
154981
12818
417697
101866
125496
35823
118538
107504
253237
165894
152866
156469
259159
124234
43116
189951
146060
190046
425845
46314
185141
194736
259749
130075
426373
235990
29667
14778
181680
51488
117859
248167
116083
254302
148770
85030
193371
433456
37514
255641
144673
230560
248237
417678
159778
413224
169985
247244
245835
95478
260004
230252
155761
112295
145038
412238
241657
414356
414364
237926
93959
189919
2994
418095
195270
185358
107097
157051
180679
173059
188442
249067
59614
143886
154250
185107
171597
45745
234595
153971
253768
152283
146063
243658
157313
239416
172682
46135
192471
98501
19635
173821
134496
144134
238220
420224
192109
249831
183092
126016
419612
230280
420475
172712
418015
126079
245786
142164
126192
145291
253412
259951
37694
172704
432905
170675
164981
187728
164633
415303
120571
261964
59891
173889
12144
194749
162144
157397
427393
171543
98976
33323
99806
32035
156012
132722
191466
45248
92538
420183
14794
42266
259392
193525
419802
250183
192987
4796
262664
51301
125976
98273
130782
33366
13512
184978
418269
185205
118722
248563
252130
157544
154146
422427
191465
759445
147393
134082
18510
430247
260700
137853
245792
180816
138089
189261
70798
243864
96192
192956
429034
156983
120663
261139
290042
5559
111094
246738
123353
241842
230011
414354
267741
251026
252166
193862
250246
189384
155558
160720
183881
14800
21356
244186
168098
194221
92547
191562
433086
160187
162781
96527
18747
145359
127661
98284
153240
29586
99909
36935
251561
245294
418567
252359
131349
174633
113504
125990
241237
259385
265024
432434
92793
259352
111348
259401
126318
186780
253759
126074
115747
160038
248574
230224
248893
29908
239050
24889
94011
380483
433312
237177
195923
247579
180647
173352
37651
422343
9118
133134
38123
145187
118333
118223
246500
421376
431355
187479
92034
139022
126213
105820
35546
186954
54917
260244
193866
415997
409743
244196
253946
247051
411861
134509
253785
422804
84239
174612
262678
186807
237140
13019
196326
185273
237930
153527
174148
185477
246498
4682
34084
133285
33400
48698
180640
173041
426758
45269
43858
261496
157675
421548
255643
186272
97997
96573
96140
22436
239396
93821
230346
134370
187850
90319
237494
154091
257222
55319
33669
261943
137102
136935
155068
120275
17667
142730
92223
424636
154938
95494
247875
19131
154721
246448
434696
263107
191111
422524
257765
163566
172658
147212
159164
181671
163271
180676
147291
194755
14811
261863
194501
184084
422752
253424
159263
157965
26932
188622
138819
760317
248175
99052
428533
111085
419736
118828
168706
157016
159592
429192
433818
144406
250281
262419
261565
97998
99621
424887
138390
164699
47614
259167
37526
237199
142245
155586
168358
165418
250620
101764
243415
38826
244149
136839
411804
172677
261644
155122
155228
46286
238562
42983
138654
425202
183226
92226
104312
238907
183032
247026
119444
98287
403509
130344
105828
117416
99062
138925
118736
280374
12974
236067
124122
260686
413539
145273
173329
146066
157835
258518
91294
426866
138698
47593
249825
160093
48358
133312
253855
246502
51427
148701
27176
248720
97777
161876
157891
117723
169935
36771
173967
90449
190348
194815
171471
118553
144508
243916
45262
191695
159445
37471
230942
196330
99926
141318
117886
8881
162402
8819
195865
185930
230012
168998
165899
264760
260022
173187
29475
153344
113298
165666
426871
279575
424860
22460
109559
147065
261857
145250
193569
196530
136241
185927
126211
257743
145309
125582
7220
93402
51461
195153
141317
19744
253067
196182
247538
187851
193113
195346
259798
426372
5261
121972
153461
421217
235807
96185
59770
125970
153969
159150
244249
38960
247190
59761
14666
263021
166348
112987
51880
423107
426509
14554
158223
187997
31927
250211
239049
253385
147228
188124
150198
433221
155030
412561
241844
5297
51425
263100
411859
120563
142497
290988
58917
186709
249636
156251
185297
165933
192159
257485
169983
189901
94307
55725
161573
98739
193533
147738
95608
85035
94343
240155
90439
185246
188093
195190
172283
90323
127154
63870
93391
250842
119447
93630
252933
157672
161999
156580
157315
39156
96561
118596
250724
258112
93886
12813
119382
154692
156576
136576
144838
125608
246385
187065
195160
190043
425857
422796
41719
170581
19194
180926
38771
419797
187066
142744
280513
257905
170293
247530
14795
145306
99965
164582
58521
183014
191542
163545
12958
113108
248549
160042
119552
430556
186926
136854
116680
4849
165179
196222
190052
186592
170748
168097
253568
55664
421480
425442
181840
12708
172663
243376
433183
156579
154403
421284
280997
14738
145387
89934
5229
189114
423773
163146
391425
124995
194753
192781
158209
93818
252932
172095
142165
168116
5338
141221
253877
49090
411803
180652
173064
156125
418257
266726
110315
118850
180840
24964
119538
195196
417501
144676
237887
187860
93253
238884
193759
261858
165449
237001
433080
186806
415198
173342
412257
114028
258187
154189
158230
7768
9145
147259
135032
127953
145304
290477
410814
188705
117532
95317
186209
181125
155597
30303
95395
194248
249093
249140
152661
248627
96954
153905
247247
188706
413339
195064
120551
136488
183704
37579
6003
291192
32497
195591
170568
138818
250357
281750
193950
186527
164830
248555
170198
241241
37624
89945
247027
153025
415294
194434
183225
169456
22972
4680
230441
259774
42197
190746
159794
134602
186171
125345
245870
420846
154058
172691
167032
417690
134310
14928
260771
36748
425546
63917
168342
36682
86501
38754
290999
98497
252323
64066
114258
187343
426730
138937
37482
181679
240021
42764
38859
159655
57740
252132
193499
290622
38824
237778
132520
169035
120100
421477
137977
94282
160447
180867
45741
247409
21884
146502
238305
12051
126025
188640
167893
14684
260522
171586
134645
173819
230583
194431
246017
5647
192324
117198
264723
124232
290872
192566
172666
181227
419065
111109
236011
418737
262134
154088
170668
190091
246527
180164
235713
244150
416714
48622
235896
97898
259772
148051
94455
169565
422744
188161
380482
413700
190490
258718
70090
257376
122632
126293
142337
115805
192887
188296
165455
37662
415224
51735
33304
38857
172278
259383
193179
195854
159168
85986
29674
186860
167668
182919
257797
262998
418090
181154
97743
157369
26112
184987
230514
190745
106937
37655
147428
411801
425681
180641
144978
184977
195758
97633
193194
166712
122936
291280
156409
164373
160388
240007
182920
195256
191047
159426
184589
118710
127994
244163
138935
167684
259623
414360
172326
249882
164581
152218
187999
38874
181687
137293
759800
230537
193358
186478
162937
419211
254294
759450
181912
125989
24436
51389
168005
119083
191324
113001
247294
116077
5204
172639
244298
187802
248622
8820
155295
431022
241362
190056
139297
183588
426168
238904
249816
154481
239298
182558
54574
36970
70231
291576
12170
258598
248049
118445
247542
181736
125150
417698
290387
161401
161027
191045
89939
239119
153977
174471
166058
259035
156009
237944
153739
184076
153055
41028
238544
158279
138195
193114
411800
17488
191136
194482
152260
156537
123144
290377
92795
99548
172096
166347
109467
155596
185391
194980
195189
245370
185907
420935
93985
119204
64067
419807
137880
181211
37626
91081
193030
190644
98963
195157
236010
153241
413193
159450
31931
259606
261218
195405
97778
290004
251483
174147
168859
241481
151448
235856
433079
168101
291028
185524
128053
109551
84218
184597
163939
97776
97438
258739
253586
260488
173729
426731
143770
149088
132584
254261
247546
55477
188837
187692
253916
120660
128229
257393
161398
254201
420192
380389
237576
241389
143021
432203
252086
148718
267278
259270
710036
107087
155731
239359
63889
45589
186924
48359
70342
261704
70793
118336
699
425066
243411
92910
253320
158232
113920
161430
241387
185912
160194
121155
91946
149165
190834
262596
246965
159294
237403
247667
252997
9934
181842
45040
132425
238891
154416
153244
149168
247721
8621
152451
8623
156984
161656
46127
146122
93047
19899
263094
95602
168424
165667
120560
22456
259119
262499
186273
234597
259806
151854
253695
190830
128240
144746
171596
171732
160387
189003
247302
93813
191430
89906
117417
143274
247193
144660
257044
142743
166230
5566
158584
159767
115463
192955
120091
172371
138689
32223
165898
115219
161854
153243
48561
236724
194189
169340
96744
417777
151732
159630
39022
196397
423855
267271
239448
118600
409903
258299
281500
126067
189888
151843
258748
255825
230118
135001
170159
189530
173451
291260
230379
254293
98888
184233
247951
428097
230944
185929
166507
5594
230245
95301
32270
32846
160023
426338
248928
172650
251625
147498
252538
11642
189006
239717
188912
154778
147724
258936
166989
186270
155916
92334
242110
14668
262427
143700
22453
127044
258619
11634
54228
427596
93803
291144
119485
434437
133373
5552
47538
33436
413926
5586
36773
257156
147387
117432
131078
416123
251598
99186
118623
432113
64071
254057
154891
156067
279594
120345
191841
21934
136575
416919
164455
281680
429312
94901
38942
143767
423443
259242
31511
122934
89907
182935
166206
192807
11617
155539
249160
183590
6025
172367
254212
93628
255804
70659
190092
236624
196221
55224
426380
159264
418436
423638
241562
157880
184979
11652
150241
126221
158210
420824
38964
230463
32836
70936
291353
172642
427050
118506
239282
31404
118470
234589
182962
115740
90484
144166
161574
113106
153350
166231
117759
19636
138974
94964
172097
173176
261942
127047
260871
107089
31670
46850
245606
23158
17800
155393
32374
161421
155302
96315
110311
181043
117619
57271
92478
409840
19622
64147
152454
118551
262658
188047
29770
161855
148741
245937
118856
261251
182952
35929
154934
147821
38852
185371
195435
5527
159768
291602
180949
29665
118859
138625
167504
48333
245201
258615
167669
155447
172300
134309
118334
153419
160371
259211
119383
152248
418267
5517
19193
51817
171000
54599
253792
163849
291459
430970
36679
119143
38762
126222
173169
237178
153053
260631
188725
90317
44380
195991
141775
5562
252950
94889
104645
248181
160925
5569
196053
33402
51820
32564
33244
118016
33365
136671
173503
425109
260690
161146
238976
243660
189897
146771
415804
174322
36770
118650
257579
122306
291562
247500
150808
432904
90326
45263
169558
115720
31478
120346
262653
96167
169548
428540
156532
183562
262756
419734
429812
431028
184013
174152
161349
192896
189906
253517
33035
195164
244199
260100
172632
193132
417739
99604
183665
247033
4691
190925
235186
29712
417515
168467
7940
107222
169601
420823
418766
426554
159159
47588
147820
252212
158227
290128
159265
172694
243749
183810
180966
169364
136207
93256
290383
41073
186152
247724
195416
257945
431393
55479
423854
258173
120556
29911
250182
166651
127712
261762
258519
257386
118852
261575
94781
73717
195268
252425
59930
261710
38733
236144
145346
122931
188364
427686
195168
45261
156106
91819
33962
237519
160159
409960
186781
192571
9979
253959
411448
125810
230013
91037
118307
145377
411280
145822
239693
426861
160115
252615
191509
98949
193107
185108
118511
230350
98962
230112
258557
194240
125965
143359
114003
93261
164640
180534
173534
259437
153405
252249
261098
257218
172297
126304
246212
117548
164683
155908
148742
248571
118550
237146
166650
45982
14671
37542
33424
191574
35135
105976
191117
107216
171448
251077
195155
259070
187670
161645
180677
8493
261222
259824
259624
64211
252935
170155
258115
236073
11653
93824
239985
101277
191677
143885
159262
249910
260688
249096
291593
418994
54868
34900
246213
120092
144585
194743
426370
29664
259704
172688
31501
188794
150096
248805
47589
191576
11996
185201
259665
172648
154980
183108
123151
171591
186455
152636
290324
186768
266973
421210
119379
193681
193484
171541
154517
118416
104648
266259
54552
254050
156536
151290
154373
710030
51821
127153
97781
416463
156962
45051
191334
258546
249071
417687
180942
250354
11798
163388
255459
252619
114250
422652
17778
159443
147490
258368
126205
180741
168103
180578
192360
191578
180039
118625
127738
126019
94958
253102
425682
172160
260535
171478
186778
236070
413823
258903
148418
138987
132366
290041
413696
241475
157184
421822
37529
46989
160648
172669
185146
427115
254024
22455
183034
167318
11920
230701
250802
423637
167116
172277
427232
420818
152807
181212
170035
245785
419839
417044
230637
14552
36711
185896
187429
144104
424822
142745
413988
113923
36729
64445
195167
258470
193968
252084
195399
249049
119271
153727
145434
70169
36667
291561
167506
413495
172905
251137
250846
119110
119554
173663
290811
125590
7395
257634
77890
192554
151638
161575
120578
171029
128165
99628
253772
236333
196120
153351
252228
58460
29910
423252
173325
291110
422380
32324
151587
429966
130101
8752
186479
416908
247524
181669
259166
172709
70089
98162
182982
128296
161351
433119
290379
158225
255719
113297
181397
147213
116531
51667
167255
54214
255849
264523
189792
433628
136566
433627
183663
91049
246255
258113
64217
33176
31040
196328
253321
90019
431964
14708
55738
194432
59764
238372
191845
93491
184696
249815
193864
117190
192909
96931
14798
248662
183873
418271
29894
123354
112389
257441
153467
247528
417953
25442
42102
241847
11787
191563
193865
118627
145865
252358
121224
425843
425958
257158
112039
180684
133283
144082
238805
161425
180670
147675
415030
38159
188653
172365
291107
47488
183827
195970
146104
118598
259341
290364
160705
259363
52076
14797
411923
122386
91745
5610
171539
162228
188836
260514
253379
252423
258852
249425
157534
155719
5598
162957
290626
107598
149160
257876
281455
172298
290750
259032
114313
8639
415228
144668
166790
148420
419796
188964
24927
141919
417694
154089
47487
5549
189943
245275
426407
138702
94898
184969
280419
237406
190773
159874
184952
290982
174556
181524
421273
70762
168117
29893
32369
182770
261034
194977
63902
187800
238886
190329
152663
99623
174544
159875
171538
159694
152208
163885
193504
17711
54594
189223
189209
195992
291266
261560
259004
258952
253766
166873
118279
239445
189920
160011
172659
38749
144825
184117
157678
145097
36715
122932
238913
186969
54178
258719
193646
125981
136069
35914
250534
238612
183219
189907
418601
160928
97824
155594
160707
90650
105150
148700
151826
37290
131580
412047
180862
90665
253066
118616
33999
247839
115753
151748
248562
194668
192209
419613
184343
262366
188788
253373
290005
140988
161338
185151
113358
151853
427685
409698
25291
156183
245807
37491
127430
253099
290285
123355
5537
164096
159239
91823
153688
261867
174378
160030
147484
51810
64150
168501
163607
187887
262672
165168
5961
39034
247395
152221
171108
17801
421821
190057
250907
253769
257377
149083
154411
160443
99458
120972
280390
183633
188405
51814
126208
159692
194245
11785
192340
172675
418726
90436
186220
171547
423736
241940
258552
51621
414371
57017
142167
148918
235854
169725
57739
145282
252027
131343
230762
418210
193509
18413
92227
158244
96569
133346
236072
247412
281675
90716
5556
167159
39018
185179
98881
73680
120079
160498
252273
98985
180841
48883
412045
417384
253100
183612
432553
171678
253770
128347
5535
422011
174632
155588
118280
160391
118278
117197
47776
195851
157871
415249
281499
132053
116079
90719
124344
417037
116671
238865
152786
137618
245498
133437
248560
35905
63349
431038
38638
98024
391189
85407
147067
151494
247192
180157
194383
116001
252361
99978
51586
245497
118875
70079
99622
127981
115810
143872
238287
189491
258466
37484
26113
118366
93252
38755
409630
149171
119376
427184
121690
157836
163668
5614
154723
250654
157676
253365
94870
181400
189893
166232
165494
19270
97676
425458
258910
83730
419209
158486
189044
8754
97476
110318
187285
174139
148753
11917
260474
160034
19355
250658
136352
290125
238988
280551
162886
262261
256603
165873
54227
186541
247873
411276
391185
258176
189202
267199
185137
159656
99985
248482
182076
243385
240669
254003
230190
262841
192451
172515
247021
259820
64208
103738
132774
183768
38873
253390
59581
184342
181220
115523
253793
186884
162191
238888
169564
241563
189461
155576
157679
124121
17629
147357
192596
5270
90988
161577
55228
188444
157050
236009
173815
416321
153347
253422
159668
430574
169982
194406
184340
148771
155752
119008
235802
260531
126054
415518
137847
155598
132538
49498
235900
417693
247092
95603
156585
138703
115221
160033
9174
127513
181841
181470
416994
155620
8655
37660
153687
152936
241008
760465
245186
91821
251692
92222
241006
191140
122930
180672
425767
126081
252322
418265
181849
166241
413530
188984
196420
160865
113369
257468
188158
238893
189944
420509
155907
260498
291635
169042
290421
255805
76706
18839
251601
280609
239109
421931
412044
187823
96295
193422
54810
159698
33232
48231
37493
125967
156381
42719
34980
126026
38753
96002
138402
146105
111969
417781
241413
11650
193098
411023
19316
180655
194618
257467
76704
138811
38830
37388
260025
51710
154090
173054
24959
416203
157339
247012
171823
51812
253377
126069
183819
192210
91783
146372
98894
235940
46796
64068
5519
85028
94926
161853
241423
36740
167704
120089
190492
421287
194803
36666
248169
150099
138971
418014
33337
173186
32268
418849
246099
409655
146956
262602
127852
11654
422394
42113
98977
115721
258103
290810
84194
237087
421716
193619
153420
125915
195271
259117
163731
230344
45676
241386
426865
128182
169755
424861
51397
47944
99914
187221
47273
182694
95315
258740
11918
192558
33355
139312
161127
154722
192158
424717
250837
131579
4659
188370
164551
97943
70887
153874
194138
180664
5213
189123
138681
415887
188125
415064
99081
238335
163744
173767
133284
109418
125337
241131
247397
185192
91703
5585
90721
152036
188321
185209
195534
138196
181399
152880
180680
193227
150806
185122
131348
55695
253193
91239
117895
262624
124786
429314
117721
253197
168258
235902
158570
118597
165410
165773
153230
145299
164760
189921
155335
264729
291563
99626
238881
38841
133891
135824
174445
263090
167835
257407
254166
244198
164758
186779
35930
252989
416911
99979
63904
135000
70258
29904
246193
246051
151705
260503
172711
157834
144667
157470
180975
143476
124721
5304
149175
251505
51403
184414
97072
190743
145189
126309
93964
45053
192588
172660
36357
181744
152450
125746
180746
133890
163772
186660
240164
152457
259206
239630
14553
111347
254018
51736
145867
155116
115568
242200
258737
183770
95900
153505
170666
247499
250284
119345
423426
423639
45665
115717
174644
249100
194379
98795
70807
257469
261846
259764
34140
246013
155595
183812
186883
32566
135104
154460
116407
134213
153229
132731
184585
257175
11618
246972
14675
62626
257315
8418
432569
37721
93989
172653
167952
46828
161481
380344
257766
194999
48882
32336
237164
153208
188443
196494
99988
428519
143771
157779
416157
107574
237910
251651
183749
37627
90384
251602
248623
148765
111841
123147
260649
127002
184170
184980
11638
261685
187064
291324
431464
162143
166346
97070
146134
94960
241873
159313
246970
170911
253195
260768
181824
193150
192575
32873
188157
760467
251599
97782
167622
31807
119329
157418
55731
238901
121998
253248
710067
8782
261357
257882
414264
249048
427684
429307
262095
189210
121051
57127
188624
192275
127043
137850
166666
240573
411415
94993
121991
252695
146133
37661
248661
239761
194376
142562
92394
124973
193994
147497
192294
249722
121104
117701
164616
186662
10672
138718
122292
13418
252014
250185
161459
262666
180134
99987
143458
240094
126036
118308
6074
29771
236296
250276
163215
150807
107271
257525
188752
248807
70092
185115
258774
55480
236003
32354
261136
193859
147662
260927
148033
36744
156306
26306
29762
187476
258259
114296
153421
46285
98027
118813
161537
150367
19688
117787
95234
38732
173109
136497
22968
189961
94952
192339
245649
39065
18224
237676
190488
94422
73670
161652
99984
417453
760019
237153
418177
159395
130100
230779
5747
192990
290629
145843
95378
195181
424583
33404
267195
99563
147295
258504
154936
259073
173326
249721
144853
19284
5152
246528
59215
180661
261568
163990
434329
237400
259249
280322
238214
140255
89932
145956
161431
416655
92397
252186
190495
252698
156574
125991
192160
35916
258681
257391
432112
261707
153342
172302
85072
186956
159163
263097
194461
421902
95820
160027
432198
245867
248676
171540
139055
249129
155887
246957
165683
194405
258065
230415
9513
245935
98475
45740
426759
51471
239057
433182
257932
169937
126055
158764
93364
430630
247523
145383
260504
187924
421277
122355
131826
237947
156489
171535
128230
241853
258597
133965
260133
134958
185189
5529
255842
185368
426703
425443
50225
195193
247050
419070
124246
54597
280554
279579
97013
188795
93363
240014
160054
260633
280190
128186
258775
125743
145382
154455
428098
33177
136223
161670
90715
162355
254472
138815
243645
160024
8851
245608
121997
93500
94342
190061
5650
189900
190489
21933
184981
14556
117522
123155
419527
89964
257770
166285
419069
253000
174408
93904
190431
99061
240013
17486
230783
164831
164376
257221
261558
52122
187068
239826
251589
245494
42970
260051
160022
118842
261174
190331
36681
194738
160162
245355
152210
186221
262082
257390
190347
257330
431052
193432
186669
160039
90006
195259
193668
165664
149081
125368
239368
236045
32234
191556
183702
96125
257688
153260
167970
171241
165665
261841
280879
190633
162397
192008
167903
112392
163771
91465
36697
118011
174555
96141
249941
192808
184202
157610
137136
121228
185198
91241
238606
35926
188793
24936
425581
81242
420420
409561
239664
122959
155621
57988
34761
76692
194052
122957
759691
243598
147388
257635
251886
431512
238303
26314
119243
17727
194499
138967
114246
136489
173591
170775
29907
190328
417685
29892
124888
260490
93547
421959
98975
257043
261578
152797
195794
92921
147658
109466
170623
144314
246166
290260
131344
180692
180029
188398
186732
155032
95615
161346
149270
117786
148697
21928
240046
99045
113474
40805
125744
250801
21938
262663
195048
418501
253919
194878
13887
19198
249089
186813
138193
170290
153728
173188
98039
96111
165053
185094
166654
245811
248885
187281
189918
125741
152346
156406
154935
128052
195593
238877
192032
90318
93347
167640
93772
119328
159583
190225
153349
118858
134171
13424
180035
90518
118721
11784
116352
240038
133132
252938
415248
180681
14678
254308
159044
98470
95654
423147
188940
415604
164140
150463
260134
136670
184217
262996
64069
142766
34777
38202
189060
403511
167589
248000
64148
164568
194981
259906
183500
237966
251068
122387
6521
260565
182666
118621
195860
126092
148715
8405
190330
251639
141395
164403
157484
194966
191134
420370
7811
93727
34775
151844
153228
93907
250278
185113
121053
237692
163880
96558
409615
168115
261057
96233
34294
37603
138976
259805
130387
236626
181700
153224
246311
155741
189016
428177
154940
118603
262195
186898
431356
189113
145312
97937
240107
257264
417047
156991
159408
180675
124238
38831
172162
188371
134168
155743
59926
147480
195975
248050
90005
413297
37500
252699
134217
162081
243644
173703
164999
172801
110134
145311
247265
180863
174189
249104
258568
157863
291112
21940
259786
421209
252426
150238
253952
172651
134379
115722
238887
159291
258565
190827
249078
159428
238804
185109
157781
119327
413499
193178
142740
136280
417680
76691
416986
12962
230585
426167
182891
190101
38855
253319
162222
117410
262060
163424
131629
243659
131829
163759
152488
37653
117812
143275
180576
192352
257380
136386
117795
250277
759444
258921
260926
121966
194388
55743
22983
249996
189797
81950
189239
173057
249065
182976
239635
162575
424343
169699
258236
99055
155742
14883
247544
247465
186250
168007
167892
172829
143989
259956
107481
258691
187928
163441
248149
409604
101283
147552
238367
415884
36710
159169
29766
281758
261623
174610
111082
186566
95036
258922
759651
254071
163927
29811
147427
261935
123109
101765
431021
118370
250623
431822
34152
117193
416996
259003
38772
172635
85037
246054
190833
125147
118723
101872
134030
262659
194751
245793
258555
57782
416528
160434
251590
17710
89946
236065
98892
37659
246740
120565
119336
186989
119277
253101
139063
96164
290120
245540
248809
181754
187922
122371
55294
146065
250621
421644
34376
167576
194702
262118
235939
118857
63896
189346
115516
18515
247328
281081
117560
134256
182464
118763
253767
263091
94906
418258
38851
190929
64447
417499
417962
261689
49861
125799
243388
193354
759798
165413
239361
257174
124901
138392
37821
230140
245011
291574
156008
426097
138805
104669
120555
136790
95528
162361
417426
150445
248397
55662
194051
39066
37490
103553
45770
237176
189199
111247
113302
174551
157531
160415
118335
237142
36313
193100
5333
191329
247234
184085
237200
58914
137483
122789
123153
70349
259667
180040
95830
235841
38227
258631
191564
186671
137836
173232
185195
192034
186730
247029
252088
246081
5324
147389
173787
245366
243724
43120
90506
249021
9438
181238
169417
290993
118388
427597
260389
99915
164006
34442
187413
187727
150915
257159
147080
172762
429876
119268
238638
93900
51809
194514
169013
17802
263121
193473
159046
230636
252394
230314
230014
34988
159615
426870
5260
94780
128532
119084
248548
193329
118318
19132
415563
181241
118848
230569
260533
118536
189349
138562
230349
118277
190433
234586
156153
154465
423772
99916
192591
430564
124235
258808
195862
247585
267277
257530
188851
250834
153740
138761
430438
431008
120576
281759
110309
64214
120144
22969
191468
37507
152345
245029
36680
98288
33468
433278
156003
250367
96773
235859
112257
33469
433384
155224
190175
107086
253998
242280
160436
34086
172697
251078
189945
252372
248890
141255
193931
55727
427140
160064
153070
25063
154775
115731
188469
162953
418490
432906
258146
163775
164229
195261
145343
137421
94890
116222
249807
154756
259424
163440
431353
144225
173185
184314
254060
258590
194423
262788
118414
126156
32271
159171
230179
37604
124572
112399
56138
153867
424342
162593
431389
149277
168255
250656
146141
290746
28414
147290
241154
172629
263034
144788
230355
291591
253196
258547
195156
253375
130015
147824
251564
414244
290130
191325
189531
155278
118125
165705
280400
163442
181153
91702
145265
93026
25859
174631
131827
239223
31802
159733
186977
420480
43832
148472
417049
155226
188294
248014
291460
194817
172689
759688
430246
194161
409928
420934
154526
422690
153333
260198
182466
190176
190744
114245
409832
237282
195123
161852
157784
21321
144980
37584
29812
121154
131550
427051
156115
193360
413185
245141
244040
99981
52072
230313
5934
238772
291140
182421
423425
136353
433594
291312
417704
243838
243948
240199
123330
196529
258951
172305
241011
416926
45555
159451
261682
162360
143360
230634
34895
126099
260632
157668
248553
91549
259888
7393
191328
12639
259735
257526
290987
195822
147780
415245
185693
151538
183453
180028
267194
192793
33230
280793
415803
419798
258366
164954
417684
182184
70525
195450
236052
138813
194773
161808
160025
238545
163042
35078
140984
245495
145284
38990
33470
421903
415567
429191
230175
260101
136395
427049
247235
252700
159170
48897
168102
189894
120573
187340
107090
291108
249827
250619
93825
174526
144803
134513
99996
167581
430602
413983
253765
156064
163909
96137
173182
131350
29900
112309
138192
35609
194757
96936
426552
417456
168113
173066
187223
252010
260515
91803
54179
422573
160445
48331
258271
262654
19637
260361
419664
422858
123359
120080
107251
267275
93882
173330
253696
37463
391133
142094
146067
172522
133282
172539
122035
155215
260341
409993
98503
91261
867
132253
413493
290124
239224
260526
54223
168734
8900
126190
181665
185612
70345
245197
120553
257163
257862
161561
31452
119553
162358
429205
153246
74587
253675
145181
182432
152213
55707
237050
188288
186663
42237
92920
95316
90651
186482
186307
433268
257631
195857
142438
259186
157886
37531
255854
156092
192573
241115
93116
230189
241425
99053
97501
117582
188753
155649
32008
184985
259706
433232
36696
243922
194162
193532
48560
117876
98883
164231
248177
252856
429181
241476
252940
172036
253423
249810
145272
188790
259002
166923
248219
64070
116677
259744
798
291573
156230
186735
416586
34142
194814
49147
157658
249090
291104
262365
92212
259766
107215
70216
118015
166227
180041
149082
180839
189902
260135
36691
237889
93816
8696
260507
150458
172081
33695
145251
161772
194972
169752
244011
112038
154482
433121
189927
109419
422547
14761
121263
90007
258838
143972
125999
253771
158766
259346
249881
145293
132577
33428
421817
172089
141314
157906
237378
168468
247011
189930
427095
146103
257384
426094
246221
188095
248183
143273
181523
138513
92220
191848
169232
151695
189928
123156
171986
121530
413854
250400
112527
259413
152212
418693
193171
427047
151948
161987
237191
173794
133281
94518
35601
171474
260527
93254
32563
45260
260472
17803
131607
187224
240339
261960
159014
412390
150344
193969
166114
191019
259347
143812
193645
420476
252012
42361
155216
96945
137879
413034
117669
84228
416713
152767
167973
49860
180987
180673
262228
193868
36636
51911
99478
230945
8677
189942
420421
47419
33444
117192
90649
245640
168919
244303
112294
174150
33034
138092
36662
154386
289994
17081
249821
93260
117531
168858
92042
125986
121195
112296
154759
230347
54878
253951
191569
147347
99164
185501
230173
171545
117662
192035
188441
230213
130254
190493
93401
63921
145222
5578
154824
22993
427107
148498
244046
122963
249828
246100
417039
184758
37693
70219
32274
412840
152259
96193
412494
247000
2997
193510
260922
184235
243657
238908
253774
95314
261688
262997
119337
181217
52077
258656
126021
260397
45043
31806
420672
429310
11790
230593
188983
258843
156616
414558
136396
183089
187344
156979
110590
169452
95616
239059
193788
257931
155573
430751
155464
159731
174552
89933
237065
230177
413497
97938
240328
94390
135187
151537
141315
165062
85009
171481
259773
54229
423177
37698
412258
414361
193031
264138
92553
163469
136570
238806
55069
260525
142498
415596
419067
423441
252363
253367
195988
91169
238373
138389
290603
122290
195977
152798
238745
252326
290121
181511
290860
38825
159396
73675
418685
192789
155018
48787
151696
185111
93535
90667
230549
37820
120093
193091
191151
93396
434093
146922
97939
191653
192033
51419
153976
165417
122293
236258
250723
44474
247389
237862
426376
51426
149032
126062
230116
128228
185138
426098
62633
159149
112007
158843
96944
235942
291288
408970
8378
413984
120025
181682
55872
290039
883
260136
252327
246971
14788
161000
424011
85056
54595
195122
237377
248546
412046
172695
38958
152035
174014
119332
249354
185928
243863
128244
134083
149280
251488
196181
156533
188648
99625
195245
164377
99263
239048
131936
183033
255446
122265
248806
180008
18581
47590
183330
192364
162364
259169
99047
37543
249003
163276
29687
5565
243643
19766
159646
170289
192577
131075
230223
196473
238382
132000
258939
96574
180363
263062
149134
427635
160008
430821
419529
168799
118618
162365
237144
45264
143361
110312
116234
190750
124277
250795
96165
150093
163883
249076
139258
249098
112139
195531
244521
417424
96174
236866
259108
145890
141881
181239
245868
171593
43095
251941
190590
145307
101696
64145
138129
246517
253103
165423
137256
173197
281088
99185
134170
126078
70521
98547
193891
252325
163677
173766
146356
230315
194964
188737
5547
262351
63893
6319
110314
258632
163392
154458
240860
237674
132035
247236
154454
195158
161647
133345
250622
413184
169415
94871
186483
45725
190820
55485
92391
126344
257487
258911
193362
418499
262229
253029
261624
185052
133287
155930
170227
31510
119446
180193
163148
142221
145838
193902
252087
239397
254045
101655
433122
259349
181433
248236
136240
186227
291301
187731
149278
157741
190926
416815
185541
246000
262501
136303
154932
172657
237748
5250
85036
153463
259799
37512
165803
290882
252428
422884
93817
8521
238876
291575
180688
19127
260195
35022
121999
115991
409959
250909
117136
48756
43083
183222
417677
172183
166655
185185
174196
432249
162145
25066
154147
239240
248921
111131
250629
91484
165775
147316
84231
165719
148362
243500
117583
51807
258212
267402
161407
240903
194785
96169
172078
193092
158229
237805
115718
191327
184317
93742
236266
241658
73678
260947
409715
422794
432215
46830
63916
193357
185240
172692
421917
163306
31803
58924
171242
180810
192356
259763
99718
17634
169455
290003
426761
148754
22957
180667
291631
167606
37822
98098
111098
253387
94998
258902
51470
257764
248547
418208
147211
420113
181748
112057
153808
143653
37544
430978
245174
19204
193620
183090
137801
32236
144943
411239
107085
418687
19965
145863
185476
425725
195152
34836
185203
430695
162165
240666
234585
161655
90669
192015
46853
139202
267200
251940
134081
426375
37709
249228
259907
164955
156529
106935
424154
84425
136798
260240
194224
184231
99043
95877
5749
193124
237162
120106
247410
257490
156577
230633
172017
19678
426859
191150
187888
195826
180577
138900
152264
187225
90647
426374
188802
196335
142246
90617
418502
121105
180151
149130
128064
37602
230274
192884
153510
416909
22451
243848
239830
258218
168100
246183
97992
146599
710091
252514
247584
183750
5588
184077
247723
160165
47541
415246
261607
111971
432040
117424
142741
159696
180740
91822
239721
163941
258450
91085
230975
417454
160092
254068
45265
123220
70794
182147
187222
138809
32340
433136
136279
117790
153720
251383
136301
162366
8537
230043
188936
258475
49832
128231
166990
253912
260132
426869
12510
151544
116391
11657
56244
126075
138707
145283
52070
180737
249002
145645
263096
186181
122958
429497
46331
11788
168139
173730
258723
759459
434438
195249
98798
237582
180662
413731
30963
94520
249158
190927
253023
93901
230108
262933
172681
237946
433517
173977
163394
234578
150234
162658
172084
99340
180597
91240
412042
137173
184582
47428
131849
290981
158197
150802
85064
127544
167995
165452
116081
185238
31940
7391
253787
427174
125995
149265
9177
132420
183231
165772
258935
143046
138391
195263
268018
182532
264190
162731
257493
145360
173588
161343
247543
194418
119378
253791
89938
29877
123490
191284
125916
248350
32364
169482
97388
180683
257122
429306
169095
106936
431392
117877
183221
45632
123157
244048
158870
121812
238607
253395
118010
45947
262058
98402
54877
172076
250282
160026
247392
262191
259768
192988
247541
258554
261716
156154
431352
118855
137481
73683
194139
96522
98289
189799
163486
118548
167997
238000
132013
260532
126214
165702
162958
236947
126312
5251
243947
173095
238304
161318
188727
153077
33363
184975
106925
174135
185399
36774
258378
172517
174553
107007
258738
141493
246220
251567
133436
35026
166642
152344
257728
183859
759689
32212
152479
421131
165453
124998
181313
138468
144680
143985
153255
191614
137482
186581
117998
193524
161359
237766
163277
183011
159920
160150
417951
156985
5525
44429
260147
182040
17339
36712
143871
145300
130388
248659
246355
96166
180162
118807
21954
240711
192317
192579
145305
160035
183789
11803
190346
137231
90724
260687
150095
380509
47542
39192
146064
148773
36741
195829
262941
92196
90425
123110
243387
255718
93636
51404
91820
146769
195172
171484
121970
21939
144475
29881
8749
249088
252634
94997
141510
64075
145274
181214
261019
431970
251516
123148
162891
250303
259260
143485
245541
127824
148788
429726
249832
432042
95403
243923
116136
90397
170906
98569
417686
90648
193561
124996
230420
253781
97936
96497
112292
187348
248554
145220
264722
423136
291106
183697
291149
19356
267272
153742
421286
8675
422288
430929
116663
25445
98664
248499
147084
190826
19134
257399
180745
90131
97439
95817
145866
257157
195404
96170
186975
184234
49846
126087
188165
171592
173789
194775
17632
230409
258242
137569
160036
54181
145288
159421
172284
192787
235937
118840
193089
249330
191122
180642
168099
260511
194740
195745
5672
429406
417676
182188
97069
157027
430926
43118
186540
259297
120109
159123
146459
27026
144744
132225
120101
70911
32496
122734
239231
159727
193503
266644
423939
39061
260924
192154
160435
257041
189807
423424
258274
183220
120558
187094
47625
141683
157368
116660
230362
433247
70087
188365
63890
64144
248629
70621
51607
194243
174444
433216
261133
189968
134203
247242
420847
238340
257873
420226
167319
195251
192991
153056
180678
194160
419804
248892
252623
97336
