    0    0    0   0.000000000   0.000000000   0.000000E+00   0.000000E+00
   -1    1    0  -0.654089667   0.654089667  -0.138766E-01  -0.687798E-17
    1    1    0   0.654089667   0.654089667  -0.138766E-01  -0.264534E-17
   -1   -1    0  -0.654089667  -0.654089667  -0.138766E-01   0.264534E-17
    1   -1    0   0.654089667  -0.654089667  -0.138766E-01   0.687798E-17
    0    2    0  -0.000000000   1.308179334   0.169533E-01  -0.120193E-17
   -2    0    0  -1.308179334   0.000000000   0.169533E-01   0.551411E-18
    0   -2    0   0.000000000  -1.308179334   0.169533E-01   0.120193E-17
    2    0    0   1.308179334  -0.000000000   0.169533E-01  -0.551411E-18
    2    2    0   1.308179334   1.308179334   0.948895E-02   0.332738E-17
   -2   -2    0  -1.308179334  -1.308179334   0.948895E-02  -0.332738E-17
    2   -2    0   1.308179334  -1.308179334   0.948895E-02   0.157188E-16
   -2    2    0  -1.308179334   1.308179334   0.948895E-02  -0.157188E-16
   -3   -1    0  -1.962269001  -0.654089667  -0.412118E-01  -0.522754E-17
    3   -1    0   1.962269001  -0.654089667  -0.412118E-01   0.346169E-17
    3    1    0   1.962269001   0.654089667  -0.412118E-01   0.522754E-17
   -1    3    0  -0.654089667   1.962269001   0.404314E-02   0.180964E-17
    1    3    0   0.654089667   1.962269001   0.404314E-02  -0.127767E-17
   -3    1    0  -1.962269001   0.654089667  -0.412118E-01  -0.346169E-17
    1   -3    0   0.654089667  -1.962269001   0.404314E-02  -0.180964E-17
   -1   -3    0  -0.654089667  -1.962269001   0.404314E-02   0.127767E-17
    0    4    0  -0.000000000   2.616358668   0.168578E-01  -0.308592E-17
    0   -4    0   0.000000000  -2.616358668   0.168578E-01   0.308592E-17
    4    0    0   2.616358668  -0.000000000   0.168578E-01   0.708791E-18
   -4    0    0  -2.616358668   0.000000000   0.168578E-01  -0.708791E-18
   -3   -3    0  -1.962269001  -1.962269001   0.250556E-01  -0.347101E-17
    3   -3    0   1.962269001  -1.962269001   0.250556E-01  -0.345126E-17
   -3    3    0  -1.962269001   1.962269001   0.250556E-01   0.345126E-17
    3    3    0   1.962269001   1.962269001   0.250556E-01   0.347101E-17
   -2    4    0  -1.308179334   2.616358668  -0.861840E-02  -0.201398E-17
    4   -2    0   2.616358668  -1.308179334   0.461797E-02  -0.284283E-17
   -4    2    0  -2.616358668   1.308179334   0.461797E-02   0.284283E-17
    2    4    0   1.308179334   2.616358668  -0.861840E-02   0.814588E-17
    2   -4    0   1.308179334  -2.616358668  -0.861840E-02   0.201398E-17
   -2   -4    0  -1.308179334  -2.616358668  -0.861840E-02  -0.814588E-17
   -4   -2    0  -2.616358668  -1.308179334   0.461797E-02  -0.178495E-16
    4    2    0   2.616358668   1.308179334   0.461797E-02   0.178495E-16
   -5    1    0  -3.270448335   0.654089667  -0.144568E-01   0.729324E-17
    5    1    0   3.270448335   0.654089667  -0.144568E-01  -0.674348E-17
   -1    5    0  -0.654089667   3.270448335  -0.108073E-02   0.404595E-18
   -1   -5    0  -0.654089667  -3.270448335  -0.108073E-02  -0.447801E-17
   -5   -1    0  -3.270448335  -0.654089667  -0.144568E-01   0.674348E-17
    5   -1    0   3.270448335  -0.654089667  -0.144568E-01  -0.729324E-17
    1   -5    0   0.654089667  -3.270448335  -0.108073E-02  -0.404595E-18
    1    5    0   0.654089667   3.270448335  -0.108073E-02   0.447801E-17
    4   -4    0   2.616358668  -2.616358668   0.149300E-02   0.242359E-16
   -4   -4    0  -2.616358668  -2.616358668   0.149300E-02  -0.608013E-17
    4    4    0   2.616358668   2.616358668   0.149300E-02   0.608013E-17
   -4    4    0  -2.616358668   2.616358668   0.149300E-02  -0.242359E-16
   -5    3    0  -3.270448335   1.962269001   0.440161E-02   0.112203E-16
    5    3    0   3.270448335   1.962269001   0.440161E-02  -0.999332E-17
   -5   -3    0  -3.270448335  -1.962269001   0.440161E-02   0.999332E-17
    5   -3    0   3.270448335  -1.962269001   0.440161E-02  -0.112203E-16
    3   -5    0   1.962269001  -3.270448335  -0.168026E-01  -0.118993E-16
   -3    5    0  -1.962269001   3.270448335  -0.168026E-01   0.118993E-16
    3    5    0   1.962269001   3.270448335  -0.168026E-01  -0.739123E-17
   -3   -5    0  -1.962269001  -3.270448335  -0.168026E-01   0.739123E-17
    0    6    0  -0.000000000   3.924538003   0.444140E-01   0.282389E-18
    6    0    0   3.924538003  -0.000000000   0.444140E-01   0.111786E-16
   -6    0    0  -3.924538003   0.000000000   0.444140E-01  -0.111786E-16
    0   -6    0   0.000000000  -3.924538003   0.444140E-01  -0.282389E-18
   -2    6    0  -1.308179334   3.924538003   0.136108E-01  -0.506580E-17
    2    6    0   1.308179334   3.924538003   0.136108E-01   0.796912E-17
    6    2    0   3.924538003   1.308179334   0.933602E-02  -0.211396E-17
   -6   -2    0  -3.924538003  -1.308179334   0.933602E-02   0.211396E-17
    2   -6    0   1.308179334  -3.924538003   0.136108E-01   0.506580E-17
    6   -2    0   3.924538003  -1.308179334   0.933602E-02  -0.458596E-17
   -6    2    0  -3.924538003   1.308179334   0.933602E-02   0.458596E-17
   -2   -6    0  -1.308179334  -3.924538003   0.136108E-01  -0.796912E-17
    5   -5    0   3.270448335  -3.270448335  -0.546895E-02   0.322868E-17
   -5   -5    0  -3.270448335  -3.270448335  -0.546895E-02   0.437606E-17
    5    5    0   3.270448335   3.270448335  -0.546895E-02  -0.437606E-17
   -5    5    0  -3.270448335   3.270448335  -0.546895E-02  -0.322868E-17
    7    1    0   4.578627670   0.654089667   0.606893E-03   0.461938E-17
   -7    1    0  -4.578627670   0.654089667   0.606893E-03  -0.987054E-17
    7   -1    0   4.578627670  -0.654089667   0.606893E-03   0.987054E-17
   -1    7    0  -0.654089667   4.578627670  -0.103005E-01  -0.228677E-17
    1   -7    0   0.654089667  -4.578627670  -0.103005E-01   0.228677E-17
    1    7    0   0.654089667   4.578627670  -0.103005E-01   0.592042E-17
   -1   -7    0  -0.654089667  -4.578627670  -0.103005E-01  -0.592042E-17
   -7   -1    0  -4.578627670  -0.654089667   0.606893E-03  -0.461938E-17
    6   -4    0   3.924538003  -2.616358668   0.139517E-02  -0.471229E-17
    4   -6    0   2.616358668  -3.924538003   0.680270E-02  -0.121364E-16
    6    4    0   3.924538003   2.616358668   0.139517E-02   0.503535E-17
    4    6    0   2.616358668   3.924538003   0.680270E-02  -0.466826E-17
   -4    6    0  -2.616358668   3.924538003   0.680270E-02   0.121364E-16
   -6    4    0  -3.924538003   2.616358668   0.139517E-02   0.471229E-17
   -6   -4    0  -3.924538003  -2.616358668   0.139517E-02  -0.503535E-17
   -4   -6    0  -2.616358668  -3.924538003   0.680270E-02   0.466826E-17
    3    7    0   1.962269001   4.578627670  -0.186742E-01   0.109499E-16
    3   -7    0   1.962269001  -4.578627670  -0.186742E-01   0.165048E-16
   -3    7    0  -1.962269001   4.578627670  -0.186742E-01  -0.165048E-16
   -3   -7    0  -1.962269001  -4.578627670  -0.186742E-01  -0.109499E-16
    7    3    0   4.578627670   1.962269001   0.469992E-02  -0.504209E-17
   -7    3    0  -4.578627670   1.962269001   0.469992E-02   0.474121E-17
    7   -3    0   4.578627670  -1.962269001   0.469992E-02  -0.474121E-17
   -7   -3    0  -4.578627670  -1.962269001   0.469992E-02   0.504209E-17
    8    0    0   5.232717337  -0.000000000   0.186040E-01   0.127909E-16
   -8    0    0  -5.232717337   0.000000000   0.186040E-01  -0.127909E-16
    0   -8    0   0.000000000  -5.232717337   0.186040E-01  -0.102973E-16
    0    8    0  -0.000000000   5.232717337   0.186040E-01   0.102973E-16
    2    8    0   1.308179334   5.232717337   0.289070E-02   0.322919E-17
   -2    8    0  -1.308179334   5.232717337   0.289070E-02  -0.571585E-18
    8   -2    0   5.232717337  -1.308179334   0.180244E-02   0.104359E-16
   -2   -8    0  -1.308179334  -5.232717337   0.289070E-02  -0.322919E-17
   -8    2    0  -5.232717337   1.308179334   0.180244E-02  -0.104359E-16
    2   -8    0   1.308179334  -5.232717337   0.289070E-02   0.571585E-18
    8    2    0   5.232717337   1.308179334   0.180244E-02  -0.727831E-17
   -8   -2    0  -5.232717337  -1.308179334   0.180244E-02   0.727831E-17
    6    6    0   3.924538003   3.924538003   0.289068E-01   0.803972E-17
   -6    6    0  -3.924538003   3.924538003   0.289068E-01  -0.139440E-18
    6   -6    0   3.924538003  -3.924538003   0.289068E-01   0.139440E-18
   -6   -6    0  -3.924538003  -3.924538003   0.289068E-01  -0.803972E-17
   -7   -5    0  -4.578627670  -3.270448335   0.445803E-02  -0.215762E-16
   -5    7    0  -3.270448335   4.578627670  -0.106821E-01  -0.313181E-17
   -7    5    0  -4.578627670   3.270448335   0.445803E-02  -0.764684E-17
    7    5    0   4.578627670   3.270448335   0.445803E-02   0.215762E-16
    5    7    0   3.270448335   4.578627670  -0.106821E-01   0.183515E-16
    7   -5    0   4.578627670  -3.270448335   0.445803E-02   0.764684E-17
   -5   -7    0  -3.270448335  -4.578627670  -0.106821E-01  -0.183515E-16
    5   -7    0   3.270448335  -4.578627670  -0.106821E-01   0.313181E-17
    4   -8    0   2.616358668  -5.232717337   0.723752E-02  -0.767565E-17
   -4    8    0  -2.616358668   5.232717337   0.723752E-02   0.767565E-17
    8    4    0   5.232717337   2.616358668   0.193694E-02   0.179619E-16
    8   -4    0   5.232717337  -2.616358668   0.193694E-02   0.658632E-18
    4    8    0   2.616358668   5.232717337   0.723752E-02   0.833957E-17
   -8   -4    0  -5.232717337  -2.616358668   0.193694E-02  -0.179619E-16
   -8    4    0  -5.232717337   2.616358668   0.193694E-02  -0.658632E-18
   -4   -8    0  -2.616358668  -5.232717337   0.723752E-02  -0.833957E-17
   -1   -9    0  -0.654089667  -5.886807004   0.217267E-02  -0.440167E-17
    1    9    0   0.654089667   5.886807004   0.217267E-02   0.440167E-17
   -9    1    0  -5.886807004   0.654089667  -0.176236E-01   0.222261E-16
   -1    9    0  -0.654089667   5.886807004   0.217267E-02   0.515003E-17
    9    1    0   5.886807004   0.654089667  -0.176236E-01  -0.349278E-16
    1   -9    0   0.654089667  -5.886807004   0.217267E-02  -0.515003E-17
    9   -1    0   5.886807004  -0.654089667  -0.176236E-01  -0.222261E-16
   -9   -1    0  -5.886807004  -0.654089667  -0.176236E-01   0.349278E-16
    3   -9    0   1.962269001  -5.886807004   0.407999E-02  -0.171630E-16
    9    3    0   5.886807004   1.962269001   0.513579E-02  -0.171300E-17
   -9   -3    0  -5.886807004  -1.962269001   0.513579E-02   0.171300E-17
    3    9    0   1.962269001   5.886807004   0.407999E-02  -0.227708E-17
   -3    9    0  -1.962269001   5.886807004   0.407999E-02   0.171630E-16
    9   -3    0   5.886807004  -1.962269001   0.513579E-02   0.234304E-17
   -9    3    0  -5.886807004   1.962269001   0.513579E-02  -0.234304E-17
   -3   -9    0  -1.962269001  -5.886807004   0.407999E-02   0.227708E-17
    7    7    0   4.578627670   4.578627670  -0.318802E-02   0.897598E-17
   -7   -7    0  -4.578627670  -4.578627670  -0.318802E-02  -0.897598E-17
   -7    7    0  -4.578627670   4.578627670  -0.318802E-02  -0.161219E-16
    7   -7    0   4.578627670  -4.578627670  -0.318802E-02   0.161219E-16
  -10    0    0  -6.540896671   0.000000000   0.280862E-02   0.447404E-17
    0   10    0  -0.000000000   6.540896671   0.280862E-02  -0.107895E-16
   10    0    0   6.540896671  -0.000000000   0.280862E-02  -0.447404E-17
    0  -10    0   0.000000000  -6.540896671   0.280862E-02   0.107895E-16
   -6   -8    0  -3.924538003  -5.232717337   0.861122E-02   0.325195E-17
   -8   -6    0  -5.232717337  -3.924538003   0.100484E-01  -0.100837E-16
   -8    6    0  -5.232717337   3.924538003   0.100484E-01   0.139017E-17
   -6    8    0  -3.924538003   5.232717337   0.861122E-02   0.389703E-17
    8    6    0   5.232717337   3.924538003   0.100484E-01   0.100837E-16
    6   -8    0   3.924538003  -5.232717337   0.861122E-02  -0.389703E-17
    6    8    0   3.924538003   5.232717337   0.861122E-02  -0.325195E-17
    8   -6    0   5.232717337  -3.924538003   0.100484E-01  -0.139017E-17
  -10    2    0  -6.540896671   1.308179334   0.520505E-02  -0.248616E-16
  -10   -2    0  -6.540896671  -1.308179334   0.520505E-02  -0.230296E-16
   -2  -10    0  -1.308179334  -6.540896671  -0.169644E-02  -0.966084E-18
   10    2    0   6.540896671   1.308179334   0.520505E-02   0.230296E-16
   10   -2    0   6.540896671  -1.308179334   0.520505E-02   0.248616E-16
   -2   10    0  -1.308179334   6.540896671  -0.169644E-02  -0.489979E-17
    2  -10    0   1.308179334  -6.540896671  -0.169644E-02   0.489979E-17
    2   10    0   1.308179334   6.540896671  -0.169644E-02   0.966084E-18
    9    5    0   5.886807004   3.270448335  -0.113654E-01  -0.362298E-16
    9   -5    0   5.886807004  -3.270448335  -0.113654E-01  -0.210533E-16
    5   -9    0   3.270448335  -5.886807004   0.929459E-03  -0.828284E-17
   -5   -9    0  -3.270448335  -5.886807004   0.929459E-03   0.446288E-17
   -9   -5    0  -5.886807004  -3.270448335  -0.113654E-01   0.362298E-16
   -9    5    0  -5.886807004   3.270448335  -0.113654E-01   0.210533E-16
   -5    9    0  -3.270448335   5.886807004   0.929459E-03   0.828284E-17
    5    9    0   3.270448335   5.886807004   0.929459E-03  -0.446288E-17
  -10   -4    0  -6.540896671  -2.616358668  -0.133111E-02   0.689669E-17
   -4   10    0  -2.616358668   6.540896671  -0.274191E-02  -0.133349E-16
   10    4    0   6.540896671   2.616358668  -0.133111E-02  -0.689669E-17
    4   10    0   2.616358668   6.540896671  -0.274191E-02   0.139745E-17
  -10    4    0  -6.540896671   2.616358668  -0.133111E-02  -0.268053E-17
   10   -4    0   6.540896671  -2.616358668  -0.133111E-02   0.268053E-17
    4  -10    0   2.616358668  -6.540896671  -0.274191E-02   0.133349E-16
   -4  -10    0  -2.616358668  -6.540896671  -0.274191E-02  -0.139745E-17
   11    1    0   7.194986338   0.654089667  -0.551743E-02   0.340143E-17
   -1  -11    0  -0.654089667  -7.194986338  -0.269258E-04   0.298373E-17
   -1   11    0  -0.654089667   7.194986338  -0.269258E-04   0.848861E-19
    1  -11    0   0.654089667  -7.194986338  -0.269258E-04  -0.848861E-19
   11   -1    0   7.194986338  -0.654089667  -0.551743E-02  -0.159112E-16
  -11   -1    0  -7.194986338  -0.654089667  -0.551743E-02  -0.340143E-17
    1   11    0   0.654089667   7.194986338  -0.269258E-04  -0.298373E-17
  -11    1    0  -7.194986338   0.654089667  -0.551743E-02   0.159112E-16
   -8   -8    0  -5.232717337  -5.232717337   0.608686E-02  -0.456197E-18
    8    8    0   5.232717337   5.232717337   0.608686E-02   0.456197E-18
    8   -8    0   5.232717337  -5.232717337   0.608686E-02   0.646580E-17
   -8    8    0  -5.232717337   5.232717337   0.608686E-02  -0.646580E-17
   11    3    0   7.194986338   1.962269001   0.506894E-02   0.600348E-17
   11   -3    0   7.194986338  -1.962269001   0.506894E-02   0.819770E-17
    3   11    0   1.962269001   7.194986338  -0.187711E-02   0.298912E-17
  -11   -3    0  -7.194986338  -1.962269001   0.506894E-02  -0.600348E-17
  -11    3    0  -7.194986338   1.962269001   0.506894E-02  -0.819770E-17
   -3  -11    0  -1.962269001  -7.194986338  -0.187711E-02  -0.298912E-17
    3  -11    0   1.962269001  -7.194986338  -0.187711E-02  -0.272557E-17
   -3   11    0  -1.962269001   7.194986338  -0.187711E-02   0.272557E-17
   -7    9    0  -4.578627670   5.886807004   0.373175E-02   0.122638E-16
    7   -9    0   4.578627670  -5.886807004   0.373175E-02  -0.122638E-16
   -9   -7    0  -5.886807004  -4.578627670  -0.137880E-01   0.509545E-16
    7    9    0   4.578627670   5.886807004   0.373175E-02  -0.134545E-17
    9    7    0   5.886807004   4.578627670  -0.137880E-01  -0.509545E-16
    9   -7    0   5.886807004  -4.578627670  -0.137880E-01  -0.667529E-17
   -9    7    0  -5.886807004   4.578627670  -0.137880E-01   0.667529E-17
   -7   -9    0  -4.578627670  -5.886807004   0.373175E-02   0.134545E-17
  -10    6    0  -6.540896671   3.924538003   0.521836E-02   0.125988E-17
   10   -6    0   6.540896671  -3.924538003   0.521836E-02  -0.125988E-17
   -6   10    0  -3.924538003   6.540896671   0.217631E-02   0.149110E-18
    6   10    0   3.924538003   6.540896671   0.217631E-02   0.106870E-16
   10    6    0   6.540896671   3.924538003   0.521836E-02   0.178974E-17
   -6  -10    0  -3.924538003  -6.540896671   0.217631E-02  -0.106870E-16
  -10   -6    0  -6.540896671  -3.924538003   0.521836E-02  -0.178974E-17
    6  -10    0   3.924538003  -6.540896671   0.217631E-02  -0.149110E-18
  -12    0    0  -7.849076005   0.000000000   0.159674E-01  -0.834776E-17
    0  -12    0   0.000000000  -7.849076005   0.159674E-01  -0.178833E-17
   12    0    0   7.849076005  -0.000000000   0.159674E-01   0.834776E-17
    0   12    0  -0.000000000   7.849076005   0.159674E-01   0.178833E-17
  -11    5    0  -7.194986338   3.270448335  -0.271610E-02  -0.150229E-17
   -5  -11    0  -3.270448335  -7.194986338  -0.112609E-02  -0.239594E-17
   11    5    0   7.194986338   3.270448335  -0.271610E-02  -0.532672E-17
   -5   11    0  -3.270448335   7.194986338  -0.112609E-02   0.405581E-17
   11   -5    0   7.194986338  -3.270448335  -0.271610E-02   0.150229E-17
  -11   -5    0  -7.194986338  -3.270448335  -0.271610E-02   0.532672E-17
    5  -11    0   3.270448335  -7.194986338  -0.112609E-02  -0.405581E-17
    5   11    0   3.270448335   7.194986338  -0.112609E-02   0.239594E-17
  -12   -2    0  -7.849076005  -1.308179334   0.369044E-03  -0.414152E-17
    2   12    0   1.308179334   7.849076005   0.318932E-02  -0.184606E-17
    2  -12    0   1.308179334  -7.849076005   0.318932E-02  -0.167618E-17
   12    2    0   7.849076005   1.308179334   0.369044E-03   0.414152E-17
   -2  -12    0  -1.308179334  -7.849076005   0.318932E-02   0.184606E-17
   12   -2    0   7.849076005  -1.308179334   0.369044E-03   0.309920E-17
   -2   12    0  -1.308179334   7.849076005   0.318932E-02   0.167618E-17
  -12    2    0  -7.849076005   1.308179334   0.369044E-03  -0.309920E-17
  -12   -4    0  -7.849076005  -2.616358668   0.470135E-03   0.207666E-17
   12    4    0   7.849076005   2.616358668   0.470135E-03  -0.207666E-17
   -4   12    0  -2.616358668   7.849076005   0.495396E-02  -0.108867E-17
   -4  -12    0  -2.616358668  -7.849076005   0.495396E-02  -0.398810E-17
  -12    4    0  -7.849076005   2.616358668   0.470135E-03  -0.299137E-17
    4  -12    0   2.616358668  -7.849076005   0.495396E-02   0.108867E-17
   12   -4    0   7.849076005  -2.616358668   0.470135E-03   0.299137E-17
    4   12    0   2.616358668   7.849076005   0.495396E-02   0.398810E-17
   -9   -9    0  -5.886807004  -5.886807004  -0.902832E-04   0.189116E-16
    9    9    0   5.886807004   5.886807004  -0.902832E-04  -0.189116E-16
   -9    9    0  -5.886807004   5.886807004  -0.902832E-04  -0.217096E-18
    9   -9    0   5.886807004  -5.886807004  -0.902832E-04   0.217096E-18
  -10   -8    0  -6.540896671  -5.232717337   0.269659E-02  -0.609832E-17
    8  -10    0   5.232717337  -6.540896671  -0.114760E-02   0.174901E-17
    8   10    0   5.232717337   6.540896671  -0.114760E-02   0.490570E-17
   -8   10    0  -5.232717337   6.540896671  -0.114760E-02  -0.174901E-17
   10    8    0   6.540896671   5.232717337   0.269659E-02   0.609832E-17
   10   -8    0   6.540896671  -5.232717337   0.269659E-02  -0.564786E-17
   -8  -10    0  -5.232717337  -6.540896671  -0.114760E-02  -0.490570E-17
  -10    8    0  -6.540896671   5.232717337   0.269659E-02   0.564786E-17
   -7   11    0  -4.578627670   7.194986338   0.190086E-02  -0.657383E-17
   11    7    0   7.194986338   4.578627670  -0.522992E-02  -0.118614E-16
   11   -7    0   7.194986338  -4.578627670  -0.522992E-02   0.390673E-18
  -11   -7    0  -7.194986338  -4.578627670  -0.522992E-02   0.118614E-16
    7   11    0   4.578627670   7.194986338   0.190086E-02   0.818905E-17
  -11    7    0  -7.194986338   4.578627670  -0.522992E-02  -0.390673E-18
    7  -11    0   4.578627670  -7.194986338   0.190086E-02   0.657383E-17
   -7  -11    0  -4.578627670  -7.194986338   0.190086E-02  -0.818905E-17
   13   -1    0   8.503165672  -0.654089667   0.336933E-03   0.101546E-16
   -1   13    0  -0.654089667   8.503165672  -0.390535E-02   0.912466E-17
  -13   -1    0  -8.503165672  -0.654089667   0.336933E-03  -0.405217E-17
   13    1    0   8.503165672   0.654089667   0.336933E-03   0.405217E-17
    1   13    0   0.654089667   8.503165672  -0.390535E-02   0.140810E-16
    1  -13    0   0.654089667  -8.503165672  -0.390535E-02  -0.912466E-17
   -1  -13    0  -0.654089667  -8.503165672  -0.390535E-02  -0.140810E-16
  -13    1    0  -8.503165672   0.654089667   0.336933E-03  -0.101546E-16
    3  -13    0   1.962269001  -8.503165672  -0.102672E-01  -0.167200E-17
   13    3    0   8.503165672   1.962269001   0.178085E-02  -0.184945E-16
   -3  -13    0  -1.962269001  -8.503165672  -0.102672E-01  -0.137777E-16
    3   13    0   1.962269001   8.503165672  -0.102672E-01   0.137777E-16
  -13    3    0  -8.503165672   1.962269001   0.178085E-02   0.170305E-16
   -3   13    0  -1.962269001   8.503165672  -0.102672E-01   0.167200E-17
   13   -3    0   8.503165672  -1.962269001   0.178085E-02  -0.170305E-16
  -13   -3    0  -8.503165672  -1.962269001   0.178085E-02   0.184945E-16
  -12   -6    0  -7.849076005  -3.924538003   0.103699E-01  -0.187521E-16
   12    6    0   7.849076005   3.924538003   0.103699E-01   0.187521E-16
   -6  -12    0  -3.924538003  -7.849076005   0.101316E-01  -0.975320E-17
   12   -6    0   7.849076005  -3.924538003   0.103699E-01   0.135763E-16
   -6   12    0  -3.924538003   7.849076005   0.101316E-01   0.401143E-17
    6   12    0   3.924538003   7.849076005   0.101316E-01   0.975320E-17
  -12    6    0  -7.849076005   3.924538003   0.103699E-01  -0.135763E-16
    6  -12    0   3.924538003  -7.849076005   0.101316E-01  -0.401143E-17
   13   -5    0   8.503165672  -3.270448335   0.221348E-02   0.663155E-17
    5   13    0   3.270448335   8.503165672  -0.524827E-02   0.718004E-17
  -13   -5    0  -8.503165672  -3.270448335   0.221348E-02   0.181884E-17
   -5  -13    0  -3.270448335  -8.503165672  -0.524827E-02  -0.718004E-17
  -13    5    0  -8.503165672   3.270448335   0.221348E-02  -0.663155E-17
   -5   13    0  -3.270448335   8.503165672  -0.524827E-02  -0.570073E-17
   13    5    0   8.503165672   3.270448335   0.221348E-02  -0.181884E-17
    5  -13    0   3.270448335  -8.503165672  -0.524827E-02   0.570073E-17
    0  -14    0   0.000000000  -9.157255339   0.107680E-01  -0.104520E-16
  -14    0    0  -9.157255339   0.000000000   0.107680E-01  -0.988277E-17
    0   14    0  -0.000000000   9.157255339   0.107680E-01   0.104520E-16
   14    0    0   9.157255339  -0.000000000   0.107680E-01   0.988277E-17
   10   10    0   6.540896671   6.540896671  -0.342106E-04   0.555621E-17
   10  -10    0   6.540896671  -6.540896671  -0.342106E-04   0.109791E-16
  -10  -10    0  -6.540896671  -6.540896671  -0.342106E-04  -0.555621E-17
  -10   10    0  -6.540896671   6.540896671  -0.342106E-04  -0.109791E-16
  -14    2    0  -9.157255339   1.308179334   0.401452E-02  -0.119211E-16
   14    2    0   9.157255339   1.308179334   0.401452E-02  -0.277989E-17
    2  -14    0   1.308179334  -9.157255339   0.331563E-02  -0.598352E-17
    2   14    0   1.308179334   9.157255339   0.331563E-02  -0.420290E-17
  -14   -2    0  -9.157255339  -1.308179334   0.401452E-02   0.277989E-17
   -2  -14    0  -1.308179334  -9.157255339   0.331563E-02   0.420290E-17
   -2   14    0  -1.308179334   9.157255339   0.331563E-02   0.598352E-17
   14   -2    0   9.157255339  -1.308179334   0.401452E-02   0.119211E-16
   11   -9    0   7.194986338  -5.886807004   0.181638E-02   0.233117E-17
   -9  -11    0  -5.886807004  -7.194986338  -0.346354E-02   0.640955E-17
   -9   11    0  -5.886807004   7.194986338  -0.346354E-02   0.870922E-17
   11    9    0   7.194986338   5.886807004   0.181638E-02   0.348379E-17
    9   11    0   5.886807004   7.194986338  -0.346354E-02  -0.640955E-17
    9  -11    0   5.886807004  -7.194986338  -0.346354E-02  -0.870922E-17
  -11   -9    0  -7.194986338  -5.886807004   0.181638E-02  -0.348379E-17
  -11    9    0  -7.194986338   5.886807004   0.181638E-02  -0.233117E-17
  -12    8    0  -7.849076005   5.232717337   0.459623E-02  -0.312323E-17
   12   -8    0   7.849076005  -5.232717337   0.459623E-02   0.312323E-17
   12    8    0   7.849076005   5.232717337   0.459623E-02   0.841383E-17
   -8   12    0  -5.232717337   7.849076005   0.582240E-02   0.387200E-17
   -8  -12    0  -5.232717337  -7.849076005   0.582240E-02  -0.104196E-16
    8   12    0   5.232717337   7.849076005   0.582240E-02   0.104196E-16
    8  -12    0   5.232717337  -7.849076005   0.582240E-02  -0.387200E-17
  -12   -8    0  -7.849076005  -5.232717337   0.459623E-02  -0.841383E-17
   -4   14    0  -2.616358668   9.157255339   0.158923E-02   0.309418E-17
    4   14    0   2.616358668   9.157255339   0.158923E-02  -0.325146E-17
   14   -4    0   9.157255339  -2.616358668   0.155165E-02  -0.424742E-18
  -14    4    0  -9.157255339   2.616358668   0.155165E-02   0.424742E-18
   14    4    0   9.157255339   2.616358668   0.155165E-02   0.125508E-16
   -4  -14    0  -2.616358668  -9.157255339   0.158923E-02   0.325146E-17
    4  -14    0   2.616358668  -9.157255339   0.158923E-02  -0.309418E-17
  -14   -4    0  -9.157255339  -2.616358668   0.155165E-02  -0.125508E-16
  -13   -7    0  -8.503165672  -4.578627670  -0.151550E-02  -0.612020E-17
    7   13    0   4.578627670   8.503165672  -0.988547E-03   0.106932E-16
  -13    7    0  -8.503165672   4.578627670  -0.151550E-02  -0.158711E-16
    7  -13    0   4.578627670  -8.503165672  -0.988547E-03   0.127857E-16
   -7   13    0  -4.578627670   8.503165672  -0.988547E-03  -0.127857E-16
   -7  -13    0  -4.578627670  -8.503165672  -0.988547E-03  -0.106932E-16
   13    7    0   8.503165672   4.578627670  -0.151550E-02   0.612020E-17
   13   -7    0   8.503165672  -4.578627670  -0.151550E-02   0.158711E-16
   -1  -15    0  -0.654089667  -9.811345006   0.408392E-04  -0.590905E-18
    1  -15    0   0.654089667  -9.811345006   0.408392E-04  -0.244763E-17
  -15    1    0  -9.811345006   0.654089667  -0.786346E-02   0.347322E-17
   15   -1    0   9.811345006  -0.654089667  -0.786346E-02  -0.347322E-17
  -15   -1    0  -9.811345006  -0.654089667  -0.786346E-02   0.948803E-18
    1   15    0   0.654089667   9.811345006   0.408392E-04   0.590905E-18
   15    1    0   9.811345006   0.654089667  -0.786346E-02  -0.948803E-18
   -1   15    0  -0.654089667   9.811345006   0.408392E-04   0.244763E-17
  -14    6    0  -9.157255339   3.924538003   0.953486E-02  -0.106616E-16
   -6  -14    0  -3.924538003  -9.157255339   0.912322E-02   0.765229E-17
    6  -14    0   3.924538003  -9.157255339   0.912322E-02  -0.114206E-16
   -6   14    0  -3.924538003   9.157255339   0.912322E-02   0.114206E-16
  -14   -6    0  -9.157255339  -3.924538003   0.953486E-02  -0.116465E-16
    6   14    0   3.924538003   9.157255339   0.912322E-02  -0.765229E-17
   14   -6    0   9.157255339  -3.924538003   0.953486E-02   0.106616E-16
   14    6    0   9.157255339   3.924538003   0.953486E-02   0.116465E-16
  -15   -3    0  -9.811345006  -1.962269001   0.134545E-02   0.593817E-17
   15   -3    0   9.811345006  -1.962269001   0.134545E-02   0.202420E-17
    3   15    0   1.962269001   9.811345006  -0.252435E-03   0.717383E-18
   -3   15    0  -1.962269001   9.811345006  -0.252435E-03   0.315363E-17
   15    3    0   9.811345006   1.962269001   0.134545E-02  -0.593817E-17
   -3  -15    0  -1.962269001  -9.811345006  -0.252435E-03  -0.717383E-18
  -15    3    0  -9.811345006   1.962269001   0.134545E-02  -0.202420E-17
    3  -15    0   1.962269001  -9.811345006  -0.252435E-03  -0.315363E-17
   11   11    0   7.194986338   7.194986338  -0.717682E-05  -0.892810E-17
  -11   11    0  -7.194986338   7.194986338  -0.717682E-05  -0.454957E-18
   11  -11    0   7.194986338  -7.194986338  -0.717682E-05   0.454957E-18
  -11  -11    0  -7.194986338  -7.194986338  -0.717682E-05   0.892810E-17
   12  -10    0   7.849076005  -6.540896671  -0.150511E-02  -0.145080E-17
  -10   12    0  -6.540896671   7.849076005   0.212097E-02   0.606599E-17
  -12  -10    0  -7.849076005  -6.540896671  -0.150511E-02  -0.105952E-16
   12   10    0   7.849076005   6.540896671  -0.150511E-02   0.105952E-16
   10  -12    0   6.540896671  -7.849076005   0.212097E-02  -0.606599E-17
   10   12    0   6.540896671   7.849076005   0.212097E-02  -0.893397E-17
  -10  -12    0  -6.540896671  -7.849076005   0.212097E-02   0.893397E-17
  -12   10    0  -7.849076005   6.540896671  -0.150511E-02   0.145080E-17
    5   15    0   3.270448335   9.811345006  -0.608098E-03  -0.164019E-17
   15   -5    0   9.811345006  -3.270448335  -0.541513E-02  -0.114670E-16
   15    5    0   9.811345006   3.270448335  -0.541513E-02  -0.351044E-17
   -5   15    0  -3.270448335   9.811345006  -0.608098E-03  -0.299552E-17
  -15   -5    0  -9.811345006  -3.270448335  -0.541513E-02   0.351044E-17
    5  -15    0   3.270448335  -9.811345006  -0.608098E-03   0.299552E-17
  -15    5    0  -9.811345006   3.270448335  -0.541513E-02   0.114670E-16
   -5  -15    0  -3.270448335  -9.811345006  -0.608098E-03   0.164019E-17
  -13   -9    0  -8.503165672  -5.886807004   0.197945E-02   0.124222E-16
   13   -9    0   8.503165672  -5.886807004   0.197945E-02  -0.827888E-17
   13    9    0   8.503165672   5.886807004   0.197945E-02  -0.124222E-16
   -9   13    0  -5.886807004   8.503165672  -0.918874E-02   0.327688E-17
    9   13    0   5.886807004   8.503165672  -0.918874E-02   0.182155E-17
    9  -13    0   5.886807004  -8.503165672  -0.918874E-02  -0.327688E-17
   -9  -13    0  -5.886807004  -8.503165672  -0.918874E-02  -0.182155E-17
  -13    9    0  -8.503165672   5.886807004   0.197945E-02   0.827888E-17
    0  -16    0   0.000000000 -10.465434674   0.137406E-02   0.559873E-17
    0   16    0  -0.000000000  10.465434674   0.137406E-02  -0.559873E-17
  -16    0    0 -10.465434674   0.000000000   0.137406E-02   0.252231E-17
   16    0    0  10.465434674  -0.000000000   0.137406E-02  -0.252231E-17
   -2  -16    0  -1.308179334 -10.465434674  -0.117078E-02  -0.446619E-17
    2  -16    0   1.308179334 -10.465434674  -0.117078E-02  -0.617368E-18
   14   -8    0   9.157255339  -5.232717337   0.394440E-02   0.976098E-17
    2   16    0   1.308179334  10.465434674  -0.117078E-02   0.446619E-17
   16    2    0  10.465434674   1.308179334   0.312666E-03   0.652617E-17
  -14   -8    0  -9.157255339  -5.232717337   0.394440E-02  -0.458830E-17
   -8  -14    0  -5.232717337  -9.157255339   0.347011E-02   0.825615E-17
   -2   16    0  -1.308179334  10.465434674  -0.117078E-02   0.617368E-18
   14    8    0   9.157255339   5.232717337   0.394440E-02   0.458830E-17
   16   -2    0  10.465434674  -1.308179334   0.312666E-03   0.273242E-17
    8  -14    0   5.232717337  -9.157255339   0.347011E-02  -0.776811E-18
   -8   14    0  -5.232717337   9.157255339   0.347011E-02   0.776811E-18
    8   14    0   5.232717337   9.157255339   0.347011E-02  -0.825615E-17
  -14    8    0  -9.157255339   5.232717337   0.394440E-02  -0.976098E-17
  -16    2    0 -10.465434674   1.308179334   0.312666E-03  -0.273242E-17
  -16   -2    0 -10.465434674  -1.308179334   0.312666E-03  -0.652617E-17
   -4   16    0  -2.616358668  10.465434674   0.962924E-03  -0.392838E-17
   16   -4    0  10.465434674  -2.616358668  -0.358789E-03   0.106616E-16
  -16    4    0 -10.465434674   2.616358668  -0.358789E-03  -0.106616E-16
   16    4    0  10.465434674   2.616358668  -0.358789E-03   0.889790E-17
    4  -16    0   2.616358668 -10.465434674   0.962924E-03   0.392838E-17
  -16   -4    0 -10.465434674  -2.616358668  -0.358789E-03  -0.889790E-17
   -4  -16    0  -2.616358668 -10.465434674   0.962924E-03  -0.226556E-17
    4   16    0   2.616358668  10.465434674   0.962924E-03   0.226556E-17
   15   -7    0   9.811345006  -4.578627670  -0.760701E-02  -0.909495E-17
  -15    7    0  -9.811345006   4.578627670  -0.760701E-02   0.909495E-17
  -15   -7    0  -9.811345006  -4.578627670  -0.760701E-02   0.159749E-16
    7   15    0   4.578627670   9.811345006   0.124780E-02  -0.319051E-20
   -7   15    0  -4.578627670   9.811345006   0.124780E-02  -0.336019E-17
   15    7    0   9.811345006   4.578627670  -0.760701E-02  -0.159749E-16
    7  -15    0   4.578627670  -9.811345006   0.124780E-02   0.336019E-17
   -7  -15    0  -4.578627670  -9.811345006   0.124780E-02   0.319051E-20
   12  -12    0   7.849076005  -7.849076005   0.646162E-02   0.189978E-17
  -12  -12    0  -7.849076005  -7.849076005   0.646162E-02  -0.713353E-17
   12   12    0   7.849076005   7.849076005   0.646162E-02   0.713353E-17
  -12   12    0  -7.849076005   7.849076005   0.646162E-02  -0.189978E-17
   -1  -17    0  -0.654089667 -11.119524341  -0.519818E-04  -0.283285E-17
   17    1    0  11.119524341   0.654089667  -0.361521E-02   0.672243E-17
    1   17    0   0.654089667  11.119524341  -0.519818E-04   0.283285E-17
   17   -1    0  11.119524341  -0.654089667  -0.361521E-02  -0.121704E-17
    1  -17    0   0.654089667 -11.119524341  -0.519818E-04   0.199253E-17
  -17   -1    0 -11.119524341  -0.654089667  -0.361521E-02  -0.672243E-17
   -1   17    0  -0.654089667  11.119524341  -0.519818E-04  -0.199253E-17
  -17    1    0 -11.119524341   0.654089667  -0.361521E-02   0.121704E-17
  -11   13    0  -7.194986338   8.503165672  -0.376946E-02   0.161351E-17
  -13  -11    0  -8.503165672  -7.194986338   0.118579E-02   0.143506E-17
   11   13    0   7.194986338   8.503165672  -0.376946E-02   0.120999E-17
   13   11    0   8.503165672   7.194986338   0.118579E-02  -0.143506E-17
   11  -13    0   7.194986338  -8.503165672  -0.376946E-02  -0.161351E-17
   13  -11    0   8.503165672  -7.194986338   0.118579E-02  -0.264010E-17
  -11  -13    0  -7.194986338  -8.503165672  -0.376946E-02  -0.120999E-17
  -13   11    0  -8.503165672   7.194986338   0.118579E-02   0.264010E-17
   -6  -16    0  -3.924538003 -10.465434674  -0.784951E-03   0.517529E-17
  -16    6    0 -10.465434674   3.924538003   0.625042E-03   0.911569E-17
   16    6    0  10.465434674   3.924538003   0.625042E-03  -0.110710E-16
    6   16    0   3.924538003  10.465434674  -0.784951E-03  -0.517529E-17
    6  -16    0   3.924538003 -10.465434674  -0.784951E-03   0.226658E-17
   -6   16    0  -3.924538003  10.465434674  -0.784951E-03  -0.226658E-17
  -16   -6    0 -10.465434674  -3.924538003   0.625042E-03   0.110710E-16
   16   -6    0  10.465434674  -3.924538003   0.625042E-03  -0.911569E-17
   10   14    0   6.540896671   9.157255339   0.198799E-02  -0.629706E-17
  -10   14    0  -6.540896671   9.157255339   0.198799E-02   0.221247E-17
   10  -14    0   6.540896671  -9.157255339   0.198799E-02  -0.221247E-17
   14   10    0   9.157255339   6.540896671   0.180199E-02   0.115989E-16
  -14   10    0  -9.157255339   6.540896671   0.180199E-02  -0.526027E-17
  -14  -10    0  -9.157255339  -6.540896671   0.180199E-02  -0.115989E-16
   14  -10    0   9.157255339  -6.540896671   0.180199E-02   0.526027E-17
  -10  -14    0  -6.540896671  -9.157255339   0.198799E-02   0.629706E-17
  -17   -3    0 -11.119524341  -1.962269001   0.300291E-02  -0.180962E-19
   17    3    0  11.119524341   1.962269001   0.300291E-02   0.180962E-19
  -17    3    0 -11.119524341   1.962269001   0.300291E-02  -0.333796E-17
   -3  -17    0  -1.962269001 -11.119524341   0.654143E-03  -0.211874E-17
    3  -17    0   1.962269001 -11.119524341   0.654143E-03  -0.202015E-17
    3   17    0   1.962269001  11.119524341   0.654143E-03   0.211874E-17
   -3   17    0  -1.962269001  11.119524341   0.654143E-03   0.202015E-17
   17   -3    0  11.119524341  -1.962269001   0.300291E-02   0.333796E-17
  -15   -9    0  -9.811345006  -5.886807004  -0.216803E-03   0.329270E-17
   15   -9    0   9.811345006  -5.886807004  -0.216803E-03   0.207683E-18
   -9   15    0  -5.886807004   9.811345006  -0.147822E-02  -0.747121E-18
    9  -15    0   5.886807004  -9.811345006  -0.147822E-02   0.747121E-18
    9   15    0   5.886807004   9.811345006  -0.147822E-02  -0.146752E-17
  -15    9    0  -9.811345006   5.886807004  -0.216803E-03  -0.207683E-18
   15    9    0   9.811345006   5.886807004  -0.216803E-03  -0.329270E-17
   -9  -15    0  -5.886807004  -9.811345006  -0.147822E-02   0.146752E-17
    5  -17    0   3.270448335 -11.119524341  -0.215381E-03   0.548919E-18
  -17    5    0 -11.119524341   3.270448335  -0.228098E-02  -0.345235E-17
  -17   -5    0 -11.119524341  -3.270448335  -0.228098E-02   0.295606E-18
    5   17    0   3.270448335  11.119524341  -0.215381E-03  -0.525999E-18
   17    5    0  11.119524341   3.270448335  -0.228098E-02  -0.295606E-18
   17   -5    0  11.119524341  -3.270448335  -0.228098E-02   0.345235E-17
   -5  -17    0  -3.270448335 -11.119524341  -0.215381E-03   0.525999E-18
   -5   17    0  -3.270448335  11.119524341  -0.215381E-03  -0.548919E-18
   -8   16    0  -5.232717337  10.465434674   0.429202E-03  -0.476881E-17
  -16   -8    0 -10.465434674  -5.232717337   0.165101E-02  -0.583448E-17
    8   16    0   5.232717337  10.465434674   0.429202E-03   0.109167E-16
    8  -16    0   5.232717337 -10.465434674   0.429202E-03   0.476881E-17
   -8  -16    0  -5.232717337 -10.465434674   0.429202E-03  -0.109167E-16
   16   -8    0  10.465434674  -5.232717337   0.165101E-02   0.263742E-17
   16    8    0  10.465434674   5.232717337   0.165101E-02   0.583448E-17
  -16    8    0 -10.465434674   5.232717337   0.165101E-02  -0.263742E-17
  -18    0    0 -11.773614008   0.000000000   0.667455E-02  -0.137394E-16
   18    0    0  11.773614008  -0.000000000   0.667455E-02   0.137394E-16
    0   18    0  -0.000000000  11.773614008   0.667455E-02   0.119234E-16
    0  -18    0   0.000000000 -11.773614008   0.667455E-02  -0.119234E-16
   -2  -18    0  -1.308179334 -11.773614008   0.174172E-02  -0.428132E-17
    2   18    0   1.308179334  11.773614008   0.174172E-02   0.428132E-17
    2  -18    0   1.308179334 -11.773614008   0.174172E-02  -0.188209E-17
  -18   -2    0 -11.773614008  -1.308179334   0.188305E-02  -0.882142E-17
   18   -2    0  11.773614008  -1.308179334   0.188305E-02   0.395563E-17
   18    2    0  11.773614008   1.308179334   0.188305E-02   0.882142E-17
  -18    2    0 -11.773614008   1.308179334   0.188305E-02  -0.395563E-17
   -2   18    0  -1.308179334  11.773614008   0.174172E-02   0.188209E-17
    7  -17    0   4.578627670 -11.119524341   0.727539E-03  -0.111833E-17
  -17   -7    0 -11.119524341  -4.578627670  -0.349957E-02  -0.506374E-17
    7   17    0   4.578627670  11.119524341   0.727539E-03   0.521282E-17
   -7  -17    0  -4.578627670 -11.119524341   0.727539E-03  -0.521282E-17
   -7   17    0  -4.578627670  11.119524341   0.727539E-03   0.111833E-17
   17   -7    0  11.119524341  -4.578627670  -0.349957E-02   0.208062E-17
  -17    7    0 -11.119524341   4.578627670  -0.349957E-02  -0.208062E-17
   17    7    0  11.119524341   4.578627670  -0.349957E-02   0.506374E-17
   13  -13    0   8.503165672  -8.503165672  -0.360273E-03   0.936556E-17
   13   13    0   8.503165672   8.503165672  -0.360273E-03   0.643730E-17
  -13  -13    0  -8.503165672  -8.503165672  -0.360273E-03  -0.643730E-17
  -13   13    0  -8.503165672   8.503165672  -0.360273E-03  -0.936556E-17
    4   18    0   2.616358668  11.773614008   0.653118E-03   0.410797E-17
   14  -12    0   9.157255339  -7.849076005   0.466646E-02  -0.162147E-17
   12   14    0   7.849076005   9.157255339   0.410282E-02  -0.342791E-17
   18   -4    0  11.773614008  -2.616358668  -0.287950E-03  -0.137376E-17
   -4   18    0  -2.616358668  11.773614008   0.653118E-03   0.234797E-17
   14   12    0   9.157255339   7.849076005   0.466646E-02   0.808996E-17
  -14   12    0  -9.157255339   7.849076005   0.466646E-02   0.162147E-17
  -12   14    0  -7.849076005   9.157255339   0.410282E-02   0.396411E-17
  -12  -14    0  -7.849076005  -9.157255339   0.410282E-02   0.342791E-17
   -4  -18    0  -2.616358668 -11.773614008   0.653118E-03  -0.410797E-17
   18    4    0  11.773614008   2.616358668  -0.287950E-03  -0.306416E-17
   12  -14    0   7.849076005  -9.157255339   0.410282E-02  -0.396411E-17
  -18   -4    0 -11.773614008  -2.616358668  -0.287950E-03   0.306416E-17
  -14  -12    0  -9.157255339  -7.849076005   0.466646E-02  -0.808996E-17
    4  -18    0   2.616358668 -11.773614008   0.653118E-03  -0.234797E-17
  -18    4    0 -11.773614008   2.616358668  -0.287950E-03   0.137376E-17
   15  -11    0   9.811345006  -7.194986338  -0.233368E-02  -0.303624E-17
   11  -15    0   7.194986338  -9.811345006   0.166077E-03  -0.555849E-17
   15   11    0   9.811345006   7.194986338  -0.233368E-02  -0.608670E-17
  -15  -11    0  -9.811345006  -7.194986338  -0.233368E-02   0.608670E-17
  -15   11    0  -9.811345006   7.194986338  -0.233368E-02   0.303624E-17
  -11   15    0  -7.194986338   9.811345006   0.166077E-03   0.555849E-17
  -11  -15    0  -7.194986338  -9.811345006   0.166077E-03  -0.581141E-18
   11   15    0   7.194986338   9.811345006   0.166077E-03   0.581141E-18
   16  -10    0  10.465434674  -6.540896671  -0.143629E-02   0.403860E-17
   10  -16    0   6.540896671 -10.465434674   0.302053E-03   0.210387E-17
  -10   16    0  -6.540896671  10.465434674   0.302053E-03  -0.210387E-17
  -10  -16    0  -6.540896671 -10.465434674   0.302053E-03  -0.597687E-17
   16   10    0  10.465434674   6.540896671  -0.143629E-02   0.673581E-17
   10   16    0   6.540896671  10.465434674   0.302053E-03   0.597687E-17
  -16  -10    0 -10.465434674  -6.540896671  -0.143629E-02  -0.673581E-17
  -16   10    0 -10.465434674   6.540896671  -0.143629E-02  -0.403860E-17
  -18   -6    0 -11.773614008  -3.924538003   0.650232E-02  -0.202465E-16
    6   18    0   3.924538003  11.773614008   0.602520E-02   0.621215E-17
   18   -6    0  11.773614008  -3.924538003   0.650232E-02   0.155678E-16
   -6   18    0  -3.924538003  11.773614008   0.602520E-02   0.181487E-16
   18    6    0  11.773614008   3.924538003   0.650232E-02   0.202465E-16
   -6  -18    0  -3.924538003 -11.773614008   0.602520E-02  -0.621215E-17
  -18    6    0 -11.773614008   3.924538003   0.650232E-02  -0.155678E-16
    6  -18    0   3.924538003 -11.773614008   0.602520E-02  -0.181487E-16
    1  -19    0   0.654089667 -12.427703675  -0.127633E-02   0.522725E-17
  -19   -1    0 -12.427703675  -0.654089667  -0.201494E-03  -0.502587E-17
   19    1    0  12.427703675   0.654089667  -0.201494E-03   0.502587E-17
    1   19    0   0.654089667  12.427703675  -0.127633E-02  -0.884323E-17
   19   -1    0  12.427703675  -0.654089667  -0.201494E-03   0.179115E-17
  -19    1    0 -12.427703675   0.654089667  -0.201494E-03  -0.179115E-17
   -1  -19    0  -0.654089667 -12.427703675  -0.127633E-02   0.884323E-17
   -1   19    0  -0.654089667  12.427703675  -0.127633E-02  -0.522725E-17
    9  -17    0   5.886807004 -11.119524341  -0.727874E-03  -0.767012E-17
   -9   17    0  -5.886807004  11.119524341  -0.727874E-03   0.767012E-17
  -17   -9    0 -11.119524341  -5.886807004   0.111646E-02  -0.106701E-17
    3   19    0   1.962269001  12.427703675  -0.633730E-02  -0.441976E-17
  -19    3    0 -12.427703675   1.962269001   0.479735E-03   0.172480E-16
  -17    9    0 -11.119524341   5.886807004   0.111646E-02   0.900677E-18
   -9  -17    0  -5.886807004 -11.119524341  -0.727874E-03   0.631912E-17
   17    9    0  11.119524341   5.886807004   0.111646E-02   0.106701E-17
   19    3    0  12.427703675   1.962269001   0.479735E-03  -0.230647E-16
    9   17    0   5.886807004  11.119524341  -0.727874E-03  -0.631912E-17
   19   -3    0  12.427703675  -1.962269001   0.479735E-03  -0.172480E-16
  -19   -3    0 -12.427703675  -1.962269001   0.479735E-03   0.230647E-16
    3  -19    0   1.962269001 -12.427703675  -0.633730E-02   0.200753E-16
   17   -9    0  11.119524341  -5.886807004   0.111646E-02  -0.900677E-18
   -3   19    0  -1.962269001  12.427703675  -0.633730E-02  -0.200753E-16
   -3  -19    0  -1.962269001 -12.427703675  -0.633730E-02   0.441976E-17
    5   19    0   3.270448335  12.427703675  -0.255515E-02  -0.455090E-17
   19   -5    0  12.427703675  -3.270448335   0.759525E-03   0.202540E-17
   19    5    0  12.427703675   3.270448335   0.759525E-03   0.108695E-17
   -5  -19    0  -3.270448335 -12.427703675  -0.255515E-02   0.455090E-17
  -19   -5    0 -12.427703675  -3.270448335   0.759525E-03  -0.108695E-17
  -19    5    0 -12.427703675   3.270448335   0.759525E-03  -0.202540E-17
   -5   19    0  -3.270448335  12.427703675  -0.255515E-02  -0.748945E-17
    5  -19    0   3.270448335 -12.427703675  -0.255515E-02   0.748945E-17
   -8  -18    0  -5.232717337 -11.773614008   0.199066E-02  -0.120296E-17
  -18    8    0 -11.773614008   5.232717337   0.222359E-02  -0.497193E-17
   18    8    0  11.773614008   5.232717337   0.222359E-02   0.776238E-17
    8  -18    0   5.232717337 -11.773614008   0.199066E-02  -0.514142E-17
  -18   -8    0 -11.773614008  -5.232717337   0.222359E-02  -0.776238E-17
   18   -8    0  11.773614008  -5.232717337   0.222359E-02   0.497193E-17
    8   18    0   5.232717337  11.773614008   0.199066E-02   0.120296E-17
   -8   18    0  -5.232717337  11.773614008   0.199066E-02   0.514142E-17
  -14   14    0  -9.157255339   9.157255339   0.493893E-02   0.116857E-17
  -14  -14    0  -9.157255339  -9.157255339   0.493893E-02   0.880570E-17
   14  -14    0   9.157255339  -9.157255339   0.493893E-02  -0.116857E-17
   14   14    0   9.157255339   9.157255339   0.493893E-02  -0.880570E-17
   15   13    0   9.811345006   8.503165672  -0.602742E-02  -0.229448E-16
  -13  -15    0  -8.503165672  -9.811345006   0.812362E-03   0.225611E-17
  -13   15    0  -8.503165672   9.811345006   0.812362E-03   0.779796E-17
  -15   13    0  -9.811345006   8.503165672  -0.602742E-02  -0.516206E-17
   13   15    0   8.503165672   9.811345006   0.812362E-03  -0.225611E-17
   13  -15    0   8.503165672  -9.811345006   0.812362E-03  -0.779796E-17
  -15  -13    0  -9.811345006  -8.503165672  -0.602742E-02   0.229448E-16
   15  -13    0   9.811345006  -8.503165672  -0.602742E-02   0.516206E-17
    0  -20    0   0.000000000 -13.081793342   0.733123E-02  -0.154756E-16
    0   20    0  -0.000000000  13.081793342   0.733123E-02   0.154756E-16
   20    0    0  13.081793342  -0.000000000   0.733123E-02   0.216691E-16
  -20    0    0 -13.081793342   0.000000000   0.733123E-02  -0.216691E-16
   12   16    0   7.849076005  10.465434674  -0.616147E-03   0.402670E-17
  -12  -16    0  -7.849076005 -10.465434674  -0.616147E-03  -0.402670E-17
  -16  -12    0 -10.465434674  -7.849076005   0.133899E-02  -0.292977E-18
  -12   16    0  -7.849076005  10.465434674  -0.616147E-03  -0.371027E-17
   16  -12    0  10.465434674  -7.849076005   0.133899E-02  -0.350362E-17
   12  -16    0   7.849076005 -10.465434674  -0.616147E-03   0.371027E-17
  -16   12    0 -10.465434674   7.849076005   0.133899E-02   0.350362E-17
   16   12    0  10.465434674   7.849076005   0.133899E-02   0.292977E-18
    2  -20    0   1.308179334 -13.081793342   0.128444E-02  -0.165191E-17
   20    2    0  13.081793342   1.308179334   0.105213E-02  -0.145843E-17
  -20    2    0 -13.081793342   1.308179334   0.105213E-02  -0.844173E-17
   20   -2    0  13.081793342  -1.308179334   0.105213E-02   0.844173E-17
  -20   -2    0 -13.081793342  -1.308179334   0.105213E-02   0.145843E-17
   -2   20    0  -1.308179334  13.081793342   0.128444E-02   0.165191E-17
    2   20    0   1.308179334  13.081793342   0.128444E-02   0.165071E-17
   -2  -20    0  -1.308179334 -13.081793342   0.128444E-02  -0.165071E-17
    7   19    0   4.578627670  12.427703675   0.383484E-03   0.780709E-17
   17   11    0  11.119524341   7.194986338  -0.215753E-03  -0.301381E-17
  -17   11    0 -11.119524341   7.194986338  -0.215753E-03  -0.412311E-17
  -11   17    0  -7.194986338  11.119524341   0.638524E-03   0.427715E-17
  -11  -17    0  -7.194986338 -11.119524341   0.638524E-03   0.343394E-17
  -17  -11    0 -11.119524341  -7.194986338  -0.215753E-03   0.301381E-17
  -19   -7    0 -12.427703675  -4.578627670  -0.105294E-02   0.736686E-18
   -7  -19    0  -4.578627670 -12.427703675   0.383484E-03  -0.780709E-17
    7  -19    0   4.578627670 -12.427703675   0.383484E-03   0.134048E-17
   -7   19    0  -4.578627670  12.427703675   0.383484E-03  -0.134048E-17
   11  -17    0   7.194986338 -11.119524341   0.638524E-03  -0.427715E-17
  -19    7    0 -12.427703675   4.578627670  -0.105294E-02  -0.148634E-17
   19    7    0  12.427703675   4.578627670  -0.105294E-02  -0.736686E-18
   11   17    0   7.194986338  11.119524341   0.638524E-03  -0.343394E-17
   17  -11    0  11.119524341  -7.194986338  -0.215753E-03   0.412311E-17
   19   -7    0  12.427703675  -4.578627670  -0.105294E-02   0.148634E-17
   20   -4    0  13.081793342  -2.616358668   0.140613E-02   0.875981E-17
    4  -20    0   2.616358668 -13.081793342   0.182957E-02  -0.163796E-17
   -4   20    0  -2.616358668  13.081793342   0.182957E-02   0.163796E-17
   -4  -20    0  -2.616358668 -13.081793342   0.182957E-02  -0.452196E-17
    4   20    0   2.616358668  13.081793342   0.182957E-02   0.452196E-17
   20    4    0  13.081793342   2.616358668   0.140613E-02   0.910271E-17
  -20    4    0 -13.081793342   2.616358668   0.140613E-02  -0.875981E-17
  -20   -4    0 -13.081793342  -2.616358668   0.140613E-02  -0.910271E-17
  -10   18    0  -6.540896671  11.773614008   0.112308E-02   0.198960E-17
   10  -18    0   6.540896671 -11.773614008   0.112308E-02  -0.198960E-17
   10   18    0   6.540896671  11.773614008   0.112308E-02  -0.446245E-17
  -18  -10    0 -11.773614008  -6.540896671   0.460292E-04   0.158787E-17
   18   10    0  11.773614008   6.540896671   0.460292E-04  -0.158787E-17
  -10  -18    0  -6.540896671 -11.773614008   0.112308E-02   0.446245E-17
   18  -10    0  11.773614008  -6.540896671   0.460292E-04   0.775438E-17
  -18   10    0 -11.773614008   6.540896671   0.460292E-04  -0.775438E-17
  -20    6    0 -13.081793342   3.924538003   0.525177E-02  -0.939614E-17
   -6  -20    0  -3.924538003 -13.081793342   0.521372E-02  -0.685665E-17
    6  -20    0   3.924538003 -13.081793342   0.521372E-02  -0.195037E-16
    6   20    0   3.924538003  13.081793342   0.521372E-02   0.685665E-17
   20   -6    0  13.081793342  -3.924538003   0.525177E-02   0.939614E-17
   20    6    0  13.081793342   3.924538003   0.525177E-02   0.104210E-16
  -20   -6    0 -13.081793342  -3.924538003   0.525177E-02  -0.104210E-16
   -6   20    0  -3.924538003  13.081793342   0.521372E-02   0.195037E-16
   19   -9    0  12.427703675  -5.886807004   0.702068E-03  -0.119235E-16
   19    9    0  12.427703675   5.886807004   0.702068E-03   0.211861E-17
    9   19    0   5.886807004  12.427703675  -0.607186E-02  -0.120269E-16
  -19   -9    0 -12.427703675  -5.886807004   0.702068E-03  -0.211861E-17
    9  -19    0   5.886807004 -12.427703675  -0.607186E-02   0.147955E-16
   -9   19    0  -5.886807004  12.427703675  -0.607186E-02  -0.147955E-16
  -19    9    0 -12.427703675   5.886807004   0.702068E-03   0.119235E-16
   -9  -19    0  -5.886807004 -12.427703675  -0.607186E-02   0.120269E-16
   15  -15    0   9.811345006  -9.811345006  -0.106465E-02  -0.130966E-17
   15   15    0   9.811345006   9.811345006  -0.106465E-02  -0.116545E-16
  -15   15    0  -9.811345006   9.811345006  -0.106465E-02   0.130966E-17
  -15  -15    0  -9.811345006  -9.811345006  -0.106465E-02   0.116545E-16
   16  -14    0  10.465434674  -9.157255339   0.757309E-05  -0.303023E-17
   14   16    0   9.157255339  10.465434674   0.194847E-03   0.638853E-17
  -14  -16    0  -9.157255339 -10.465434674   0.194847E-03  -0.638853E-17
  -16  -14    0 -10.465434674  -9.157255339   0.757309E-05  -0.127264E-18
   14  -16    0   9.157255339 -10.465434674   0.194847E-03   0.972759E-17
  -16   14    0 -10.465434674   9.157255339   0.757309E-05   0.303023E-17
  -14   16    0  -9.157255339  10.465434674   0.194847E-03  -0.972759E-17
   16   14    0  10.465434674   9.157255339   0.757309E-05   0.127264E-18
  -13   17    0  -8.503165672  11.119524341   0.456917E-03   0.808478E-17
   13  -17    0   8.503165672 -11.119524341   0.456917E-03  -0.808478E-17
   17   13    0  11.119524341   8.503165672  -0.317065E-02  -0.126240E-16
   13   17    0   8.503165672  11.119524341   0.456917E-03  -0.552249E-17
  -13  -17    0  -8.503165672 -11.119524341   0.456917E-03   0.552249E-17
   17  -13    0  11.119524341  -8.503165672  -0.317065E-02   0.847781E-17
  -17  -13    0 -11.119524341  -8.503165672  -0.317065E-02   0.126240E-16
  -17   13    0 -11.119524341   8.503165672  -0.317065E-02  -0.847781E-17
   -8   20    0  -5.232717337  13.081793342   0.308397E-02   0.892529E-17
    8  -20    0   5.232717337 -13.081793342   0.308397E-02  -0.892529E-17
   -8  -20    0  -5.232717337 -13.081793342   0.308397E-02  -0.429548E-17
    8   20    0   5.232717337  13.081793342   0.308397E-02   0.429548E-17
  -20    8    0 -13.081793342   5.232717337   0.296924E-02  -0.157057E-16
  -20   -8    0 -13.081793342  -5.232717337   0.296924E-02  -0.971649E-17
   20   -8    0  13.081793342  -5.232717337   0.296924E-02   0.157057E-16
   20    8    0  13.081793342   5.232717337   0.296924E-02   0.971649E-17
   18   12    0  11.773614008   7.849076005   0.367253E-02   0.821398E-17
  -18   12    0 -11.773614008   7.849076005   0.367253E-02  -0.473235E-17
  -18  -12    0 -11.773614008  -7.849076005   0.367253E-02  -0.821398E-17
  -12  -18    0  -7.849076005 -11.773614008   0.302058E-02  -0.248127E-17
   18  -12    0  11.773614008  -7.849076005   0.367253E-02   0.473235E-17
   12  -18    0   7.849076005 -11.773614008   0.302058E-02  -0.473502E-17
  -12   18    0  -7.849076005  11.773614008   0.302058E-02   0.473502E-17
   12   18    0   7.849076005  11.773614008   0.302058E-02   0.248127E-17
  -19   11    0 -12.427703675   7.194986338   0.444050E-03   0.509743E-17
   11   19    0   7.194986338  12.427703675  -0.248630E-02  -0.244261E-17
  -11   19    0  -7.194986338  12.427703675  -0.248630E-02  -0.748256E-17
   19  -11    0  12.427703675  -7.194986338   0.444050E-03  -0.509743E-17
   11  -19    0   7.194986338 -12.427703675  -0.248630E-02   0.748256E-17
   19   11    0  12.427703675   7.194986338   0.444050E-03  -0.206313E-17
  -11  -19    0  -7.194986338 -12.427703675  -0.248630E-02   0.244261E-17
  -19  -11    0 -12.427703675  -7.194986338   0.444050E-03   0.206313E-17
  -20  -10    0 -13.081793342  -6.540896671   0.242941E-03   0.198095E-17
   10  -20    0   6.540896671 -13.081793342   0.671127E-03  -0.997374E-17
  -10   20    0  -6.540896671  13.081793342   0.671127E-03   0.997374E-17
  -20   10    0 -13.081793342   6.540896671   0.242941E-03  -0.124926E-17
   20   10    0  13.081793342   6.540896671   0.242941E-03  -0.198095E-17
   20  -10    0  13.081793342  -6.540896671   0.242941E-03   0.124926E-17
   10   20    0   6.540896671  13.081793342   0.671127E-03  -0.449975E-17
  -10  -20    0  -6.540896671 -13.081793342   0.671127E-03   0.449975E-17
   16   16    0  10.465434674  10.465434674   0.503642E-03   0.394521E-17
  -16   16    0 -10.465434674  10.465434674   0.503642E-03  -0.113571E-16
   16  -16    0  10.465434674 -10.465434674   0.503642E-03   0.113571E-16
  -16  -16    0 -10.465434674 -10.465434674   0.503642E-03  -0.394521E-17
   17   15    0  11.119524341   9.811345006   0.808358E-04  -0.337321E-17
  -17  -15    0 -11.119524341  -9.811345006   0.808358E-04   0.337321E-17
   15  -17    0   9.811345006 -11.119524341  -0.812772E-03  -0.619711E-17
  -15   17    0  -9.811345006  11.119524341  -0.812772E-03   0.619711E-17
  -17   15    0 -11.119524341   9.811345006   0.808358E-04   0.384654E-17
   15   17    0   9.811345006  11.119524341  -0.812772E-03  -0.359453E-18
  -15  -17    0  -9.811345006 -11.119524341  -0.812772E-03   0.359453E-18
   17  -15    0  11.119524341  -9.811345006   0.808358E-04  -0.384654E-17
   18   14    0  11.773614008   9.157255339   0.334304E-02   0.209192E-16
   14   18    0   9.157255339  11.773614008   0.349527E-02   0.649254E-17
  -18  -14    0 -11.773614008  -9.157255339   0.334304E-02  -0.209192E-16
  -18   14    0 -11.773614008   9.157255339   0.334304E-02  -0.364225E-17
  -14   18    0  -9.157255339  11.773614008   0.349527E-02   0.952850E-17
   14  -18    0   9.157255339 -11.773614008   0.349527E-02  -0.952850E-17
   18  -14    0  11.773614008  -9.157255339   0.334304E-02   0.364225E-17
  -14  -18    0  -9.157255339 -11.773614008   0.349527E-02  -0.649254E-17
  -19   13    0 -12.427703675   8.503165672  -0.411010E-03  -0.821285E-17
   19   13    0  12.427703675   8.503165672  -0.411010E-03   0.746824E-17
   13  -19    0   8.503165672 -12.427703675   0.610077E-03   0.518112E-17
  -19  -13    0 -12.427703675  -8.503165672  -0.411010E-03  -0.746824E-17
   13   19    0   8.503165672  12.427703675   0.610077E-03   0.128960E-16
   19  -13    0  12.427703675  -8.503165672  -0.411010E-03   0.821285E-17
  -13  -19    0  -8.503165672 -12.427703675   0.610077E-03  -0.128960E-16
  -13   19    0  -8.503165672  12.427703675   0.610077E-03  -0.518112E-17
  -20   12    0 -13.081793342   7.849076005   0.393757E-02  -0.795437E-17
   20   12    0  13.081793342   7.849076005   0.393757E-02   0.129052E-16
  -20  -12    0 -13.081793342  -7.849076005   0.393757E-02  -0.129052E-16
   20  -12    0  13.081793342  -7.849076005   0.393757E-02   0.795437E-17
  -12   20    0  -7.849076005  13.081793342   0.391499E-02  -0.912620E-17
   12  -20    0   7.849076005 -13.081793342   0.391499E-02   0.912620E-17
   12   20    0   7.849076005  13.081793342   0.391499E-02   0.600014E-17
  -12  -20    0  -7.849076005 -13.081793342   0.391499E-02  -0.600014E-17
   17   17    0  11.119524341  11.119524341   0.573420E-03  -0.592548E-17
  -17  -17    0 -11.119524341 -11.119524341   0.573420E-03   0.592548E-17
  -17   17    0 -11.119524341  11.119524341   0.573420E-03  -0.201606E-18
   17  -17    0  11.119524341 -11.119524341   0.573420E-03   0.201606E-18
  -18  -16    0 -11.773614008 -10.465434674  -0.613964E-03  -0.314305E-17
   18   16    0  11.773614008  10.465434674  -0.613964E-03   0.314305E-17
   16   18    0  10.465434674  11.773614008  -0.289924E-03  -0.502912E-17
  -16  -18    0 -10.465434674 -11.773614008  -0.289924E-03   0.502912E-17
  -18   16    0 -11.773614008  10.465434674  -0.613964E-03  -0.638235E-17
   18  -16    0  11.773614008 -10.465434674  -0.613964E-03   0.638235E-17
   16  -18    0  10.465434674 -11.773614008  -0.289924E-03  -0.302601E-17
  -16   18    0 -10.465434674  11.773614008  -0.289924E-03   0.302601E-17
  -15  -19    0  -9.811345006 -12.427703675  -0.437656E-02   0.536866E-17
   19   15    0  12.427703675   9.811345006   0.223557E-03  -0.315960E-17
   15   19    0   9.811345006  12.427703675  -0.437656E-02  -0.536866E-17
   15  -19    0   9.811345006 -12.427703675  -0.437656E-02  -0.105301E-16
  -15   19    0  -9.811345006  12.427703675  -0.437656E-02   0.105301E-16
  -19   15    0 -12.427703675   9.811345006   0.223557E-03   0.805755E-17
  -19  -15    0 -12.427703675  -9.811345006   0.223557E-03   0.315960E-17
   19  -15    0  12.427703675  -9.811345006   0.223557E-03  -0.805755E-17
  -14  -20    0  -9.157255339 -13.081793342   0.312399E-02   0.218661E-17
   20  -14    0  13.081793342  -9.157255339   0.304823E-02   0.428085E-17
  -20  -14    0 -13.081793342  -9.157255339   0.304823E-02  -0.116872E-16
  -14   20    0  -9.157255339  13.081793342   0.312399E-02  -0.917602E-17
   14   20    0   9.157255339  13.081793342   0.312399E-02  -0.218661E-17
   14  -20    0   9.157255339 -13.081793342   0.312399E-02   0.917602E-17
  -20   14    0 -13.081793342   9.157255339   0.304823E-02  -0.428085E-17
   20   14    0  13.081793342   9.157255339   0.304823E-02   0.116872E-16
  -18  -18    0 -11.773614008 -11.773614008   0.277269E-02  -0.292549E-17
   18   18    0  11.773614008  11.773614008   0.277269E-02   0.292549E-17
   18  -18    0  11.773614008 -11.773614008   0.277269E-02   0.189659E-16
  -18   18    0 -11.773614008  11.773614008   0.277269E-02  -0.189659E-16
  -19  -17    0 -12.427703675 -11.119524341   0.119306E-03   0.632287E-17
   19  -17    0  12.427703675 -11.119524341   0.119306E-03  -0.956679E-17
   19   17    0  12.427703675  11.119524341   0.119306E-03  -0.632287E-17
  -19   17    0 -12.427703675  11.119524341   0.119306E-03   0.956679E-17
  -17   19    0 -11.119524341  12.427703675  -0.259406E-02   0.161650E-17
   17   19    0  11.119524341  12.427703675  -0.259406E-02   0.691794E-17
   17  -19    0  11.119524341 -12.427703675  -0.259406E-02  -0.161650E-17
  -17  -19    0 -11.119524341 -12.427703675  -0.259406E-02  -0.691794E-17
   20   16    0  13.081793342  10.465434674   0.309083E-03   0.456652E-17
  -20  -16    0 -13.081793342 -10.465434674   0.309083E-03  -0.456652E-17
  -16   20    0 -10.465434674  13.081793342   0.581011E-03   0.197399E-17
   16  -20    0  10.465434674 -13.081793342   0.581011E-03  -0.197399E-17
  -20   16    0 -13.081793342  10.465434674   0.309083E-03  -0.759578E-17
   20  -16    0  13.081793342 -10.465434674   0.309083E-03   0.759578E-17
  -16  -20    0 -10.465434674 -13.081793342   0.581011E-03   0.538103E-17
   16   20    0  10.465434674  13.081793342   0.581011E-03  -0.538103E-17
  -19   19    0 -12.427703675  12.427703675   0.280015E-03  -0.895752E-17
   19  -19    0  12.427703675 -12.427703675   0.280015E-03   0.895752E-17
   19   19    0  12.427703675  12.427703675   0.280015E-03   0.140301E-16
  -19  -19    0 -12.427703675 -12.427703675   0.280015E-03  -0.140301E-16
   20   18    0  13.081793342  11.773614008   0.233537E-02   0.533659E-17
  -20   18    0 -13.081793342  11.773614008   0.233537E-02  -0.563108E-17
  -18  -20    0 -11.773614008 -13.081793342   0.242724E-02  -0.830842E-17
   18   20    0  11.773614008  13.081793342   0.242724E-02   0.830842E-17
  -20  -18    0 -13.081793342 -11.773614008   0.233537E-02  -0.533659E-17
   20  -18    0  13.081793342 -11.773614008   0.233537E-02   0.563108E-17
  -18   20    0 -11.773614008  13.081793342   0.242724E-02  -0.497387E-17
   18  -20    0  11.773614008 -13.081793342   0.242724E-02   0.497387E-17
  -20   20    0 -13.081793342  13.081793342   0.309922E-02  -0.154815E-16
   20  -20    0  13.081793342 -13.081793342   0.309922E-02   0.154815E-16
  -20  -20    0 -13.081793342 -13.081793342   0.309922E-02  -0.670667E-17
   20   20    0  13.081793342  13.081793342   0.309922E-02   0.670667E-17
