171114
9023
153762
238491
187880
72206
169138
237410
421917
159234
251856
51390
23849
169862
9818
77090
58930
259343
190688
28836
25823
415767
171537
26724
28651
182921
74604
189343
55508
80873
71804
291116
150138
26309
190435
407957
65989
172837
173788
191122
39182
68267
418096
166654
240245
45666
153228
87233
97555
182891
73952
258133
21116
55707
183633
158373
247525
266258
153909
152263
416711
41004
291631
78815
24498
79196
75627
9233
158664
91397
188365
75628
173344
167731
31379
194753
73564
156409
155637
98963
11804
38074
187915
37303
415888
416357
71284
187323
27717
80874
39597
238047
107528
188793
241812
24541
168145
73310
187923
78859
62668
189891
109719
34201
56498
172793
83378
605381
87850
251136
100840
21355
91293
162176
261942
110315
24212
619367
90297
201369
82927
32550
152449
24951
412777
152348
413105
54546
2111
194765
280049
413491
169423
172097
237809
94610
249110
189628
83951
194138
254472
173336
170656
426372
248186
54818
107394
262680
163276
193633
251476
291001
188730
170304
41351
156530
9471
161349
59749
26619
59808
78400
290602
52544
152456
152237
236005
83948
153230
56365
153344
246966
425958
54868
413492
87216
409850
413390
74514
65147
78718
238615
172076
50839
158679
241819
257163
150137
173342
81208
172365
422259
48005
41936
83954
69823
55558
100549
248170
237065
33561
66242
93255
2449
76313
73567
86508
192364
251481
163485
257339
189538
256319
249081
63099
159645
94613
191125
51785
99719
24504
151733
203008
194642
191303
165285
43451
197861
75360
50846
57038
153933
73055
85702
40093
239227
39470
105432
89689
65968
55713
154153
29543
251478
24506
156579
90483
162178
95626
69588
109346
186819
110042
82405
91702
261586
73746
24620
260853
201363
633212
56815
150118
414559
158677
163274
190493
63607
100420
167622
53422
260921
39437
44707
14387
69163
88054
261137
188372
157643
193499
73929
23771
98402
433239
74676
50901
4532
91226
158223
261174
153719
44349
260924
50619
202962
248554
8399
430187
263103
98214
430604
260697
250843
59655
65800
192349
61752
56964
23458
158701
249910
93989
423442
193294
76038
237575
415064
14374
150184
84463
81453
157339
50292
243
33588
190491
97120
92492
53358
85443
150677
604
35136
162729
50271
89648
83461
154387
1341
153347
195404
71336
195397
193510
183820
27327
15732
192630
84662
159650
237929
153466
169611
91240
413824
181653
167250
191118
616448
640953
65500
158870
87214
189366
252677
195355
431008
161949
251137
257338
164545
94995
246903
44391
89907
237963
409501
91705
238625
191847
29242
258691
84585
200634
405958
428738
71633
75354
87207
84264
150470
187921
71632
93456
4118
64708
27302
1050
11803
97633
66353
52288
237558
439
185710
150915
16491
264729
34316
79605
759652
97079
35772
33502
153743
155712
252695
16640
87790
159802
156594
44907
5338
251939
89726
27998
196330
94518
253675
642250
78491
9864
639148
151826
158226
80228
180463
89941
95496
411218
153809
108392
159025
53330
83002
165667
248187
163931
69895
83337
431392
15336
86151
50273
167400
41426
182772
194515
97461
33503
16428
158063
87529
291280
186456
86356
202089
417683
200131
156368
158672
172368
248551
50909
404696
161004
85621
2009
237112
80419
14162
188158
15490
28179
27649
249999
425441
86510
411145
246729
84973
248183
77298
71939
81066
417425
418645
67992
432041
259350
250623
171890
409837
247520
158229
66262
167401
85624
252427
200532
60398
23713
66064
200307
170165
163797
42671
161002
87522
152468
24195
60542
189550
248482
257394
251139
413501
93725
248623
97125
189601
43718
257409
173325
156366
431390
78709
163732
250846
409530
198724
97097
186778
98288
252131
26588
253395
171836
260195
170149
152450
247050
50910
246448
93586
56132
27306
894
161421
168116
642370
189559
169426
40473
84813
59957
102038
261551
153732
258122
263032
55473
391475
67995
83944
55470
429734
259170
67358
262846
246498
72351
4691
78408
237324
77075
56802
166651
258905
180462
251562
84238
241810
290759
55663
174174
243404
238624
88053
161028
10255
158700
94598
86912
193634
59584
89302
98277
33729
67819
264191
170166
263106
80921
79918
83838
28644
163427
83939
408431
1302
245653
236264
94252
164349
90674
110312
195345
102352
100309
9923
7221
258145
72030
237947
151495
433233
153686
172372
239711
606927
186220
70060
159730
202126
170299
167265
72067
96631
173607
189572
86714
78496
196326
56340
80149
150208
90651
73796
249949
68709
279581
56434
247242
416680
391089
159600
67568
22100
1126
40967
426759
423608
75135
56552
20831
67895
184593
77584
35693
433457
247332
72033
180372
90484
168360
163275
195861
5279
257387
77356
14236
92900
290751
73789
191519
153231
32591
99963
78129
65866
86644
164441
82303
88264
202696
189618
190575
67970
412494
432042
240166
237115
70045
71896
71422
155281
79990
67096
55482
151780
89935
78730
198200
248236
94504
78312
237343
158744
86930
193892
80403
79412
51909
91465
170675
5598
88127
26963
157644
161669
5321
86170
97403
262625
84917
153245
71888
20203
185906
410097
257155
157628
87767
12962
413340
251658
55465
57512
261688
612316
88906
24187
63589
67404
249064
100619
62670
49648
68251
253265
245154
164481
2157
71258
250794
41937
248889
254166
86025
257335
78875
195758
192981
185713
158537
202656
413108
23346
415885
619730
162806
52034
636880
193507
202944
159017
27318
48147
241872
260027
90668
195198
6166
27237
63289
9566
24210
418849
27035
50297
67147
74856
30592
98813
79331
160151
87874
37305
414375
153348
201744
166709
185822
99459
55657
600562
75377
243417
57688
250806
195860
257161
93886
26311
155215
153970
251385
81945
4237
89443
25825
36600
51497
32037
9633
153071
159699
241657
9319
258936
426125
63427
161346
153752
263090
257233
241155
88314
290627
52043
193511
86673
97472
163282
92577
40509
27400
97078
10160
154161
184974
8750
168141
413700
82940
290117
254061
165062
2094
241418
193154
78120
20748
37440
97588
422389
247797
66854
26307
33981
106238
91286
72418
28153
180035
63606
251845
20215
237174
168749
159620
60682
27765
237416
249129
43058
4809
247529
79230
9605
56363
171531
189635
93626
80283
88072
53753
257712
81812
43724
428098
98776
260927
79385
66851
250912
258117
98894
169163
68537
247533
16462
153386
39227
59255
50226
182386
194736
426374
182387
39179
201447
162953
80388
192592
69664
94390
57036
88958
291944
616468
84759
183301
240477
47121
95899
86224
80521
51007
170261
201753
419226
14354
158056
90179
158159
56643
9988
62396
195856
186726
258843
255804
247047
426098
158568
421959
9635
98815
41204
171972
29540
249756
155173
247675
230316
165115
170912
153401
182371
93961
413809
173752
194757
280390
169155
171542
85614
103090
251383
63038
252325
87887
74607
15811
161644
190770
43519
191845
85400
171108
414557
74660
163423
196286
27945
158682
87217
169161
9145
189919
39685
174445
9626
253063
42987
37410
67450
153687
260920
257382
79785
166712
41865
93439
432270
100852
290939
27364
290129
248185
241489
239627
202467
426096
290133
183841
22215
628478
250401
415813
251473
427562
55471
173343
97943
27128
15800
84972
63462
170906
150093
100258
241491
80144
88142
36573
68252
75673
187908
70046
35479
41234
180404
290763
150973
65732
51496
80969
82420
15837
171543
421066
28260
616488
51404
44720
241000
188622
609762
4807
187926
100789
40993
414387
158715
155278
195518
110040
188639
246011
182909
201012
151559
159794
291
260999
73815
189896
40307
9227
72905
62667
90715
50502
85986
247033
78812
251859
198762
152396
246012
202942
91379
67405
230329
83949
259957
84812
55831
71687
88616
105173
257398
38140
41264
241807
36546
67349
86717
248230
74621
163416
61269
431382
258155
190433
230331
244143
94618
69432
193500
24221
10362
230508
417692
156376
247531
417685
238495
97480
92391
100569
237409
150976
94071
263033
188373
92042
241407
87236
90713
165231
291331
169165
109702
91876
90703
4533
73053
78115
95876
82606
172307
153242
90093
84452
159692
16
84175
192979
413099
237178
31724
28647
75375
419747
170949
26308
86040
20771
82409
163272
81496
433187
164765
34838
109477
192354
249320
10420
66129
236261
74995
109793
415950
257529
411219
50849
190145
637163
245494
190651
194762
172829
173333
202548
194770
180817
67356
72484
58385
600286
616511
16922
300277
90324
173731
158962
6011
66669
621651
251140
162197
163432
88546
165393
21938
74321
39652
240011
420477
167741
248563
418207
87229
73808
171534
629100
188549
152212
51688
191325
644866
245498
170153
97014
248888
243410
91241
201448
90666
263034
407752
257174
96940
247091
31868
98784
24206
79793
67055
417677
194802
78856
26477
97621
622
180119
238046
168888
41680
237422
195197
73403
248626
171823
261901
5671
1565
35152
185541
247051
24502
426095
66411
194764
189648
606424
90508
59907
98886
55834
60393
65666
74620
291288
25584
78072
636075
16569
192181
192361
257182
237749
89303
150241
154416
253318
85706
74997
248181
5599
180837
247001
169728
254060
8195
165816
238748
24200
236268
236348
98617
416912
78148
180819
259351
74320
24441
66552
30315
163413
68263
69111
181315
30704
196721
51301
156595
72027
759445
81412
153398
261926
202544
237175
43743
413129
201086
173971
189652
70055
259424
196115
230460
658980
90718
155387
5594
41193
33658
15172
605665
248893
98099
261043
195591
241414
417701
9936
24174
171168
158566
96103
183963
200972
77091
189555
190198
91821
104861
165773
71432
248975
92562
196132
173059
173620
246965
85290
107850
78862
15438
59440
156580
99631
241237
57658
159044
165168
261319
93904
31897
248049
94637
200862
81943
316
50495
158214
167905
173450
189795
158673
165813
23347
106482
194139
24485
97012
88649
627394
94635
34100
75156
290985
38153
91261
60926
29248
26467
105172
194975
30693
78117
261764
50905
159693
107946
28377
20721
156534
45821
262446
163145
75206
67622
20863
249070
67331
169753
194431
80147
241814
68291
96943
70064
411075
195595
163862
51488
192183
88520
246964
162732
71324
88545
9213
6270
192909
96639
415889
163909
251475
164449
432112
81499
191328
238112
413086
291332
66261
194379
190348
253268
160645
110083
428512
62358
423582
257798
420706
249077
237926
81366
416810
4194
71895
151528
24500
70062
201783
430576
433818
230101
8754
73233
187909
81868
6022
230352
158052
69678
107538
67103
51573
108977
182079
157639
50473
24536
39907
56547
14242
27497
202963
432905
87208
75355
54681
603924
53128
173976
416926
62084
76976
37052
98808
258135
198423
68764
73044
68635
290
164403
100267
88726
67286
81485
50174
2297
158691
157351
193151
13021
93324
89906
33925
86818
155443
27368
82304
241243
73956
244304
169699
198723
93323
93392
156983
95378
31093
164955
83269
9806
170303
422690
93318
49663
84376
607580
170160
251027
241413
65984
85410
185242
30093
430977
51659
84448
200476
66734
95623
78181
413503
249101
251028
27660
31369
188620
291333
78581
39596
66938
27997
80068
88544
158163
93907
40674
57670
90727
59959
415715
156493
400339
261547
23857
9078
154155
243409
75624
236974
100102
414385
195346
10009
290280
31112
33505
37306
431053
71515
186952
280554
61021
41776
98140
174177
91225
171113
158693
241816
29390
165774
71950
188936
58758
50800
35651
158695
41006
36256
163277
71285
239221
58713
100401
86712
91763
158180
188297
69112
150240
55491
249721
73277
156091
154348
70031
36453
81364
97618
428060
41402
97674
194638
194243
72269
56565
85953
162130
31602
161005
280825
78877
187917
262715
158161
188398
87752
250865
194514
40567
71213
38811
79928
88051
32053
184595
97141
427670
43990
41191
150242
230043
171535
158402
96855
42743
238494
5306
241423
202351
81109
14082
195241
32624
78860
69169
153969
201470
158688
32567
22282
23186
96945
79980
23684
100548
202948
416808
262062
74656
23529
75525
421173
24533
27838
291633
171585
188369
51208
201453
24537
59226
153125
73810
247523
38418
430975
92034
23115
55562
95035
62190
31537
628479
237805
86293
182922
78556
50305
191521
421272
74311
89964
188360
198070
78410
156384
72028
159289
429404
98807
60541
241162
291563
27818
159426
75631
100149
290124
150458
61224
186454
252619
72014
169752
41267
243724
407958
174043
92390
44812
4077
110309
173347
182773
97096
68955
191527
28465
251135
616354
193432
40566
230326
40766
94253
249063
94636
36002
9587
171830
109431
94997
161018
158487
606259
241408
423177
80414
257224
55561
58896
172283
30863
249079
26104
68426
243405
93984
174092
237420
89444
99489
97015
248277
201443
184318
168889
2043
71449
184976
257990
628947
429519
410090
187692
409578
168980
174322
94343
170687
174044
249048
174378
87871
247243
156617
90672
37404
74772
94601
161808
159799
71287
59891
50754
158567
163429
250640
153810
181655
58639
156593
180276
258921
162760
198005
39288
67215
246410
415887
75270
412046
82911
240917
23811
165814
87212
83458
99628
611670
237247
195239
35572
193308
58957
257396
41325
36135
53240
15457
65061
89346
248578
77370
33596
15638
169937
187879
87111
181864
166710
201210
253486
249099
68959
16044
188728
25707
169725
102072
154400
245326
68121
423444
41111
26310
73771
409735
230264
632494
91829
88327
84517
237418
241656
40070
50796
98775
182066
248603
63157
24202
100099
202941
89943
238001
187881
96730
261134
291327
68125
83481
202516
251651
189614
74629
39408
99300
94614
100195
245185
188834
155766
263768
62116
153421
52631
248169
414395
50699
72690
165369
240198
258137
77591
431052
421179
214
77586
6315
26797
55662
190650
40463
159014
72073
65983
65779
29249
61027
90325
421470
71322
415735
416807
73816
432569
106707
88736
288
251145
98459
78054
154915
251847
15749
27843
26759
413193
158312
163424
250863
82721
190490
74623
162406
51790
239712
51340
619232
81992
34094
259144
243406
172305
156495
94839
98888
33758
40030
49759
99964
166132
31250
79475
153731
642400
52615
60396
254072
250657
166711
4808
97514
162645
201037
246404
237111
41803
201475
53452
291160
154145
280118
188322
245513
251143
69638
251858
41208
79202
8751
170623
54855
183750
416886
76122
55487
71949
54421
263099
23850
248255
87988
237928
167579
11254
80517
84663
79232
416916
49554
66162
158958
68766
260535
52996
195759
181860
237139
74367
89347
163930
254058
91875
195344
45819
39834
82404
59743
29240
10052
237965
53292
260856
56355
411476
241827
173340
416710
172382
65988
173341
100522
66274
84810
95322
150211
171547
36204
74612
73054
202964
58933
59769
161348
238639
164762
416924
163927
201641
73794
182898
5152
238750
74547
193302
54445
159729
83595
183089
192355
171596
84461
188321
100290
172143
158742
169150
290999
62615
63220
180363
251499
65065
91471
190576
253264
51682
152656
185294
241159
88554
89942
81869
71861
88244
171029
181313
93588
426375
43240
107542
86306
75677
153751
1549
2993
416928
71954
158708
251141
58939
66100
262058
162781
78834
21939
40456
189617
105374
91958
40298
41754
172791
35119
50852
71860
84666
73976
163939
69612
64711
152219
171532
434621
41732
197901
28445
168117
106670
52267
100863
93434
63636
42168
154758
130415
426097
85040
416679
187617
163435
97553
182423
36031
257051
39187
421545
150315
193994
94391
65037
196228
422849
40607
51425
89447
78710
33659
411801
82745
244042
9355
26582
1920
81217
155772
27858
262059
76927
40680
153226
600287
23773
230146
93628
28648
86643
201875
9232
252989
37407
193505
56337
255578
239772
69639
67127
2593
162646
55475
54917
241661
180033
154930
164442
605634
424921
44613
40466
71337
79646
14394
30865
89940
601475
409596
259238
245792
426376
254635
239224
54268
50288
251485
9463
238772
2448
156092
88055
257393
77600
73964
2181
50313
81372
615454
98096
67653
173345
51342
154728
195519
85663
636733
194244
244041
760017
99617
169755
71474
414391
52938
246403
150113
74855
78142
88542
30272
40872
159288
195855
155764
417690
63473
88668
68430
151638
166545
237140
237419
236004
82984
196116
263035
241871
161127
291562
1432
193298
94378
152283
93325
154480
188798
80099
71686
174203
238117
77296
173327
88533
77704
41140
90318
11269
200984
55481
418501
32560
172838
86910
402882
76305
80146
162166
202756
62872
192353
35636
158165
164444
51158
15981
98897
44045
169144
260926
248172
79388
616189
237177
189873
169842
97143
250763
200522
172306
172132
248550
130416
77271
89934
153260
67760
236332
69567
81609
251657
50215
245186
69666
87210
52633
170910
247638
197874
81495
72095
88521
257389
416922
95687
52613
65733
155444
10363
415027
183132
212
51791
281083
153736
252421
246225
99996
250629
192858
95639
170911
180405
172092
158486
236266
25718
27370
202697
14122
90178
153399
243848
180459
6058
173890
80888
250908
230347
180032
23285
89045
90056
406531
74626
82609
262554
3909
60560
417704
77384
60565
193297
416885
161359
82610
87995
68936
259363
60537
257713
90199
152455
161350
73604
164436
163419
194748
69435
159804
55725
67227
33982
102382
37369
259345
165113
238496
98879
246094
38232
2242
189340
159803
75010
105891
248621
106043
167046
55479
156986
75411
51426
290599
262936
40675
173982
238635
90673
92913
23778
86355
250275
67649
9235
24801
98183
98896
642937
181859
55490
75513
635099
263100
246662
186215
89301
254059
44524
96745
151197
239579
50617
98360
93587
150171
260472
86710
73253
156015
230552
250797
10439
66735
246211
159797
79145
108976
240857
42980
50566
238953
66742
415997
29212
195252
32525
83854
166567
202744
236758
169810
237887
63095
246313
186777
9236
150649
78890
247235
238287
156002
152488
425681
74679
230314
41189
168891
262848
89946
72005
181469
36280
86634
98795
257525
62223
415029
433221
248168
238978
83581
183636
40139
180461
51736
183749
53424
759449
85820
51880
93543
156468
102513
67517
28122
41271
188648
173062
170657
78125
81832
63555
80141
153688
239165
260026
153936
260324
156963
152114
55517
95956
50197
80148
85179
157957
37301
259169
78118
36548
80967
433371
75126
24193
85351
4640
161859
24532
258130
251561
432906
619196
253321
34047
158639
31567
59583
66063
90320
32742
35329
189597
16592
153973
72773
9695
94393
191849
80034
27203
78554
236269
182068
50898
173981
96853
251850
75299
21115
248629
158675
50847
202354
89938
611409
81350
153500
211
209
182381
76262
75389
202657
422884
59894
235988
31077
152458
160720
189887
91531
6271
250906
80878
56345
98085
72045
247521
56342
159424
26468
190345
250910
174379
418691
151970
90372
37302
96417
187730
600175
152216
252071
51135
422523
193647
415886
158213
54817
43300
150131
106701
40584
161355
261965
170776
156437
260587
198787
53798
31376
250835
89032
94018
90724
153352
241241
50872
280323
88145
40475
187516
97479
67740
26813
90649
78124
71831
40707
845
188653
434188
241805
191842
27006
249941
259850
63670
76928
1362
158431
189929
260947
182390
33727
42963
60415
90384
241808
66879
59179
107543
183231
202273
167406
191140
85665
188371
184329
202747
245307
93
194738
88914
44516
239220
241870
95788
79524
62871
52054
83596
427046
90447
156585
69894
21929
158162
23447
171448
163926
85211
23851
43799
33601
158636
153351
237494
55871
236260
63165
33649
33897
77583
48140
168693
21941
167158
77589
26780
15439
425109
194976
251474
240816
193303
87113
72582
71433
31377
194977
193917
160698
198766
159731
246631
75209
418693
161862
63506
74624
155030
417695
20090
65728
63164
58956
62286
251849
100851
161427
39604
250837
2376
6003
290986
40974
56540
237578
30263
96061
89345
193501
194878
291335
153968
20214
24829
258113
433245
91785
72010
81498
252166
20233
56349
160088
167156
280398
72581
88128
162957
69142
153742
230428
72048
30561
150096
64763
98782
187615
160061
60840
109289
68937
170164
172830
21059
189564
50272
245654
245022
170297
5060
162644
161352
185359
88322
189359
427870
96166
39828
156489
244743
158860
72127
189807
158164
248013
40477
39827
252608
94891
50624
86212
56362
172082
167071
80386
53804
182385
22054
252364
89607
201277
195859
5335
71695
88267
40511
157835
607842
290992
407876
91294
261721
98474
62165
181046
66317
427561
241818
170298
236046
90675
79917
99340
95437
153462
94605
37323
67993
87120
248885
27103
622453
167993
86432
238746
246234
63657
53322
426760
187428
67072
27877
155116
78057
246740
198269
238761
250460
84134
194339
167740
73792
56167
75212
82913
162491
152459
69791
40476
14337
413224
290122
414379
245000
100622
42961
50489
172284
85568
84258
44509
155383
11265
23144
53754
247786
241800
90676
92794
80670
66723
88447
60174
50047
31298
240038
66161
261624
71533
257050
240665
413107
5488
913
195182
23846
24869
163441
73790
154724
230247
39231
4067
185931
159926
200270
25821
14123
94781
412047
180034
606363
198587
410000
62110
415303
72691
14279
248561
78404
72071
58652
185540
22055
250866
58731
257162
79669
61227
154091
93964
65004
86642
57968
2109
68934
24944
61700
40924
40299
53295
87947
160468
59195
94424
36550
154941
41270
159714
152211
53103
165230
69597
193561
419799
85773
259851
164438
238976
152245
84453
154820
90397
67216
193506
163148
201457
75356
63096
106534
9865
158694
81921
63715
75369
193317
201454
90678
24901
202768
71890
152248
174613
491557
259005
198788
74504
67753
172163
174573
40329
9568
90467
249096
157532
53800
68363
79329
96933
238622
159015
25024
173337
173050
40582
109271
251843
192338
418500
50623
28007
248886
69423
237967
230263
92249
73722
290132
418601
409994
156529
88904
429416
83853
194338
4403
170150
75397
202355
108565
157334
94779
31380
95624
89947
35379
257227
5081
110021
54009
57569
291287
31085
58653
251842
98809
8405
9464
33646
90677
156578
182919
155370
280304
195172
238747
153759
95273
421277
56350
63496
161423
80225
432202
418545
108406
290987
194433
56381
20259
38136
192352
83324
657720
68168
35269
71951
72078
415602
72149
646586
616260
80227
172841
260361
75361
67361
81942
163885
428745
150098
150655
181262
40138
195970
86276
100544
80197
52623
93899
165932
90132
245794
51157
424716
182266
605623
86167
108940
75625
4812
257381
69024
98965
102354
173061
108994
16571
616325
151497
82306
659562
97459
80320
195064
23710
193859
10113
2471
281081
156436
158053
173730
98027
427985
154482
239783
194925
60394
2245
380386
22399
4075
87119
192991
5298
618337
410144
83593
100517
150209
166134
30692
90449
248894
73461
169145
290625
108763
5074
107708
42012
411462
74675
78583
68269
152260
156616
73817
76946
9043
168113
23848
242280
85139
102010
43041
90135
8415
180056
98816
72956
8752
31390
154524
189531
160470
156497
193991
412778
85209
248601
412776
80021
259141
35204
414259
156470
153350
165063
82422
96568
97460
174576
78407
92219
77599
249066
9254
172077
96165
27250
190434
152346
93742
65664
100518
98814
248609
59768
16755
191523
432553
98812
20351
424920
242122
58560
167446
193508
90662
89459
151980
600174
78414
243412
179
79422
72097
59763
84580
44393
193995
88329
248684
192588
50580
185905
246372
2185
73056
33604
30390
72678
78415
72042
192182
201216
86165
99806
248600
174553
290285
155276
31619
157431
61025
55649
54420
68632
192356
259349
258152
419800
80245
91097
52268
54511
247236
290116
57243
91960
93382
94759
173049
198761
612282
65039
67050
174318
27539
95402
71771
84320
247412
161863
201061
258147
429407
188796
95072
161491
6273
247331
156500
418726
66133
191304
259072
173503
173048
81484
62368
40199
150476
55033
29544
615905
162186
11807
27817
171538
24488
646670
252423
94612
84655
99054
420818
80955
39848
93629
154914
16533
88421
200256
65982
76972
257219
432740
75093
153060
28558
9234
48137
22277
153722
152208
291300
76867
183117
50025
170158
71900
89299
159292
180371
110313
21937
252144
261136
182383
249318
237999
11259
151445
167995
164229
55664
163042
156367
243377
16277
80512
180026
93320
181043
419808
158057
150090
238118
170035
78126
151734
40673
291545
280400
65508
189912
27238
96291
180030
170052
67106
431617
245807
97617
158166
75325
188802
251941
50590
628473
39673
161356
253266
79277
415566
248614
33898
55467
71899
258120
201642
11806
74333
96012
413100
23644
50518
161860
41312
67099
75100
15456
159395
152461
251384
190344
36545
37262
158711
53241
85622
290119
76417
160966
87215
429181
79327
90181
190469
61701
94609
194817
39473
169434
164285
86908
240815
166546
72322
50904
188940
261820
186275
62937
243947
104888
161422
23845
5606
241820
174575
241001
60559
157314
260584
1619
22279
163393
155388
238626
61749
280879
192596
93256
172642
24303
92536
415812
73798
86277
154391
158634
4231
190000
75298
189893
36523
416910
628342
249909
166920
24719
64791
237001
182375
414162
41421
158681
10172
246355
428096
202522
84458
280120
24538
67020
248235
62312
84967
201444
246356
44719
82873
52026
185542
423147
87992
77678
409796
79390
163414
59761
79926
261550
41269
162782
417039
153026
40483
236257
97072
5260
92911
759650
420371
186214
59387
151371
290845
7220
248190
86621
30814
409852
188623
30015
158062
237944
191524
428541
415603
605632
167058
411179
89397
100552
259162
190652
40129
38044
241405
167425
88795
100547
9528
173073
409885
235899
68633
99478
2767
93945
160062
67880
248552
72038
154939
2133
91676
657616
62874
79671
51695
251452
152258
167355
98599
154411
1388
202353
250628
291286
2184
155323
188363
8755
261849
75910
44761
77636
108075
57384
96162
84817
56352
73660
252597
55695
183634
75102
246739
429190
86169
73217
173978
72207
78986
257078
402784
645626
167996
238632
100179
230327
93630
183607
243645
84766
59753
161648
240037
290764
59378
4537
195971
66558
27330
261859
80871
244011
290324
57034
93316
159715
153025
250094
415716
69437
249419
50570
193637
759451
238550
164544
150445
95037
153422
28080
70025
409539
200460
59765
33920
198765
97158
160453
259142
249021
87209
99621
614461
198201
418966
37254
35694
160160
196114
245495
78841
619629
248014
432198
419801
281601
67567
201639
106998
167402
191326
253479
1529
249974
78053
250911
98887
75626
413983
415567
409853
49028
79997
81920
55525
194336
59744
27922
257220
2728
94342
77640
248627
40886
156532
409832
290458
86687
31988
10180
173329
159694
93905
54314
84987
61026
71532
237282
158058
69890
107585
66410
169756
76416
238339
616437
51120
99367
155275
189920
153419
27417
24326
81365
188964
83943
44849
156295
166989
24542
77919
82312
106567
75410
84929
262621
9175
289
95479
20731
65007
90465
237674
152113
11267
416601
27948
166642
164440
238120
257049
48179
150207
186278
201819
152454
80247
201701
428956
161360
163433
72579
183731
42903
834
184588
159024
190742
16750
238153
43570
237192
160999
37406
193913
75372
32509
53752
241156
159768
238119
260397
33647
24662
57207
409551
71987
237886
98895
75101
74526
197859
257991
430979
110081
252322
241801
75205
44716
192808
25719
78406
67589
74606
16127
64998
5336
154937
90507
85513
98819
262229
259334
73661
241813
9362
74662
27988
201361
261021
83852
162180
163486
1023
184590
79538
40056
80847
83851
414390
253673
250724
100861
188374
92986
408314
169545
4680
166133
161692
75709
170768
24828
88378
246931
90131
257330
158068
92768
85411
151732
156536
257052
28466
160866
81082
248628
168142
51397
155765
188366
72561
91691
192348
159691
162183
171540
201452
84321
91530
623101
256210
194771
238638
30703
411026
192357
167997
248562
85755
75395
24540
245866
238115
40563
110020
85007
36254
165365
210
418947
172369
201215
39389
249084
65991
86859
77100
78136
259002
29443
11273
30583
9547
53490
421273
169141
20008
154086
155187
163881
152797
89980
60400
82914
412003
69078
96524
73951
248545
238305
248175
245072
200472
156535
36562
31058
159698
83900
152038
82746
74958
181312
428097
93114
9827
24472
241163
241482
73022
4337
72546
153715
174270
421902
70063
79449
62988
249722
72560
52852
40929
602453
24499
257375
155282
188707
636729
185477
69490
245306
28249
158720
24769
250621
173054
259035
240092
418091
181125
169156
50938
100728
418689
77102
235900
158837
153397
154090
162592
88982
56339
433247
41265
290984
257272
39831
168053
74056
291000
48208
162394
56970
193304
172367
23441
259073
410158
40512
157470
182372
51738
241799
72350
240859
257329
239580
74366
238114
186781
659403
93429
60014
162165
161772
422433
608629
98050
153099
244146
84581
156494
190346
8043
72034
171959
58024
34365
98811
106400
245071
259346
40751
159630
157836
9026
74627
84017
37309
290126
54071
157317
213
200870
40170
90679
237162
261559
27129
168343
155993
78854
158674
201785
76043
24547
238614
33626
152128
167580
189797
90321
77585
69436
155321
260855
80064
65058
194332
26068
618714
58740
158066
72059
257225
236256
168342
28504
56504
652896
418690
180193
162161
4392
166492
86936
610619
24373
1546
60597
44517
82910
191284
67021
188635
88506
154664
58903
415604
260857
173682
151747
21934
423519
414377
5672
239652
407877
251138
93489
151505
93428
171109
428744
418499
652289
85612
188791
243644
28250
252514
170151
421275
85401
174552
259006
202322
7218
250625
76165
78119
248256
93943
433307
171592
260028
249425
174556
99081
38405
167999
30904
24962
171463
32549
54385
237424
414378
9172
253195
290967
83000
50572
262788
99633
77572
248604
97071
65487
93906
180192
60538
612194
153735
158194
59200
257531
30891
96854
616196
172629
33726
68130
56991
189794
98493
107808
28503
181509
164232
44731
104380
238492
153340
260923
429966
73166
99456
28110
249098
35755
52179
168856
174090
156584
83268
50164
98023
249807
249071
88667
15862
250795
9048
65499
252327
241845
400465
35768
171112
188797
230784
53793
249911
27329
91285
155335
26847
194337
80883
250833
153467
121
621324
68128
158678
159291
104196
32675
410958
67320
183632
154156
194377
97782
253485
260585
627393
637680
98285
71439
93727
93328
78121
50851
86688
48146
55462
607808
79510
409758
251848
66559
94339
80250
50006
29197
30018
90667
413035
52487
280322
93985
78313
189846
50900
69339
168855
248892
11799
98935
51143
190535
246155
38892
174446
39415
190748
79691
237808
152469
152220
258144
167705
42516
153935
6073
193313
74614
605
93973
98818
409928
78424
173057
90057
245936
195261
91823
248610
409449
602043
89446
189543
172084
96416
38427
28646
90669
58747
172843
245539
158692
431352
250619
34050
84082
627395
41112
202882
4849
172146
174321
23522
88910
80143
98569
616296
82912
171545
203002
98460
2110
165394
150198
156439
238304
184594
151544
20091
22381
189931
246519
33593
413184
99532
171546
156491
54063
29195
170162
76969
170465
192591
168595
185712
237405
258840
261644
246013
90728
190117
185711
42497
91380
185373
168734
155227
417049
95130
421960
192857
185612
190744
156232
193318
606979
68935
95900
171566
15392
93944
98056
25565
291002
27767
180008
628472
432434
84584
432040
169146
181470
69075
50684
86926
248883
39161
424717
169148
252323
257797
160159
9237
237146
158710
187618
252132
185709
158714
84758
43520
291638
100839
180846
162184
100268
94617
91253
87109
183788
80096
158961
240958
419805
2744
51666
245173
30862
110730
251492
431957
84136
427458
54812
15698
415294
260859
156385
43199
68119
261022
56354
265592
74615
290120
195262
170161
98796
151499
92501
155561
616422
107215
82982
186455
262016
171110
263104
260589
40140
156310
76167
202127
258129
102606
22280
424636
238306
162778
415811
262941
168919
44728
425440
41427
50627
36547
162177
200980
56338
262856
80219
68593
79387
4147
181510
157965
195123
10179
248632
167703
170296
27523
52725
248735
156498
404376
885
400222
197006
40678
50906
81944
422264
159205
188469
152252
110022
77101
65169
170159
32559
198585
230103
280105
2995
85819
427048
20805
99051
55442
36083
98975
152209
88144
188294
60182
85883
80051
21931
160888
244040
169095
166526
9076
54813
59272
78146
71830
170154
627752
151496
190224
192363
9693
38293
60013
103434
257504
33652
97619
423423
417298
428540
76156
75390
259947
155768
86294
152987
171835
188726
39162
414376
33983
404779
173451
185933
290758
628955
152460
249723
24505
73648
91103
642192
71437
96171
189341
93475
83941
246741
89932
94603
54725
169154
259354
82407
81486
100393
280123
75675
151522
290994
430132
174612
244746
5392
33876
25622
433313
62111
75352
27836
251023
613700
416909
165931
416920
416809
197338
258143
10197
30740
251142
259849
51343
54069
8124
51620
162405
235898
244010
4639
182021
191896
168634
200309
51006
182422
64652
186954
77092
92334
659561
67505
45667
151513
43464
48008
96771
98955
68082
100174
107845
191327
192589
55319
171353
56133
71058
759444
56591
52033
164233
98781
68120
31090
429405
241330
262859
230328
84459
99718
194467
93900
73973
635637
247327
36559
73977
78019
82928
615610
15757
198190
81830
150540
98881
190986
159235
241804
59696
239718
187272
65341
188800
417679
237413
172145
34845
163268
107574
174188
163270
151512
163884
97898
84132
62671
419806
246852
66383
150186
239721
28650
181314
95430
24549
86813
641377
413106
54878
87477
51681
165368
153223
58862
40409
616327
80672
2001
23847
102918
239761
190698
99758
260474
637667
418413
191841
12105
252367
188356
33927
88504
26268
62719
163269
41039
65618
90439
85318
78403
230330
417467
417698
161428
236330
34678
86158
191844
91708
88138
50618
88650
84138
247801
30237
608469
96959
161146
194734
39832
158232
416813
183769
430556
164404
194816
96765
253208
31078
162008
173975
94020
161950
413699
9188
185539
249634
35268
65680
192989
79628
65993
71191
49720
190746
247528
150775
412042
170155
26042
15310
95563
1964
58207
260198
31118
257377
33594
105208
89344
162196
427928
9173
154159
68667
202875
93116
160864
96181
2843
157880
173980
161861
86924
191556
73601
40518
418685
33599
415342
28251
93747
41424
55477
97940
626749
11261
246014
422394
51419
169612
94597
255579
261765
409993
95817
82607
51998
616304
93112
167578
248148
406614
432205
75208
62115
248599
75644
86204
162159
248598
158067
241824
103620
52868
55590
413111
86913
258109
77297
98774
245806
190743
92397
86354
235387
84591
428778
239716
759461
424583
244077
152257
60643
163731
69431
62395
290989
165370
51469
30333
291945
28123
75640
88724
56555
429179
94011
158707
69665
240669
65265
238749
417694
238762
89093
194668
426404
40412
189115
252126
430466
110750
80850
183881
241848
23769
188362
75011
166653
71023
182770
151768
182937
174031
35692
92553
169700
246520
56254
63673
97904
161406
96163
189800
417634
89350
607358
170863
30756
154932
154157
32688
65368
94604
246397
241419
95913
160945
15393
413174
81322
32558
80623
40057
95323
84590
182071
98467
81481
161645
248945
173606
85402
2206
52603
33738
173750
58750
88532
28557
248921
91572
94420
248174
91339
171834
81487
78140
84767
63223
34046
245021
195500
107605
153808
257336
62618
171533
37300
76279
90506
20819
624
628487
248553
162401
634722
55486
65367
98883
261606
241869
154152
72772
98095
291161
51896
426406
257709
33648
200144
607911
249092
257221
58633
81526
104616
89933
67456
164443
32627
28559
249160
95313
194601
427596
109704
241815
85699
429501
247726
54367
66103
152717
63564
82929
417689
10364
89691
38346
290988
72226
182374
23101
195247
241486
422794
58727
616276
84705
62191
171241
73231
86927
75213
96976
982
251590
50815
75239
1719
87783
98286
9118
66160
166650
252137
31345
195028
98170
50802
27661
97944
196328
187555
241803
262553
195264
96954
2010
22096
158705
77367
51409
239653
93687
97781
92102
253877
252324
24870
58737
69808
91239
72032
257331
35573
194768
34203
93476
39905
259067
156776
4682
245937
182379
280418
81459
55294
56330
248184
194759
81107
81527
290624
72094
30246
23438
290630
628494
258149
27995
56333
22076
251827
107670
16177
95316
159020
202017
29353
182934
86815
77294
248559
236259
96522
200657
58748
188358
190441
70030
88263
261867
161864
237290
99604
31508
238753
74004
9636
66728
75531
84665
172278
68982
639950
280419
420509
57213
259003
94019
174045
94951
39772
254202
2447
290811
370032
622452
195169
2997
608177
95820
85604
83594
99721
158668
421563
39686
155382
161852
259860
159806
290632
84361
628897
427140
158712
249022
257715
95622
290628
52905
79022
195594
39957
56501
191559
193371
86713
164230
188159
71149
86292
68182
78665
35691
4679
171588
81207
189166
51428
202125
237577
36148
239782
80033
24531
74661
92216
88446
158721
91803
430133
172282
158690
428519
66076
56134
161807
153126
171536
72818
241409
184754
77072
168890
245849
85349
87431
186864
202943
52490
164286
259438
170868
280760
56331
81206
290379
161420
168137
59196
79323
100614
78813
75907
244303
235757
63221
86756
169153
23145
28387
260182
159697
9866
423306
33653
248381
28345
24468
54068
172079
74871
60894
106322
193894
190808
40089
417696
5632
65153
67025
57212
195265
68611
25724
163730
426370
19047
430696
109460
245293
162167
41326
259355
159018
201346
201213
162168
258937
77714
63659
237423
197434
51733
421950
91820
168144
24507
430695
35137
152798
4146
258153
9466
94632
250626
83323
71891
193512
96744
23379
156496
78405
173094
151506
152462
280849
162101
251482
163387
155228
26476
196892
248548
90680
195249
156490
35574
160599
97941
14368
89944
410866
657600
83325
240920
50379
43235
92767
96193
100616
172160
152264
155277
157879
9522
409856
412780
2218
248182
91086
155719
189890
616187
160646
39336
33826
81501
411023
83336
1547
198586
433086
628841
41314
84460
262426
433185
89348
76164
52153
600289
18113
258110
94607
259622
249076
419796
162402
84887
74619
237616
40050
240775
1548
153464
152213
100857
85352
172309
194664
247640
31057
616177
167704
54247
152262
73795
16655
96957
2108
246976
30373
406613
9634
194815
166500
201796
183087
24800
96174
169432
84918
98902
195167
40966
153761
51142
97068
38407
415809
418258
82406
94340
55484
78020
51619
83347
183698
163279
628907
248549
88461
50902
67709
9863
158697
187517
173392
199183
89300
73052
251144
291613
248579
257395
162593
241809
173789
203046
77057
26041
194772
76087
240339
66158
69170
629148
23223
100550
248807
39952
202784
252366
240007
55630
180036
425122
98672
67592
173974
248546
256677
411415
187914
51665
904
158216
67146
98284
5610
44392
192503
86203
88728
95301
182935
15246
73809
75579
433186
237143
11788
174616
40278
44498
68264
152036
245935
43578
40994
59762
194643
73658
61023
198584
1051
380483
185474
260022
237415
97551
28327
185501
100098
244241
163389
261720
759458
414393
186216
202575
431391
189044
262858
193292
195853
130019
60191
257181
430575
107576
98798
153747
172277
201446
99442
8040
33872
42702
262840
642085
63637
164407
260866
165910
5048
83840
50048
88794
5299
624042
247002
36082
67095
241488
173334
28159
195586
247532
190396
162160
92301
83953
153717
9980
606170
643067
169968
201451
53406
82748
109419
72079
844
237404
154729
169172
50596
155229
52939
40472
202350
161323
248237
67259
247729
94890
23714
433370
43691
78184
94906
55620
67756
414381
65057
420154
92099
39184
95314
265063
41895
88319
170867
89460
260282
78134
189201
90665
73529
97389
58899
19068
248560
93898
419803
155469
230274
62873
62260
163443
43939
153461
190347
91877
166919
59770
257164
173331
30747
61270
172525
250838
93635
420155
193030
56346
257156
35555
36156
192990
27150
31289
195849
194378
171832
429397
193434
416918
55632
24242
15313
250842
170302
51290
8406
641378
54916
22073
5304
164543
189530
97970
290981
72061
183699
56326
66736
55559
68799
165287
93903
401210
110390
409480
290909
600485
61753
67755
52178
13022
246408
58742
156531
62113
241404
50591
243411
243822
61144
186862
241658
402372
75965
257493
78412
41753
262857
9529
153345
190726
238113
418436
39955
35272
75096
161538
246904
202558
43689
165169
85358
168999
200817
155563
40606
181754
260212
33994
81305
41951
291103
83866
198449
41050
96194
241242
159312
61750
411554
261557
69669
86175
169866
87112
86925
61216
165163
84519
629106
170907
202746
188293
93317
40949
633213
250541
90055
66102
99306
91287
66345
80879
27816
239769
99965
230388
171839
189344
189360
253320
93457
193503
36298
150395
97077
252128
200258
30115
41620
41014
54375
257391
73600
247240
9240
4206
247975
616292
427389
41311
180038
77721
171597
5393
201347
238977
258026
195181
99626
248350
172371
151515
43619
84647
243646
800
99455
238621
54404
167378
759459
103347
261223
241123
172378
33600
56710
262678
189923
60175
170690
93326
259023
161258
153244
171541
154154
78185
166494
82920
54820
44759
659553
39467
40885
67763
170227
155303
35680
162266
97616
240206
415050
68473
238048
195745
257216
98898
243643
167919
417682
27682
96746
258631
50620
23027
151467
171879
71029
411976
174088
250844
73923
166597
90716
96956
41324
75645
639951
182933
190693
253478
105545
186196
153749
191557
98783
80458
73462
433312
425444
261966
86509
91130
160657
23378
428379
166493
156533
27187
165776
92220
171120
241937
88915
78135
33592
636995
80518
188795
154934
27152
238545
77590
158230
409655
257526
417101
99624
26228
74790
26585
191351
86716
96937
195857
94600
80077
9079
253843
79317
49553
18111
237411
50621
158048
174139
54387
91706
201587
245092
41142
81917
79324
167141
257337
33928
291282
189374
238617
261302
16511
257222
427597
78413
103711
50625
15733
38428
157641
57875
158857
759649
68957
419804
68318
83947
420139
61184
88553
187920
421271
91574
94630
81737
193300
27525
417697
29115
34051
98162
156982
645054
96191
291301
62164
417680
85625
251844
431580
152467
74218
193316
628475
83388
260695
182035
39895
79490
66939
91874
290114
158158
261945
246093
412667
251034
83898
79415
159287
59191
82744
2996
75316
238757
41352
186861
80825
98188
36473
187916
30868
419840
190571
74910
171539
246887
161386
23042
248682
97937
56320
81301
91745
93627
9569
51139
35057
6006
15368
183970
429967
65628
55468
5987
155279
627389
290128
4681
192816
69896
202085
251568
230147
55485
417681
417702
163397
257408
56801
27366
260310
86351
193914
241487
120
94994
153718
194600
163430
155767
55589
616491
110399
87563
32690
15583
7941
155761
93902
20927
51487
81216
153501
189202
26749
41816
249972
418908
194322
290283
97180
415028
66475
262601
169164
29193
252596
165308
252391
74525
73982
252678
417688
98429
60178
610352
194774
2582
79411
60562
165309
183748
93448
280320
57409
188368
155773
73657
604514
24763
9442
237407
79473
43568
80799
4200
73409
154725
151501
78281
259479
15012
154929
247000
109136
73234
250210
241938
238763
74907
153737
39130
55599
169610
156583
241475
170882
99548
72112
31092
71019
603926
24543
84968
186782
76014
66352
83945
75980
250576
54060
418208
431389
185370
26787
171565
188090
67005
96872
164287
411975
94606
151948
186605
158725
190668
29355
40608
290281
110166
163421
26229
31138
160318
90323
99056
54775
78123
22177
50854
153222
614306
190492
98025
164366
74039
93633
186213
171107
151748
15458
15307
433244
87562
245070
150238
172209
238751
417686
39235
24145
151769
415714
240667
32625
236637
191522
30816
152085
169042
628476
87230
35769
2381
245850
43420
80887
55631
35734
616323
258177
71214
9177
73705
44749
35537
91957
96773
185369
50565
88981
110244
252130
419841
187429
169482
196053
81918
66729
167159
422796
163417
186775
88237
152877
62904
251026
404697
94254
418600
1368
2460
54867
41772
243354
75092
191322
153349
84969
93391
291311
422524
63037
261846
75633
86711
98287
58275
94873
38058
181011
44322
80226
419807
165771
258838
192350
59831
290978
174187
290118
82916
400786
250840
420476
38233
290121
413251
261605
291326
80956
99622
248278
422798
67097
100551
235902
78060
151494
2390
168114
164169
162000
152452
67623
160889
183088
68750
183842
88953
63097
85701
86935
71168
230313
195405
109012
202086
172081
406612
65141
195852
106997
2309
237114
91168
23854
409713
417424
67102
253422
60539
160452
241811
152112
257728
158723
56300
185393
247410
83460
258115
202850
23363
163936
80036
183351
59958
26036
79869
429727
44514
415565
71630
78391
259001
9798
250907
162198
248176
10181
93207
75326
425660
428095
290376
5324
81922
245174
68169
258126
173900
2088
11805
76554
79000
645
417691
248234
49649
238623
65263
188799
169420
37307
417300
425659
26845
44523
24867
165933
161007
107551
1278
172280
27365
32740
69017
154146
93908
180406
22386
40932
248565
61193
49521
281136
413109
51289
93253
415568
154352
39514
251389
241158
78827
164451
193931
202965
95917
54599
262045
95128
96939
421555
406525
40583
39693
174091
20523
83659
155179
158160
153729
245497
86816
249086
2738
150239
2246
153972
280321
25787
245649
658160
194599
183920
25583
429208
182936
89056
30815
100621
290762
158195
24186
241426
154526
34926
26849
68427
197860
156492
194751
248891
9548
81321
76264
246409
160161
94015
157340
236589
248808
259239
14000
202352
416919
107533
170293
430971
202946
188399
89513
93252
87237
33637
230315
290601
248132
247639
250832
151444
66200
72717
193560
414386
195356
105475
197001
39416
249635
433308
56499
159246
260864
201362
240012
182769
41003
189894
40840
56412
2720
161865
55456
74383
69298
417040
92770
153403
237408
75376
262849
158854
2182
151498
290765
241873
78122
615738
78056
155183
65059
646265
152221
78864
51206
160096
62196
413823
237968
33929
413101
86758
5305
155559
153905
158221
97201
39240
159592
43516
55660
39241
237676
54864
172089
155668
166677
180465
21936
164432
74850
93502
39533
170674
51495
74872
86854
418686
63042
26789
418095
430574
290908
161389
50275
411800
84974
261222
58454
43054
87886
84464
69102
250212
416913
87785
96060
85398
240054
248803
163422
163394
185244
66732
163355
93327
49549
391133
413098
50162
409698
92910
170913
43742
627995
79509
248809
16980
167429
69045
79231
425657
20154
188
237163
52785
110748
249102
259342
429207
102056
163882
80775
195592
612013
628903
408313
248605
182076
152247
170625
166491
172437
159022
88952
150114
257376
832
421891
14359
28645
413539
31985
66667
163278
2860
85207
248890
57714
38442
80249
40315
75908
66726
415051
52548
184331
78314
238989
80301
423254
55464
201160
432207
71627
90182
57273
9639
155909
191520
99085
417699
160600
183961
249951
86920
30748
54070
73791
261718
165770
23332
80020
412257
182908
259032
33595
656879
58555
153720
31370
81113
291334
196494
100529
252633
257390
187925
20211
50296
153056
36356
202124
92335
417037
20596
56539
172304
257716
195438
89844
257770
236263
37078
85177
81861
77763
14316
195760
45818
94519
281455
65672
86063
153726
240021
154726
90326
190573
52036
26942
248620
251146
153210
166827
74616
24333
167685
174555
72563
429761
75674
75399
417676
243656
80581
88920
258148
81497
23853
27498
186780
200437
99547
58733
90446
31157
38345
187013
27921
643934
280108
183819
643739
40677
164142
190745
194334
260560
5475
173732
171586
159247
86307
94761
186871
98911
200506
248611
56332
180842
40052
108872
103910
182389
8055
629116
103975
171119
172656
55714
107216
290756
171117
99052
249850
156464
634618
184330
75396
50289
203102
247411
86130
158635
261138
31111
238551
195263
413494
97620
74992
243823
100618
80404
172832
426405
163434
246575
184589
2445
415883
79474
192590
170147
182554
183811
172164
162761
92963
188787
89939
51441
42473
432680
81323
87420
413714
1414
161387
171591
421190
391131
56592
249073
25822
261220
50897
45817
97780
237966
155111
85354
40740
8024
432114
10251
88315
75643
614675
84971
68733
160163
151632
83003
159615
189075
628839
195245
75211
64787
165410
5297
71288
1586
40947
248000
99129
414380
263031
81110
162606
33589
261853
86909
78955
250540
158680
419162
202349
75094
166836
194344
79386
39105
16386
155029
154756
237417
616257
423107
80248
259166
10112
161857
155302
107636
419626
90438
41395
422427
91439
98962
259074
160097
26410
96168
104862
75104
186453
602228
248547
230346
194343
200827
250486
153758
29063
103863
24156
98961
192184
58753
71889
96192
51471
66733
79925
99443
419664
174444
158247
39163
52347
51344
248806
71629
154525
40350
186989
159198
10441
58818
59555
164231
36572
161351
237579
109700
171136
155394
80872
66868
28508
86757
80222
75394
162929
31677
76168
88556
236265
36513
181377
418130
163306
162185
55498
98954
85361
243413
100823
81946
65338
90176
28111
85512
99346
411481
15863
71146
81831
623991
162173
102045
24489
75710
180029
195794
80224
95450
30615
85522
158709
187928
162730
94341
237113
65038
201212
158215
259168
186776
238752
100878
163431
56538
241161
65060
182792
261643
161343
196329
96108
252595
79263
248189
290761
85516
78147
170167
264479
433311
151545
66831
62698
154316
90723
56321
173972
94615
77073
430970
97681
71301
192595
72075
421279
74283
69724
62192
258842
192368
86814
83389
74663
66670
40328
51731
74759
191848
170291
59928
259076
35494
157560
130009
96936
10122
74284
192340
154393
78849
188370
236045
248613
290812
429191
75264
95830
186218
417251
82872
165179
28479
38406
291126
67355
258690
23432
95603
238630
29283
36151
97589
62342
246781
51264
159293
56347
202348
17056
54552
51893
259348
252836
39674
78133
69718
43569
182378
90711
15134
94298
67330
43425
63605
173060
4083
28133
66850
247328
164954
72040
172090
419802
759450
173453
100864
77588
171889
249050
623975
172297
54814
55070
154076
417962
97387
193314
183871
182766
57037
87211
68411
72036
163392
86762
96974
168007
189796
44395
413696
106361
154778
151508
38386
36454
90650
405959
60644
239663
185372
104654
62098
24243
182373
73797
260925
416963
247787
155226
73788
2709
167702
414264
171749
188355
69889
414373
50983
243726
247303
33627
258138
30860
27547
82251
39104
56336
169231
193916
261560
62890
74017
195862
40861
84983
53023
430972
152250
228
68284
201450
431388
79113
415707
259344
281412
157313
240818
52035
191525
93987
55483
652888
155182
157333
415498
66861
380114
75099
167430
65730
180031
27480
170624
75623
81316
43385
257122
9462
80848
409854
66124
195243
99181
66937
182391
161353
152261
241802
194639
71959
41186
75629
280725
89352
84646
245370
94602
9525
248882
27775
247029
256220
259353
83407
54043
190489
65625
194640
193638
72211
94599
248606
5601
153346
237962
194375
248150
257218
240188
93938
87870
73930
58741
173068
44670
280125
171870
159809
29407
83267
80589
187783
161426
86921
164005
66528
425845
427047
260865
159290
187273
110394
189928
189968
629117
88669
32623
24830
41934
241817
35545
55591
104898
163883
95413
188359
43421
26746
28481
154189
258134
193031
250659
50416
51897
193509
41396
84583
247244
169547
183873
75366
415606
155769
158745
252698
414163
172299
88445
57241
173983
35093
202859
404694
81077
43941
162648
153053
65992
171590
184975
290378
237141
99458
60395
65624
107469
187913
159236
27741
49743
22009
42917
250864
167920
57803
174138
50503
25576
251846
16435
61192
71235
169429
254057
11263
68144
91528
181569
291632
156017
95697
290982
80145
67820
99457
68780
158741
66853
74394
241002
255805
255853
51692
161001
79201
150094
158224
50311
86352
54243
262998
291635
33650
257173
257711
151517
36560
32689
290327
89608
290757
71190
41188
55515
33276
57152
51461
49522
24943
240666
261759
72039
159295
66130
38171
78571
628842
95321
88725
81067
100531
55474
40873
69171
164439
9520
48128
98087
154351
91437
246402
52542
263084
172302
160648
152249
94392
78666
249068
237063
432380
99629
172059
15734
192597
193818
408145
180059
168361
154386
54821
40330
83865
62669
245650
253061
106808
60181
159798
67441
86308
194092
73232
195756
9174
246255
78153
59739
107649
192980
83309
59920
243948
91396
75097
280301
67847
96195
81083
150097
53118
70024
188727
88056
87328
93396
60152
196113
49551
183663
183960
159350
173977
59500
159425
201638
5165
260928
172285
84201
194735
200209
162647
409561
13425
190432
168420
172833
237889
162382
192362
247800
86914
44729
153760
95602
280399
41775
171544
261715
93319
164667
163860
248733
50163
91675
423443
71431
258176
110393
153246
80845
84572
86168
67757
65985
237927
426373
249998
156537
430821
75370
13019
152453
108769
239361
158663
413102
426543
95877
158676
180890
33657
157531
419625
5600
1125
201445
76968
165232
8241
31121
170861
23770
87987
74090
21928
422795
58735
39672
193312
188295
252326
615560
180535
600486
291639
249976
247329
181862
253421
63658
167157
29235
416619
89110
605385
40513
246967
151519
103158
52943
235901
250620
90173
24154
51612
191526
413594
1301
264523
411804
258139
2729
76415
88793
230351
83277
402503
159712
50798
153934
72774
69430
36341
251488
10440
198525
173346
66040
151880
73793
380184
258146
180840
2136
195394
414558
54223
202810
81919
24940
240094
78411
151639
94457
75381
63281
413391
153511
249720
413036
4811
93632
167428
5337
155322
31175
600177
171191
246400
194803
186779
427388
237495
193113
29222
25681
69422
74618
72148
421373
182433
24545
427635
166892
85615
81941
169147
87232
182717
259049
241906
172842
94520
280122
105565
153733
72072
54811
202339
241826
159673
6110
42962
163280
180987
180374
152655
171106
23143
59930
166287
95417
95296
86205
250538
59956
38294
249072
193912
252373
16463
154933
182421
83950
76151
85360
194667
170168
71789
83083
191330
15171
69723
95997
261558
106950
417412
39228
81111
80849
30805
258141
29358
75098
616313
196111
259164
58311
26517
35540
63563
190496
186555
257234
66118
243946
78151
250656
74999
37405
193915
167267
13020
78130
254069
235903
150092
72068
237176
156981
184696
251854
94634
110041
159023
43709
103737
73735
160886
197664
154686
77843
72155
291325
410709
196149
73656
63562
36343
39186
77587
54819
100860
180040
250723
41141
71887
161006
78560
193305
89461
94345
40482
21932
39906
69008
84816
66724
8753
421488
190574
2411
130021
80221
9567
50295
426550
84753
421270
79645
642934
187910
74628
194482
38441
55592
9570
58150
98669
252620
40679
163565
51391
27993
39558
174189
108001
237930
97942
86357
42675
240013
261704
162163
62683
78399
150234
248887
87528
66855
68715
409715
624035
67741
83457
158064
31372
66479
158060
280124
83001
78132
291328
421628
167948
25725
94023
60372
83728
170775
9092
154320
245308
257714
616281
79241
27920
183768
259159
624184
5070
416586
170568
259018
150095
252370
188703
162169
182265
172834
416921
51093
153333
51621
230441
202999
202517
40280
418967
173339
831
85991
158051
241825
187919
68300
41059
182767
51737
80472
78017
96189
172792
98890
180492
162182
258136
54614
5602
106706
628739
86911
166599
34314
90040
151433
130010
185929
98553
24539
624022
192807
48178
280119
66409
86740
31601
98976
161358
251025
39212
2296
241337
84809
55694
66238
75911
171682
73811
26846
31137
32038
78558
159019
201636
262732
258111
8749
40928
57035
50034
413104
415518
55069
155180
20400
161345
105162
31989
9560
28079
412375
43676
2179
195164
97095
425442
236262
262933
84225
409716
413988
241410
65503
169157
238629
191323
73972
165409
153225
419798
257285
246968
37409
67766
180460
167577
172511
27819
237945
25567
170785
83729
97386
57127
64774
54321
163390
77651
152796
27369
75499
74018
188851
75210
260311
191350
421645
152246
193473
39833
39958
91946
155019
184034
92396
257528
69076
185932
157534
98098
92795
63474
249074
86773
166525
152254
257392
56980
263062
74057
247330
152470
163415
154935
66476
237164
188361
194773
257334
201149
420846
153727
187924
41327
105936
25373
78394
51427
412508
96173
185245
159805
230340
78814
168383
1841
168052
259070
66244
49567
173326
54816
257226
606971
957
164634
51571
108099
78021
191558
169934
169757
41423
88355
291285
238613
102381
188706
236032
189571
257530
66255
2840
28732
83940
100862
429472
202597
100617
196893
66253
89647
152594
91254
35288
155770
262999
252632
258922
78759
193168
55749
237970
153241
91224
60207
41038
251826
152786
2276
109138
76304
61362
92902
20216
98878
58696
73647
432208
65867
180816
35544
171498
51725
78808
424496
171352
246401
64974
258839
250654
417684
161764
44762
8177
246226
409833
169863
239396
246357
429686
34052
161347
84814
414350
35271
9425
194641
72069
68873
63675
291313
162759
153974
102712
58978
247727
30897
78150
86166
44717
183701
130417
27401
257702
75912
290993
87429
74332
71995
235896
261689
95315
54368
158696
99722
155184
185368
27204
94888
43969
151631
236276
97590
251477
7788
258754
193309
10046
174046
71420
411210
98026
172147
418699
195850
9549
86516
201278
183965
162181
259158
171111
71892
159865
192587
160045
30530
62302
230280
415884
153255
165307
99736
170946
98871
1000
156688
93490
180988
73503
98880
244300
426371
68167
151503
424900
41310
84450
60208
158743
158231
237998
250807
99620
167742
98551
154757
16811
50907
258855
100856
44494
5140
189922
88543
153685
167263
9714
194775
70029
36309
88666
65465
249948
96169
84137
26990
171003
94297
5591
606257
265180
250909
181863
39183
710036
78853
184592
170464
26344
75371
416917
53799
249420
107599
161987
634631
80846
433242
97080
187996
418502
193920
28649
166496
79233
35166
415957
248804
75646
76611
612556
66062
78855
85520
190577
76859
91096
186535
280793
600266
88752
79112
160290
189848
239222
172083
79988
184973
162397
14090
616416
84571
289986
27349
161342
79330
71604
80776
56500
93631
35165
90180
629501
81482
196285
39521
66104
51389
80382
94314
84586
260922
154147
188789
31033
74617
154412
65626
96955
86941
413103
71095
1625
230549
155186
422385
94993
252186
21117
236347
241417
85556
12102
79920
192339
80402
35380
77561
97476
40464
95129
187271
58494
155540
180039
261771
156465
198037
160059
158102
67351
258112
86760
87948
42685
429725
261135
189551
174087
170156
165775
97921
429907
159795
194374
109701
620301
153744
102356
108975
158856
98366
156230
417969
74625
60620
158702
168341
80282
153723
249228
194333
235897
258123
57540
91961
90002
20234
68433
23708
156528
78390
25413
167921
80582
64999
615718
79126
93636
55469
163707
82569
431512
193950
65665
69461
85397
249090
65507
243416
22398
9637
171404
67583
759651
163437
51691
23965
94962
42760
50472
96167
9625
43572
108974
280549
428908
416714
90450
163388
65266
36206
92576
170322
50494
84589
74382
187614
256219
84681
431358
90663
237694
190773
241492
4669
78127
40933
151770
258718
85606
74957
183810
63362
98892
91062
108972
78851
79328
39847
153721
159920
68068
187995
195436
173237
252369
600563
186269
250252
93393
653482
202655
260556
80037
252428
173127
2472
162170
240055
25349
616509
156985
153728
79332
68647
72640
67319
290990
40471
26841
78557
157533
67759
75374
160319
41143
260470
170292
93844
253880
156469
196109
34388
150233
61465
74994
8401
627105
93321
108615
171237
105756
159294
249083
160655
188753
69893
161877
183635
253487
200130
56348
290983
41024
158225
163281
73527
158219
629147
63570
65502
94998
424582
25566
56351
86759
21930
159807
163308
198735
241854
1879
24942
69299
409848
78128
261623
255459
90719
189895
192593
190653
245640
251490
169546
250796
92217
290455
78389
44754
153756
9080
181045
91819
195204
251853
50175
81546
251015
262060
95621
186534
37408
154759
40508
182917
85514
79866
187613
39908
192594
202757
161575
91338
247530
33960
185354
171589
95234
421276
162958
87213
240102
252635
51667
258124
195398
53218
237399
237888
248048
161574
153971
33685
250655
247798
202016
248608
97336
247728
29251
193921
67024
247838
258503
185587
165411
23683
261530
259340
52749
154928
236258
75373
151587
427051
35509
24868
53332
188983
81358
151922
411820
153734
238988
193433
248920
422397
63288
8400
41203
53341
52348
71679
258504
185475
616147
150237
45823
22392
238619
430697
159423
31722
194432
642384
98475
66159
71832
66725
76653
67006
257385
83004
75368
62195
172096
5986
39234
23614
250246
262855
258150
262679
257175
172094
189364
155185
163858
198633
417678
78141
431393
93726
182954
637669
31361
194749
90448
75999
161693
35771
2180
87234
262847
189638
78152
238745
159281
422341
409511
195237
171118
182069
80223
154388
78116
37106
30351
66245
34085
83902
82109
50493
186447
160467
40051
78137
80035
195165
248607
68266
165408
253023
252365
10335
28214
21114
416915
71282
31381
95478
58285
167950
4162
75327
260262
151518
78686
249105
422712
89977
239717
239664
261719
80622
73799
57964
77691
80673
168143
73346
102383
96140
170123
629308
188047
189607
51690
33655
616302
158505
172620
54915
241485
102273
257378
151749
5984
248805
241114
183969
22226
160173
238633
71289
427042
60966
253879
89445
83016
106646
55068
238616
236333
196120
89690
77396
406526
172377
47160
170581
407962
161027
259624
402891
102148
72942
55489
253844
161003
52037
93258
252270
411325
68132
151507
189970
429189
195251
31832
43515
183730
189847
44723
152253
75993
249636
430681
98893
107690
154141
22207
180373
86511
251479
154087
616172
23712
66477
239452
23439
100731
202945
246999
8116
161734
40948
167392
151881
151511
189647
150344
249169
5603
190572
25
98359
406532
249997
58651
433236
40019
166495
92394
417426
50991
430751
87990
262756
243414
165911
66243
95714
54065
76524
174642
291281
174574
160865
69637
4538
159237
412048
168859
41399
44755
5985
82915
290626
50911
193635
155910
65062
75676
72044
68127
80098
80674
96170
11144
237414
107145
188752
28252
262589
250834
154162
74029
72074
102990
87735
15794
24203
163877
251480
98891
109363
170152
89351
259071
257165
61022
56301
55832
162172
194430
23076
78809
80880
108781
100532
54061
169936
171171
409273
50903
72859
659405
171121
36522
414388
98797
90721
95916
631441
91828
54017
24021
81500
58680
85399
77419
616445
9148
69897
162688
103708
430974
92392
191408
174191
95317
28482
76422
413493
237191
71283
54018
63646
202769
710060
422388
182388
249067
425123
261717
194645
174171
50801
261943
419228
50894
428059
72065
250798
247821
241822
628945
172098
40871
230348
400093
259341
433238
201217
22032
109007
194739
39014
83270
30221
182789
64829
110318
413037
290631
245808
51418
414179
30850
39337
43220
60564
421011
87476
40459
170263
82634
155906
24201
172276
68337
191117
89464
33899
153730
188833
85607
257231
78559
43229
158050
247003
152111
417038
16066
87873
52598
98884
56335
186272
50626
21356
98952
98547
5596
79326
64795
248602
180028
65493
163271
195122
79325
616470
106748
412390
87611
68634
57000
245793
245541
237144
189927
165114
182771
166991
162119
159732
89525
625521
57500
88266
81112
259004
56497
280126
166924
173335
100545
98053
249330
58751
162779
71884
153976
180277
72047
626999
11797
27680
61271
68432
255842
259165
263105
155666
88951
241424
1360
51734
29223
39956
26994
28562
50471
153763
150206
59362
292070
202356
251565
192341
108764
251852
196327
60618
88318
202346
159800
230344
49772
93383
290421
153405
27764
14395
37368
195124
52431
192502
153937
110082
159021
7940
108888
259160
9347
57690
155720
197717
163442
251390
63043
158611
80851
40965
43414
100510
86817
56472
198779
24686
759452
249103
23100
37239
600285
85356
2429
99164
155231
170914
253319
50899
158746
193295
162393
43039
422395
258841
260565
88928
51586
192351
67045
191989
58932
172301
71952
291615
104935
5269
632069
9178
414260
429178
97939
258271
240015
261552
80097
78816
77088
655768
34923
290750
150464
255807
80968
55950
430973
44970
230333
73659
241490
261604
94251
109703
625376
251828
51894
243407
55872
412561
69062
253888
14396
169158
159016
423255
152794
169151
30898
80580
16572
41315
67017
151903
246041
248180
30851
98047
248171
173328
64752
230927
158107
291104
42071
422380
81940
56546
417687
51910
170301
402173
607052
260854
162164
170295
629351
38295
264138
160162
162727
421842
109376
49760
245069
182920
414394
190494
195846
238627
184414
202501
291312
50027
191990
291928
153739
86928
88141
39181
164006
173984
190468
87527
194769
188624
230132
29509
191542
153174
153423
67846
73020
152451
161853
250575
38419
75913
247237
91783
163439
261953
86291
77081
67765
67401
66730
30867
19006
425581
257215
54815
421217
153077
67518
87872
152663
38229
109107
153227
152620
52575
237692
412045
251940
260606
239558
9586
261851
93634
245275
22502
251318
20945
84131
68339
250867
250839
185613
22033
183770
73962
413127
41268
187804
154385
248678
60642
25824
39300
616289
50855
60540
430616
99057
188550
182384
167738
172024
196117
258128
164547
254071
659824
259437
78114
411239
167009
26269
291637
29047
94616
243863
254308
241481
63341
158719
98616
619600
194767
26875
86922
81359
96172
164431
166596
240328
413497
169160
410238
5590
79389
28676
290131
72580
416709
257217
49734
198725
62178
174567
40587
416914
106380
9007
161357
172174
182425
191843
2444
181571
433183
418090
252135
417700
154931
27774
157316
39189
98579
65731
78876
68268
168005
251489
193562
433594
184758
84714
431463
246517
182923
191846
96059
72070
193296
90319
61754
421644
256209
10035
61058
190431
169149
158244
56341
24254
172183
422396
150922
280553
106781
68890
189534
169140
173996
170289
250195
248676
43504
247524
95052
88502
241483
153240
180370
91959
50415
72562
248622
28545
90729
71147
421716
237461
155368
68428
94608
428378
54056
190495
99290
195668
27054
23446
155667
181861
380383
59740
252700
9934
60176
40562
162171
43230
180491
189622
259033
196112
71956
251855
67971
159695
162179
258131
88552
50306
40931
164081
198780
151981
238303
20169
90681
1937
78779
409647
65629
76147
54388
88929
6027
108873
78183
153725
420822
159396
259167
416911
414382
66119
65671
186863
24393
188323
421274
85821
67764
187927
88927
172144
241798
258140
56437
196110
238628
37308
201013
80337
24194
259956
91169
261549
40313
291003
185371
41266
50895
259623
94760
249140
108783
30899
236008
90177
90883
170290
200981
626
83310
140546
187226
1412
96938
50995
72373
168887
153250
92393
90648
74908
27362
93364
80063
26195
9979
44368
198611
66731
237848
251692
248167
201087
281413
155762
411025
245024
49566
257527
75398
247048
68129
247302
193150
8134
194506
197373
75095
163799
281457
413339
21884
250836
242200
249097
191329
201637
41425
248173
5229
160953
99623
161425
2994
57694
195864
243378
188367
36448
51895
291284
56556
24534
96953
100570
188794
292097
247234
31373
158713
78131
95036
53388
432904
170585
99533
24546
180493
253869
290125
237752
260858
152465
80885
15999
80338
108978
171169
98024
71894
16955
411240
33656
85623
247519
160060
40672
61029
156466
109323
78052
28899
90049
35669
188423
100620
40656
34330
237110
52528
258142
88907
61751
280106
416812
95459
261758
173058
165803
155562
66672
154163
154716
152217
31371
24152
72096
72077
83955
183812
290810
66671
78804
246358
243922
4806
85140
155649
87530
167426
71917
51693
252368
95559
73192
80420
417693
186195
414602
71323
73787
182380
248624
85415
108419
167739
193504
195633
237401
167952
427050
98820
6249
41398
170784
73170
27772
88909
63716
161855
41025
89948
75994
161000
152329
84757
171594
81108
84811
250793
182426
88469
158662
193029
35153
239299
72504
