291630
191469
193997
107481
33402
113349
168098
95788
238806
153896
22972
70082
254296
261221
174555
238889
159135
184342
34981
138937
149165
157782
257770
171544
173199
258633
186483
147658
259068
416275
245498
156003
155712
188157
261136
422433
34964
155600
184444
238335
117661
182982
21939
155731
132053
148785
150234
425681
253768
161905
261607
155561
426866
138561
162145
182194
85031
257531
290260
138089
91339
169699
181525
234595
123078
261496
137483
193123
161503
238999
96498
174642
33424
167893
291591
146922
167891
33400
120100
73677
247722
191109
148754
281081
145707
173768
99935
428532
59215
291631
156960
263022
187064
32270
412376
252931
171120
191564
290811
433241
182768
137236
247329
184265
238876
109171
57782
423442
186495
248187
155649
8521
184598
291284
184077
147380
113509
111105
253422
253787
122296
38990
281759
134602
189910
154986
189221
182252
34152
431358
189359
29674
250093
70793
160720
247640
91049
425122
47411
188098
416710
251825
416990
32604
118710
47592
191576
166452
125944
98501
186710
160498
125995
251855
187282
409833
133315
266647
416358
247022
252362
250836
180034
239361
136566
195159
149215
184340
116136
422795
97674
230362
42975
188643
183225
262085
117812
180670
188488
95401
118402
230350
260521
122371
121166
138556
112455
116663
252537
97386
172693
248014
119336
48331
155719
157333
51821
131836
171482
160092
98098
168427
253194
416815
109389
55115
189968
18586
431355
147221
186152
22970
191697
427596
420475
190399
192322
48339
131886
32336
183089
117200
195155
31510
186806
180037
420420
185590
158863
7789
95319
238382
144830
132722
115719
119334
118277
47614
155229
116234
154524
187287
45265
413825
34988
152250
117810
238948
249426
172629
258547
251599
235856
413854
121145
138092
185371
291325
153026
237410
168215
290287
195407
85064
37693
117791
188793
185179
250166
258218
96744
180665
126015
42103
171823
119384
182666
239052
117758
252276
421880
89943
262837
48334
280736
155668
259957
118125
154721
237947
44470
422396
22968
120663
48347
159649
418861
429520
126263
112039
121754
253387
173889
92213
110080
93214
181228
185475
89939
146117
135345
85030
418502
258774
151852
417101
12633
153728
421645
38979
260486
241410
137881
117533
258809
180029
380344
18747
252394
194383
70797
169564
138808
235859
291143
144944
113924
432200
412998
759459
416531
154914
7768
22465
418658
169601
155277
248353
235896
144980
137786
90664
171678
257405
230227
125978
107082
190634
163877
429224
34754
90317
194648
193499
263104
420444
190468
426543
421903
247302
170908
51289
36775
94393
183031
252088
98494
194342
16195
148740
146770
145187
156251
34137
167046
154940
133765
33313
188727
180666
97013
259805
168094
249810
5260
180988
133438
240128
172082
258712
150099
154716
42101
27175
122294
230416
90713
258610
187516
126098
421287
90649
290872
45676
423940
153405
73678
138712
63896
92444
33422
96145
194736
118603
119330
164229
154250
164373
427684
180039
411862
128237
252997
125150
94780
37388
237141
290132
230549
159247
130633
259381
94999
164761
193177
172281
155779
185115
99915
416528
257441
431971
257830
172285
21932
138696
161319
191045
90002
96558
245032
421277
162227
145866
185354
252605
255459
421109
248892
262060
109556
257220
181239
290378
136313
247407
117703
258113
415293
425659
180689
191284
431968
126019
117880
241242
195259
430571
172801
164957
113734
249807
11918
148498
187201
51391
138196
12639
95459
430698
230548
29813
93588
151494
147822
263032
236353
143811
159443
255805
250626
261942
245021
428908
14708
145835
238502
147080
193737
146124
127829
249101
38873
417698
159168
249634
168361
159646
184447
193502
113153
159731
168422
262351
428097
109897
45268
171485
133338
13019
239761
97777
249095
5563
257234
257469
183789
281083
415596
245811
35541
253363
84228
165419
247391
96000
153741
98951
250837
5620
245807
423267
257379
391424
84239
189206
264503
411204
45589
31802
12049
184198
248660
118412
244305
148358
189922
253781
164005
194500
94520
126310
89948
117202
22457
103745
261718
195190
180448
426858
38771
167506
125743
115718
99512
188411
119417
11795
97388
239564
258619
182618
419069
196176
153402
118404
161018
409596
237408
419492
156106
128360
11269
194433
98965
118236
90325
167890
119378
409853
152796
155977
161425
417940
261953
187341
183613
136570
111102
19766
55738
146123
157863
5967
180149
153351
163660
249310
38202
136225
166507
33185
413530
417694
254058
242099
182424
70218
157416
195346
171594
98782
188648
180737
186709
165771
173663
195271
192784
128361
418266
96958
194640
92223
145304
8536
190175
194381
93547
180645
426554
130791
12849
416989
191333
172300
8296
42999
248179
183733
5524
57768
417215
184199
125747
106935
55739
185003
145865
147500
173673
143359
5565
246731
415342
161397
173812
161576
194767
186983
253066
238907
424889
125405
55699
17713
189220
195851
115568
155864
243383
238367
165774
144981
18807
43082
63349
14788
122293
134213
245029
95654
193623
161339
118057
98502
93476
156961
160434
190727
186562
259353
185501
36678
19622
259351
51396
172697
163389
170897
147675
128296
143768
169042
122961
136574
70800
257945
166349
191655
139049
160505
45042
166924
260999
189783
186406
410999
11788
174150
415887
112389
181682
183219
188356
262661
240014
244162
252273
430972
187219
107598
42764
290989
42364
105484
186221
85048
142007
413491
136488
159246
91708
193353
187823
138389
419226
35610
121781
155720
251515
98892
424154
96233
119323
253321
11641
180838
164830
126039
113302
186810
8668
191535
410814
187323
253772
193179
36915
188445
290006
414365
195531
118278
230691
243862
54223
259032
248260
147724
192338
163799
291300
64080
117424
122632
253000
5557
14615
248805
17666
89935
85230
431052
248015
260529
145956
257485
19757
190748
193931
38942
161427
172657
125969
70259
64070
91286
17630
230346
159659
45261
239231
154316
248882
247582
162159
240404
161387
7846
172077
253567
252087
168707
144677
156183
236012
152261
96181
160876
411448
49147
235838
14553
5526
245747
90040
93826
430364
260282
5598
38762
230132
180925
290978
119443
163282
94341
230188
124322
136352
7829
32371
32315
183635
166790
137850
258554
154790
195592
191757
236333
163607
120571
51816
183034
119385
237578
48361
161855
243947
432380
156353
96195
35927
236948
262653
290118
426862
143770
156500
134645
4663
259976
91168
411442
257730
29712
172889
126055
51614
127952
160173
195180
250801
32498
184169
413297
189043
243382
181233
128180
94951
152253
154412
248261
152636
122298
19198
93475
248662
98402
184343
185146
93819
259702
418413
147231
92226
180679
76103
422044
183222
421484
189900
51808
158216
290982
424921
247398
109460
173329
93363
103758
22459
291590
180119
155907
260489
115524
241385
291636
413129
159794
17347
432040
173189
234586
237193
161019
182527
70258
168855
244142
160707
160012
159014
12634
35917
391174
24436
247639
44441
151890
264723
193391
55729
184085
193170
237926
118445
418689
185524
183842
230277
195822
162397
417691
118848
424717
120345
152880
187670
70660
189300
147427
699
194758
121056
131580
192363
173048
133279
185181
415886
184978
96495
121323
194138
192979
187281
96955
171242
180643
180676
136395
173182
162365
259115
416916
245092
246357
429207
104669
152620
118238
168734
54877
246043
421563
142166
89726
58924
415567
247581
54707
125404
38748
147444
154679
44429
125496
32276
431969
258109
135104
99608
37471
151780
160443
174552
94924
258713
32496
38825
415249
418993
54232
43115
192558
173183
5540
141493
133890
173452
190830
190745
166655
169756
32599
243387
190820
31467
257861
261494
133429
160704
172710
281498
417704
259969
253386
290706
247190
143173
127919
186768
186897
258557
249828
237582
137567
133965
156136
164636
258173
170295
117411
41743
124525
96527
70525
187486
431391
160697
181216
98460
421902
160151
252244
251504
70653
263031
163278
156423
258552
117618
432906
114309
119337
148402
190493
98284
164230
47590
290884
136832
182970
152816
413174
250723
96170
193561
433182
432209
261960
5616
247023
29892
160017
128195
96956
195196
239579
38758
146190
33182
261235
262427
157835
29920
159157
92249
421548
184974
251318
238685
136386
432615
90510
230414
36711
413731
130916
253695
47288
70900
154189
95639
101764
261771
291102
426760
172162
17081
169548
172097
143273
185244
139064
125742
32354
174138
420113
37657
91821
154090
252323
160024
245370
260923
240568
243922
429192
97907
260520
155215
262732
187995
96981
38760
47588
167622
14822
243500
162122
121223
136503
192887
111346
127751
230380
414354
248175
150394
107085
426731
262998
409837
237963
417043
132102
142338
51621
5586
159423
182306
291192
148757
414244
19623
120968
151544
252465
164551
196397
38159
184765
196182
241011
252228
422752
167177
12809
128239
188161
163741
14684
248473
172522
157035
121690
119324
147727
161654
156331
29685
259765
162102
163424
181841
19688
128421
191324
91689
160967
173767
189044
113000
246741
122045
8782
252247
96316
38227
95996
192278
257164
419070
291638
157834
128080
99627
240046
144667
261237
417471
91549
264138
181241
55664
499448
261688
163976
257221
290120
279575
91293
230600
433336
260518
237297
29811
11517
155228
134311
248945
19145
264759
118308
245541
172658
243659
33443
8669
132836
173229
252563
187880
418272
141710
281757
419796
154150
189015
238219
6050
241388
430604
186540
99187
246092
158764
185114
21940
230701
411238
4679
89933
246502
5261
153672
182935
35822
424151
161396
147681
159166
415248
415957
254261
195158
135348
5525
248889
169559
7844
158196
160705
238612
245275
230348
244303
172735
257839
138813
417687
249229
126027
238374
167994
36993
237967
131885
181689
90006
153072
57895
247724
261778
70798
59197
244011
160162
94424
91468
290364
230189
133136
172378
113917
70214
132219
58521
8422
246970
9178
253266
29812
261856
121950
161574
145220
431964
159793
170670
416917
434439
187284
188297
186052
267195
290038
190615
240748
165454
253549
143192
760465
245326
249158
409551
37651
181234
427685
159105
19178
234585
247786
193098
162355
240245
51598
262261
155636
24965
56244
183085
183091
131226
123491
243384
159658
238897
417046
251023
248097
189970
132224
188369
247002
157140
190047
250114
131974
421820
91465
144664
148362
91530
185358
112394
230180
240907
194765
421823
118279
194738
190197
111839
230128
148905
412257
421826
12814
188754
147204
418257
136240
164981
17661
417692
163419
160088
138803
189532
151827
153411
433338
168360
94314
33358
248132
180464
97479
172829
186180
172015
238858
241871
163388
92921
244040
429190
169849
413732
421210
55228
243642
422476
97717
248553
424860
419753
230466
5338
237674
238544
189199
165777
126192
230375
136223
243644
154468
76692
421289
99457
13418
185619
259789
195989
245937
247531
180841
185094
760467
149217
426316
180637
6006
246409
36313
280553
44389
230609
187996
154145
245360
258534
248723
186733
247538
5305
119366
426381
261134
245948
153346
253099
159103
238220
132637
230636
147480
49498
248928
29908
417038
236010
33033
260721
183114
11917
290462
132214
99723
90397
122197
236625
192011
261707
51814
14618
142744
105976
33035
131829
134030
180810
181840
237730
191134
116882
158247
416915
243409
188355
267202
281680
415486
259004
160033
63889
180982
195152
248622
51403
182830
171191
194999
17489
159873
263033
248255
191569
155594
116391
64210
171599
160034
257744
238306
195586
258567
101870
156593
47419
126118
281751
230580
253332
73708
70342
184201
245085
93490
131884
160007
237861
166232
245687
418267
121151
119326
184082
414356
413498
119497
32275
180169
35848
432215
156409
262092
423136
59214
239151
415603
188703
250182
41719
194756
155302
55732
429495
183296
241476
158998
243598
195828
290458
8849
236052
160444
39191
415566
170882
252564
145284
47489
47593
260492
42736
141775
246096
180663
90447
189261
245565
428541
166285
186898
192573
42971
96125
105989
260070
138194
138799
46851
134598
281500
260490
247866
11081
119270
257727
172762
246401
260389
136507
432198
418207
259186
12170
235840
90607
165415
167742
171534
120020
431967
117410
159694
245294
120971
267741
58917
189204
180646
99262
47445
252274
13888
247399
230586
238562
124232
184317
38965
34144
59655
7787
59891
430928
152886
126206
112536
291256
187338
154481
247638
430974
107084
262935
190055
257312
252360
13968
196179
185865
93771
246397
182314
413497
115942
157784
258546
290281
8675
167318
424900
12476
430970
160160
257394
238891
118388
90669
192807
153719
189906
143988
107245
253377
258061
97072
422427
7839
51397
257311
264139
180677
252696
91763
182693
95478
291460
148489
64149
180839
236258
154517
418016
119383
36700
194754
433244
290751
235387
411240
144680
193134
183033
173480
11801
152462
243848
191111
63897
159696
114314
230537
421482
38731
43858
247011
417686
51734
185403
99290
48899
19316
195150
194406
252989
22969
157367
241006
290810
246266
192816
136279
43117
426861
261568
185247
417684
182772
149280
116078
91823
237402
166230
155387
126214
257116
19967
260510
187822
96939
238373
421376
90449
115720
45983
37661
167702
430751
237142
161426
134495
147357
14668
47591
194817
252242
290990
252008
192566
147938
416132
144946
432947
158765
253238
150240
14669
155602
37709
38857
253390
234596
183612
37472
184754
127511
160468
172517
172284
128244
412390
118399
431388
12171
415226
149279
54574
38960
119368
432434
422858
97480
188836
249157
166156
35022
257630
155539
188310
86005
261606
191512
182766
155056
248236
168796
151829
253267
236268
165453
150366
238894
150241
237112
149272
116080
262678
150233
12709
34898
5253
195400
419611
251842
142336
426095
426112
430576
434093
115731
187615
95318
180640
420421
142436
429310
14746
3909
34442
230662
417829
156616
37462
144796
6040
151705
125746
137132
99926
120565
246448
31429
54229
290845
425441
185192
239128
160927
160452
248883
423177
262082
137958
183032
38764
38123
252327
252324
261897
258631
192596
143985
92396
262659
152213
94519
44443
153350
158373
7391
412046
31416
249988
238216
243566
157144
90719
29894
290363
421821
190480
26314
159699
174644
37526
47543
154064
261133
32274
125582
95916
419066
434088
236083
261766
137967
96993
182421
261417
21936
191848
185848
291146
163394
257395
186956
59930
181044
260631
96974
15918
143361
168467
146600
172056
434329
55727
246402
186142
173327
143885
237889
145183
138576
380226
90171
195756
37483
180027
37492
410925
186871
246081
93421
134511
51342
291108
261841
134256
97472
4669
249720
230955
141881
141700
135823
117786
117878
192792
417501
429034
158219
180370
93348
32603
18517
260397
239119
259346
181219
262941
187263
253193
186541
36710
93987
25062
163801
19194
290953
254297
391183
107504
252027
91077
247295
11653
251137
135822
156065
182908
194755
99621
157658
164641
159164
5304
38826
155216
136037
169077
118092
155315
37653
93535
117622
97822
195978
181398
123153
180975
246100
253062
98976
237925
145181
165410
248555
420672
116405
431392
153398
152053
128193
92553
230592
411218
185052
230224
239060
196178
8847
139001
90665
291431
431021
258519
136198
11550
249635
181127
253011
185399
166677
164568
185112
247838
37571
161647
258773
413528
190494
193031
417380
168857
94779
160661
124900
117559
162606
417939
230245
193970
12474
154915
113736
422797
19831
123353
51301
8493
259624
424583
94760
280609
419798
157676
258895
191049
146375
145890
136498
143990
241843
260865
154460
14554
172615
253009
148063
237281
237407
161537
115717
147820
115749
415051
267402
182647
190752
45923
183108
66716
160029
101277
252426
246011
142246
124231
195848
165772
190347
190986
190104
21933
141580
172674
196180
89934
159020
429725
251024
185098
412777
29907
161854
260487
174190
51693
145256
257526
174408
7221
290755
380386
257688
99720
252015
280737
260133
237711
425123
7776
18512
258057
64447
261683
186478
159697
57739
154758
249420
194506
239223
252962
159420
182198
249086
94390
5645
97533
166136
430565
258529
238873
194432
245358
134961
196053
18224
185616
191430
185284
131263
257383
19353
91471
34948
247545
252132
426376
118551
259344
93398
189908
258273
152283
244041
154824
91261
250624
418738
121951
171473
164760
421288
34059
191561
118506
8754
433121
192019
133436
192349
76697
171591
279579
115991
188125
115742
97824
260686
254013
147295
156125
55736
11254
759639
259073
422083
7843
48698
99626
245716
380510
230388
117180
192340
81950
259695
143973
237558
145290
152251
261860
258274
98505
180653
187279
13424
104625
154146
254188
130075
181509
170292
429876
162400
291103
195397
248075
413086
414343
59928
238888
11798
160888
291029
99054
189807
249997
9979
169810
161481
158210
247303
11655
153480
257550
25981
147555
94757
430971
434079
91518
137409
138816
119365
191122
180470
191133
264722
187498
415944
22988
194925
185198
193043
98947
22994
146140
127852
249093
145863
5670
192364
261044
428519
262655
426867
141221
111094
173682
158570
281499
38761
12707
154391
186050
418456
150239
99353
193527
117192
186276
8667
122302
190832
250276
164376
153872
145294
412493
45262
93825
173060
9934
145286
120022
161359
90484
121991
163440
189902
139060
189120
188639
96193
246000
174631
183465
432202
158841
90372
128168
248797
159425
185136
173054
93587
239360
119362
246227
192359
194761
236014
260474
160154
262973
166286
183920
166919
230593
119265
186481
148759
183104
132774
431916
253947
14791
45044
131550
173703
95494
403509
248627
135032
94422
249824
133764
261711
424822
241390
180026
121966
185287
243615
291270
123598
236013
416993
418967
260026
237778
155909
130643
152220
10623
120129
188162
123488
118723
171483
45770
248625
180987
259116
58933
144675
173066
184983
162224
183702
97970
184166
427957
183330
158232
130101
188195
90647
119338
418176
431352
258503
290632
247787
259139
35601
37481
237849
411462
248050
125979
154465
180121
146122
162593
124246
409912
63904
181207
230410
12092
172632
196334
413698
26112
238488
424863
46126
249069
37544
411062
250284
33325
163197
25445
118520
5562
156067
124721
291574
184980
120119
96002
92215
238884
157836
260984
247397
127513
38754
252278
31670
107543
291287
93813
156490
37490
181227
158586
428177
158231
170912
246824
159592
131487
30302
137618
157544
145347
36942
237143
35027
427991
96573
237862
156528
416743
143458
422137
248167
122040
181669
187283
185930
14610
235907
186959
431357
174556
172704
130254
165061
417702
117203
246212
253791
125741
26113
126052
417502
153747
290324
254044
192595
291126
239227
258939
161423
252623
143870
98963
98669
255825
248547
171115
122931
170198
193501
151638
165179
154463
237854
147397
153462
419213
48902
52087
239712
259385
42767
246182
155827
126090
5585
123354
156985
146146
425725
424343
181401
123348
113739
230700
260687
172059
152785
429726
76701
261571
143769
237050
180642
418090
125990
186171
168101
47944
137801
257173
263105
34084
164233
70537
117784
248740
173534
190385
188366
119493
159169
184073
391088
94839
432680
187921
55442
188293
429519
243929
116081
32278
262997
161428
241978
134380
32565
184933
119447
137858
94307
193505
263091
90323
193401
430603
291080
413257
236439
136301
189772
260867
39032
259401
134083
153897
189121
249085
189951
166791
153344
149216
247871
155230
253853
151695
154086
189017
253237
121972
115810
185912
419805
415696
186305
237176
127982
99986
193473
425546
76691
172183
258468
36743
131348
162576
33362
188363
195864
144744
195991
183769
85037
122035
759797
162362
180639
185373
136212
167116
155929
159233
184976
45562
128297
118007
8673
237087
17631
185273
95609
250600
167704
144082
93364
5552
137852
250534
131528
250091
258905
259249
73679
189921
260242
133284
252427
150803
191614
237162
161258
186482
159447
291602
32221
189383
32161
51685
37488
55951
110081
167031
251886
170776
96163
433238
195028
248894
147220
38854
182528
119335
259352
258692
55693
262672
182464
49859
160371
5573
188372
241841
181314
192208
34885
35916
107090
291632
5288
230215
290379
147662
250794
38733
98099
146064
11650
120559
257040
122000
411280
421644
196326
8753
258615
195241
154686
247867
143275
97714
262554
171481
134496
119538
163393
230327
29893
259343
147067
127835
14883
170668
258553
96165
185907
171595
187876
165036
94871
259956
11259
99188
424920
427639
170907
97476
185410
192228
113508
234591
22455
158197
168358
184954
172680
422794
249909
262664
194734
162123
261574
9143
156341
174149
117550
70910
194419
156585
431580
144978
237139
45739
290908
168425
29772
154073
133281
290129
124995
5567
431823
11806
189040
428699
195396
257375
239627
262196
185113
39037
264711
420847
146103
414259
259006
430699
157780
111098
192782
291327
260927
259704
9438
157779
139311
195249
192579
193533
182280
234587
180814
243749
188365
157400
163878
247091
159149
148751
33444
416714
142964
94963
246408
418015
93959
37500
190831
137231
193164
250658
171592
56199
110022
126097
188100
145097
254201
411557
121150
238217
257884
191990
258515
193329
153528
131630
59581
119376
168654
117088
157417
428095
157886
180865
181524
147726
11919
195239
760019
117195
156186
238222
180840
54706
161653
253356
145186
139052
147343
95830
254393
418013
190491
434437
191325
92034
184564
19738
251602
38155
192035
190469
161432
132921
413496
60458
4849
416712
245353
97439
184266
409743
189205
250835
173823
136497
429407
710067
125740
32232
132339
267194
261401
118178
37506
245640
894
259119
155295
37655
241563
17637
191849
160015
429878
105982
55484
189930
413501
168005
90200
5530
230284
97927
94922
195759
132366
159160
249021
117984
190833
130099
117881
12706
5269
248549
14811
230560
160040
236624
243377
187650
59831
236088
190476
409994
250640
171404
246527
98165
162729
167578
417382
18580
22993
230428
230943
126308
168426
133314
170464
165894
421270
291314
31501
246575
259907
173201
188737
187413
250246
148688
429307
430616
243864
124277
196114
19632
160035
245111
8750
413499
188752
291458
121968
126081
290041
160389
160113
235711
162356
188405
141313
165421
245513
251827
19204
17636
125153
420132
281497
183663
420370
191330
121753
165450
144679
122852
409856
170868
423772
90512
195758
34294
159162
147598
45052
64168
182769
167835
195070
413734
238340
760259
230945
8522
267197
418501
184145
33034
422690
192796
170687
192339
16100
433077
258921
423636
230274
134882
261858
411820
244198
119328
195450
147825
151733
190048
193759
174171
134509
43081
63919
186598
133437
247017
182304
66935
172094
412044
145382
236006
12005
155621
185108
97676
11643
131079
418994
18579
8678
161349
35915
260859
281501
185285
172382
253844
280547
419212
251135
173592
113106
428956
257713
51587
109417
32700
165874
160038
185927
193532
185137
263094
155620
90518
251483
96173
419528
415606
172678
193530
230464
262190
250210
148762
188789
260864
99511
230044
159451
183111
172307
253566
5515
160318
243415
70911
188936
249110
152807
254284
164455
154934
111347
6025
192008
134031
7220
169413
426373
417941
186534
54810
433907
194766
14789
146459
6639
166989
5529
194878
164226
426031
237146
411553
262094
181691
246017
47273
250502
157138
258764
257398
173607
167669
39031
252372
27176
160889
239782
180661
421818
190003
55741
155587
180578
193619
236296
186582
29691
174409
96746
240328
230217
156532
152479
249989
238906
159727
127951
238887
151756
97337
45743
259392
161764
290984
230431
237819
170159
417701
145301
267276
173095
55950
190608
239240
236007
111084
120079
240958
238153
160022
39033
280513
59761
33177
70347
96522
247546
253959
411481
181743
9174
122041
237400
249832
257687
248890
164831
290032
90448
174613
22990
130388
125151
759364
145305
230463
12820
19739
185397
17320
85036
98886
250724
59881
137782
99478
96174
250865
425260
252166
165163
259201
884
246097
93985
258368
45725
419612
183088
245870
247521
193193
249723
247642
237111
43120
93823
162403
261139
33686
155551
189793
429312
291562
149051
193902
409511
128079
107098
125917
17789
431027
180687
158244
193863
8385
261710
137732
249089
167119
156092
59749
169461
188126
421988
257388
187070
14667
2994
412842
37125
260182
91900
134883
194515
152488
194376
230130
128231
154928
94870
24358
131611
92212
191519
95323
96167
256677
132422
34188
92214
192991
239184
414559
180028
94998
49846
148771
195261
250840
262654
107094
157470
165418
418745
181839
125337
96943
245090
136838
180681
411756
427184
95297
413493
254177
63870
290749
38827
238901
163147
29771
180460
237153
138848
93632
291222
182918
163416
183788
181686
174147
413700
120557
188364
166346
153054
119445
237751
90427
125149
259734
266644
153226
234593
252322
12051
112462
5964
759637
253918
9118
73670
54681
168116
160096
98569
51461
182771
253029
251657
154453
188550
165776
172303
189530
230329
291433
254072
155562
161644
194257
70219
167576
433594
238001
163733
117701
148422
63900
434419
195954
186566
260135
246498
258952
157677
245201
251077
247092
73680
417685
414360
155019
264533
185218
260527
107273
54614
246729
32236
426125
159875
161353
91226
97941
258110
138129
237946
262016
230337
252047
42102
188308
147290
147425
16078
93872
428540
118791
195406
70256
139015
153510
238899
259348
55224
152264
117186
425444
151903
238883
183870
172712
251658
188705
236260
174634
261012
192523
253784
196228
260134
151826
174444
22937
95036
185864
35609
19284
420226
64208
230539
254060
252143
161573
174527
38750
93253
37512
253765
151706
155742
93983
426096
32873
245867
85237
132491
238893
172078
249882
243916
122957
163459
250185
196529
9175
32340
247872
33178
192783
173344
194159
98893
230352
137481
161027
7218
151448
168104
235988
237115
132577
163565
76685
9177
185135
116531
244241
150824
431972
420139
241337
136222
190753
260777
90487
185903
32233
249049
260860
14955
134168
250802
34984
32035
92986
412780
186595
192229
230036
182923
149128
195256
260689
167581
117721
128227
146844
259076
194424
169985
154228
187692
97779
90446
137421
5559
51737
245496
193165
253376
99267
432112
413391
155595
162228
424342
143291
425661
125799
263102
417677
291639
111082
171531
184987
253761
159292
165703
238875
427095
245732
433268
150237
94783
194260
183632
118785
260051
230013
130015
189461
170911
191112
246214
249160
99988
34900
236263
184446
37586
380383
169381
191327
12813
91572
183351
419227
261416
415498
155906
107081
45746
125259
5650
189045
427686
146597
172905
124239
253910
195269
95321
235743
145838
195417
291104
112381
136839
253197
119333
109416
188359
262366
252627
237692
172098
416813
257161
160045
48901
35078
150315
259607
133132
14738
247580
32268
94961
433371
250541
92299
148918
54181
151534
237766
248574
155666
422884
35928
123151
257178
193507
161652
195345
90702
184369
159421
171119
259824
195857
248559
146743
147910
194421
193633
119264
186861
238213
145954
186496
429182
173606
264522
144135
194753
132220
122386
246957
64211
93803
38203
122958
193622
416910
91876
120556
262446
159106
235806
419801
418014
194420
125345
119110
417519
138987
422719
430821
114310
147083
163461
194389
192980
158566
430133
19134
138557
423252
262841
18839
155588
245606
416405
76707
155585
185846
37581
193508
64416
143485
262680
426405
260688
245608
37531
250839
126205
161318
166918
153060
180576
236267
14763
196111
13512
138698
195164
118808
427458
30963
243915
411975
99996
187225
118015
183107
249320
426380
160648
32267
51910
103553
5119
37542
36667
94901
11617
421917
118582
147686
245497
142498
63894
247047
158218
133133
258711
262195
248621
64213
162357
426509
154384
185111
238723
163488
155540
152211
250833
237147
120122
245557
246311
258566
161702
148790
191431
147780
424861
144832
260390
96501
266259
433457
70215
153725
144508
112987
147527
111968
113923
248189
122292
118179
47617
237318
138467
185116
257932
171491
259035
112006
93907
263084
183810
150806
165413
141223
167740
161856
42197
147499
151844
95806
192159
154060
19740
145645
191542
188472
122308
421488
413185
161734
125977
163881
193626
230175
191577
290457
190828
133374
192909
154469
51733
167158
6319
146133
14671
251942
380482
264190
291633
188358
185194
156577
148399
86019
236073
237493
165408
237326
56231
170664
190497
99105
196284
130387
162350
260926
48238
250629
187221
126209
90439
19270
99302
187925
94512
153726
391131
148773
181665
237808
413697
114312
240763
5610
155559
239445
263062
291141
253936
242110
119219
186661
183014
89936
5644
193175
290999
238305
170748
267196
120574
160448
148715
183697
159045
165932
191559
259666
149050
161772
257217
185541
189846
157674
22995
264523
263107
41694
246217
39034
51446
159046
92913
170150
94997
145434
99445
189923
134313
89945
180686
290327
252936
31478
107498
96061
131349
104645
156184
391089
253385
230103
119267
245138
11618
240749
174545
247544
120554
119345
70254
52076
420480
760317
131579
126312
181211
169380
54596
51428
424496
237113
246054
411307
121103
253673
5542
181021
151561
120146
188835
230376
261573
415245
173815
171029
418567
254636
51738
162226
421011
42356
230285
238772
251598
180926
414359
193178
258256
418270
249228
141681
5619
143276
36679
290986
152214
181469
12007
191568
184234
195976
194375
70539
141499
169338
188729
419439
192356
163671
290944
51791
409614
27177
64065
253759
419211
113735
237965
49093
147292
418726
118189
164140
234594
169968
189347
146599
173187
47622
98878
160094
172646
429178
90326
253790
189945
153466
167256
101867
33183
35853
190434
186732
245793
93400
241849
35874
168749
258718
258258
161345
429967
191989
416988
118618
194769
14787
245866
426030
92770
167903
8383
119369
30303
173731
117785
155382
260027
38841
230778
250820
238551
237405
191846
134207
429416
5963
158567
43083
185193
8399
413127
411024
172666
92394
167642
130021
136504
290121
433216
252137
70133
258112
51893
403298
151922
99100
760464
250252
230116
163392
99923
92577
247029
168097
238904
158225
263097
290283
120939
419806
414536
187069
167950
3056
25980
193484
121052
99914
98796
291520
409647
247396
417676
95623
162354
243498
184162
85035
94342
413207
425066
113006
258477
143871
147259
98277
261533
173228
91839
94781
34376
147296
163276
118860
135205
182530
418096
186447
91692
147426
257862
290027
267273
245366
166196
192318
230255
134713
99458
124997
8623
37822
99057
125399
93906
155281
97590
19193
140987
192588
159851
51819
185693
416406
14670
33470
187927
29909
183467
184314
290981
134536
145442
149175
258909
155322
237178
37482
194751
417381
154756
262058
189890
280301
22436
249823
46796
92196
257767
289986
85986
431970
164697
131075
5209
110042
260632
150809
257381
192794
249076
134082
90324
171136
5541
243414
167972
247541
165899
162144
172644
257408
230262
96957
185359
93687
426372
168860
32563
173535
93871
291285
22992
187730
262602
98496
192207
417384
191677
150191
144656
427745
417453
99064
99443
262365
193172
94343
144406
186181
259424
147739
185539
38850
14752
156013
230174
150458
237860
183750
261552
172661
51790
249811
153501
34389
247412
47488
158843
37654
91946
172093
236331
147725
173331
127824
186731
413495
54235
89938
291288
710060
147498
230216
159189
154403
95403
190496
55319
22819
194466
55749
162196
118124
119380
116680
255853
101279
154482
172696
191408
187926
423637
146769
121149
55731
250710
154775
140254
184589
239152
192317
148760
171590
59769
131346
230249
187342
188159
188296
260925
132255
413105
172682
268018
196476
168468
186989
158211
11048
99721
423254
169434
90055
143771
186782
121053
126204
167041
117530
153244
4817
21930
172371
99978
162658
70534
101256
244025
195165
188959
417962
185240
98952
409849
45554
253773
291613
259743
423582
162393
249072
120572
174079
144745
248885
190929
253764
168998
62633
113108
121250
230782
152559
118623
172277
261864
22956
258911
34197
184979
73675
249423
184279
48785
107216
8727
92793
183226
189210
169983
290040
105828
190348
117814
185122
132000
291106
41725
187275
257219
97438
181213
259166
189491
132423
182663
241789
141316
235855
409578
193408
420818
258550
230014
261623
416741
63918
267198
144684
254046
44461
167921
17193
192630
90841
120576
14666
153255
90728
185100
51735
259820
423854
148756
136565
136069
189796
259667
149088
125412
420183
47820
427234
196256
8537
281455
149263
149099
194741
181824
409846
259165
291324
133891
31598
27141
230049
84124
418735
139312
418545
166348
195151
163927
431393
118813
290625
157315
121155
51710
230349
64079
432214
12816
238564
182920
143661
261057
173821
167738
110311
188833
120560
190092
237694
153425
265179
189942
257876
131848
115745
116235
186776
264526
192957
246740
291637
119444
171715
428533
157051
96571
138544
133283
247239
259772
426094
70196
151537
144325
241123
245792
193866
180740
181680
423640
236276
188099
156115
418271
186954
246234
258101
37602
246313
420846
126156
116082
180577
95315
253782
166990
115196
252085
8655
32499
253568
35020
93827
33469
33232
12819
21355
156119
193647
244204
173453
250911
418744
137256
160866
14679
241012
160041
172719
160023
99625
243657
189122
58913
47490
258242
138703
112124
93989
183770
165683
90506
192981
237585
54725
247522
260768
247585
262197
413298
190431
63922
760018
258908
51586
172014
171118
239580
92197
429812
64167
253001
181748
290722
172660
154932
263103
237202
98891
248893
191509
290630
90018
182071
239716
186179
130417
11633
188791
99563
241115
99062
253793
189237
185712
253760
120021
47921
92548
246050
291353
171448
186456
97553
411801
159730
157313
185297
415064
422533
136935
36740
190328
192808
248177
153746
180675
46988
161561
45045
51419
159431
14794
181397
188444
173620
182773
169026
120081
34411
162575
97613
112296
36697
188964
247393
237577
183703
250800
172301
156154
154396
33244
6045
136351
158214
247975
163939
187546
180662
431022
187029
98217
257933
182045
134875
49497
246887
22452
180924
238988
421716
166795
163698
29912
149134
184586
259706
195047
139022
18511
267275
11634
189006
193865
118735
183827
47540
416924
173050
240007
91822
29475
290003
196235
161808
420114
174450
409993
27026
257222
191841
412778
189368
230315
193228
236144
131343
238606
258843
38753
138392
90666
173822
252249
123825
412838
166709
126067
431382
19530
154935
188803
419210
162352
126066
261558
193531
181687
238892
117136
158104
244206
158587
70077
159652
136489
17629
885
48900
188292
193625
118318
169013
118280
245649
90618
49860
188996
416123
168858
94953
105141
70799
260507
14696
115516
186053
416605
118871
240476
172681
137411
391173
181230
186599
180692
194092
249820
255579
189905
168114
412003
63903
162886
158157
182532
143700
93026
249082
262050
237259
97096
173826
193560
33999
162222
92397
184597
107006
165803
116222
89942
291264
186780
249354
244163
239281
184165
124236
237377
180659
190743
253395
230377
119379
99963
261685
122738
149182
180647
418095
154525
237145
194977
184160
290126
34825
259606
415223
165665
414361
11800
32612
185245
153463
172669
249636
51497
139063
250619
239652
114245
161999
237177
259663
142220
257840
257470
152453
181571
145038
193168
47625
110083
59765
181220
126076
35856
138923
142562
432113
417539
428028
124896
169232
133714
291111
70232
117324
259349
32223
153386
37656
136226
257765
251847
187476
122798
4816
153210
170163
63895
257043
192597
151557
118875
186455
167607
195408
186170
115747
125997
17712
230412
94455
267200
164954
422573
433818
263521
248632
97087
254407
174298
118624
194975
252933
189924
167582
186662
120023
148765
191019
163944
291116
25067
191150
180742
155018
133333
44434
5558
412841
259167
184579
161853
413193
248548
116657
11996
249097
149270
138363
418908
280622
280390
98897
8749
89944
195993
253696
419441
251068
121227
409615
70087
262501
158101
168423
141581
35914
161355
247192
137482
259806
98895
412042
147205
154373
409623
193745
33170
416709
36712
115736
142164
248663
34883
172672
245024
194462
181315
119416
38638
248562
425958
253767
180867
195048
417693
428429
710030
261936
163387
46819
117425
253946
124119
235839
122036
250864
418688
427388
154142
421285
107007
73682
165702
240164
126077
247050
713
142222
194387
12807
55725
148753
125402
252677
144945
167032
239118
70813
97336
170035
241131
254179
409960
258565
191694
139056
135181
59770
422234
42202
425109
426703
241386
259709
5250
148698
97938
240102
171474
105728
147430
168117
142245
183634
163909
124887
194430
96295
160863
184168
124043
433235
193512
230120
19993
238872
429761
192351
134307
257504
239593
92910
262285
192501
195064
18544
235901
23459
93743
142639
137977
14793
144134
142740
14761
95314
70521
418007
130416
280551
120094
19947
5536
126072
169035
56138
159768
157027
429033
259783
118222
264458
156308
152556
253869
258613
107599
110309
244196
133344
182338
188620
153727
416713
121819
417425
47786
51895
166226
432904
64150
91171
260101
239558
243379
195995
166229
182036
193968
48266
291026
46989
93391
421555
258176
151522
168105
188736
92768
247389
117415
149132
112139
70913
173194
99110
235757
261493
124244
188801
48875
98214
10624
117658
172282
51252
247875
137484
19678
189795
251940
17634
157651
159600
189239
98498
156464
415803
142248
147347
251034
155730
157407
259190
247243
247527
159044
291326
253195
417044
430695
172515
189912
241852
153125
193862
236867
135718
99051
135827
260022
173450
239048
163306
187344
154722
163773
14764
19759
259770
152397
116677
184952
236264
128177
417680
255640
416920
241241
249177
131936
291268
148778
257155
126212
237676
22936
145360
154991
425657
21929
137568
759452
429314
126089
118190
184083
113151
291634
98428
235897
426726
84425
84218
19634
290039
126190
173819
158312
189349
258840
184696
192560
37626
84440
152210
291614
793
104312
173330
183748
113297
166794
154464
148779
255641
260778
151841
146132
5968
149265
37690
172700
291593
109553
267272
33171
93824
122739
421284
7833
254451
261251
250841
189943
237001
127981
250763
260776
250211
418488
150463
185711
159312
196221
161758
246211
118535
169846
144746
147386
96235
291281
419797
190927
409604
182040
195046
191578
96730
51344
194338
160009
165455
194802
19282
247465
247021
111104
5531
195268
42155
144651
241154
181313
188795
236330
195668
237411
118626
247411
263095
11265
138380
165168
170584
416655
253843
182921
19275
132584
251506
38875
137849
185241
253949
145843
419479
248262
247395
260244
241481
166789
280322
33404
261572
249300
253208
96001
160394
167714
424184
104648
97068
145309
182694
181232
194642
246517
91519
19899
186807
132424
251139
257635
36681
172539
21938
257316
126086
128293
38964
194775
133282
236262
186735
165063
189909
238745
136199
113357
262367
33305
248790
11051
90134
153724
251597
239711
248809
136204
98949
94902
409808
159656
160014
289991
424715
172305
33414
126260
4661
240037
281413
159150
70216
33337
170146
156295
183820
189227
154759
138402
264477
192793
192292
25291
155303
185110
126084
187726
172706
147415
166137
184330
251941
138975
192471
173792
195923
42718
262262
249088
128348
170628
157384
247505
153399
266272
14760
243412
138930
247019
195245
245173
134498
244240
134379
180651
245306
248794
253780
290882
23158
195266
192885
192581
70238
38981
243388
55714
262460
188101
21475
172513
166873
167250
165839
262848
174270
160031
51805
161648
161420
5539
64142
189004
245186
412639
9172
115364
262191
117417
429501
257745
160161
251140
39198
172668
118722
138131
247234
37582
230358
230363
169343
157052
247241
168445
249075
126099
12510
36357
54917
38963
17707
11640
116091
245196
130344
260494
257377
173195
151980
38201
281679
174189
183220
194385
5152
260608
37823
47539
11793
257146
18516
188984
172298
117885
422572
183823
239653
167998
38859
117662
97940
171116
254024
25982
236004
186667
167159
5546
244302
136207
182919
32613
125898
123359
70936
141395
183731
141882
136048
253024
125152
243497
98950
173328
280735
169982
147682
33323
153977
248623
169364
156426
37624
153108
5213
163410
117525
416814
263035
11791
187649
247235
411923
136505
35926
59894
12958
10672
112038
181236
431966
38625
248115
183011
174554
195990
187923
169863
11045
157003
46314
93773
154461
248720
105140
172708
143968
116221
185368
230432
167010
98977
416679
118617
263090
42734
190954
8755
116649
249081
27605
194334
253319
419440
190747
5521
133312
163390
98474
138705
126018
290043
171597
155335
237192
190045
188164
32605
145302
160467
9513
290421
117795
123856
409850
174135
290748
182432
412045
254166
183301
148033
430929
427232
97097
230631
126074
54594
25065
240188
253365
430681
432611
146061
106938
262017
30304
38872
167144
159870
92478
189888
117549
259801
122198
131529
254212
415029
253766
191650
251505
239282
118788
132254
37650
238916
49858
96191
44284
164407
194980
180192
14564
153274
236070
99980
193859
148497
90667
165416
181151
250620
188796
164231
194384
152035
240917
173831
94420
243725
36773
45741
183106
258271
169757
155558
236332
416996
154480
155546
7396
414557
110317
193371
416997
119083
137854
173010
239449
126169
182001
258060
173325
5566
163281
172707
114246
195270
186525
156980
134029
140984
249090
261684
257315
107222
246355
131976
118554
70090
190825
391186
160445
33366
97997
263099
8696
47537
91285
246410
188623
194160
171683
172304
55481
416631
421130
138814
240668
186564
125967
55476
280374
249818
250838
142495
147230
261857
141699
252996
156531
163415
35159
257380
237752
149052
39066
171533
54664
37477
230053
109551
260311
250795
98506
118335
247579
172091
403512
183686
143928
187879
253373
119271
430593
169934
159654
266645
70661
126087
193432
412496
91690
32846
125148
181654
192452
157339
409929
255643
118509
118856
184084
195975
167920
194061
5321
24889
155908
418765
4796
5962
180690
412048
89941
151610
281375
168443
95068
138699
191203
45051
423410
118368
127953
192472
261926
124717
34773
131607
6020
257931
172016
55872
180942
19741
430566
98795
126101
91675
155993
260928
101871
290128
11916
194461
409716
427235
433627
153686
185238
264721
194757
188148
51469
11802
260500
250656
188787
59762
126078
11783
37570
107574
247520
46849
48242
230569
97070
258556
99985
242200
431965
434436
55223
257384
153342
59696
123596
130173
183086
246013
180966
163731
196330
186737
193818
189920
258990
152661
98880
142499
59763
6028
174635
188373
239830
263021
188407
191567
34120
11052
417697
169751
119244
230226
186526
55742
253101
257159
169877
195437
133690
239220
237969
98288
117523
253320
38874
261566
116675
155647
290628
159874
171541
153421
90637
57060
97435
24961
760463
291282
195865
188706
121165
93886
234588
187066
242111
252325
34148
419664
391177
194224
186139
426588
252326
97782
417040
116608
131606
172635
254050
157907
237272
156135
157561
188442
258852
29588
423773
172036
94421
35912
259383
159670
183464
157669
240594
195824
194749
230585
165411
92963
154941
124614
253788
169842
421545
421066
230250
12959
245499
241330
236562
267199
118387
121195
141683
36950
92536
159448
193194
192033
250910
260606
51666
172309
9145
43036
428060
192571
151828
118333
196236
418862
95128
192946
171498
246255
412375
35025
136300
257332
36354
70901
257867
38985
257527
426759
133345
147316
189123
236011
247026
36713
136394
91691
51470
39065
18876
70902
111474
133399
248973
259787
95900
159602
237191
195263
9936
262656
36680
34175
14954
411976
193853
168106
185866
261021
181742
168113
247012
411326
33401
155394
173976
243413
46978
99719
255578
421271
291258
182558
145297
29905
429734
169024
37721
13510
425660
259002
98183
262410
29911
159396
412238
409959
164449
252965
125988
419747
260493
158940
167684
55734
183035
90720
159733
148772
243789
158372
422574
426168
258555
159291
166798
290127
415735
182953
136506
143987
253067
34150
32874
258478
254215
183881
258922
413809
93901
186251
123144
187731
249819
172514
193402
159263
99081
432114
159198
133288
132421
96944
116269
426758
249991
117531
181212
161352
98366
153715
90651
412561
250535
156535
172688
159288
185612
145308
247193
36691
37475
259773
46285
34198
31760
260535
48560
237201
70081
59743
183231
191842
118370
14813
63923
35905
57127
17709
33169
95316
32497
85038
426404
165666
148472
189209
184072
244047
138595
193358
99623
171113
38716
425694
247016
419334
155874
99617
194742
230344
148697
253103
423444
262662
194650
11915
230506
91337
250907
46830
412840
259744
423441
113001
98797
126070
144670
431512
195167
249817
236865
189119
91081
428427
236864
111969
190435
153969
238881
134170
194764
187852
290991
290029
425845
245031
154056
191570
151768
97905
7393
191652
260523
193124
426730
186215
237968
183087
96456
114313
157484
230043
245198
32745
146456
38860
258516
94891
193174
195154
161338
240669
130644
253394
152252
107087
259665
167997
95914
162394
172694
138693
257330
123587
165931
173176
125410
195532
157368
38959
149081
247014
163460
130546
261721
195416
148418
188158
98888
155370
434089
254057
290746
188441
138779
257386
163797
195197
180649
195153
230404
248185
132718
252391
253888
240155
248230
427579
245540
265024
115461
250283
289994
118724
430247
191467
230589
193950
160037
169937
264191
194762
253367
98504
90322
109376
37509
38869
6072
118855
143810
186864
239368
156009
39018
4660
181214
291313
188322
257488
241562
31452
181218
180172
190837
183859
258378
141314
252361
426869
240015
114296
291459
429205
193171
8405
421470
118602
237283
258772
180036
419802
161560
121970
417678
159408
150915
429309
165667
51496
265592
421819
137293
93428
96561
192357
192857
238976
116270
157610
236758
131827
97554
239725
421272
29904
149241
181656
261565
24936
290124
162358
170666
261575
5544
4659
190327
93630
54878
192592
93986
118307
171241
17803
258681
415224
187348
96059
194743
248891
249066
132731
29587
237966
259117
262996
113874
90716
32269
170322
143773
189903
143974
182069
157672
188403
112391
189364
291575
260239
127068
290456
147252
260517
195438
119553
189350
193122
112005
95320
181754
122042
161646
155573
95378
146066
188800
21321
422343
196419
183749
127980
12962
163849
157563
160646
169862
98273
149083
51813
161351
244042
759691
173787
5970
164582
186952
126071
55743
156489
191845
118621
156984
258614
97936
419613
101868
172084
416912
193113
153900
91085
262117
112295
171543
192789
135071
246216
411023
419741
192884
31404
247721
98507
248796
257466
196494
173170
97776
142335
120091
188399
172642
162402
33297
151447
190540
416923
125323
11841
117184
191557
262499
45267
37493
236266
147424
174633
429311
106925
160647
118416
171593
91704
141885
46127
259023
190925
262426
93726
186777
152346
133372
97095
145312
54226
254068
248884
246218
155596
432206
5229
188624
174139
238902
51402
8626
418699
411063
137848
160042
111840
267201
425779
38831
113504
55229
181217
237576
155822
19975
182305
93814
257709
95956
32324
170946
252071
261867
154385
166058
290007
37507
192886
11660
259320
244026
258656
124240
181732
44462
123489
132223
98989
168704
252791
125325
31438
11794
91819
107036
159163
234580
118625
195237
150094
194768
420192
48701
5632
90721
12818
258450
421483
19636
193680
189124
180579
259745
107089
245061
182468
34132
19129
45248
258146
22472
152784
291576
93502
63924
93899
290125
167996
190482
409854
18578
196260
5560
161430
418690
154723
155279
236066
261859
251639
262660
96168
193176
192590
147387
421817
151693
291142
261576
35843
145272
11638
97015
162187
25442
253998
31931
248234
14801
426374
143039
149085
419209
164640
244567
189887
155111
109559
261034
21356
166139
54605
162225
174553
127828
196335
96574
416463
50225
252016
49598
162353
97458
184233
155603
403511
259768
58914
249065
91082
37508
187585
46110
252358
169078
183022
189919
186480
118011
11642
19743
241372
171598
99489
415198
46105
136798
249071
262229
154891
166201
160865
96937
247244
423443
188102
258739
236257
147388
185102
182423
146121
118001
159770
11646
196530
153688
186668
169231
417682
120561
184161
246964
290750
119367
244279
196113
230583
238303
259408
417372
99710
112498
160290
168469
161400
281750
258723
247873
415294
51681
183331
191046
152258
11659
131549
414558
165452
138683
5576
188123
240573
43116
194388
159289
427183
186734
91078
260565
118763
194423
248840
119446
90483
25066
417777
248975
247015
257528
261943
184973
90650
230244
240665
153420
12808
133343
182184
132420
63917
249102
249821
189520
180858
759688
89841
174148
182554
167255
159238
253778
291149
136347
185899
157891
93256
192341
186535
141510
195971
161398
259888
157399
126174
413500
99548
192554
168103
188370
120585
110318
422618
190053
230780
95127
120551
117998
115567
245689
62705
169366
153461
243822
423306
98221
291563
262671
159857
411758
419799
250842
186926
173041
416914
171532
433628
92922
184588
239635
290886
409932
44380
124461
160628
154938
14552
99444
96062
759799
55713
64212
149168
169988
195500
163487
84188
251027
76687
85245
260947
121050
194379
247327
425581
172702
194594
126016
36714
187202
120082
105150
243405
153099
291266
159428
146062
173061
190103
193500
241790
93252
243661
165898
32828
188635
32564
255854
98962
153905
18509
93822
237575
187729
112309
152254
182467
230460
247259
126073
291561
121999
159651
239054
264712
45041
188940
132225
247331
51785
36927
110082
239584
238196
230254
94958
411541
241850
158486
153242
5569
186767
238879
245868
97633
251939
241008
153968
257160
230747
230819
186883
51425
156310
147381
162364
290318
125260
185931
291151
239446
14807
421918
172283
238865
196473
161570
46135
157533
54222
99442
150314
250115
174013
8838
195988
120275
37694
119320
123152
113740
170784
192788
161146
45053
91676
93448
190773
138974
391185
187068
258476
192781
237258
193524
154459
156064
243863
195829
263034
90019
181467
126216
182962
432250
183224
249816
58463
168145
145039
153404
136043
430979
138468
153744
38832
98898
172690
190826
413539
154981
118840
261550
182076
181519
155576
112527
193897
101866
155226
151696
195168
193525
99456
262667
391189
29877
47541
11515
148764
411483
117416
186711
235940
99346
185933
114250
155606
96772
98896
32835
163277
101765
291252
22453
258174
426729
38190
194163
262933
93725
253265
126304
19132
93856
32212
156986
258738
183616
90722
194404
252090
116290
189899
253488
144130
138684
119552
257764
432121
243838
431389
254059
245688
417251
136353
415890
253785
186596
74587
99620
144672
183105
98162
48358
119377
149271
14784
163469
29746
251651
144803
90617
258466
98883
96318
433078
411803
188047
173590
153419
421217
89905
434091
421476
14795
239397
119418
159165
230779
8632
122264
262244
186453
173341
153505
93815
93821
191048
417700
186977
45742
238005
423646
98140
261624
63921
138804
391280
46310
259072
409655
166227
264460
145307
246358
190196
44472
411000
124241
433122
249079
121055
427597
259763
250623
145285
90436
144674
247240
259141
109419
164633
99141
152221
417499
147525
159647
143476
429189
290383
162645
120555
101766
160021
246385
422341
158537
156529
253855
99045
134309
257871
33962
171589
62626
171114
126091
155887
29683
380509
182043
124245
84223
230415
145185
49847
173342
54704
181911
133316
145300
11796
167584
192032
235807
290913
138900
174544
251383
126193
180168
156775
5584
240711
196115
131609
252932
151538
115805
94456
416913
190046
169753
167668
51692
91253
230225
54182
153424
159286
145292
263096
172679
148421
92794
164956
161127
117620
138967
115521
187637
139050
247408
252089
5517
230552
186273
31940
13326
14854
99129
125999
104615
126266
424888
117608
186581
184758
169610
262553
145273
113228
91224
252013
252998
412495
421891
237114
261548
136495
290631
145119
239222
194417
118442
192987
190176
25057
166922
111101
169987
165700
281754
180660
166155
99806
128186
251478
11637
187504
116003
38628
42360
16089
148367
152460
144804
33687
35031
416998
180941
160435
260690
264192
142807
180187
165719
427870
180164
35611
192226
195124
261560
39060
239299
122804
29914
182328
14802
193509
247532
92538
260912
144599
34182
39036
46286
195633
172691
186217
29668
261762
136280
247328
183819
260771
85056
90648
411415
426868
117197
237175
187422
136571
247236
248563
192355
49124
117648
85010
187850
156578
46852
194735
51807
143812
253937
409537
189931
91225
247499
125976
70887
193114
173820
185189
188827
55069
186659
119268
259159
153039
34980
246521
46853
174580
252043
160999
249129
249050
238545
163492
157880
125739
70231
91076
142742
51815
36744
241406
114258
162648
189799
165778
157139
148768
9103
411554
421286
248650
248000
94964
173788
243656
5543
230177
19966
145283
235803
114003
195418
186182
137563
188880
257838
38824
188323
254294
153895
12169
168705
252212
136670
240166
196327
421477
192631
117560
280833
9150
42765
33388
119159
172024
424636
126221
259161
98429
183841
430132
70888
230783
183636
123155
11651
258737
166134
155597
413388
124996
181523
126068
246501
160061
120575
195130
241873
11042
167317
251716
137836
141709
94518
257163
192209
186664
154939
260508
259203
155464
37699
169025
173752
260198
257156
409715
159187
194240
237962
183590
259710
243376
125146
193150
261846
248929
98879
181209
144319
419739
154454
191843
184086
250621
163396
434449
260532
238304
253366
142167
163850
117423
161407
192294
55949
430564
257529
409710
192797
237859
250654
151548
432333
419807
267277
238909
291112
6521
95072
182201
36970
230973
280946
258236
96103
152456
85407
190926
164366
153465
185139
248401
245659
195160
259118
155393
230535
280370
115740
137853
190495
252083
11263
165704
8900
159262
182531
433278
194520
173796
193529
5973
163759
111971
180038
19756
70170
138707
90320
11921
186809
253423
134647
187278
127713
240021
134964
426167
32234
243646
31807
171110
230411
759643
118004
148718
237579
94995
196112
187800
257525
126049
29936
55483
246094
245121
185101
147428
166241
254301
90672
158105
264189
253769
6065
187888
187289
122034
257048
193434
31927
181231
92547
152867
192324
258111
14792
42972
81716
230173
422549
246971
120558
420477
252393
192858
188653
147066
185473
36715
196325
171546
97028
125409
246404
230382
111247
191511
117619
123154
143360
194966
243958
245011
189929
131332
421960
172650
246041
185472
239452
290179
422288
157184
173797
280996
144661
414358
194248
414179
415716
423426
185589
184013
96162
248183
183732
144676
43832
148752
145289
422718
41782
184414
195262
429907
169340
143653
182433
431038
138818
5965
91080
156581
263121
260503
98953
157369
117522
261274
55226
95417
55485
413988
185476
189847
411505
181749
184316
130100
5550
91745
116515
162223
152248
249941
97906
243410
434767
160281
184448
262419
122831
416746
251565
290387
186145
420824
125991
70620
186220
169456
113912
174567
120654
291160
160966
117649
252084
96931
160436
133134
5966
193362
247799
12627
237519
64066
158585
137968
196285
32611
391475
152609
238864
412043
99298
136936
280554
244743
127430
140200
253912
156469
173503
281675
194645
426870
160036
188912
190044
258710
162007
126025
257486
137733
194223
118597
237163
180157
257382
237713
248664
85236
122663
190329
121776
45046
194815
117621
246213
121146
134601
134374
158213
193407
163775
98783
261564
135905
51389
759451
262715
138215
135186
161577
422796
250368
91254
240954
188707
111081
252086
236724
64290
237403
168889
237961
33363
160928
194311
164404
110041
161357
152663
151621
173191
248659
45571
290829
123857
247093
237693
187280
172095
236008
110021
13774
122297
162959
247171
170155
188354
380483
247951
29709
47293
125970
145387
156537
117194
147552
163913
37691
184170
247949
184117
252935
252950
251601
136854
134648
194052
191145
251347
421959
159615
252615
252697
258065
138558
93903
158195
90199
247723
246099
280849
5548
260241
142801
184730
172653
153748
257882
154692
142385
14957
186279
156990
52070
95496
138685
25856
291280
152786
173858
29708
421931
262587
246101
433370
117717
147291
163493
195264
125986
172013
196398
194378
137480
37473
148750
96192
239438
254213
160163
29768
759458
174575
8881
260340
120577
31409
5527
247635
5617
11797
117532
29687
154458
181043
416715
262601
11789
189800
174573
145149
246215
185369
97088
194602
8418
98495
239432
412494
135030
104710
11792
230762
257331
5746
172654
89844
137880
433625
260531
259622
117534
418601
63920
145083
235802
152207
134084
258475
131629
117582
241847
261019
195807
33467
245663
409852
190478
37724
186592
261497
290808
244046
710036
174536
33184
196149
422654
187345
51820
239246
257934
165705
29671
144786
798
157906
154457
252633
236061
424582
84230
161459
250798
38095
117887
194964
260004
261764
181912
141035
434514
189207
154479
163215
37652
11784
32851
238004
261551
171540
195535
124889
246965
153208
48787
240246
101655
12817
170291
115520
428512
137785
258632
191695
11799
759651
115722
126075
51817
40805
245655
33304
29477
134032
185233
421290
185183
97056
193995
4691
430976
253792
259735
157053
241362
237998
423736
122933
91241
70659
260769
12475
91287
161643
191466
17804
93207
92387
237199
418743
131078
195181
119290
52122
159650
235712
85072
190689
181522
259771
162829
260361
259354
290367
76705
265063
261495
238550
239053
3302
95563
111838
28431
245000
257743
160703
262756
38772
241391
42361
138625
98961
165918
254045
188708
116120
258736
112461
117204
429179
145867
248173
170675
42755
188546
262325
170867
131345
169725
91705
432537
195243
36772
33468
95820
257829
245495
158584
189007
84194
245835
412667
126305
123782
128294
259108
19667
136790
167641
259788
237110
147213
759800
125810
144673
149092
14765
5251
32380
281753
98095
183768
173605
168424
29762
186811
239717
192896
259912
162384
112036
236065
148490
418746
167606
34841
162781
165062
11639
188798
266878
193132
118733
138708
416601
47589
248798
238112
126023
430466
90718
172714
144838
263106
180658
97012
127544
146134
237999
158212
238552
244186
25857
22991
14728
291105
237144
188446
70807
173109
247526
230420
8378
157671
238725
98469
116077
193682
196333
291470
181744
243951
117757
51909
190535
187614
162363
147393
166792
180842
153345
173814
93762
182898
169469
249078
422011
34836
152452
70089
187801
93489
31805
243946
11261
246503
118741
101283
111096
161343
109793
259260
185109
413983
413390
8384
131074
5537
142113
257872
186326
113922
158198
18749
162760
258597
432553
163441
180668
47486
290809
174014
118449
230465
253775
185138
189967
34266
156153
193433
191558
237848
426382
120093
253786
172709
36774
149032
128295
193100
241237
128347
89932
247268
140255
194222
191132
172671
257313
246528
8621
280879
252938
59753
45946
13511
126215
33324
173729
193133
245362
152866
230587
230253
230419
415695
183500
409848
182434
262500
11790
194785
425843
153716
230181
241844
189848
418185
187340
181699
107271
148761
238878
258951
161669
152464
54868
29766
153976
5671
145180
138812
97944
183112
419804
187851
244300
44474
189003
238691
168442
125396
92390
246400
165169
126092
152255
246968
32838
180030
134646
163745
157418
64068
161651
165449
155068
187013
138746
33364
123150
246219
253318
39062
196222
93347
29767
48879
95697
133313
128052
409616
194345
184339
55726
186813
247869
252632
19758
194189
417039
151732
36935
125407
144982
188878
170168
156381
186729
391346
137410
247524
195394
194981
92391
189223
97778
36666
91130
418849
253424
415884
173765
241365
133285
260530
8851
96164
37625
95450
37489
185391
142198
173231
172687
159158
136576
430926
63901
422587
291161
244299
99085
21790
116665
143868
258230
249064
123330
416995
431390
97908
230316
180747
193404
8625
118336
258517
146771
116083
120089
230384
48173
191651
130082
32834
48359
128230
429966
36940
230341
22959
89907
51915
258936
195826
54178
418490
409872
230178
171972
243385
51607
180641
97942
94874
33403
163940
230516
193668
160008
64209
169095
171237
141318
33229
193681
90319
117426
5519
96568
143967
248629
5324
195204
259860
230941
34002
411065
258366
160887
186860
180927
149126
191563
37291
70348
247528
148788
154062
253100
171117
153871
125540
95317
37580
423113
759461
239693
252009
113737
93747
250792
230417
186307
123110
47856
161157
195344
54180
70794
51404
152345
427051
12143
33230
144507
112680
119263
122932
416987
19128
247010
163391
180134
138800
432041
8573
138195
418532
186605
122387
181668
70168
261622
149278
5553
156015
134671
153722
252538
290376
11920
257905
418685
258596
159760
261020
5204
64146
99982
149164
281315
260488
5533
259075
253412
172701
43095
120080
155030
159714
155741
253779
118616
54918
19173
185370
759689
29673
119313
194065
156307
155123
247870
194431
190750
117886
171111
237174
230280
54855
194251
93393
116001
291286
245494
93690
424155
160011
187875
403510
171030
136577
258467
127494
97437
419065
184985
159926
186454
291260
45264
166347
235989
250213
230340
17486
411795
157783
115219
247720
98360
91084
147232
59808
172717
19745
290958
160875
38852
170906
96945
184131
90894
189792
55033
125411
172689
131828
160016
237712
99052
255576
90724
187887
99368
125745
169984
99061
415714
194739
121721
261577
180363
263101
261357
140989
253248
103771
173794
190769
428778
193454
189918
253198
55649
148767
243645
161399
246976
239305
173857
415827
432353
160112
280760
39059
166287
188420
96969
29913
415337
239718
235800
180041
101869
117585
244150
252428
262679
415565
252514
143474
252695
166666
258853
257399
159853
247542
142438
185928
230101
259363
261043
107088
35821
160064
141883
34086
92227
261687
188095
158768
153348
91294
159732
145868
33176
143278
230413
159668
195972
290117
186663
412508
90005
70622
36929
174378
240092
163279
37662
241387
154411
249073
19512
166923
168799
14727
169619
249074
246972
194618
417515
183453
35929
261400
188163
281674
160091
423425
194635
29901
166892
128016
264760
195123
415227
192348
172571
117702
258938
159104
433517
258299
141315
153025
19131
134513
193409
13667
159450
182253
51812
187343
14798
290895
182627
429879
130782
155586
29987
38962
425458
251516
43118
92920
194737
432201
142496
421131
243726
236003
194745
93112
194245
51340
253776
135340
42964
237140
101819
253916
423107
185372
48576
260801
164228
128166
170581
421373
137102
196425
261964
145252
22460
172656
127994
196332
173198
138724
149150
431555
253675
12144
172028
391133
236947
118807
230248
195401
253565
153614
185867
181399
123109
411863
48362
187339
159156
13887
17619
115813
91784
193166
290123
193107
120024
185209
237960
420031
234557
416963
138522
153053
166153
239583
250184
38755
118841
253783
191551
239055
162229
35913
423422
188797
249318
91703
180671
192160
4662
54227
5652
239728
95130
164759
168342
259608
5299
194382
239801
169023
264720
261222
171586
54231
32374
143994
158209
243660
160155
173684
37604
24964
127512
154387
239359
42208
154088
417540
144943
159167
230688
127002
190490
138802
187071
97014
194482
30141
51809
190808
99984
51418
155116
113474
141919
260195
145264
235941
291311
31804
142221
190058
134080
143274
190668
181240
245336
252219
239629
259736
244194
162287
241561
117580
94993
168383
164216
142337
126222
174152
235801
154091
109464
154778
96771
168888
168595
150802
155280
98984
151748
143881
37821
230140
155368
192013
159855
413184
37476
160645
35543
188641
249100
95616
24268
37478
56170
430696
183092
253485
417738
163770
158763
165933
234592
136073
118538
116667
167995
191118
33168
409561
123459
125583
187065
417516
248397
264461
250278
416918
260243
98216
246447
95877
433337
422798
413492
113299
120010
257264
252186
190346
181511
180863
247525
252619
145275
190636
418210
429191
115741
280825
165775
180669
156016
157145
169454
98096
70217
12006
187680
415303
66908
251589
427042
117384
186726
125608
90662
153740
195182
171596
139055
248499
187922
426029
192990
148700
250653
245785
417905
5580
194243
189969
29918
151694
156385
246226
261862
121997
95395
257689
29586
138548
99628
247827
252999
243658
146505
83730
32298
97898
195166
391172
158106
99164
237805
417454
235808
126050
37660
109465
186258
432203
183633
161431
170329
196328
172637
189892
195860
117811
122306
124786
246739
182952
185151
119269
58470
126344
38858
99604
159766
143989
90318
17731
29664
93255
157534
253919
160062
196238
238890
126208
159778
413339
257579
155622
186660
137412
92334
35872
194969
146779
90132
165902
164377
260516
42128
32273
124234
291432
143277
174446
192176
257174
154937
156579
195395
137477
230940
144461
136396
417324
35849
183116
253993
17801
259708
31040
95999
156993
261945
163470
125744
160446
99300
91820
33478
137844
429306
191047
47821
93402
418736
159123
119329
119204
192321
260262
174188
415885
173352
145253
21884
153738
248171
93844
146780
138925
165804
11803
413824
417679
113337
180946
245033
157871
17714
145282
30301
174464
91528
426383
253586
37514
144668
152795
19992
162806
95804
264699
160387
180684
245084
249083
235841
95899
250866
432538
192034
171539
152455
173184
429880
29910
251078
120972
418436
191117
144825
421279
411859
192451
180862
173190
144587
235939
99043
258568
257392
249002
247874
172665
193504
253196
432208
180654
193227
246183
248658
93902
426169
260501
39022
113152
37579
251136
181235
25063
173200
119348
120970
185246
241424
5538
133111
194064
186477
419068
122959
259436
155752
98470
96169
182567
250357
48561
161323
188622
126080
36770
152767
291140
101696
191575
159769
173828
248049
160026
241393
250280
169535
246220
121263
167157
164445
237964
182020
133375
259160
94759
51880
258771
170775
153721
144326
409928
291254
186960
188456
190744
419740
259887
155598
248626
247797
248806
168856
11654
261689
55456
243643
248804
89294
185204
256219
185200
145343
252211
174610
171749
186051
169752
181520
258910
173196
433267
249096
125147
95301
258504
120346
240477
165980
172630
173855
136242
90438
45587
45986
12811
170949
121226
418183
39192
80951
99455
250655
98024
423131
258103
434658
37529
236009
127979
122304
237583
238913
8821
260633
31019
248734
249809
290626
159239
29672
249048
250212
189058
189016
47508
196220
250832
248624
235990
64214
192004
241114
149130
245650
236627
165053
433079
147824
146138
237809
109375
94088
186233
111732
168052
194772
141222
249094
194386
413926
182465
52072
192787
161347
258709
137136
144648
258187
249829
156014
171536
161401
93820
258115
194976
134958
248149
411025
137569
422264
162777
290894
252424
73717
420935
413034
190224
173059
417452
416991
432256
432207
33188
11786
126191
90297
194967
42766
117199
249003
188725
422340
159188
425767
155224
146502
416985
187998
261682
413699
146063
95413
247018
37659
188160
159693
163769
281746
98881
261223
425682
183873
254047
158766
99913
189202
99547
169935
188295
59764
416711
418850
290985
249004
235900
147420
248735
29917
168102
290116
411860
57017
187802
416461
26932
125598
421950
99629
39016
149147
181657
7845
426407
151528
136067
235903
144853
291109
122385
36636
421178
18231
257489
142730
409936
194254
418686
247273
422524
249947
418164
159161
162351
280725
162143
248114
154251
96745
138700
111095
159155
193092
147497
235857
156963
423939
159313
124243
138815
126054
118536
380389
189018
172718
95035
163192
128238
111385
113366
425726
96773
418737
120937
246980
137103
122960
417455
188799
152219
185896
195405
188792
14800
162953
230699
186819
32610
49604
147293
237858
70349
156773
144913
142094
196475
246042
248887
410992
185604
5577
236056
18514
245364
250486
422859
424011
98473
167971
97589
195172
153970
423919
419525
45703
195251
146105
421620
266258
173793
156584
180174
122832
125400
147356
98497
194186
128298
19998
144166
17633
417953
145344
433277
51694
161395
254472
425841
172025
117189
247501
12095
147212
174338
35135
163545
48704
412779
280793
173967
164758
194335
246958
165494
421291
238372
93491
252608
48174
122937
48559
142741
41028
91803
29700
246193
124888
252014
152263
173232
419631
759449
417781
185849
93586
5556
93399
187613
119275
252134
152463
138951
141293
98472
137619
174322
18510
281456
117877
145291
291162
239298
18513
257702
98894
247584
169545
186597
248620
249911
291127
759444
259762
290014
125916
37290
173798
138726
5672
24959
174632
244521
172308
163269
237324
230944
429631
134214
172715
138847
32840
193355
144681
93818
46128
249342
238319
130645
181679
260341
111131
94454
45747
94926
118223
132520
188704
164370
241940
251488
241842
97502
145810
173532
148789
157679
190834
168255
145298
259766
62817
433232
249104
124120
159287
193993
143872
252035
119082
94903
120101
156774
153973
247013
429208
115463
144663
240202
193357
166231
93558
249815
259764
172692
163195
29666
172675
5961
17632
149148
19742
258735
18413
9443
180745
185234
17802
154066
162929
258751
159583
51818
255806
186884
181301
54234
133280
117756
118507
418457
167156
190181
164403
186306
91086
152459
118850
245308
93964
156534
173230
411861
64132
114028
182147
145310
238874
168859
134171
155469
98219
260770
73671
186713
159673
156407
19820
180746
112397
192989
415882
29900
257468
253023
5333
247675
98026
174295
163938
153967
118334
412159
134172
253952
426370
159395
245869
423409
243823
93900
22938
132785
248139
168633
249831
173451
126036
182079
85009
421278
172080
156333
144509
182770
47587
255447
195486
186485
261570
64445
92973
163484
115751
164372
130415
162761
157185
243799
151734
90723
127661
107083
257310
181670
184076
94391
193486
144801
415602
240038
427985
257866
420934
413224
413984
190400
193562
93500
193788
419527
182044
259168
252862
156008
260506
415050
90988
259242
259749
93260
245022
162577
95817
194339
91484
173188
196399
182066
192577
422523
244674
9980
195191
112338
94504
230634
38732
426371
412047
160470
261706
188788
49090
267271
149033
118721
239244
230213
172663
240666
117957
423941
155067
133348
113300
35850
253486
174445
420476
128053
145345
144655
166642
156979
154058
172210
135349
182425
421822
118596
189893
103738
97551
151854
144071
29903
131350
180667
260922
167999
98220
188361
261863
240012
157340
250657
111085
48622
125910
266726
112165
236638
419774
409566
415605
11729
122300
126062
59212
258902
191465
196183
163677
122044
255849
8692
409480
125915
194501
59920
8752
290860
432249
126306
237910
181696
155593
95913
267962
195827
253098
99630
35546
163485
259169
280419
167589
125326
427928
38749
241872
155575
98500
190054
112535
96108
145383
180541
90425
33669
48348
380390
34328
189927
260921
166650
93258
247509
291113
155761
153333
157741
191131
162081
186728
191601
189075
194748
152260
152454
152348
183221
249140
141255
73674
95603
194668
150097
117858
236032
96765
230223
195267
160391
96687
125336
391425
157905
89940
36944
253236
5934
11656
237929
191329
146114
160187
32237
99533
121221
45947
172695
260528
431581
186781
152259
95528
240920
236626
230408
244048
192350
98911
194647
166114
37689
120109
155930
253777
152457
138553
150808
181521
192084
11730
151556
158487
115744
94906
99186
185923
117723
127960
158220
111099
257634
137879
8297
158185
257797
417699
250867
164481
191136
134381
159695
183043
192358
237116
191334
230581
181569
245197
291110
157670
34127
195591
153229
152038
31511
243542
146778
148758
162220
147084
162395
63892
6003
99306
185195
186269
11555
245293
182188
163880
412294
8694
415028
237928
156406
184217
186969
126293
160093
119274
95398
45260
414081
189208
10903
252425
97552
134370
241657
118857
122789
173639
184969
427560
51732
180691
153975
252421
181045
380388
184975
120563
116076
122291
291301
164581
249169
162221
190691
173197
759450
192409
164999
238908
70169
290603
118016
253418
5252
416926
193867
259800
173818
95129
168257
33231
98097
432042
144585
159170
262592
246055
186209
163926
259209
417696
95608
90668
290624
143040
164006
145274
163395
32381
248237
187999
241409
186479
150810
117663
33032
431028
52137
257122
259018
156776
237710
423423
117895
138727
247048
168444
170148
14750
131849
17488
290993
190488
167319
253911
190635
152209
190061
258548
259283
34992
413251
136227
126021
243319
8622
173672
8336
247394
11657
99912
134497
133346
125595
188147
173353
15656
196474
154680
151467
429313
254003
93908
420481
190330
432569
37530
154087
148741
181698
238638
188621
262228
151843
137413
160114
76704
148743
252075
119331
194405
188351
149277
118545
422653
413389
193406
182924
144225
186783
194196
145429
164639
161877
243404
423255
259410
5748
418645
158222
98503
165420
120660
417514
149274
195399
193676
250401
24580
8624
167993
93254
98798
235842
291283
144983
421552
419625
131826
432122
195404
257166
55294
164997
230766
267278
193410
110312
172278
260147
48878
96194
96569
117883
260504
259342
258691
260515
415027
241853
230441
172092
247266
109466
92300
32671
5618
139202
47428
125981
182566
99047
25058
411476
155560
173856
262840
235899
174609
11144
426338
173237
195970
160753
169998
22983
35021
127044
291483
6317
5574
248608
93392
98287
243499
184977
132035
131605
171471
127712
260866
95917
45040
126317
409930
154347
153422
180652
434620
426871
260924
150198
156536
34001
97503
260100
196329
126051
152594
263092
418600
241423
420224
419453
159712
64590
236863
195435
51725
196531
190730
94959
409605
64151
43119
126210
261769
164431
13513
189125
32338
165038
427233
48382
153467
19635
36745
433217
124998
42741
182402
238900
11599
257333
182191
159908
93401
239290
243386
254007
262663
43008
194374
253378
118719
42266
160019
63916
94889
259049
51736
258469
45745
64203
54233
413696
186973
14748
132222
32369
38853
165451
8700
245307
122037
96735
172648
8897
159264
135000
29758
47776
429308
186975
235184
249722
291144
34777
121154
118010
48333
194617
17097
434188
181745
8380
8819
152797
5648
416443
122962
186434
250796
147188
189014
185187
35026
252698
64147
132221
259748
160390
261709
239289
29681
415568
150760
147373
280418
117787
290627
414357
98170
98739
29881
249827
29741
167120
230108
146065
245185
291577
418268
429169
119327
136044
248469
156982
150092
186896
183223
411925
120110
147443
168053
141256
192315
14928
12810
64075
6017
188303
173068
425873
146790
150367
253951
55728
54552
280417
246093
12850
259003
427050
166796
429811
430630
261708
7394
241845
165417
91053
96933
154320
160442
181223
136071
253375
403513
193046
163675
122355
191696
257396
163862
238880
13425
261644
155386
157777
245786
238605
434696
133135
96166
187285
290992
38856
421825
427047
252856
57740
237461
147496
164982
188368
113913
160660
154462
186527
134310
162367
259700
35823
427389
250281
98023
27606
188307
95322
380295
11731
416420
230251
117859
417518
431353
115566
45266
245356
185542
134106
418687
163772
180688
193864
428745
143887
70531
424887
419803
254061
193624
12974
136677
155321
144475
33476
238882
131358
189346
117753
21954
92301
230252
173062
97992
415825
290285
245257
188367
236005
172677
70592
196471
184167
241010
93898
33221
91079
191468
172683
241425
14799
119344
118600
416204
417048
143961
184315
429877
434438
106924
148769
94282
429472
238549
710062
138761
252937
131608
134312
32193
96141
194763
248056
118828
118403
85453
161578
161415
164583
95430
187924
119363
37541
189926
430575
168143
252940
187621
119572
189797
38611
252359
252213
45740
153974
172511
239448
180673
124121
94011
166158
262657
90615
36771
241405
43084
181153
249881
153211
254018
163270
422744
126079
254048
257631
99987
430187
418659
153723
189225
255842
241371
418693
34170
4658
230263
151546
184200
132732
110590
94899
420154
9176
22451
166797
153756
5602
54228
93383
193868
180860
258904
193535
151853
244298
192015
123356
253762
117884
258259
252126
31777
420509
116135
113004
117412
5535
90050
163271
136569
163990
188640
138591
172651
157054
181653
138513
187836
260700
163397
173751
77890
423855
247332
195169
239781
195825
112399
161827
257385
416157
97073
153874
237944
160115
127642
93628
182303
426865
91037
158217
418045
417695
133724
152257
64216
116671
247025
156012
119415
54599
148742
421479
118511
180741
183811
55070
417047
122290
247170
163438
194162
14803
138831
147660
151639
414174
187286
168258
181671
160392
63891
290130
230514
258808
132724
115733
247578
237343
190178
180644
7811
413109
90663
196237
151845
161987
56233
159729
138192
48957
235285
184729
279580
154664
152655
109418
248552
156991
185237
113358
259767
145299
90131
172209
168703
155740
130885
239050
38216
191562
163355
153511
181693
136041
194344
11511
261605
417049
261712
196286
260269
108780
98359
170913
48897
237404
258842
172299
146596
192729
29710
114010
257167
137422
113369
93742
259750
115522
244199
172711
45054
145251
189961
8822
136200
194752
70351
422547
180193
37584
92974
97921
261865
14776
93113
432205
169452
186169
194759
163280
38830
112264
112534
98936
193792
190091
45734
245034
267203
164365
243791
158221
32272
151842
147505
263108
148755
190173
163984
252010
191556
11644
291030
124886
184932
92612
17243
247020
260533
249419
142247
118332
194770
244149
153714
127855
90426
22456
248181
32266
433311
158568
418265
230378
258062
32364
150093
189894
192211
55737
193403
70346
126026
115750
33426
160159
248482
153228
186484
193746
145377
195821
247519
19989
409630
243380
120145
38751
51488
73683
55831
34799
245335
156574
158229
262847
238761
254214
195485
161506
409530
155548
5974
173479
239721
246981
154252
244027
124370
136241
262045
195594
172664
64148
195992
249910
187727
259347
261559
116660
144660
391187
158279
257487
243923
130794
118852
427140
248148
230121
431463
154526
250183
172377
155032
192275
122295
254181
194053
194158
185326
192956
162654
257329
162165
191326
409698
138809
153739
92501
152344
14930
5547
253010
257493
37485
167039
250622
113920
238886
181849
258024
422395
251567
261220
195156
237543
193569
159426
251826
149031
158224
168007
17635
51731
19127
247530
35938
113918
180655
170161
140546
415487
147391
159645
160097
173049
251564
171542
119277
125669
195273
97504
246089
120083
237927
189005
128242
4640
160126
256037
118775
194403
194434
98467
241413
185401
8751
32833
416321
256603
425443
34775
191565
93772
251600
90727
153347
161645
138976
291139
136811
170263
257378
161655
123791
161281
256222
144391
194418
19133
427670
155601
759445
261861
188371
185107
34761
169936
235756
187223
84219
290377
421480
418766
166132
261719
91103
26306
253909
230313
172081
121147
190101
431464
99758
185236
14989
433086
128320
160020
152563
166206
239059
6048
118598
248350
26296
128051
90714
290042
91531
260519
33186
118537
264215
153260
189111
152212
133373
99631
237378
251025
110316
159265
134999
99291
246999
161559
239630
161001
180591
97071
113003
123220
259241
260245
186278
162396
174191
12708
90715
380384
416909
159856
153527
31803
120553
167009
163774
391181
97943
94992
61080
127639
156384
34378
290629
258721
95687
416742
46136
117583
46850
163042
55478
174471
291028
253763
94345
160709
70538
91170
427635
189911
247265
196120
414264
191151
70079
192353
81437
11649
259774
262666
91898
128409
230345
243407
188753
163722
192475
134203
168708
133439
418500
181237
191146
149084
185235
42719
124344
195760
261870
190813
41073
245030
413255
171278
98975
153070
247051
164378
128292
147823
191110
192109
236045
238954
184582
260150
230357
234590
116134
240534
426863
190644
93636
163883
230118
38837
113417
415195
37658
184313
433308
54597
190726
162401
115746
19970
258551
280320
97206
419782
91785
251498
417456
139004
5747
259437
415488
426859
194139
143966
95379
183017
93883
237847
186500
415197
117669
161670
414342
291262
172166
146598
247500
145713
142165
416911
159852
47650
160030
153972
235804
235902
145265
122935
121153
253771
189928
31411
237909
421209
259364
195987
759423
29618
413529
19746
168653
185243
189113
243416
246931
173185
253950
121097
184312
253479
19720
139193
138636
193173
193016
11787
19744
409735
37289
123157
91278
416276
160090
250367
190742
126211
112057
167115
431356
230379
155667
247247
120025
257285
99185
165900
125899
423920
258064
193411
119485
290988
152217
192017
163732
182891
99938
259413
150096
152451
419421
98027
70260
425842
194514
38861
163771
138780
239663
185196
432257
117407
168144
249068
180738
257877
252422
420193
91838
98022
159920
31794
255718
257389
189115
97620
6060
90710
95997
180739
184232
19853
115220
7788
172089
243616
426761
158215
190177
42113
138805
415246
122936
97904
196216
249424
156306
17711
189944
188398
5590
98985
262078
259297
124235
18577
248921
172643
138692
119008
160165
251015
425125
147394
426098
98617
19229
173103
21931
248278
230633
183704
239056
249091
96185
49597
165897
31806
101191
42322
432978
5647
171535
181238
168139
32836
122930
185185
416886
185144
262284
290896
249425
98960
10738
237200
191847
169754
121812
172079
195794
127853
421179
420823
145293
164548
96172
166827
93817
429397
35032
171108
290477
258598
112294
46841
149087
237128
169417
230361
155443
64218
36682
433307
166653
186708
185591
759690
192158
5646
235937
14709
163373
415563
189897
266646
164586
97077
93439
230942
127152
159691
70240
66931
192183
96234
186580
195534
172516
193528
33453
165728
240339
194220
172659
235805
261855
281082
142739
167952
171547
122384
132365
187881
246225
241869
118619
236286
145346
280304
94960
416744
136077
428059
247033
195265
237495
414371
118470
119310
143886
159728
140985
422849
173326
55475
153909
34895
168256
239664
432204
417517
190474
181701
190433
128532
64067
421246
144314
258741
19965
64071
174197
118553
415247
432258
150464
261022
156408
51667
48881
98547
139297
183700
120478
11913
45561
193093
147228
250356
104657
117623
187094
99048
144852
238903
99340
181659
194499
425945
35532
186778
409796
59926
433312
188360
158839
280768
37484
166651
380228
97410
261643
192361
171109
151535
85951
36729
434090
164958
136388
126100
113002
90384
245025
11785
430697
249996
160415
110134
180040
51600
119084
250277
246166
167906
153971
148766
240903
118842
410778
195355
235854
192154
152036
25895
158227
425857
90521
187555
172685
38876
238804
19355
38862
428096
184988
230112
168142
252951
145955
230314
174526
174151
120573
184981
118599
169536
249067
193363
155390
126316
46312
187783
413503
14675
172367
155637
167905
99056
182950
94954
99053
164955
147484
145190
248807
248048
124973
419800
94872
124890
238495
418455
161424
17339
246221
46331
5297
427181
261578
195215
171986
54230
416925
191335
155858
192499
33688
237857
92222
242112
126309
189222
260920
154467
19999
257376
239051
155619
259074
193670
180743
21941
99459
117548
188288
47542
281735
249814
249105
236046
171565
4682
125989
173204
19281
246487
138702
118595
5551
17778
248733
124122
241658
260871
248219
426406
153246
42261
64144
91837
434621
51911
253389
153230
45555
153898
45622
99622
187479
195272
34797
121534
37698
5614
19646
250279
418269
120019
246488
99073
241417
194051
194740
143413
193364
109468
258212
45043
254069
28414
239057
171585
117879
19356
155336
180650
230011
138973
169728
253877
172164
48898
422397
119332
154089
118849
236259
421283
94344
152396
426308
409465
89946
149183
112398
96954
161002
34140
182466
241389
259355
38156
184075
180657
162191
91901
98039
128182
163884
33354
160945
230214
247237
418008
189131
153240
169459
247000
190056
416260
110313
163755
91239
118650
160013
161852
160657
280400
138191
162361
32231
19637
759462
173531
33428
134028
164580
168095
259070
253948
254302
29919
137051
126207
193620
189238
157532
236866
194702
281412
152343
182431
117201
125965
148763
36748
281066
430977
189166
244249
187728
119170
419610
161876
186174
172076
111970
147229
124276
8880
237148
63888
410838
247294
153720
180755
11658
121222
55660
14555
172647
192354
250797
140986
12009
237409
260775
138718
258459
128240
230690
163442
195484
24927
257904
155388
257309
280998
248554
119243
174289
117198
96521
36937
136224
184034
160060
259211
55227
163566
191332
117882
22971
240775
96936
164699
196118
98462
192362
37463
32566
127995
257875
167685
258549
194926
117196
126056
98884
172297
257397
248561
124790
411800
120003
188165
251026
22955
422540
235898
186213
29665
165064
240006
250163
192175
36719
42237
290987
254635
257407
5555
70801
189965
192883
157050
119322
185119
415997
155323
92224
189891
190489
38855
98664
431617
195260
131344
290622
426552
186227
97478
172365
139258
156582
414364
264478
195149
252270
143772
185248
157531
49830
427393
118627
193090
262134
155278
181842
250503
180744
153717
17800
138211
883
416994
18581
260649
152208
433080
153340
91702
422691
138549
138130
415030
45263
416357
247523
262658
161028
180685
117191
142497
119361
262118
258224
249813
189384
137847
47813
94900
76690
55482
193789
165423
95402
109467
190057
164983
188983
253770
14683
180638
95052
97998
70535
194803
421824
149149
118191
258272
169565
192360
189203
97781
138401
412839
258720
144979
160018
241408
187222
70762
238287
14556
48876
185203
243411
5528
257464
181046
190002
169460
51620
181433
291510
29667
180086
118851
246967
185929
156983
8379
145189
257182
158769
161348
57271
122199
55225
144826
172662
120092
5270
190928
36936
159692
148786
126064
171732
258903
51487
149086
251561
126063
48756
147211
195977
150759
159630
193526
261901
189500
260525
194161
154388
186670
70658
380227
230784
262348
257873
96976
261174
153243
64444
132425
193506
7392
415228
95876
98616
249998
159171
33356
34154
5594
33355
64073
171537
419067
250303
186671
169342
156978
181125
117183
111100
258937
168706
159767
180035
8639
18587
418258
154249
169482
63890
181736
113890
119266
145321
165701
132013
173816
113354
192725
169419
194377
411022
187067
433384
168100
168096
117432
117190
51390
160039
260509
155447
99909
153224
99718
161000
174015
166836
182951
11551
36193
409865
162266
21476
186736
190746
7940
867
180949
262764
415883
64217
415789
37461
184585
189889
42725
42083
47487
238898
25064
186712
37687
257158
131825
38999
192791
255719
409539
120105
181229
409758
431822
14777
163427
186779
97477
430978
167577
5649
234589
84229
5982
409903
54179
237282
185274
257724
29915
147280
51426
263768
38982
247868
181515
196472
193861
155916
125267
149082
189369
38851
173977
240107
120974
92216
148420
110040
120120
48231
422394
239221
157284
147821
57780
105820
145082
16131
149161
418177
8820
141317
186651
152717
54224
251869
172645
29916
39023
183090
230286
172276
247301
94378
257387
93816
244108
138894
180008
36741
183730
194336
118736
252423
186863
185202
181510
162890
117725
89964
262999
419454
433247
119364
416986
134522
120130
173791
247533
131347
237406
193030
115716
159445
258690
419529
118620
230407
429405
14677
148699
430975
147507
184202
167892
258848
257041
153056
145303
290983
246251
37697
257390
96497
261604
238046
258719
36695
181470
248808
154890
152936
120106
85070
180535
238905
145288
290455
422548
194343
34131
95915
247049
254308
51427
125590
173588
247409
258518
193109
249330
261319
93382
185286
136354
132253
70350
148200
414644
280997
433626
257044
144818
193994
161575
155743
193089
70621
160010
95234
186924
250806
239049
415889
419162
51441
291545
194771
37543
135180
257214
122039
238896
46104
92211
261716
173186
239396
239826
128165
234597
59767
188447
150445
258849
98954
169755
55740
190802
138133
150236
188794
241475
194814
127738
260136
156011
262788
189870
26316
149160
147389
98882
138935
168115
189374
162937
230037
164996
160893
157351
242122
8677
415225
257393
98508
132728
257157
237150
190225
235938
160032
70814
170290
190590
152887
145306
238000
187025
246500
14882
151587
174337
251507
112007
138132
157675
251452
55477
261720
427182
168141
174574
246499
412776
258901
158230
173181
291150
258175
172652
91877
185393
174612
55695
135072
235942
188093
170465
162727
230637
164810
107419
166654
188735
195192
58460
258590
144831
95930
8610
249822
414355
89840
423639
413823
125401
170052
425545
160025
242037
153241
119339
168099
170289
184972
156091
261621
263778
260240
125324
106937
230179
193646
192323
169415
70301
98431
107097
249826
187288
259737
51810
128243
185140
170623
159159
145822
259345
290004
259751
187429
99263
195157
127993
155605
433313
155550
125403
156230
116653
184329
161342
230110
259947
192227
421274
188443
252949
186594
159136
168137
122265
148770
156420
250275
246051
164765
252565
257465
33353
248272
134217
188423
98887
171472
416203
118550
145188
248277
48170
183812
97069
159854
415707
253239
191350
251692
93116
48882
172083
180664
259350
417045
180534
422652
145715
190331
29880
5651
135001
167970
84183
117790
260526
137784
31407
37546
181697
70536
98289
246738
280549
281752
97501
21937
191653
251566
37510
25860
35528
162101
240278
244010
126065
113921
96526
121974
409840
171463
44412
89906
153077
118746
196110
183665
148717
138480
36694
237748
423660
194616
240094
230218
259769
127968
191566
257175
412144
14762
96140
145254
241404
188294
116407
238688
429406
238805
174551
148496
184235
257746
710091
48621
145222
162743
193356
166793
240531
250909
124901
260427
186275
113005
416992
267403
