153211
121103
190434
182252
151841
159712
194466
130173
167641
138625
291562
251942
153971
190173
165902
380509
239221
423653
244046
14708
46314
166058
49874
291636
156333
64070
236061
184579
257466
135823
170584
238723
32272
159760
192991
189346
34775
144326
253759
165062
187202
32364
154757
5746
192159
422044
22993
185866
64218
258774
164999
185247
12005
245257
190743
259768
414174
155667
22970
188984
167141
161576
192211
186250
415028
195995
6072
253910
168094
182426
126065
181229
258690
426404
185203
230327
58470
5598
6049
419747
187281
118307
147780
419066
94900
166990
157891
189121
249988
172081
125991
121149
39036
120557
120080
8622
416357
17714
34167
19355
133348
33414
193512
35528
414361
242037
155647
420370
253766
245362
166827
230132
128240
172283
154391
126310
184564
126055
248015
183033
418545
290179
90297
260147
96162
237859
258952
230340
125412
114312
155827
159793
416926
192592
189795
182424
124119
163492
121105
182919
419479
37651
135340
172659
181399
35912
260514
240046
417905
248278
23158
243414
119446
118603
167950
37692
252327
8296
247267
147498
127852
127002
260928
173194
411801
258853
409848
248177
194878
239445
237174
160697
138557
249075
64213
146600
409994
430751
150236
248260
161999
424860
245867
153422
154142
132584
195265
391186
92794
24580
149051
99073
126305
171111
423855
230384
70081
180672
125608
155712
117418
142337
119084
34948
91168
70813
154316
98501
119416
268018
91337
237579
161431
167116
25856
105989
194389
34900
126215
429880
433627
248167
9150
154147
236046
124572
46819
257164
290281
121690
180645
141255
160392
104645
161348
248048
93421
249850
250763
290810
149241
173766
11050
432249
156341
155387
252856
63920
159170
9143
36775
249083
94926
182769
249090
185471
152594
19758
146134
120003
260515
148740
109466
8384
41028
155561
189374
424861
161146
95315
126049
240763
427393
261567
130794
172708
291106
248545
42360
133284
238874
166798
193994
253197
191151
189113
246964
237751
184265
193863
17631
150095
133346
156464
149271
183226
11618
423443
418266
418746
258113
181401
235897
153905
46105
411442
125326
247396
259887
196218
97437
237612
181571
760019
161427
97906
430132
249996
33694
290383
183043
118278
420131
131825
188708
29665
170670
165410
241561
145347
95035
5525
254046
37654
110309
155281
230014
291109
101256
250356
185113
96993
91293
416923
186482
137850
154469
138089
425845
8297
234591
290958
173176
76692
408970
42202
45261
21930
237849
281081
138363
145181
257862
51813
261771
98140
146375
124122
421290
136200
93900
409511
154058
8378
416713
290988
160155
47622
160289
257746
21321
165932
111082
160893
257157
31438
417384
13887
189014
150803
161905
249814
54597
131152
412496
430576
154087
246408
95916
125149
118597
188788
33165
173591
188047
62705
196397
38754
171241
33442
243377
261493
291613
413257
183035
163192
131349
55069
194774
433238
98494
121165
426731
259860
247303
93907
170882
169342
136576
14790
186596
185867
180680
122958
46841
193433
98366
128409
155595
29668
411820
36774
37582
291326
35916
248353
107036
180867
160887
123158
133890
262017
191846
57768
160452
8624
101819
267197
257381
169535
166158
156136
155335
253067
419453
35926
246213
254018
122930
239361
259766
51289
32374
9936
173190
144134
42155
45040
427049
157050
238864
118399
33364
172378
154462
111839
291638
132423
98499
138191
252934
11794
137412
260695
195438
196260
153346
98739
187692
172093
38851
93112
134497
247527
195970
238858
252219
84124
184974
138556
110317
238217
253010
32380
187340
427957
247786
170295
186484
21932
98796
51692
186665
158373
158224
156096
427686
380228
250535
85951
98616
187850
194740
96744
29909
247239
247866
192277
116667
290629
145256
262589
123330
250837
32008
98898
257744
155559
122042
43095
185370
253386
157369
36697
156534
189922
99806
98497
142385
416132
91530
5229
33669
230436
85036
195273
239630
254048
411280
426407
163799
113504
150090
189042
417047
163485
29907
169548
118785
97458
230552
433241
254284
188751
160029
93428
249991
266973
173066
247301
169752
258565
259353
33170
152717
157054
16088
262732
160064
195256
194243
254201
421477
237379
428060
95297
247002
32834
59197
113001
21941
429811
167921
183500
160025
98954
89939
195864
97941
188803
173064
424900
150808
195344
262678
11786
260778
423637
172077
238367
236627
290260
38123
281412
44461
169755
131345
244298
194602
131609
11650
155575
94999
130782
196328
426338
21476
172735
51607
239782
38850
167039
243951
5299
186053
59920
260282
264458
190827
148718
236072
234592
195821
251564
107576
190808
409832
239050
4660
188444
150239
238948
158218
119329
158763
97015
39062
196472
239580
251026
34144
191847
180661
125967
248553
131836
137236
29919
423425
261034
165061
126097
260606
94422
151695
156106
148715
182567
290627
169026
184198
132365
153744
411218
259350
194742
195862
186781
240015
48348
14760
416813
173792
245659
144668
247295
260132
181654
165179
119382
180687
90002
125406
249088
183022
156384
116001
5538
154687
247012
105150
38732
160091
160060
188361
51690
157863
291150
32275
153348
121999
47543
433119
248809
92226
107089
235808
19820
98891
417455
181314
156529
151948
413224
237141
96145
162221
257182
91287
42999
51596
148785
253792
188360
194482
107245
163487
195196
14794
144945
166919
290121
161573
187029
181152
190769
434419
192340
188703
38858
191650
181679
250246
166654
27176
36950
159168
93254
193173
257405
70254
37529
112295
97056
54704
133374
98470
235859
166111
25858
156011
194245
290990
33695
6048
427235
164834
230352
163488
89934
134536
95130
10903
420193
246225
47944
196286
112397
138380
246041
262351
290706
161355
251015
192896
260492
139202
258613
246972
70801
236014
130644
430975
164983
194244
131605
410838
239283
153070
260341
22456
118279
122041
426373
51427
254060
117662
136352
45051
187413
118741
64132
194642
180576
45054
153977
160703
259734
93535
156982
193993
188635
112389
12144
245513
281679
260520
29916
237713
192207
92986
99444
171565
135187
412003
146064
51404
230411
252931
259006
415804
141699
196112
55477
187222
259801
92768
193150
173453
230942
51344
260490
157906
267962
247398
112296
172515
186152
243382
291280
36771
125810
173331
35929
428177
413528
37650
155601
237711
239438
93902
290120
254003
37500
45945
154936
160062
418457
98359
163388
97908
246234
166653
89294
426859
259241
18231
189125
153527
37388
194379
238046
123791
143485
153687
190644
159105
248056
45053
280997
417738
160007
25058
144319
257728
97087
99986
158998
84228
37627
170674
250841
164582
174197
195398
70217
243923
187801
230766
147682
134168
187836
244163
120110
421273
127951
111841
189920
122035
5567
261682
432978
187287
164551
249069
55319
134961
194775
247238
29667
146061
93825
430979
426588
91691
167639
415950
157782
173823
174555
170289
413699
185116
33033
248132
187279
184235
246098
192004
132577
116234
237965
181911
99346
182558
117620
147444
138558
59743
253418
131580
47273
147738
257934
34175
92196
118857
137413
252128
154457
391346
196473
189961
51814
159286
14746
8385
237318
116269
186217
191694
173201
156585
186663
266258
192793
185358
137481
11633
173767
434767
249998
189043
174464
148751
45267
38201
258366
251478
11638
99630
172089
153968
243411
239281
423772
252608
51911
248797
95559
135000
243379
152397
191601
267403
98782
164955
196476
55727
54596
128292
427684
252008
55649
148402
189368
114038
118851
422653
250163
290119
243791
248893
260051
259032
235804
113108
95036
146956
92334
196326
153748
92034
247538
99963
423423
126190
157560
121055
97942
73717
247027
189943
759444
118617
161357
112680
158210
434436
128361
426760
247025
431186
64219
90662
94341
150241
417515
107419
181669
118416
11555
253099
155752
260922
193531
21937
417519
426870
254296
144461
253332
183859
258057
8750
92397
137567
234578
98934
260240
141499
169364
143872
160012
185864
126054
59581
166137
160151
253389
143966
159395
127642
117881
120130
169876
417940
154412
170155
195975
196053
424862
188090
188323
426098
180840
93987
138975
262426
162143
291132
290027
29936
101655
252212
153510
144980
98965
162365
191047
11261
190046
94421
195400
117703
99456
145308
113337
187285
261133
122300
421210
434514
169968
259798
32276
125407
196330
251827
97072
281066
152796
186952
190327
98618
235841
426860
126019
253517
142740
156593
155464
195156
92299
89935
194645
163884
411758
194770
251516
261706
91676
230465
51810
145264
190330
237962
48881
169988
422654
429907
194977
168362
152346
166507
150915
160443
118813
249104
173831
172667
144661
180949
123459
248571
163939
196111
96456
427685
120019
250279
258710
182434
180040
189898
122371
25062
171585
236637
123598
137879
37822
126037
252009
184730
170907
98287
141885
124120
267271
21931
183636
160114
423773
238305
167906
193355
51817
94390
98096
187613
64073
413732
29588
280322
173060
185146
243916
37571
127856
230405
132255
252143
418693
230635
55442
185102
261220
101869
125915
97476
7811
19999
180174
37472
431464
188322
195346
34137
147598
195047
195166
169842
184598
116120
37698
237752
416996
112391
253196
14801
126263
138401
91082
46286
138689
195270
127979
245336
144675
182253
172648
194764
5269
97898
12810
194741
169536
248658
52087
432209
125898
161350
126266
117717
249049
254071
759458
411307
281680
264522
34155
14684
163215
24965
186896
158225
154373
185189
172694
250909
249002
194769
29902
260489
167668
131936
11045
160054
158230
391173
190045
188124
44470
290985
264190
159264
113297
419800
249720
230103
126222
33426
37485
126069
141395
126210
154932
195261
187921
6003
169610
257214
5672
230464
247023
186170
42197
416925
181238
259159
64209
119553
245786
19746
422752
248175
116136
154716
254925
163389
253696
147221
54594
189793
157052
126208
247093
415604
120660
192589
125741
171589
249140
127995
171678
156774
248000
148754
42266
230277
101696
138402
8754
257766
189888
168706
136677
433080
415518
164954
184952
260493
98989
97505
414559
180740
13888
192208
8751
261495
186481
253568
194384
124245
58460
95830
126016
55481
250653
19356
245689
250166
188621
111384
117585
419782
417685
91704
173057
159654
186780
174633
416710
195405
153259
413207
238340
409758
258712
187280
193897
25981
125907
189350
193362
168857
105820
257877
147822
181397
70620
247869
32232
430927
155322
133133
264729
184448
164230
35541
97553
149278
422804
10697
11048
38159
253918
144852
133313
239584
84223
195397
260101
432206
97551
181736
191284
90384
174189
241115
97435
194403
149279
125402
160112
14802
190691
44284
89940
127544
258904
18580
93824
412493
117194
154689
93258
230569
17800
119362
427635
119243
245138
144406
154060
153340
152797
18578
252242
33403
167705
91675
196220
29746
431463
180663
119361
237494
417471
84440
70301
31670
291192
112987
190750
187726
94520
238564
281735
230044
47587
253208
246193
192886
96944
145284
93747
253265
239664
92249
248181
5964
182304
185274
158223
141510
421842
151853
257256
55949
38733
157834
138696
145362
117758
167622
262078
159694
120551
18807
9174
171543
258848
118846
152453
252699
237461
186660
97714
412840
147066
159875
124614
191557
254024
430556
146117
122959
258273
422397
239128
416987
172160
181209
153909
160928
240594
422427
147659
172096
91078
97907
158232
14778
193529
144982
98881
248885
73708
124901
152452
184075
151544
248114
11053
155907
152886
162761
187288
246402
253194
98950
6006
37691
51807
262367
280398
168703
14797
234557
180988
190000
413388
142222
136670
244521
195418
173181
185822
5594
117998
70238
417962
8405
253009
166650
162727
412838
98664
262660
32828
252605
48238
117786
90649
143990
429406
57895
158195
252247
434092
149128
257486
91253
167893
230329
426031
35031
70661
169482
167994
33468
230560
241410
194461
409716
190003
173196
163395
168215
14553
135905
136279
259115
124229
236863
59655
47538
14762
84194
32161
38156
34898
245084
12818
159291
143972
240092
267195
186593
24358
156124
237854
193114
22936
159233
253948
111097
163147
182976
181011
145189
291110
191118
161503
117813
113923
417679
164568
188296
185101
33365
172712
246097
99563
255577
154459
192783
403366
419454
146779
63893
238898
425779
134875
235907
163774
160020
150366
419528
191845
33244
173095
119326
409929
246092
165873
432256
249048
230943
187486
380344
186278
162752
11517
258990
252938
189347
181749
174444
135001
260526
10738
185094
31478
14776
426551
419048
157138
235743
259424
240748
70797
19127
188754
164231
419227
122961
253378
238216
38825
144818
107481
184165
137848
416924
239583
172687
19622
185209
186597
192318
164366
237150
185539
159856
253844
259787
118445
142007
162229
264699
9934
168445
256319
247635
188099
126156
264503
238913
5650
248663
251515
156536
412508
192796
157781
192955
147280
192176
47822
153077
120556
118238
137231
250820
98472
158101
48358
418272
93402
98498
417038
391088
9177
257234
419806
250659
259049
245869
258936
245948
252015
263032
25860
147343
174322
427181
163410
138816
168707
138712
99721
195241
261622
14728
190474
430602
262410
280999
195436
191468
162350
262081
127044
170776
112338
143773
258109
122308
97590
48883
248664
189005
159926
168799
113228
245306
161653
241337
262657
167996
239060
159425
192816
156575
238338
193194
172013
125399
194999
146778
180654
168343
38830
166285
237400
36712
95997
154088
291149
54777
140985
430698
257526
183704
165452
250280
145360
121530
243863
188737
93382
29911
430593
32230
45739
117663
161646
185619
99062
92974
189201
189491
237558
164997
195165
5540
171118
248169
188367
112172
429407
143275
263100
34059
169434
422884
93882
239635
119366
6521
186778
238004
169559
425125
262999
174135
428096
34761
135071
259201
185710
14554
161702
8669
431555
236276
146124
173228
267194
259072
427388
147490
183881
97779
35160
291029
56231
422796
118336
37510
32231
47508
433136
185616
119267
12809
159443
128052
131347
29477
17635
153717
239663
171030
148743
171596
25067
194972
54605
70349
241423
183032
195826
173169
251599
171278
93401
426169
192357
149005
291311
90437
252791
155368
259141
247720
151980
134513
247949
97097
42261
93587
241940
415885
260496
147393
42102
186954
124886
173855
413503
191350
194618
240246
172646
154250
48875
38847
49124
191651
172688
185187
260608
95917
280304
157836
151561
160023
115717
143989
152454
186975
5521
391189
18586
97478
259765
186180
112381
46285
182693
170868
237967
413500
235838
35822
243864
173188
230780
165417
167903
105728
98951
189222
145304
180841
171029
148208
70537
429190
263021
111096
239985
241475
64068
151890
420934
153125
122852
253103
133315
160720
134312
423131
194967
137103
118710
48622
194336
249826
252563
416990
249102
181044
185140
123359
249425
241114
230419
187275
253764
421645
251318
247029
264460
148742
151756
51733
5321
11656
11793
121151
5645
170690
155447
163391
262973
172302
35913
413988
91820
158185
162891
230600
181223
163281
98894
94997
152462
5543
119554
150809
416868
160031
264712
194803
258656
118599
11640
152620
131604
185099
184446
154686
262990
182766
245275
180746
239058
51710
160389
248608
45042
154824
130417
172644
70345
253376
166677
156385
143768
253761
38628
416276
240954
113106
413193
254451
291458
159166
256603
246051
144788
186733
126078
135072
259767
147825
11996
96939
149217
187924
252697
194433
131937
245294
136489
426376
182069
169810
99290
188787
93814
171598
8700
280549
193864
52077
134081
171498
261560
429966
431382
261558
117790
156230
181523
138133
261720
138130
193134
423177
238745
261704
290913
93819
193411
77890
12627
188160
147388
180657
160162
418095
195534
173588
238761
118788
145310
245111
154252
192227
133136
152215
430566
125999
184969
250368
195168
5566
122385
247541
123148
180462
253888
152210
237281
415027
19204
262501
96233
95915
428744
142807
171536
415293
137256
152559
172632
98882
8522
290130
259346
186731
181691
414357
14799
187823
181212
237583
261574
155605
188423
258633
124241
290895
186768
192844
252013
159592
249636
152283
426865
142739
135030
262997
230250
391187
257905
162145
64447
189122
181511
180642
194743
195978
150233
110311
196333
191559
238550
49859
164096
138211
262499
115715
238900
107216
237694
163944
181217
759639
191575
238001
251566
247234
132722
258557
155719
160753
420224
190833
193404
193409
122932
144744
416531
241371
430973
172056
147080
43084
94993
5552
59765
95398
194751
259108
421819
172640
161407
247394
138389
173049
237969
116391
259139
143653
19636
37653
194594
173103
260688
174450
164831
5539
167606
181235
167948
253385
430246
162220
190057
243642
111081
145288
45562
155597
149160
117424
174270
253909
151610
191132
55115
249082
45734
246487
237887
191848
14789
37821
252012
49497
121221
262846
127994
91946
261769
281083
182924
186276
246214
136202
126091
259070
70219
119290
252564
263092
181656
257730
253998
70531
194737
168860
31927
261945
188706
64071
257933
257830
161351
165894
249098
434079
134080
191122
169417
59928
164586
172704
169756
172676
109553
118179
132425
416918
59614
161648
107543
29904
119328
430972
259820
150234
147420
148358
172697
171473
146459
411448
133429
230179
137893
134213
156115
258551
188100
64444
237582
260924
25857
258840
191330
92222
417517
261710
154942
92543
46331
194159
415825
195266
142744
42964
147726
45571
21938
194736
185193
180149
194417
128294
251941
236264
137234
409796
8880
159794
190747
421217
189912
99626
258849
118548
91170
239397
17636
415228
241123
422343
94998
422288
138685
430977
230118
60458
97514
152867
22994
188640
180027
416995
243404
251869
192316
191467
21884
118720
148421
63917
257465
262460
247411
190061
257315
249830
70218
170623
131579
96190
413491
24936
258720
136574
248187
240328
161481
99164
47411
167046
173663
291353
5152
279579
38837
290872
158585
51685
259622
159445
98936
37660
249320
262196
120083
264723
34825
238691
35853
144093
14785
194635
187621
243500
42237
250846
152662
29768
126306
252090
9979
153745
136488
188147
185136
3056
243948
230407
118403
257158
423441
49861
161323
152455
254302
142223
248928
168858
238304
111968
113358
170161
290122
409615
122291
11617
156576
190726
425844
246054
156331
161001
421824
89945
153969
182935
153719
241978
93476
185477
290626
193931
257395
192501
230225
122290
172690
429397
258596
31452
165038
262679
258568
85072
182923
246093
126304
126212
22957
185933
421960
250401
183769
230216
163885
181469
290953
91763
182918
138131
253001
411862
281751
426380
252428
117202
45589
146596
128016
33323
36713
33325
161655
51732
254213
98977
426703
154935
167890
189889
193853
5209
236269
182554
155116
90426
161343
152609
190492
237692
70762
186669
249094
141314
254013
13667
118625
118776
159731
5536
187498
230412
259352
109419
112293
34148
6028
243645
194647
183635
253947
165411
195396
119418
118370
422549
245717
96496
145321
290029
193508
163042
133287
240012
248920
145346
190494
255804
247170
159730
245024
184083
113913
37489
251598
169935
153242
159431
426552
14800
254295
239801
172084
32610
19353
110313
239246
263108
246313
5297
172079
115566
47428
195046
70521
153895
96936
255805
189205
19284
5531
416919
163675
113357
159288
183224
90487
262625
245364
245335
257375
174527
138192
166795
252084
111109
162360
251140
413251
194248
194432
125669
91226
237324
36935
149171
188623
192782
118335
261897
125336
429224
113003
257386
186960
98508
415565
244149
119447
160925
164445
191564
127835
236257
162123
418130
434088
118495
92223
248660
116675
188793
126015
417695
252361
45260
281499
429812
118650
150445
11915
246081
95296
12972
32611
10624
290318
46312
182076
162225
418488
7833
164981
116405
91053
429313
11921
237065
192794
161856
124525
96170
55740
415707
43116
184447
884
96173
45044
70082
134207
249419
190469
145843
181671
185137
429208
131078
253788
147316
161359
423854
124999
246055
99302
116080
291635
191203
417698
252989
416922
189887
33324
126191
186142
32381
172036
411326
258516
153241
122960
187223
163566
180187
95654
120144
391131
99267
251847
188445
760463
94393
125979
230701
230344
183222
152396
118875
428540
147424
194375
90132
167041
249910
38155
257385
42364
185359
416744
152798
159020
192294
73677
8655
127068
189003
32193
51736
258242
173010
260864
136671
147675
93396
159161
172629
253364
35078
111970
194092
259623
166792
433517
195395
191696
246215
29691
254212
290992
94504
160037
246220
94922
291140
418015
246488
234586
195182
161647
195164
18747
230361
48621
173450
252014
192956
171119
153871
185285
95561
181211
250907
251589
174311
118280
430603
125746
144913
117859
163271
237403
238908
411756
432205
125152
245196
427597
37657
147296
138972
13424
245496
188164
84231
188653
55739
92793
157184
133286
99718
188447
70901
166153
195914
189015
183819
425442
194925
147724
244108
253394
94873
185244
235801
153722
185151
188940
252423
247001
165415
196420
252085
121195
76103
166286
160126
112392
29685
183616
151845
171117
159422
158841
185369
36193
237712
411541
173672
193044
45725
290132
257839
156583
164365
257490
172308
187065
163251
247259
117192
138562
8677
132774
421825
247022
239781
167993
18517
118619
182201
136037
116091
99306
29913
31794
146140
157140
172709
163668
54227
89936
165980
157339
252359
185201
22472
181154
112462
194745
154759
194979
262765
119204
190773
19720
164233
95594
171237
91103
260801
133892
94420
433456
154320
247092
124276
422573
163769
37493
99100
37661
249817
160505
84230
147212
55695
237177
158870
262118
146372
94963
426862
168887
185179
163797
137958
152212
22968
162806
172012
409865
184588
174337
147252
243415
184765
144804
144978
156980
170581
93253
89944
186221
125740
70133
156986
195124
148765
188399
119170
98285
253066
230587
192471
8752
39031
70077
187880
59749
185110
413734
248469
119538
181569
38826
153349
124973
173812
149081
117525
253959
12820
173788
93904
93983
5324
193177
230417
117193
117882
167920
184145
91877
193473
266646
417939
427051
427182
252939
193995
171590
191569
37125
419626
241853
290829
153725
148367
149134
157144
290364
149092
258534
38831
145382
145713
185846
118011
113153
427107
192350
253785
244040
147484
247638
156091
265592
250534
38852
189894
111085
166206
230581
48361
257504
138894
70232
122789
131550
125337
243615
411861
413105
149272
89726
412045
261416
121224
183105
125917
163926
8847
156010
136226
148918
145429
261274
183703
66907
31805
242110
183768
120120
422798
429404
246527
424920
164372
168425
171112
159157
246013
94899
423940
237139
162039
189848
246981
186728
113301
51893
166136
184343
118236
11790
99916
164636
429178
161670
238999
145285
257394
70089
240013
120129
191019
230262
93207
5563
246043
169343
259018
236012
191329
131884
159692
291107
183221
243643
186050
415226
159908
48347
146770
259667
418500
166836
187013
163940
54877
184201
426097
119274
12808
70794
90669
246741
409647
91261
163280
172284
195971
413185
131332
137881
123156
99443
160704
248562
147660
125944
262092
425066
247525
253367
96103
165450
253062
118722
98504
99129
184987
90018
11643
187925
432204
245935
189261
189910
128180
168361
166923
107087
45263
111105
188469
181219
184131
7941
136271
39061
19316
150760
147727
5644
414264
424889
259695
189225
48784
73670
193170
115524
181218
151768
46796
173041
419067
127713
157671
168444
94870
246499
190724
117702
116235
262117
173607
257861
413731
33453
104657
31404
137844
181670
124344
185907
121998
159396
430926
188356
290631
416909
237858
116222
431969
48559
156489
118601
42725
238612
189221
261624
257389
64214
413498
125148
162759
247000
258735
245173
19757
191989
115221
121972
238886
430928
130100
8822
182001
165409
261564
33366
8838
193486
163677
236625
192883
261936
252677
6319
17709
192575
155586
126074
19756
185297
192352
190488
169013
36358
144943
49093
54595
247531
252421
180738
431617
165803
51428
156991
250710
244026
188358
248806
16100
417453
173732
290991
16131
35850
235839
117531
5515
245835
26306
149050
259166
249318
160026
161027
259772
119320
38758
138392
172717
251138
145187
192158
167255
194640
409743
415602
259348
107083
262665
190837
139055
98879
433122
290986
432537
193623
258631
8667
155230
115742
247523
85453
121155
181226
416528
230944
90714
182528
425945
44441
109551
189909
248889
244010
257765
189911
184758
97939
260867
31777
253395
17804
85010
139001
70256
126026
122000
235186
187728
196236
110316
147421
120105
42764
290625
159165
134030
73678
33962
423660
156183
414602
290128
91549
247524
189075
281501
27606
193164
249723
237378
188798
116608
414342
98502
246251
252422
96059
260769
434439
137480
145251
418994
259957
131343
5974
187069
121054
22956
109418
264526
138813
158216
195977
153967
14788
182566
113004
116680
6017
248148
153404
97938
426863
151827
267274
188303
125916
185410
236052
150093
172522
253248
133135
11731
145274
33358
143869
230690
125410
11658
192317
267402
73679
190435
144104
48266
191842
54178
236266
189532
39034
48879
131529
434658
258709
418726
7768
189210
47537
157333
195258
246096
173182
193484
180810
161400
235856
121970
419805
195829
190636
187068
91239
243416
117432
195130
154411
173768
252391
36694
11651
171595
49599
59767
149164
241387
158104
151447
121053
94307
413499
261858
55225
157016
166642
4669
391133
5584
12009
172615
262262
112057
186581
99186
161425
415487
188964
187996
151922
29905
291483
182694
181467
151557
173186
239048
137854
185501
253377
238901
164624
153398
37462
123151
98099
122296
8418
118553
416742
118016
254044
138682
182045
188704
196149
70170
158537
133399
181433
184330
416679
17778
425958
429306
237947
152209
173237
239057
150240
25859
142801
155295
248350
123782
141681
32835
54182
164378
291116
247872
182402
144587
243412
258062
5647
138818
127953
90721
163419
427670
195355
97480
194975
183301
174152
159659
421903
173329
237361
98289
237493
230955
31510
193745
194765
143868
99061
415883
119275
120937
259341
186806
193527
24436
230108
137785
165899
418207
32851
411024
257041
154091
94760
173751
188365
48339
147065
248555
243384
96171
230140
186527
258258
185589
192988
250252
429205
290727
414557
152217
409537
193868
159646
417690
163927
421066
32273
183820
90512
189007
239448
264722
248561
173330
32369
148770
48561
92547
153974
174139
192339
136396
261575
34836
194668
257867
174408
90007
427784
258065
193506
127960
194381
43118
244150
173684
257872
36666
237282
130353
413298
7839
186783
29900
183296
249071
185273
58933
185248
145253
190496
173789
257470
116076
238005
246401
427458
426729
182044
246739
262325
243958
112257
122198
147480
148790
156531
91294
250657
160017
259737
85066
182908
30141
104615
48901
237909
251692
64208
433371
125401
96174
253781
157563
185372
291146
241362
157399
25063
253566
140988
245557
172639
248219
242111
98097
152207
185923
239652
154454
421291
137132
160875
153973
161399
123596
140987
167156
135181
99988
188707
54706
144944
258775
240166
248627
252270
192858
94906
138848
31807
155302
193099
253946
258772
433336
168705
85064
244249
38874
420476
134171
94898
159857
189209
148760
159699
153108
152450
409930
414359
250277
131607
146502
96527
190177
172706
261400
257797
230354
257489
19745
126209
145190
156582
8821
51694
193969
135032
187731
96002
419739
85030
237377
159583
163469
239051
430696
189060
131976
173533
230688
36696
261926
70814
189204
117582
95496
138974
117787
121050
55226
230285
117191
154986
89933
91076
121225
434696
238213
230316
241372
422797
5544
115721
49498
251940
425122
96957
125496
139049
162576
156186
183842
46989
98475
38999
120555
195237
186479
240038
247868
116671
106938
70798
193621
92538
427745
12007
115716
148698
187998
96571
146356
29987
168098
258477
192957
230548
249829
118237
76697
137410
185135
44380
258632
14556
89946
49832
422795
155593
154384
160445
247499
143967
246575
36714
161387
257713
253765
180534
125325
37709
32337
138805
184072
115220
191351
193132
126216
190590
76707
135345
257332
36970
126025
31760
165451
39060
141293
90667
143770
252325
430974
391181
153424
266726
290884
154680
118627
163486
138847
246967
191333
123353
141493
11795
429311
247243
131358
111385
49598
421284
118535
192946
253239
172276
254261
419070
172513
64146
163850
187064
252996
93448
99629
147686
21936
95608
245565
93826
281455
155598
162393
13417
118735
125739
17097
238899
30302
36711
152214
14803
11259
149280
155215
42972
128177
164455
417454
180470
59696
259002
239240
36715
96530
119379
760259
90134
137421
258838
185928
258935
92478
161338
148422
291460
89906
257329
182467
185617
121991
421628
184597
249103
99914
421563
45982
51731
120574
97028
166229
118507
165900
230462
253767
109468
416916
143046
418687
426730
145291
194377
161339
182147
173682
421620
759643
5260
261551
34154
96168
196238
415294
119338
263034
249004
191567
33184
76705
260770
161346
429310
134167
164830
188373
38216
196475
121812
180860
144674
259788
291282
291030
187670
46136
36357
243823
99105
90894
230116
185929
422540
33183
126051
252949
113734
249157
193528
152221
117203
35928
432041
132921
116078
94546
192034
167578
55707
54868
258518
55725
99291
116665
186564
33169
192292
235854
91823
190986
33221
155779
125582
12639
149175
126214
188880
260524
230315
90703
257156
422548
416463
431352
250795
143870
62626
38862
182529
245085
195757
241562
115750
90719
264478
186737
162224
247409
238218
184073
187429
158279
98953
245022
172571
17789
190730
37626
160165
76690
235940
117894
195193
182527
262654
118178
154991
105141
45747
251590
185183
18511
146103
259364
127511
183841
125910
99458
173050
260136
243499
252632
237277
96194
45052
163770
51812
237201
142245
291028
237693
254393
195532
425726
144135
230347
172700
412238
36937
117548
194648
136207
193046
153350
169231
264192
254069
194251
291288
172630
180119
160444
169419
130101
51402
189016
192885
194345
433337
247799
157351
194335
125908
97073
162958
148762
252695
253373
194374
261566
173325
252360
136224
164404
238888
96315
189902
426858
432199
90666
196235
187729
238882
181398
425260
257874
238905
261548
136498
93742
253318
236387
151732
237142
180134
182663
252083
253320
416815
189900
247530
414179
249880
190196
33297
260389
247014
84183
186977
17243
187546
24889
238551
237297
147381
249812
98783
145866
262091
291574
153224
255849
147380
99298
182772
128242
124121
122831
158105
248097
247827
186447
418096
127968
29771
128244
254472
98288
291283
153896
5559
95052
168117
54231
5251
246999
141254
185542
152636
250801
257904
156353
261762
195993
29710
188491
144838
164759
70251
196399
249310
11087
22465
421478
153874
169936
235900
93883
230013
37659
409735
259347
253952
99623
93964
153333
12476
155278
95319
63921
290123
126056
70087
154938
236088
262658
240198
257469
171483
428028
166789
55738
230941
90521
131827
246166
262285
249807
281498
19965
189123
153511
22972
118616
230633
250910
152262
106924
182898
248236
163883
419440
160022
186711
237175
96316
172666
147291
126080
417684
138468
237272
146114
64445
118222
92301
167504
186495
250093
147525
166832
153467
118334
188446
196334
431965
423107
158222
186171
150824
81242
85037
419069
260686
12959
416885
8668
155620
173480
192781
290987
181849
237674
130082
193788
182466
194749
37492
22991
34129
188293
253843
38227
96166
118412
154228
138935
110315
165773
265179
164996
124238
95956
168102
194702
432198
247724
130254
172631
92212
241658
136854
281497
258060
186989
160442
188359
147567
184754
413983
34182
181315
136301
258519
98507
14813
126205
145307
257387
181021
9513
235899
196117
257945
172689
18577
425873
116077
238873
180842
134372
19738
194785
170906
190490
98023
257048
146456
252213
155600
127829
193175
47488
420226
267201
159408
51915
180673
241154
193407
117984
235989
182041
264138
163442
191146
249813
165777
253937
91528
280554
92795
258721
173231
192154
54234
421545
193174
259117
150096
109171
128080
12092
70348
246218
182079
159714
117532
112394
169461
710030
119485
188093
421959
159451
412998
37699
51818
246226
188996
186215
194052
189300
146769
11913
34389
421376
249066
245092
33231
115523
291260
168104
153054
245291
417412
90320
259075
258740
259749
157886
33185
125978
425843
157871
187888
97088
168734
11649
249228
160150
70800
186670
138799
15656
186307
421479
245141
184977
433818
152259
189967
431028
138194
137136
184340
188295
37514
180151
184233
159645
189223
186181
192475
185114
120560
147232
290014
253423
120020
290327
415246
182433
144801
117622
97992
164375
99048
91081
94781
411476
48231
238817
264139
4835
118007
190092
430695
194158
85986
186272
19975
125583
21933
162731
426381
43858
134999
70090
237192
264721
47293
137173
92220
150464
196285
183612
126073
133312
17320
259806
46126
264477
94995
189120
194343
171566
153425
13418
281500
110083
33476
240007
119313
416124
115991
115718
125899
70169
196335
126317
193792
161876
415197
193165
158213
255447
237176
31019
258909
241131
194189
98039
418185
291102
180277
239244
85230
257467
6050
187341
419799
115731
153056
14552
247578
250724
147389
262174
236005
410999
192725
261687
128295
172715
112036
164228
183733
99979
187070
238382
236004
164697
168856
138390
19827
94872
172905
266257
163146
70936
414259
182920
237676
33178
257383
169380
122355
190053
193357
260004
17632
261020
34885
432201
64212
162729
413984
90651
145868
241563
419736
64210
262050
429879
195268
421271
427183
230227
254058
195828
155599
173794
192472
193089
195152
110318
291632
12817
230380
117759
138951
256037
14748
120025
180747
156773
97071
239220
160019
280725
141775
94343
122302
281375
249828
260912
92390
191561
120101
96108
193968
5616
123825
249177
163306
166655
250832
187650
17629
166712
172282
6060
95616
45676
415224
259706
45265
128347
161772
246212
262766
93261
251657
163470
117550
37506
63919
95820
124231
152795
248230
171000
136242
32565
38716
247509
242113
426759
46162
151842
417040
32612
114310
138810
155606
261870
419839
188098
13326
418744
427174
8678
244299
147386
158196
119497
164641
166873
253779
194755
409856
180363
160467
118806
188363
760317
120023
258713
230350
12010
258719
148051
158217
4680
238545
105828
94951
148033
248550
154775
156963
124890
420371
134882
191577
237001
167972
432380
153614
64144
94345
153716
14666
189921
260427
184983
19967
92102
189965
418258
191048
191119
189807
417540
237143
22451
33232
142248
250640
32496
117415
144796
147552
86005
95697
245366
153727
144679
190834
250764
154145
195215
29664
101867
432114
230286
760466
167177
138727
189901
37604
185245
189944
192573
280946
253238
85028
51816
116663
32298
236066
413129
113920
417044
156125
55475
138967
90663
189799
125590
253029
290994
180192
183920
149052
8620
241849
245186
38760
189041
258736
147211
246211
14668
260999
194759
173730
164639
34170
259116
168116
32212
194599
162577
172298
94011
431022
190491
186580
248628
421555
170784
153728
5556
145265
171732
97206
189212
426340
18876
425545
151903
126099
107273
147426
5542
258555
5270
759462
196256
238562
699
47589
154941
96937
248790
153228
168258
137733
163938
182933
241386
291136
421822
252936
260772
257631
132424
259297
70911
192588
246355
160888
85407
127855
281754
257840
188790
188456
29712
172652
165416
247390
126021
5970
133111
246448
166918
131828
188729
164377
148753
171592
134958
193434
156017
415196
17634
120094
251024
186494
158940
185693
138480
118733
17731
12849
423136
262197
99457
171537
128079
151548
118807
25057
422380
98975
137568
45740
163660
55294
76685
423639
92770
155030
160042
148788
155730
186709
121227
194311
111838
264189
171593
250184
290944
22990
237164
29892
167319
132718
138779
32266
160032
161644
70083
11042
18513
162354
34984
290624
424822
426029
759364
14955
154464
14793
431391
173826
258739
17713
119415
9176
419065
160709
151830
418501
162226
93821
113890
125345
261547
93961
5578
130416
252372
260771
191677
130645
249073
98219
411481
165422
154251
92387
258061
120578
152887
247520
183034
116083
190048
5614
155323
417701
148700
420132
423254
186279
248807
91080
134496
182198
195592
262554
192571
183089
118333
194382
169565
147295
168106
93636
239711
253365
174409
155742
238903
409596
19743
249096
433277
95804
159647
421286
111095
239282
257398
153461
38611
181524
195865
95127
43115
185235
119377
261860
51910
22455
5537
184369
433313
119344
259751
24964
423640
194422
172309
249815
93822
262284
391425
160318
760018
417499
258808
160281
147347
148769
138976
260527
193124
11660
64203
172695
280418
73682
29689
413109
158226
180641
251939
159663
127047
138937
261098
14615
239223
185138
168859
241391
433625
237819
192499
157835
261859
245792
151694
192354
19667
125267
11730
169985
193166
117723
34895
54741
168139
36740
121154
48242
125540
173787
166922
11789
145149
57780
35874
27605
191111
137569
162364
172017
126211
46127
45741
22436
33424
168005
246500
418499
189905
422524
255641
423442
290042
12811
250502
412159
259773
153250
122632
38749
180664
37490
187284
403512
162007
290041
126027
161506
188403
168855
42973
260535
193092
145301
413501
162191
160705
113369
117384
136225
427985
31411
258554
242112
245195
145302
126308
173204
253783
230190
51301
158106
92215
151533
180943
118620
154090
290324
96943
164232
422690
144648
5962
112398
186779
112292
93363
230053
23459
147739
151843
230218
155067
54181
160096
113152
187219
70622
161854
158863
252999
101275
258110
22453
258902
172665
159870
759637
55456
150802
195404
5527
190830
190748
51805
21929
291151
90717
180370
259345
184313
241404
243385
248050
51461
235990
150759
124240
180739
416204
280793
246227
428095
195535
188157
93558
430604
174576
34188
250797
5554
185003
194065
262191
414371
247874
32270
165933
148701
190928
245497
426095
64151
430247
196228
91225
93856
418861
417703
252075
126192
159695
187730
172680
132724
247331
189349
249881
139063
138900
145222
230416
257866
188126
429033
185591
165421
169846
260522
172661
281088
38763
11646
252933
180948
191519
196114
152463
161347
421270
250210
118852
164581
253949
173856
427234
140497
156185
249989
184103
45983
180041
239289
98467
259351
413127
172094
247049
262045
45555
172829
243658
8537
291281
181220
257630
37507
261552
418689
245494
155909
230037
152344
89964
187881
418849
94901
254301
12850
35843
141883
253387
249091
17661
193030
51470
240775
248549
6025
14763
36993
160194
428532
186540
409623
185712
94391
155122
170568
118842
117876
133134
192011
132728
252950
157407
183108
76691
252132
193031
42755
112165
194766
159732
267275
29475
422264
237543
163355
238685
17803
262661
189891
259663
64149
37652
193228
172656
160028
135348
122304
151826
37491
64066
238605
432121
239558
91130
116657
11551
119333
136507
183332
262655
183617
96771
254007
290750
6639
412043
29681
160657
191542
193950
9178
182036
249100
250865
252273
261044
417452
99720
195972
415247
173592
51446
193098
280998
173341
51397
250284
134523
161281
251855
244674
238881
29758
38856
246100
418413
180676
29901
433079
434449
195245
163745
119493
171539
118189
257042
415566
417697
167250
155929
190178
96181
99055
195064
391174
89943
158211
23497
148496
153246
290456
189929
8399
419740
189207
239298
19831
235858
253486
93399
114246
235901
14989
180675
166226
258102
184582
33401
152451
118318
247393
234593
173503
45632
421950
39018
238988
51598
239432
167158
415498
96956
33428
95128
163439
85062
152248
161432
160707
409853
64079
173797
291561
237411
184316
433594
144684
248975
253487
11800
234588
152488
419804
194773
147820
250866
181912
132422
241241
259410
248662
99608
259349
10625
98025
33363
431957
160945
182431
290603
241425
118828
260503
194768
155224
240188
172015
107007
135186
159423
29881
173815
32700
247581
194423
147395
147213
244198
247542
416912
409840
164633
126079
181698
157003
419664
119327
11515
254181
193354
147357
259744
280513
105976
244025
186594
115741
32833
155887
190925
158765
425441
263101
261708
187344
142113
51418
261684
247641
11802
259249
54664
157313
252130
18413
135104
14798
260775
51820
160034
110041
710036
230466
431008
109897
238892
252089
164370
172675
167009
174013
182425
149270
247091
249300
147823
189846
183104
195417
156992
148362
195263
259385
5557
118124
188648
159136
49858
98505
246101
185243
145344
5588
136565
151734
142198
38990
252700
290978
237407
163416
410770
91471
165163
38160
260768
166132
125260
97970
98935
161352
162165
31407
156409
115719
291284
163772
168257
195249
291080
5288
411025
249827
253356
8623
257493
236008
241852
253790
165897
99368
194497
111474
38860
428699
122738
173620
380226
94889
186306
85031
415596
230188
147259
122043
105140
245370
128532
121056
90672
230463
94953
421011
247667
418735
158221
95318
150315
144673
155562
155906
172305
172654
193364
113151
64290
145039
230101
246221
423638
11783
126169
422533
142164
236286
94890
162223
182647
190482
236045
190540
156307
166347
180674
163545
180660
251625
118841
166227
195760
416913
418908
259342
238335
413497
264710
260198
8626
96501
237778
143361
196118
49253
415605
258910
98217
115740
164005
236263
186566
238893
237495
122293
172076
182953
254293
32613
162654
194385
253771
193902
193626
193402
243566
124239
84219
291114
141313
246311
126071
192365
126066
5618
196180
189237
262670
36682
121051
166794
260531
190608
48362
89905
138817
13425
246400
172183
281758
247838
421891
409467
124246
420031
184169
54917
429034
260532
107090
149087
280400
148490
432250
431964
149274
423306
237862
162353
261719
45703
251506
192579
137849
11784
425581
259951
252865
45743
120024
259947
134172
138636
159769
21940
192630
117814
54235
134647
144130
415827
252565
248559
409928
142742
146132
7829
119264
161421
98896
91518
243407
32605
36772
31806
237087
190742
89948
155315
191757
184585
195191
261057
5965
145867
412841
137858
416886
187614
181668
173197
258771
243380
422849
173857
250115
230506
93986
169456
118623
258274
37483
411554
36667
258546
193562
193356
249065
155386
245649
416157
245640
431970
172371
188411
195593
46849
185238
157416
261577
249129
147228
187067
22460
257155
115810
189892
196474
159420
417696
134106
154981
164580
180448
188294
195807
290886
241869
166989
259004
22938
103758
154455
191695
195407
431354
124786
172539
134203
37530
118595
70660
154980
11785
247722
257397
419527
173054
172672
127824
194817
230415
37477
192791
139297
148761
110040
184444
183590
139060
48560
144166
4661
90200
425458
189008
184167
161426
247193
417518
185109
251825
248139
181510
260195
34777
433244
156983
250486
417043
111347
98474
425842
34964
247327
413086
185205
180651
264461
246042
146598
413529
160154
252595
248499
259005
38827
185196
249330
107097
250658
261605
145312
250798
193625
13990
191530
262602
192360
152264
150394
188959
262662
416988
241843
5602
148752
238872
403414
191568
237944
230226
182891
124900
168442
260517
248551
422859
32566
246165
118554
117618
248621
18839
54599
192363
119336
55664
121753
180644
146062
186233
167317
236065
22995
89977
93725
165778
96765
165896
183086
97620
291126
14696
12807
186434
127510
180689
153900
150806
260947
189531
133430
7789
117649
34799
180925
185202
42765
132731
248676
241873
168142
145442
131344
164376
191133
418737
37488
97436
93903
261855
55736
193353
234585
18509
124888
258218
138700
240920
96969
416321
262680
117658
416275
186726
187225
188753
55485
159668
118470
166230
93773
159135
160448
412839
253916
138553
257743
142741
250182
160967
426112
131263
248046
170911
134495
121968
145300
252393
391177
91783
47486
281757
125150
181824
113366
290032
431512
290458
169757
116270
121776
160013
189970
57017
253786
414343
154517
163849
159123
240860
291325
291144
113917
234597
93252
291575
192228
70807
117623
117721
230215
195408
90665
39033
244206
39016
247294
238607
99723
145863
127853
119367
127993
2997
126207
413496
32338
420818
167905
247010
31804
14678
95899
418208
416991
152784
138746
237929
89938
290367
237406
117522
183731
154937
116649
169232
258450
250840
250864
187323
427042
59831
147681
252087
125744
159698
257311
171986
230248
137801
159428
151494
144677
194744
412776
14670
159733
5968
257396
258619
426030
250282
194419
237200
192109
259436
172664
157907
152260
92396
430438
141710
419210
253586
117551
192591
98402
238214
241365
51806
173819
159768
262715
291576
133316
262060
90325
162401
169452
431358
249097
157750
254636
153480
165774
190347
426406
421820
127043
137102
167970
280737
136044
261022
107251
430630
415884
247266
248840
759798
894
125995
70258
236260
291026
165703
243646
11081
154524
194390
155280
32233
422011
147355
11511
431967
248115
156012
32846
95072
94961
124717
760467
235842
125404
113349
93908
168796
246738
118522
96958
426867
413823
174613
12709
90988
136395
138193
413825
160415
172802
243388
156003
128195
191326
419421
423426
279580
429495
240907
433221
163373
148772
193534
121754
250792
265024
151290
47820
25457
32604
151621
258468
170263
183351
107271
145835
169415
180670
19766
5586
170227
168141
145038
194344
258111
93985
152036
262419
147497
246824
7393
267196
194225
51600
145810
257310
32745
185234
156776
190926
167506
37820
433086
112005
230102
409960
125969
172516
157957
190181
433078
55476
193016
164810
236948
98887
194064
116677
128243
235937
89947
138561
55663
235896
257285
165666
33356
90449
262261
192788
163438
180924
188125
380390
38959
290622
759459
173327
248945
153274
180460
171474
153742
429189
70076
115196
149099
257873
251565
187860
259076
34442
174171
98886
290363
143885
96061
194815
94512
159426
420480
19178
412144
236002
126081
261867
195992
412375
240749
94342
188799
417101
183465
236353
8675
54614
180458
192015
113912
191109
172696
237128
11841
419525
38872
251383
419439
260026
433216
172365
133282
138692
96497
110022
422652
235902
144983
33687
290421
245090
241844
11916
230174
187995
247391
161349
167157
414558
181519
9145
169042
237145
416908
167704
19132
181525
194498
169699
429761
29766
64416
155443
430976
409710
260926
147658
98984
250276
254166
151522
169751
189928
248548
7392
51819
427870
193363
29906
149149
8380
403513
169877
255640
260927
94960
188643
239693
290989
29910
154461
153386
163440
249050
37473
183031
411238
181689
191112
195151
48173
37655
291112
247522
156184
241847
143994
19193
149147
97501
159167
133375
261021
155753
165701
252932
119110
183873
172650
41782
172307
95999
181232
414363
98188
250185
168633
190478
98495
419334
95615
143988
147415
152053
183091
194981
5963
96185
48787
54223
258529
14564
430821
167584
195756
417424
92910
33313
192033
196113
93827
261012
168096
6074
27177
109417
156426
259363
414081
188546
119334
167503
423519
154928
96318
157315
187887
190091
124235
184586
195823
249821
183014
140254
159289
414356
19899
247546
257312
245198
146190
117190
36695
235800
194515
161656
165683
194738
245655
247544
380388
186270
174612
19947
172616
266647
11797
262058
120565
168095
291254
260182
184273
46851
230514
95900
8673
149148
190746
230252
169025
153229
190727
183116
120575
96169
37697
236867
429312
98911
120478
185240
190468
230428
236258
169078
5560
250622
148472
169558
183823
94779
259783
98961
143812
143973
12169
42356
163390
144663
416743
171535
155720
47419
411276
174554
172511
47445
155576
188398
261960
251514
165169
157658
166924
259270
171472
38966
130415
125743
81950
186956
70913
416420
183730
193532
190400
136239
98569
118388
90425
280551
22969
248629
412639
250623
188364
159770
196183
143360
260859
195149
247392
52072
238883
413854
416992
245031
230784
180671
162593
427095
192315
186535
235285
145890
48957
186500
138684
19131
99617
19739
291301
253787
158768
90723
12049
98985
160628
97633
250114
146743
134380
409605
155743
29812
37576
157317
147229
247017
160966
135205
415225
192155
183811
19993
237343
161395
249003
42736
93886
134308
237888
130075
190476
196115
165704
194161
196515
242099
180028
172297
99926
168137
291143
260700
161561
187339
247519
411923
195169
290283
142170
143700
90715
185901
181230
109464
93687
182770
417777
188936
35849
429309
159424
245540
237113
432203
247244
156016
120970
160161
63901
429497
245185
54214
434329
249816
195827
241237
157678
423410
194162
237576
120968
257220
165667
247015
196120
417680
417501
29683
411925
54793
147356
158209
194257
245032
421278
117883
190825
162829
164957
261136
96730
163771
252426
144794
416443
180683
257876
132035
70215
186651
117429
123220
166791
171532
98885
415887
93439
169469
259771
420706
185927
257528
112124
245201
430571
7843
14675
244047
119143
162352
97388
162384
187282
37484
163437
196179
92612
192784
238875
248734
165702
38203
243724
190744
117425
173752
260923
166287
253023
115521
70259
168501
239299
152220
119219
259624
230976
11052
181520
260504
192979
239627
186598
260022
161537
195586
291637
235711
116660
172303
167581
148497
5562
107574
169989
239653
260134
190328
259023
96933
17802
237808
180033
259320
133724
159727
184972
143968
59214
415944
149150
185115
34127
98098
237575
184414
121153
433247
136204
184933
127712
254635
167738
187997
39032
249105
195988
33436
422476
421552
258610
49604
418532
169998
8881
409993
246522
147230
90055
187879
180975
153255
238877
58463
92211
96569
433183
258951
153240
185195
230378
153970
155018
186863
101870
95603
187923
95395
160434
422340
99511
101866
146123
171242
170897
96976
172657
262244
195857
191430
241010
126072
253855
124322
168007
184981
180814
143961
43120
186734
145286
419796
96125
194160
21790
136504
188407
37471
167031
187928
117580
11263
194376
247585
414244
188163
157340
432113
19688
97781
157534
415997
245495
255842
144656
254068
38625
246358
174445
155539
154466
425657
64080
151852
38853
290477
230363
70231
413174
418176
156014
187800
252126
156423
90199
153072
163462
127982
128186
259770
243542
121974
115753
193746
127488
165931
184086
248150
55224
246011
113298
192338
253267
183686
27175
153739
247171
290896
172517
123110
154914
165423
195272
245688
7776
189903
246216
117195
156961
47288
152464
117411
140989
5519
155822
238878
38638
191653
182768
236267
259437
63900
70350
189006
172633
247580
235713
431388
123491
248659
421289
185711
192008
266878
159649
97589
119444
380510
37290
37482
170292
94455
113914
238976
18515
126318
153399
240155
97777
5555
117886
137853
90728
189202
125146
120571
155622
291432
236013
240666
170035
161764
138699
70536
241012
149263
189924
157651
38942
156617
195269
260530
137293
148763
95323
14679
158487
63902
193569
14765
155930
245785
190103
154758
236006
191556
195345
193329
186326
136394
138812
122933
143040
180008
113167
145275
173796
248173
418967
230263
117184
134370
257178
412494
141035
146066
290755
13510
243922
230420
252244
411803
417048
419631
230313
429877
97944
183467
158766
251136
96735
111098
161987
115219
153528
159263
244305
191323
194421
172651
153099
156064
165839
145186
113509
133345
166991
260871
114296
230253
90436
50225
195150
98949
7846
252998
153421
136386
8610
91049
280735
247871
250621
29586
95068
51342
99044
185286
159151
31931
169341
99141
152866
54725
424582
188878
243947
141581
258681
128297
431027
190689
261496
240107
143274
174446
106937
191469
39191
36936
166231
172016
142438
238153
113300
258552
38731
290894
153714
188835
145082
95806
192035
98162
159159
172025
259704
113474
59770
425681
93398
759445
247501
184217
260511
259344
258737
47921
173342
38755
418436
146063
262446
422083
415888
128238
96981
421644
174471
186605
180579
186145
195153
159154
174338
168144
187338
245021
184085
181745
194138
122295
417039
280390
45946
418090
37687
172678
146060
237861
93628
170949
257931
92224
5261
153244
258598
143039
98273
119277
253912
259742
239564
48174
192322
55730
109376
192884
156581
262659
174014
426168
291222
433278
5530
247020
260390
258738
128320
194980
97921
291266
173590
427560
159693
140255
259799
184162
186860
263099
90618
189017
172277
188727
171594
193172
191512
267270
32499
154756
37662
94874
162361
92444
160660
759799
55229
261711
96773
290117
257330
126023
263103
291633
230284
241405
137852
161000
250503
196325
249110
192980
142220
168255
241242
95430
136240
236073
262553
171972
173822
164667
39198
186174
122935
173328
63896
241850
239227
134029
55227
240534
193504
166196
35532
426094
36915
249160
169564
238916
427050
14792
127919
154722
189114
42128
145273
119443
93813
281456
94282
185052
252010
90372
230355
49856
167997
157368
156295
122934
160093
95401
38859
57782
11654
196284
49860
97997
191576
261235
238902
230280
181743
183464
174580
14667
181045
192321
34980
11659
146844
183810
163461
55742
168052
192792
259743
117648
147231
189907
261606
252035
99185
246957
245358
193093
5982
412780
238220
424342
418456
161654
190832
409469
247397
419441
153347
421480
150463
103553
195260
26316
76701
239053
260687
101872
166348
423267
47786
181228
258553
258723
186782
291258
245010
24961
144475
162228
252514
152263
185865
424887
136577
195484
183789
119345
184234
189220
35032
409833
230537
117201
22937
156579
17619
144830
248473
258370
159729
185472
191990
195271
422719
425444
180639
262621
90448
172083
429512
70347
180941
170775
171545
173170
142846
66716
97782
173858
192807
39156
134381
418271
117423
260311
98963
185096
190820
63870
59215
27026
99051
118536
122199
160009
114258
174536
173326
193422
64145
172701
91224
22457
193818
120974
250183
116082
246266
163880
417739
261857
14787
33404
238544
259383
163744
9103
190831
27141
180741
192523
164683
144651
153715
150314
25980
142639
98460
113737
45587
180745
253479
99064
156584
157400
290630
196494
167582
54179
186305
248185
260487
98948
168422
258212
117523
262348
194220
417691
186668
153873
31409
144585
9443
159696
180839
193509
259160
120654
116290
85237
433626
149033
189926
172367
230311
8819
180637
172082
161574
261707
193178
136041
57127
157741
36943
149082
11635
11636
59768
241408
259708
134082
180656
194387
264711
145282
419753
416461
291327
156357
156092
95403
241789
172762
252086
18224
243409
230589
188624
113736
154463
97013
412257
193970
134310
159246
189792
155228
191335
252935
246970
174632
235840
257167
35823
195189
195794
97674
194405
187404
148717
193091
248255
244204
117197
94783
238887
34086
187273
161577
252363
258548
93490
416989
171108
256219
262941
96498
434090
38857
36681
107503
97479
253198
257875
92214
164699
101283
237998
12812
90040
188366
432112
35848
55662
8573
430697
180858
185391
163731
154073
122739
154481
184279
136313
253695
260070
161645
238865
257377
253098
137968
254059
122798
173673
90637
192787
117186
409655
172692
11653
147938
122294
291639
153226
73675
259073
130546
124370
415957
148758
162959
169459
236009
155032
90518
62634
152663
149132
45742
191574
172097
5973
131608
119244
194966
290387
237578
45043
17637
5541
98599
421826
174015
122264
257174
193179
33999
257384
137784
145299
194771
8726
161319
154723
244041
418269
143413
117719
153724
37581
421277
174138
409872
180172
239396
107498
180541
163279
151844
249101
188370
249909
190745
180743
250911
155668
109460
259001
138774
291287
188736
131629
188833
92536
251600
258175
96574
94871
236067
130387
239054
162937
145180
183613
152251
195158
5250
158312
155382
252323
166201
257468
164640
194334
431966
433457
135718
240245
98897
260690
235988
98892
190535
160876
258299
41743
45923
170946
253193
97904
191511
246410
188752
172078
148766
247240
117756
183614
158839
249947
258275
166709
252465
411505
425857
155761
96172
48382
38190
416631
238897
238000
415488
149085
137422
6030
429520
246094
51909
248552
98500
147910
409854
186582
157051
251139
247048
63904
185403
133314
172231
420847
240339
258901
424496
97068
158567
413339
259203
123154
63894
181696
14727
195122
259709
90650
434620
191334
423147
169753
885
115751
91690
262229
192341
194734
134498
190927
418743
94344
239712
152556
423941
193997
415695
290632
119330
116135
189203
245650
136300
143278
248892
174644
290039
159650
162890
51391
263104
290287
290749
240476
146141
422433
416745
174150
263778
189239
237147
160927
415030
290457
43081
191150
181127
118404
258177
131630
237857
247543
266688
230217
196181
97533
417678
141315
258852
236296
189847
260984
117530
160021
17488
260865
291545
148699
98431
160036
127061
107088
136199
250367
160159
416406
186667
280301
258256
96568
91465
434091
117189
253321
4691
121145
165804
122298
42767
156978
416994
145254
261134
165449
161430
417382
151639
180591
187999
70079
5576
260649
164907
113922
26296
184199
93400
36944
161420
291111
259606
98878
261576
19134
147290
51426
9980
133438
142247
263091
173639
92548
122962
149277
122957
44389
261357
195633
244279
422395
93475
425661
172635
430564
185139
417215
51681
103745
160889
163881
238502
64415
258064
118848
189520
230779
11144
16078
143277
101871
174634
90720
64216
180677
182767
391424
120563
51735
238196
193624
93906
163773
26314
110081
70658
51252
151706
230388
134032
139015
180668
180946
173820
96955
162781
181043
426316
145311
118596
172164
185476
192452
5526
193391
181655
243957
172281
192981
182921
193737
113299
262085
191535
120971
183231
186671
118520
240477
252427
262656
188372
154386
230377
411022
5553
189124
258376
421279
156015
237191
190224
411415
131075
136045
123355
235803
238884
419212
258230
391089
246731
119552
258718
183827
157676
380384
193410
432905
162929
96164
92195
120081
186811
99719
138576
181732
262671
153462
154890
189899
91785
140984
191049
189530
183750
144225
259165
159044
186861
161852
193401
190954
19145
238219
261846
17489
10672
187025
187343
33230
145290
181515
180691
167740
380383
187221
267276
17193
181241
290455
14807
429631
33188
49147
255807
143458
115744
158769
57060
5966
19970
159163
111083
29687
7940
170687
167119
250620
168888
5961
141711
9173
119008
36678
36741
237889
258517
230337
138683
239290
35872
237326
51390
424011
5652
235757
192631
290808
126101
161459
162606
415486
169725
144786
431052
125595
240014
174551
132225
120092
99710
423646
90713
36662
186864
159155
93256
37509
236003
180838
34132
261550
90841
154940
249882
122306
186810
153465
253950
99054
37579
419613
156013
43832
427232
93898
119269
115516
146505
238879
411557
117534
39192
168115
248723
170159
146597
257331
257175
187342
243386
230112
70092
248733
112455
267198
428908
19646
417941
422618
189348
237847
120146
51790
153210
12633
180669
260507
246966
238880
144655
6020
107082
33168
431971
126050
250275
164431
235903
421209
155123
150092
230180
169984
31803
123278
230251
259206
237961
409578
17712
135827
237116
245360
160061
192451
163671
95413
241406
172326
433311
93113
142730
188442
142221
184314
245011
237148
245606
36691
423255
258809
188159
124997
259906
421482
122931
166651
168889
261417
416986
187516
180686
142562
170867
130388
196419
110042
158229
193227
154790
122297
190615
5615
167010
163759
117810
126293
415889
137851
146771
170628
93632
238112
159421
91875
95378
182305
185541
163882
151587
19635
432042
19742
171485
145434
419612
192595
8820
36313
118855
47821
239725
5549
18579
168469
160014
424151
185899
261604
230376
103771
432353
118125
114245
230404
98165
152807
427639
147425
195394
11652
110082
92553
183663
189927
417049
11788
420824
132366
192324
181509
187727
236724
118015
248650
153740
99533
181659
144853
54180
188357
163148
430699
70888
196425
70538
411976
4640
156065
96000
194649
185192
413492
97613
172707
186534
710060
121166
193676
92963
172677
230362
412779
134645
96191
51471
29699
253869
160661
35938
194520
250838
289986
251505
93815
427928
159766
136043
241393
14811
187224
122734
259763
45266
76704
19198
291614
138803
133436
187882
134084
253776
252186
415223
419211
429472
35135
433182
193121
254188
245307
188791
8696
97998
89942
22459
126018
291270
172372
46988
290378
264533
157532
173452
131974
403510
45248
239231
263105
165418
156067
253195
246219
421130
188441
185612
166790
25895
114250
428097
119265
183092
33400
190828
11657
141683
148063
105484
143192
118442
161559
151448
250654
252623
261778
99983
190495
155550
163941
187783
172649
173703
247545
118721
90323
181480
146122
259401
117560
192210
93762
159651
194739
91819
101868
153025
260339
22983
186666
41690
264760
186807
7394
180646
166232
90664
97472
125368
14777
94839
144676
180682
34120
186169
241008
125403
153672
173451
136048
97502
154150
262596
426550
431972
433267
195824
194762
261901
248796
182962
131849
99043
426543
181744
37602
90318
245154
429876
259666
118840
409630
418164
189783
184932
159313
230408
126193
173821
128348
155916
73671
193561
261573
280320
184170
190346
46978
22454
236010
417692
98797
163427
118850
417781
12962
169035
192909
94757
167952
120010
139061
127981
120106
261251
154403
119339
250834
153245
420935
417953
112390
431968
138548
171471
92921
148741
51666
183219
150237
127738
192160
37658
290746
262666
251504
191134
236262
34328
126204
153897
252137
35952
230130
38214
180926
249635
257838
187926
51895
59926
188158
237146
156535
64446
93938
133373
239416
185930
196398
91531
188472
184161
181400
119083
262996
192032
423919
19740
6045
428512
428956
245326
90727
180659
70621
157531
189890
259969
172514
184034
180942
49090
419208
94392
115565
48880
156993
45277
97077
45591
250211
121997
230173
162358
237999
24927
419807
246404
238638
238373
93626
5529
21356
412376
192797
145220
174573
14954
243383
264523
127153
96295
32268
247875
147220
243659
112139
426866
237766
261718
420183
192349
95609
126098
433370
415303
409959
291108
418699
236144
191604
184312
95314
262016
36744
138681
257333
261222
427233
260516
93489
258459
237409
155321
123489
412047
117878
101191
184013
249079
135826
54230
184342
38738
125323
114311
55871
237577
257932
93771
409530
134313
245030
143173
434093
240128
119324
111084
190054
188123
38824
97503
14784
47614
117880
174553
171116
291630
255459
160470
159673
429182
170913
259209
54855
196237
418645
166048
126312
122037
34773
196471
99478
171115
55872
144958
38869
235855
160391
134601
172711
419492
246971
98026
17081
867
156490
147293
142165
248171
172209
119325
116653
97386
413698
91079
165771
427197
19282
122197
51403
134311
421246
186456
244162
230189
258476
239727
380227
184266
92393
189115
289991
290812
237748
185200
44474
93803
64065
261689
36925
259392
234587
98095
181697
51880
97743
54810
169095
189044
92391
411240
115749
143987
56199
236439
253793
84229
249067
243413
111094
161424
259805
64069
38960
261688
253271
116221
159855
97717
173199
116515
169934
261572
252962
144508
190497
153419
230358
425767
143771
246409
238891
39059
433217
32838
163976
180666
51340
194772
193865
142336
142743
196529
257166
422712
4639
118729
145303
42766
164771
247247
152479
415337
243862
257408
234594
152257
148498
418267
98952
34378
147555
181522
240164
51419
138176
186483
186599
195155
97554
253773
159615
142766
118871
119417
186973
45268
97095
47490
424154
35927
245663
111348
417324
239359
252071
37603
261841
250836
237193
9438
117416
171540
5648
186139
152563
193681
156528
192887
257309
145097
119310
194196
93116
127512
409912
192006
37478
144391
261856
193499
19281
247584
174552
138809
30304
154933
191324
259745
190536
143887
131829
29893
30303
184988
33469
172671
136839
55743
421283
181653
113302
186209
98022
413530
144672
4679
133288
266272
417516
168099
253919
251826
122034
126174
257163
21928
260488
186252
35930
186273
186883
14618
37693
96111
245121
290006
159602
35021
90006
433384
56170
47542
253784
248808
52085
149083
247021
195247
128182
195070
29671
409566
169619
33337
417693
92213
98183
161808
123488
246385
37689
257391
259800
120576
188166
260519
230045
146104
99045
182464
93727
245608
42113
180162
262788
104669
126084
380356
165168
427389
190752
167995
434617
260779
59212
98617
417251
194053
19741
150099
189004
247533
195172
99625
190668
193646
96522
93383
33032
91278
173068
131549
160866
70525
195668
161258
423113
5550
163270
122963
144979
194753
248720
247412
181237
19129
52076
171823
249824
172210
238374
5569
171191
237410
262190
162400
417380
94959
39065
134509
261218
156578
425546
138707
11919
186736
190634
173392
413493
171731
190043
148756
249831
247408
99512
99445
173532
161570
93260
426167
239059
156775
64067
186732
156381
37584
169037
144667
431389
134170
121517
99912
425440
159262
182830
170666
51693
92922
238805
281753
112535
34767
117621
414360
111247
125396
180464
156616
424717
235939
391475
183732
8849
109793
180038
99085
37656
230783
195167
247639
96687
247526
43119
95494
91692
174574
133891
426869
8632
5524
194430
194926
240669
174298
291160
253236
194139
188800
46135
244042
131606
165664
380389
426761
258470
239718
235938
33478
252394
160173
113740
145309
239056
291577
249941
237111
253319
290376
238904
120119
48899
39022
180035
138815
107084
121049
173479
98669
18516
142338
120554
121052
183107
419226
290747
431357
236947
426871
55483
95528
159188
159854
180643
192359
248894
133765
193668
5305
93743
116407
38764
416601
113508
22269
250867
195594
11917
258378
253760
238806
195591
429181
96746
96062
259354
162366
434188
156002
247192
149126
160039
59764
162367
245937
230345
196329
183111
241871
411804
418766
138513
35609
167685
138831
130099
257882
45622
126070
90427
106925
136222
59808
192990
19678
244011
257399
118010
99722
155602
255576
96192
253422
409698
98284
240568
186182
160088
174526
181699
250723
172091
70351
422394
184117
29903
246182
169413
172028
163424
263035
33229
185218
155594
261569
95301
237925
180121
243387
99489
281746
259003
160016
38095
152254
253791
159652
258895
191046
37512
421988
36710
191570
267202
261621
153039
93364
409465
161415
291591
117858
11269
70196
262764
117410
157783
154891
260243
115522
190635
194420
160498
182042
192361
117533
120082
151638
430616
168708
90484
54233
167040
64217
280190
19853
107215
416174
119271
260518
164006
145359
196531
173976
235898
146121
154396
180168
152213
132421
117877
180653
253772
29880
7221
257525
244048
238894
121323
14555
181665
188705
120107
186926
112294
172801
146146
143769
90483
92577
56233
98895
262848
257390
183633
430574
254215
142497
11914
7844
161428
123078
237585
230699
428098
182303
290043
190002
260508
120345
167919
137482
257579
230637
11806
243915
59891
146138
167267
252951
194616
51667
159656
237283
165700
99923
280553
421484
416921
155229
238804
194750
153972
193107
162357
432947
261571
37586
190176
419611
155056
252615
195845
267277
52070
427140
251561
412842
237519
195923
5535
92394
173889
174631
418007
3909
195485
247026
118791
237140
238222
57988
45045
141318
426308
258614
249076
145250
66931
169987
138391
194816
191510
96001
168358
195160
122937
55831
151693
64168
96193
120145
38748
99110
28431
424863
188792
163722
230351
15918
409480
111104
253412
63923
238977
98027
167892
95817
290131
48902
165901
193122
29772
155111
181231
194761
165413
182530
151534
4817
90702
149032
260474
261953
182666
180927
5528
290845
237928
432200
99353
98221
244240
76706
290748
123587
126118
154721
195267
131885
118728
185474
194260
258259
291324
165420
89907
185141
182532
188620
8692
258731
134028
183788
258024
171587
191563
252937
138819
420672
183812
186884
236624
183749
120275
431356
36770
257218
421823
261964
236268
238495
91171
425841
165419
424921
260027
190329
257487
195987
230691
126067
230036
280622
183225
5551
136353
430565
249809
194388
8851
150367
112006
260506
267199
127952
416712
120079
160436
193620
163679
187289
47593
94992
419741
191327
95402
161827
171531
95478
149215
248075
134374
117608
409837
258515
5533
35856
181301
417046
120089
33171
10623
136495
432611
250354
43083
119369
155636
181234
128227
163801
421179
96137
258912
191140
36679
260528
192229
157418
5651
162144
188308
172703
130643
122663
180816
248794
172889
122036
159247
99621
183453
99628
196528
426383
247265
127494
38981
63890
19623
184979
230341
172643
117426
241011
260133
117198
155277
145298
432615
17339
127513
145865
147507
98962
155279
190348
250303
59763
188420
415249
54226
180169
49857
237050
119365
416655
150191
63897
92300
431393
118775
169849
255853
280374
8521
156366
146133
230634
237114
183615
49597
167607
267200
165408
38841
237408
158227
115364
164403
235806
155977
38832
258564
19659
422744
51785
186275
121263
172300
230255
99938
147210
432040
230177
260689
170329
194617
116134
37476
134031
171110
253951
281563
258475
181687
163741
195204
266644
101766
160097
152347
19998
172092
188735
172637
158764
103738
424583
181239
156577
246262
419526
160027
280768
119159
417381
36773
45269
42971
195745
193861
164758
415567
47489
759651
230409
193510
37625
246501
191509
182314
191045
31040
415716
191136
8336
153976
159697
188622
152661
164616
124889
70230
291113
126086
107086
182280
63924
93393
261865
258146
47813
172653
418455
260510
252619
95129
168105
46310
281674
180681
94903
252627
170052
99188
117200
151537
426372
160187
192275
164227
194748
193867
146105
412778
252043
169366
185912
195259
240037
171586
37481
43036
411860
191562
5546
126206
171463
139052
759797
29908
101279
153726
119385
159447
423409
230043
131348
192808
63891
173195
134217
115747
248234
380483
180684
119363
195181
187876
180640
419625
156990
260150
238549
174196
117549
153975
409539
163733
230819
418270
411062
422794
85056
248482
93817
155551
148200
188641
125747
160290
246729
172278
36748
243598
170465
18581
409808
169449
245793
121226
5620
161401
139000
186969
18587
148757
291602
138780
55478
147427
114003
239593
147188
125408
147373
187802
29700
165454
180742
70539
193406
193360
257217
253763
240094
153260
166157
32564
422396
125409
70240
128168
249424
253264
45665
249818
154460
421818
155874
190929
38961
260262
793
257392
95602
12006
191841
191408
186406
240573
46830
121222
51725
151705
429734
432569
230346
148750
253777
263096
291141
420113
132223
158157
248891
110312
94924
132214
431038
191131
95930
155649
4536
188307
137967
159152
161853
144652
248623
155740
192356
251498
156985
35905
35543
38751
37543
157561
252634
99627
96495
158566
248049
189794
98473
5338
246887
161019
120022
252011
262840
240665
154467
111131
42983
169545
137483
432207
162397
248929
432202
249021
417676
192590
174295
29673
188851
125597
168113
154480
118551
167032
258547
91037
243838
174545
189500
422523
172382
248277
421178
157670
186227
150097
163415
155993
152345
237112
191566
188836
163276
253936
416920
434437
138195
263094
122387
247950
150344
120100
258764
290628
247241
262427
37624
180744
186967
44472
7220
153351
240006
415886
149168
98469
165665
42083
98884
8900
420139
432538
181313
3302
117957
57740
133280
136566
97096
122038
183090
243929
248272
114309
173793
48900
185107
118190
98277
237110
133344
247458
187345
429308
422137
188794
240711
166155
109012
409561
420509
165728
237910
247329
163493
139312
159287
247867
163877
432553
95234
186541
420420
152785
126260
417502
195243
230349
170668
109559
249354
98893
157284
184315
118858
155603
143811
422572
186776
152035
183087
5671
160647
181216
249823
189227
174378
132491
166797
17711
194424
34988
124996
152252
5306
35020
161669
147428
291285
39023
258271
257044
422341
247050
257871
249423
246931
258566
156406
121966
161652
434621
143881
170148
189923
5252
93588
261559
145294
189945
167742
5517
147390
96573
155588
116882
193759
173816
36743
136069
147496
159238
182071
118332
5649
162287
252324
107599
142094
237730
230011
259912
290462
172299
98547
416746
159169
423636
236758
196327
251077
146790
155908
126087
113354
161560
243616
249064
192351
255446
162159
43117
147204
137484
291142
183113
180638
291313
12974
11644
416997
153230
247395
432214
431822
85038
118537
63888
95913
248625
136506
249721
244303
418177
34197
188354
160024
159691
193133
260633
291139
416203
144071
260631
136569
257550
195028
281413
145183
18544
230591
259260
194500
14738
153251
148697
290129
145083
230413
425725
239721
258236
236865
49830
237927
83730
426382
186213
257219
26112
99987
259074
188797
247797
194758
98220
6040
59930
181657
194386
151535
240278
134602
39037
91745
7396
162351
183220
41073
152786
34797
132836
99340
193358
131487
96954
119321
97936
248973
239446
418738
119572
12634
241390
180578
91821
194221
162743
101277
127980
34152
230049
125990
180655
91519
189131
250835
188983
132221
120973
261686
170912
33686
261863
254407
239717
90050
291510
164583
191328
90987
155388
7395
237926
239109
182035
122384
155019
250806
192013
168360
95876
134379
131346
245870
97477
29767
140082
798
182465
123856
92227
173198
243799
169982
26932
4816
113924
124233
196182
138708
173534
42361
195159
123109
261623
181842
37544
33353
42975
416711
147725
186898
262366
251601
253782
281750
258504
418657
186539
120109
120939
252362
144681
128410
409936
165064
91702
173344
191614
125742
11641
171484
163862
257768
185604
64215
190633
249819
182066
181214
180034
416741
163195
185849
261716
250833
38979
97776
139193
257727
131826
184978
431581
143871
161127
418993
257488
236626
245747
51815
152255
157417
184160
126062
421373
413389
126064
403511
432252
34001
187476
171534
164216
121951
230762
4662
244077
174544
249078
188371
243822
253379
126017
186813
238954
142496
257687
421470
47590
230975
245025
189893
247273
112399
163278
70799
155393
5748
154146
182771
98883
138591
160447
243660
98798
230178
46104
108780
95320
245687
90171
31511
411204
64142
259976
154939
118538
185241
152250
154387
8621
250863
416910
157384
417456
230121
243789
171113
250626
160469
156469
160388
171749
141223
253673
147430
91572
243848
138804
156008
173185
243381
153808
186269
429405
59753
193503
152459
182191
261237
161345
181213
246503
253565
90722
230940
418490
48170
11265
237809
14795
184589
191565
414364
55737
191843
173183
159164
58924
38753
186664
36729
428541
259169
259710
156407
157035
188095
93844
136241
157145
189906
160645
162081
258711
31417
187649
29811
17666
191431
259190
115568
247532
174556
39007
146922
114313
188368
257689
241845
159014
247975
162760
259774
42970
90064
148755
62633
143476
115736
251137
426861
253675
262228
120559
180662
184696
93500
95877
185896
112037
171114
31467
192597
119378
35026
253768
429725
415227
230175
163392
415342
427991
193176
257529
248622
38761
260521
167642
180865
415029
118719
95687
163393
259789
250213
14883
11645
195500
152348
156309
257527
260523
122844
133333
188369
124887
171478
5610
158219
35601
125976
143359
51614
120577
189369
420846
121781
254214
172685
258939
48785
76687
148778
164229
245061
240202
261019
125369
160115
190826
118223
32278
51734
260509
38985
184232
141580
118736
51620
257635
51425
118387
14854
188161
181682
156135
193501
259186
184231
132222
237404
152208
247019
248883
136811
291520
155585
240903
433235
5585
262592
92216
63938
195197
192323
93348
11634
189383
264191
248890
186735
89941
144678
258921
420154
94424
126068
33443
164760
291634
144082
124461
81437
161018
247642
110021
45264
99982
420192
239222
188725
165455
181754
47776
248805
137880
86019
96558
237710
127838
248179
182627
95914
257222
189166
190197
145255
96141
261570
36929
172301
246517
241841
430575
183632
162648
35546
431355
138842
261862
154465
117559
261139
29917
248183
155548
158486
128165
148418
99981
257379
124234
247583
90607
153505
96195
157880
235184
138800
244300
262663
413391
138595
152456
180647
164471
12819
18514
133347
421902
189951
55728
55731
55660
193109
263022
152216
128237
434438
120122
120573
190493
257040
433308
258503
183600
185108
159853
185931
160648
418862
248554
51497
258905
95321
171481
253993
125153
93816
261764
247787
47625
259250
432906
119335
117791
290126
136073
180667
118277
426371
240917
192558
94964
55726
183770
171544
94519
429192
188789
55729
116352
239049
180665
95317
245034
143276
245541
168595
239368
55734
33470
98024
248620
430971
12475
243319
421131
93491
29813
145645
415248
169937
112536
138693
151467
418567
55951
259748
99056
171491
93901
12958
431021
37694
187066
64443
257316
117887
257160
418850
127430
138973
169454
258112
95379
188443
19128
431580
55741
33305
186897
250541
70342
64075
280879
11639
55223
45947
250800
180597
290118
22819
98880
184082
185399
144507
413255
170675
194462
160390
239360
136067
174289
133439
24959
138132
156306
113417
22992
259167
240102
409551
419734
98888
415882
154482
137836
183748
98503
260241
157674
19759
186659
163396
239052
170290
91468
237259
115463
258597
91839
126221
16195
76104
152461
759449
8749
196222
137619
411065
170322
148789
14764
128360
193535
499448
432333
37531
291127
291264
246000
418045
147911
153208
158215
252211
421817
260533
183331
249086
64408
34166
115805
414536
189919
162101
246965
171547
414354
422547
258550
252166
8383
291252
190058
264720
152038
93899
182970
149130
90319
170146
180692
167318
411859
248921
90322
433907
259283
133283
36636
147500
153898
279594
124236
260498
35531
252249
249158
257376
237966
238907
137847
230382
263090
81716
14683
238606
5617
39066
47650
160435
144825
290993
51737
113006
145289
262653
151559
157669
64147
415051
154915
192017
63349
148420
240531
190055
186862
138196
33182
54232
239151
99978
138698
142495
155560
257264
37508
145185
433307
147387
759688
154388
167891
181236
195486
98428
159189
409850
253366
186455
92973
43082
154064
144314
37542
163397
138703
414355
91837
130885
180577
291300
156154
416358
248189
173229
416917
427115
147499
118856
432258
11090
125987
91286
5619
258115
418658
126063
125977
160045
409846
32336
163484
290981
168749
410778
162647
172162
190433
95322
148320
133764
418947
260397
172693
260632
49847
418268
95639
424715
94954
63916
154479
416586
138654
170748
181233
145707
239716
185397
417687
155276
195759
248574
104710
430929
91077
120553
174609
165918
240929
187201
182421
172698
151556
195854
416405
117669
259168
94314
186983
183330
90718
238909
147662
710091
144803
193525
195954
429169
171136
138544
157777
170293
252088
150094
248261
29877
258908
118582
411800
236032
254049
164958
425443
194969
190331
169544
147083
13774
417372
190056
90724
247302
141882
105982
160999
187673
183223
4663
243366
172681
267203
159156
290124
237290
153345
189800
90005
189797
230414
106936
171715
153867
118808
421288
193645
423582
161651
8536
259343
412561
18749
122039
243498
258691
34140
8422
259035
164373
194518
167669
126039
258911
31940
14957
239055
95996
261942
166796
185903
116531
47617
17801
159920
159149
411239
260239
94958
248397
54224
247033
255806
253424
185371
248262
192362
248740
169077
189206
149161
421274
172095
160010
184975
230128
261643
247399
291593
238688
143273
111346
147821
134713
17486
144745
90131
97552
281675
195048
262500
187504
154679
63889
118849
419213
45041
258741
411863
172098
760464
417699
236866
418690
190101
432434
159106
429207
260340
168427
257173
7845
142166
264759
167159
159265
290005
112040
172024
137977
148759
189359
281759
260501
91484
136223
25982
173605
152767
29770
145955
117204
133285
93690
32340
32315
194964
47588
118602
98496
253011
134648
190399
182432
29708
412042
159045
262837
251452
35022
97410
189873
418265
46828
117417
