248171
13326
184758
417049
246251
150191
186666
173329
93255
133374
126210
22995
190346
266973
152807
252325
96558
84183
230535
250867
247583
170674
239305
146598
259238
425660
18580
165773
96234
430977
192352
187823
245360
51667
236052
107543
248277
166346
189910
137103
99458
155551
70240
246409
430973
237693
426316
190399
11555
411801
54214
138699
5539
169449
258632
281082
32267
185524
161395
188165
238877
146780
245198
159045
136227
188303
37531
70592
171543
152464
48899
155916
255576
259772
156408
196529
109171
91081
173976
188163
116270
239397
36745
124231
262678
192990
94890
431463
116269
261712
119367
164699
91285
120968
262095
154716
427181
230375
180744
257163
91784
125369
165409
90437
191697
112007
150464
95234
421178
19355
132718
710060
423422
145321
137293
19204
186959
160371
131344
190054
237461
125397
84194
125915
174574
237297
171539
192011
246402
253790
11796
244046
121052
92770
262841
183091
240920
760464
237277
31416
410770
134671
94958
134084
261960
110081
249832
64408
414355
412003
433384
259297
34378
191556
252423
162196
157367
189122
115364
184161
120122
143661
423660
434329
417412
183635
13510
246488
261862
4661
123353
414602
260427
112389
425873
195848
427670
159265
410999
154937
247641
126075
38202
118603
291260
259035
252935
51790
95402
422794
136073
145292
113337
188827
120021
230580
92794
126086
7843
63902
98099
113508
93826
258718
161432
247014
279575
126069
236073
253843
230140
162957
173967
29768
117198
420113
163660
230552
149033
194378
416908
91076
165417
117887
142245
94995
119110
194223
259166
246972
157340
261569
142113
33688
194766
115715
64075
151903
191564
154480
99806
418688
138193
249991
186213
51264
188912
260496
153055
159154
114313
171531
195404
112057
170295
234595
159313
51461
37484
259108
427458
38738
93026
131630
180458
391183
27175
153465
91240
192208
97907
248720
117812
36714
257489
96181
252856
33400
180162
166836
193473
427928
155666
99445
136790
117191
120130
112293
164616
167319
418735
262091
159728
7846
51807
173793
290603
154086
33694
249821
257904
196332
409537
188423
246182
186661
159155
418690
29913
5650
158244
187273
5538
145272
111096
183588
260341
181219
38751
149277
118624
143771
421273
125411
64147
7221
182280
118871
136045
235859
59655
155620
164697
185052
138467
430926
188791
21355
184330
187875
258177
258112
64215
37627
244674
188148
122831
189491
70521
59926
147065
172078
279580
192348
280551
143768
235898
163270
253389
425844
165704
156341
433119
155018
417456
165454
134882
180541
258115
85030
39198
195745
188441
64146
34389
33186
5615
180666
138814
250182
122043
191601
237272
181236
241978
182953
147386
119377
194498
131079
191990
92547
59767
150394
121226
170568
91103
42128
52122
171598
155322
249988
160009
122663
163192
243749
181400
253919
159135
246358
168704
154824
133714
234597
91168
11634
19129
114038
248627
267275
160446
127639
91519
185187
173503
241010
118598
183088
291575
134536
163607
250502
415886
259706
186534
37476
426125
115721
257829
85031
419065
58460
127488
101256
244299
414536
113003
238306
248469
411795
172701
289994
182532
49498
107081
10625
188405
425442
193569
114003
157140
165667
153411
187279
37546
165064
421470
99720
171678
109389
91572
35543
433308
126036
181679
260864
423855
138923
240476
119366
172659
150802
151528
36748
257159
252013
165932
122937
259667
148763
172302
431186
181046
101765
42972
165420
257797
168443
118623
252249
171591
186406
186973
252276
290990
186479
185245
161430
194977
93364
36772
119274
91877
194162
93587
239052
48878
84228
419212
414644
160016
153715
261022
290629
415885
141775
250865
181235
420183
32745
99608
33229
126026
118551
144826
185539
188623
168143
180193
60458
17243
51735
180678
431965
290043
153245
235896
246099
237493
159870
29685
254636
64209
236267
122933
24965
173787
145264
97439
186169
187066
70089
249420
281757
290632
153351
266257
152253
414558
12005
429879
254048
196530
32231
117957
411239
194254
239564
173094
8751
120145
241012
186810
416715
181754
33388
70537
262501
416998
159694
187926
159156
265179
239558
240711
121149
117795
238725
142164
153716
258737
189965
237113
4662
154525
137567
19145
29936
260390
247247
159692
259002
250283
155302
264720
169338
255806
131152
192788
97942
430604
391475
95999
93726
180649
238772
11785
248920
167578
151854
32298
237969
152886
194650
196528
64203
424011
186731
234594
181525
157368
119376
161027
174576
43008
180839
161349
96522
37657
248548
249300
156581
153721
117661
245608
195156
121153
94344
151533
184975
259005
32354
91171
290128
70800
153501
56233
182627
192155
257933
261251
5333
290005
119263
160434
230251
230362
251602
156016
136677
245541
51805
418600
236046
155993
261858
192581
252965
145362
138809
117858
173831
241425
51471
21939
147497
434617
19530
254007
169419
16131
239152
134647
98286
429208
170581
147229
163396
111732
113006
291432
185930
47944
152636
51426
119083
159158
247721
96745
29699
252695
19820
257222
5305
172083
90665
123356
421482
194159
35609
128231
180865
259622
123144
172013
119290
118859
38852
110080
246097
70258
196531
125739
49874
91253
152264
173452
425657
193859
156420
93547
192321
124243
151522
173732
11653
93401
191841
97939
144406
90064
156990
19194
194594
246193
415950
174445
11644
96316
24927
258656
245061
46989
187281
196328
290458
137619
147420
21476
158232
191466
159778
174580
417382
135340
251658
422533
427560
172284
43083
149092
183111
92299
93803
126209
33358
251566
64132
54179
155215
166918
120108
196326
189893
196236
139061
419782
14738
195862
234578
153505
240907
184339
253951
155822
99306
259708
171585
181656
151610
154249
14803
251023
22456
172691
258564
249829
246165
247411
106925
237410
136241
5966
173049
237674
25445
163675
250354
237929
193861
409604
136575
189890
5961
195991
189907
416911
96561
142223
17632
134883
163879
195256
428095
158230
29812
115813
32276
34836
243386
12706
192588
238544
261841
419227
245275
181569
433077
132520
130633
416815
193403
18516
144681
161573
99511
70168
125152
422796
115463
422690
155606
148790
161359
259787
89907
128410
64070
182303
234580
147228
29772
97633
154142
125496
157138
194775
291026
35915
424920
37492
249830
160024
253778
121221
146502
122304
147393
411025
111098
14564
422524
70807
172696
433370
145255
190750
171116
156065
191131
246731
162759
191111
142438
189006
257687
103758
119345
418601
416986
161481
94759
259169
260686
257044
249330
39018
10623
183114
19970
432615
32380
250622
411024
135822
418045
70342
424154
252677
5973
118001
110313
138812
186269
429314
261574
262999
189531
417454
136037
98886
191334
191512
168445
166114
409578
135180
245494
191118
7829
124240
138480
261577
249169
134958
185477
149215
433086
416443
90050
76704
118412
8822
196473
172210
416405
189796
7218
180942
39191
84230
142246
237748
13774
185099
248554
124901
168007
248740
57271
155561
173814
159447
70794
156357
130101
252537
29673
51340
134309
249423
162397
291562
234587
94871
98095
428096
147682
138549
257387
96527
157671
38965
415735
4640
246980
144746
98934
29681
415566
34898
192575
32834
122044
251137
46285
167920
151534
420421
241873
429512
194734
147739
260526
117384
185928
281751
291114
235842
248401
169610
416997
252089
48880
420370
70910
117136
257702
249880
191542
135032
184447
181749
262732
157284
239051
163493
154465
247026
164229
159044
291520
260519
432208
17731
91337
246500
416123
194377
421917
250723
95817
130015
143881
192004
380510
167640
51614
156583
244240
188094
125400
91049
160945
38861
149099
113228
46853
432042
98984
92973
173672
91484
122355
94952
248350
261945
118010
90666
243383
409960
230382
186728
4691
186456
261644
173061
182529
17633
19678
261766
258516
27177
182766
168360
234557
252228
195150
260688
115942
159161
94420
125899
196113
74587
155605
142964
195592
409848
91170
168707
242113
243384
116667
118596
157315
147292
195264
76103
187282
164955
183112
152248
45739
143887
158570
168425
194735
431038
98277
186783
259381
254308
252278
136226
171590
163745
19134
122798
182898
154775
126071
248175
8623
261533
55741
97782
234590
258740
118332
193560
19757
32565
11659
184564
243379
263092
188789
5542
126305
155907
166791
181228
237946
144677
99291
154384
160866
190724
291109
125741
94520
14667
11051
174191
95956
252212
98472
380483
98911
247869
183920
185201
51441
411975
118092
50225
97824
36950
411758
99533
141885
54231
148699
430975
418693
246522
253197
5962
141255
98098
124890
195266
173230
291576
17339
172681
196475
85037
145890
98782
182773
181824
188361
169417
251825
183107
144134
148785
173663
261605
5306
279579
188161
153230
164233
89947
12095
261863
193737
94342
260022
35872
92478
124236
157560
191284
186962
196149
257768
267198
166892
433217
166227
194065
432680
243862
112534
162350
259071
131884
37462
125403
92215
146790
193486
166287
186455
119362
174311
49147
49830
133375
37602
247875
90427
45734
140989
31802
186960
153528
160195
418207
181840
169810
186598
91946
258236
160159
150810
416909
193408
153421
262933
168362
97620
141683
138191
147822
148756
29905
81716
183750
246931
248887
123151
119368
118308
101819
146064
130417
45742
8523
120578
190181
94455
185931
193093
291266
136204
159592
260182
258910
188399
173821
409566
259165
117757
241114
33244
421842
155540
57895
182402
195845
145187
422395
256677
188095
238605
230363
169756
421716
97992
187201
417739
165062
415498
173684
236331
416742
6521
262973
194770
33469
250184
121970
93742
138132
180943
99512
181748
84440
195149
429907
235184
154778
415293
230591
125995
230414
134028
190497
98882
92334
170946
114258
417038
93821
99302
155295
43095
248650
422340
241409
245650
169752
164377
34984
7789
134030
99914
92392
35843
250278
155469
193176
145297
186526
259749
195259
420818
173796
19998
34167
253772
187729
98547
252999
11045
188703
259951
36935
5119
257872
122037
237409
195864
121754
151544
22968
193525
195407
193524
422548
195182
144978
254059
263100
413493
248734
252071
118722
54855
41028
70348
185371
258376
180030
14610
249825
182919
128052
171471
248794
93882
123359
93908
165701
162227
253321
85035
163668
118335
189942
253395
156534
391186
99457
191989
110315
7844
167685
184073
19744
151852
248806
267274
186710
172693
423919
155279
168104
246404
46110
155576
260025
247241
117412
126204
32369
169998
182304
421988
156331
70349
153402
180646
246313
148420
254215
117416
187283
190829
99105
181742
54596
145252
110022
280725
247786
4660
187887
48876
154320
138654
260101
136388
33362
117429
46852
92394
163862
9177
253950
261218
5260
147388
138380
96501
235712
98027
237578
117200
153242
29893
259806
19635
35912
196260
247675
291105
156533
193354
192154
7394
59920
138363
262098
91169
180927
243947
190400
261021
416963
134601
416921
157418
154932
258534
185233
94781
43116
245293
99986
147296
90651
171484
32700
90841
70901
247001
235854
22990
419625
230560
159422
430246
194186
37491
189943
241393
237193
417962
185866
164765
120573
141254
185202
155335
164373
260004
5632
239452
415228
430556
174573
193030
184985
173765
258459
113509
160661
188366
415716
247502
188323
259665
49847
258529
150445
163881
138813
256037
36678
159151
431580
95321
86005
32271
153386
230044
171566
19127
112987
230121
258109
158870
5747
91084
426375
291313
14554
170897
146356
98896
261864
7768
125990
148208
169024
159149
239663
423136
417516
156115
257630
163306
423920
189797
5554
26306
249827
90425
252951
165776
259004
263108
97997
153425
248179
192797
63901
427388
98508
144071
133288
237200
185354
141881
118535
240404
260511
257530
163877
172304
152348
243864
195437
182527
268018
118595
416990
413528
155621
281066
391172
29880
238902
193353
191566
417046
194403
427870
154150
170664
246521
412841
137853
138727
33403
116531
230108
710036
195157
135905
51402
195854
160753
19746
133437
187999
235902
126017
185195
248885
19282
189969
131828
244010
236008
419803
188365
259860
248545
95319
29919
148418
4536
48883
94307
172695
237379
144670
419228
96170
281081
21356
70079
428519
138935
47625
246219
248560
182554
167891
195399
281563
154251
157782
57780
11787
190045
254057
191140
427985
262016
291458
419070
259410
253780
51681
173048
128177
254212
131826
193621
243799
241362
38201
35541
230110
136503
122930
418993
137421
258256
36666
173201
245085
163883
118728
180742
25064
136670
391181
257313
194387
155315
187224
429397
159699
130173
154933
181571
291102
238899
260515
146060
161855
138211
136207
145377
192160
11640
239056
172090
239630
258735
90040
238219
153672
184131
162395
245663
261558
153688
37698
152459
156585
119324
246408
95450
155321
73680
253239
34411
414343
131074
195271
411553
170584
415606
4669
38959
34152
5645
252998
415029
195829
250280
170668
109551
136505
99187
258568
117580
124277
153898
181911
230409
258024
196115
94011
107599
417043
260866
160281
136198
174188
414356
153686
8399
240775
107215
230112
160041
14793
8405
173791
158198
144130
194499
422433
153342
17097
5552
169935
156776
52087
431352
430575
123355
174338
172689
235858
90436
144788
237319
194602
113924
153346
415050
180863
90510
168856
126309
185109
240007
426376
413193
144803
252088
195972
166139
33035
134511
247500
29908
180277
116136
185401
21940
191049
18843
238805
157670
162937
195172
119416
186651
195821
134381
133436
230701
413391
164580
235901
155667
254072
433221
192315
432200
416926
49599
117669
291139
161656
95917
22451
121250
267271
187340
417251
291160
192884
132577
11802
48560
93772
18749
158487
161427
126211
423640
291140
34895
4659
414360
258771
11660
253356
418210
161574
183223
184342
291256
168343
139311
93500
237402
159768
93214
247519
167010
173184
258450
181399
181127
163280
188640
409929
168102
253770
181693
120560
238864
49861
38731
416924
186779
418994
43858
194816
230188
38826
117880
37579
238112
186252
119322
138808
184198
253011
190753
412042
248185
238304
153349
32873
144587
411859
230357
128294
173326
185711
252422
117885
172298
122306
243922
189223
163395
186730
33669
99983
254045
33176
98501
119572
247027
237730
247870
162890
169434
250212
140082
196111
34198
251024
168426
147424
248798
170261
55707
145300
55699
94951
190058
251515
35611
11792
240164
14555
119444
168115
265063
159695
121050
5528
183089
118057
132421
98402
151557
110317
186170
33171
260488
186726
416988
136489
167318
29771
8782
18514
419068
281412
172651
34825
171823
95320
95413
117407
162352
187850
426862
152396
38830
259663
51289
128051
423941
66908
184075
261716
174152
147343
55949
99988
35821
188635
29475
186713
421826
238891
164378
37478
37651
187202
186809
153976
433456
144648
117523
118857
166348
238005
181125
192339
155559
115742
195191
47428
417517
172367
37654
96190
149216
188166
252126
149182
230012
250276
180658
45051
128239
48704
131549
162396
136854
146456
230589
117585
255805
172666
416157
195532
291327
130075
241853
409758
258843
230315
184954
161348
246226
38958
280793
412044
8880
31510
259710
160289
52077
196256
237115
171546
133372
189350
187225
412144
125944
119443
166653
257116
230347
249989
162958
19132
280998
421548
92391
123587
194768
42360
183331
162953
42738
424889
46314
144673
194244
121147
12959
91875
247640
759643
247635
230585
426729
138392
163885
99624
249634
120561
245366
96167
183810
164376
47593
430927
168734
126318
147443
411541
5213
247010
409539
141710
191559
157185
291112
136044
156528
188358
380383
136936
120577
235897
133690
245835
163215
194482
11795
151535
21884
264461
245034
169982
173798
91086
257174
193411
23459
137967
93904
64218
124887
243387
64068
165777
427051
193970
417685
174612
98494
186671
181841
51820
260133
98500
155602
11914
9176
138818
185297
261495
9173
423939
173815
131579
91225
98431
431512
96171
251942
125595
192558
143961
38854
419798
161146
186496
262658
153743
98429
95127
154981
38771
181521
194420
246166
280374
264460
261220
98885
413109
38831
253098
19281
154250
249067
118741
411976
884
411925
258842
154056
135824
55033
246397
54793
290987
260923
122308
130546
230013
161854
159698
36354
417425
90702
192782
139049
260506
163679
238872
185144
98989
64148
244040
160042
163769
159451
418488
48347
155278
257330
48901
245195
93820
146121
34266
159106
431389
244279
417215
248929
415944
19756
281315
26932
186539
710091
244298
194092
421274
156577
253363
257709
162648
160096
35926
136832
35850
115220
190691
138925
258466
11646
155864
290014
183614
41719
18510
113153
290127
235856
38964
257466
8493
259765
138805
161421
64067
160628
418270
194519
186662
247017
248797
246965
151705
118650
434088
257874
189348
250801
46105
193174
34761
11730
428744
162402
230631
54594
263035
31438
418271
260533
12092
185864
262499
121155
98975
150807
93626
431972
415604
42361
230955
148200
237751
238887
92612
430697
125967
253765
126304
193362
95301
249095
258103
96172
172678
141035
421279
184034
115524
246227
32212
99965
236045
261682
139022
255854
391184
193170
262657
250864
291613
161415
153229
125323
183733
244567
143046
109418
147598
38875
267203
124889
173204
426094
240198
51404
431021
249074
113357
125404
189124
96194
422394
73675
153973
180652
246447
170748
180840
421277
155122
186871
185179
413105
236758
181218
37506
258939
7776
239118
117813
158196
248255
158568
21934
263099
257631
47293
37508
131609
192472
116653
193527
245557
163276
418658
243642
195241
122038
180535
230045
416989
189018
261685
131350
188297
236866
416132
241408
421477
131936
168705
90200
426095
42113
260244
413983
153867
193090
116222
98962
98883
140497
421246
125988
29588
32671
96319
111100
241413
167622
156986
126015
162353
259750
46135
131580
230213
36710
8820
264523
22937
181511
11254
195237
237139
174295
189848
250277
261865
181744
46286
134081
160097
185901
192592
421645
148358
425581
35928
173820
121776
416746
261133
94891
237692
159123
429812
21931
280398
14553
261034
124572
45587
262715
154453
167742
247522
98467
5553
160093
122291
14728
186897
182188
429878
184754
258566
155019
159233
167704
153419
162364
155599
248278
155594
291634
237857
85070
163884
237148
418744
95820
145291
258469
89938
136570
186434
187692
5550
43119
149051
253567
141316
11806
173788
11920
119264
186180
118414
141581
35160
236065
136303
70076
173751
118442
251940
96164
260771
41743
409465
433136
252619
118627
242037
248097
126312
93258
182424
167995
34166
424151
92034
97779
5529
51693
55737
412776
238905
93827
173341
33402
51737
85407
32371
181669
194999
416987
159729
262935
150099
417678
159444
165451
243644
159171
168145
161646
125368
22955
136071
252698
111385
421270
145097
257234
155560
99604
11643
70232
193680
140254
134513
193969
418130
160037
187881
137231
195166
155587
98214
137422
249068
126090
38764
17711
257332
191535
147373
163393
184973
230253
160392
236088
290894
9936
248796
161396
133343
181696
409840
248621
187343
115718
247871
18587
187614
191563
418849
164996
154091
245869
91261
165918
118720
186215
281750
426406
259737
37625
429520
55729
147426
134170
14683
251347
281500
171683
289991
162752
280553
251483
190742
90662
148778
101867
262666
239652
104312
192322
64066
426374
93938
262846
153719
159794
93898
263096
181686
136498
38829
137102
432538
169863
42261
161353
427235
97940
150092
134308
160999
261762
111838
116675
243657
194756
193745
19632
132722
187851
115717
266259
230762
29916
171586
247579
29909
165163
417694
98881
419528
118721
193902
169413
230178
52070
119267
419421
431581
117894
257469
5569
170146
96497
192501
193134
433907
252627
137849
173066
123791
138195
241388
19622
180034
159262
159691
187650
236276
189793
45263
32599
124344
161343
193171
257397
128297
104625
230404
161653
262592
155382
194379
409849
145190
237778
230941
143769
237201
426731
170263
195260
107083
11917
257160
291325
113921
64069
5547
190433
193356
189369
156154
409854
127960
85237
156962
145345
125409
258503
168142
169936
413499
127829
8624
122962
127713
189870
138192
170912
85230
101870
147444
192808
181238
165455
188790
163470
291270
260198
421820
189911
250710
247025
260243
162360
143968
21936
132225
63916
191561
11265
154464
281758
33422
64210
91286
188795
145346
164481
247638
172642
236863
190101
8673
411063
37658
413255
136222
413184
159424
180341
432537
55695
144804
173855
196218
247397
403511
132339
420475
188371
290750
112124
426509
153718
252421
247244
154090
230380
230405
195990
262661
245032
7395
188550
17081
249088
159153
186275
47617
117204
415563
155370
18512
418015
93973
250835
193501
195535
158212
135205
251140
429207
117582
417682
59749
243616
413297
162221
5288
144832
94088
32236
250368
291080
195860
98499
95378
248048
134031
429311
22991
97904
185865
153739
159312
127044
70346
98026
417424
173198
429192
99085
97553
134032
37507
161758
33177
257766
137733
180645
37493
137484
117877
239826
245935
11729
5557
128180
180038
111084
257399
260606
247509
249810
120663
249064
236637
261710
156529
267402
156407
391131
130645
425843
92195
118735
417048
124119
97077
258711
421109
163801
117183
148496
153722
93771
188456
119417
37581
252358
181839
193647
261274
98977
63903
380509
253319
418413
18515
166666
250163
139258
186592
171108
759639
267201
42755
149150
37603
159164
230388
193746
250724
243659
245356
432040
54877
182041
194635
151756
174322
151448
142221
47589
33364
163282
91876
240669
127661
409614
54725
171597
37482
432249
161506
125345
90438
230361
230132
160389
99478
195028
156991
97410
188469
253412
161905
51391
45591
433268
195823
19133
427183
113912
230505
189967
160030
254925
187921
145256
243410
98796
257331
64443
137409
134999
33363
96569
258590
120972
249831
141315
90439
144684
171541
145220
91077
171532
241870
168100
412508
5525
29741
5598
260397
194764
70658
138685
37692
180690
190743
158213
118785
195124
260531
153250
116680
45747
195484
126037
35025
156574
134203
29900
419526
148759
239584
230316
55478
409837
152262
63889
426371
249093
430564
172718
291470
166285
237887
97479
189206
145360
8669
169023
433313
16100
22455
247018
291254
126050
123278
241371
259074
193526
163990
51814
125402
190490
412159
230506
116352
152620
187280
238873
243380
193505
427745
35532
192351
12818
236387
157531
145253
246262
253916
257218
174135
247389
230637
5562
149086
29700
145284
138810
167607
113108
22994
163397
185110
152208
186278
257862
186500
190435
31794
188407
247412
158221
238502
183841
160038
239231
98961
51910
281088
187070
411804
413389
58521
166507
11916
54614
153072
426405
153077
161357
5620
153714
184168
124997
429875
165415
252213
91692
167144
116081
159769
248622
5299
262174
105728
248181
411462
245786
167668
403298
193193
411505
252270
433182
31670
148498
109375
254214
166349
156064
167503
186174
237888
182184
25859
259799
172082
236625
174139
70798
13990
138133
193997
147484
235899
182962
5261
159423
145273
153039
237928
189222
171537
147389
85028
195394
418657
194618
48348
34197
12849
47592
98897
425694
191110
173768
143277
414354
185372
238545
172076
419802
195486
117717
92390
93630
172631
239221
191847
94378
124721
249140
180638
149082
118495
245024
192183
247396
429416
91708
425767
47537
160709
428532
98024
118554
236257
193506
124239
172667
181700
152255
243404
281735
172633
240155
152036
171120
236258
26296
238552
420476
191614
113354
37471
192781
181214
136043
253766
249828
422396
107094
185899
257504
182425
138544
253791
14765
145082
182663
99267
250837
184979
239246
259342
248723
160019
432353
140986
423519
426552
146103
258690
184077
119384
63870
250764
260860
192886
158217
137844
158224
122039
85062
167890
190730
253936
145954
419210
267277
172308
98569
258952
32230
193357
432201
411307
260311
91530
241390
193561
419800
416741
241404
241154
147380
126101
237889
180669
380226
189924
246098
259976
237612
180460
247234
170329
237110
164403
239725
127642
185241
14788
159714
192211
148688
257490
111969
244186
193091
19720
11550
55319
186220
247642
290986
432380
148786
173187
160444
170776
187516
248546
239222
160035
263768
47821
51811
147823
409467
246089
99718
191468
237582
64444
424900
147675
260514
184696
153740
185239
165774
194761
230262
261222
134964
248571
247240
125324
432114
5746
245121
422858
183086
280304
19144
117756
121690
136200
426096
150096
243382
11048
237495
412840
163775
153461
154721
172036
97206
158586
70301
167255
188798
93393
194753
164230
191849
430593
173451
38763
143474
260490
252938
418685
188996
51893
118238
267272
261684
164982
191327
108780
41073
184076
89844
107090
155906
180037
136574
172762
426031
431354
115516
148767
238988
184145
101277
194640
156464
126192
243724
237199
25067
158101
121228
187029
126077
138698
168860
433818
151844
190826
85056
237150
412561
38095
759637
181683
166712
13667
196420
238564
159136
151841
120478
160012
257767
174150
237909
160505
159696
183704
90002
119219
5566
153687
126039
159448
107036
174613
48621
195822
17636
59743
12848
94314
92249
153747
35027
262664
166134
94874
262228
158567
147415
155720
4682
54574
163277
158215
154396
89943
230345
238216
186145
144676
162223
94512
161352
151734
63895
157561
97476
119554
7393
154145
138089
230043
259786
422574
240477
174190
246225
32336
251601
96936
195794
153333
116405
194514
11645
91838
249105
157658
170227
32610
11618
182306
147525
183011
189119
9980
172662
182918
161537
147080
54810
147686
183032
136300
291593
144678
163677
159697
429472
409865
184170
430696
260801
19738
192362
120939
184117
412998
257285
41694
259049
157871
185923
260503
189114
150097
434437
243915
237145
153347
5517
167971
250820
254047
414365
167835
258274
70196
161827
241386
136347
9979
90711
149175
155909
416358
187476
17803
182194
37653
5551
98884
255459
142385
257161
158566
150237
245090
93502
122042
192006
187069
188364
159395
153344
244042
126316
249310
98025
98285
161318
190047
161399
433183
133314
291284
70793
415226
150760
172517
251504
148788
163565
261689
252538
426097
38227
188964
38862
249002
237965
172014
259348
192363
125540
155596
33355
195417
172378
95036
14822
246000
190837
431358
47490
431392
33356
194220
257531
153348
145286
183788
173766
51487
141883
125910
191653
34376
261604
17635
230011
188411
192791
196216
95594
149052
291192
184765
192354
245866
241008
107089
168855
252275
258736
192499
109376
261573
172703
153727
33468
281746
248664
230252
64168
137410
93872
11042
257376
45983
230120
90134
35601
235841
185476
42103
166989
180683
258936
257688
42765
230311
250797
194418
170052
110316
192987
427047
194979
162760
289986
193364
253193
35808
291144
96318
148497
126266
291639
115522
29915
45052
73683
111247
423940
173064
153905
193499
91079
416461
148918
134713
11915
193194
19659
250842
257375
182647
174536
163416
115750
151548
169968
117787
122739
180173
195245
238976
409832
261778
153422
194160
97096
188442
165775
155546
243415
5652
193168
193645
110590
162929
415197
166651
70215
240573
421960
120345
45741
246041
237964
159873
160645
123156
259352
47921
187286
181691
416813
16089
173534
183842
157957
245499
181680
426169
249998
172282
127544
134311
238892
247091
258555
154986
420847
84425
409852
106936
186540
238335
258937
237925
125608
124717
238218
171481
118509
42766
97458
147681
230346
8694
169564
239446
160034
290985
150803
94504
195954
155067
158105
290829
241789
258554
121263
190825
249160
17488
121049
193862
94457
240763
154526
411442
251516
12475
420481
195251
167714
193670
172646
260132
101869
421488
192887
180755
39061
133279
148772
163424
249129
98284
192292
258258
51810
123152
241387
258110
196419
409796
195531
133285
173977
167582
290477
191510
182035
93813
182039
417691
162229
152207
95296
413697
167256
98165
261711
403513
243957
247524
230286
187637
122264
22454
117193
51620
97927
134370
14882
94999
242099
417037
194064
163441
182924
259887
155368
173060
186952
118600
194497
237583
113890
63919
118788
425260
260241
291030
254177
64149
257884
195395
98954
157016
185604
246215
250655
64416
261494
185135
47856
19766
262118
417687
144946
36937
112165
180691
164907
257041
25066
236353
26314
259695
260695
138562
290706
291126
260509
185003
290260
259160
91690
408970
163941
180655
144093
55660
263032
230327
243405
141222
94964
17709
245362
55224
133287
95830
190747
85986
188162
759798
132102
92577
160467
117426
433517
153745
85066
248632
124120
141223
90647
51817
239712
49253
420132
153738
163440
194774
132731
260535
230215
174633
91898
186813
421284
253424
195398
118813
5526
138779
157886
181011
156617
247975
187621
245010
90720
258368
262195
135349
166923
125582
93961
421278
64211
92223
421479
106939
147221
262081
180134
187219
291460
412779
95323
164449
45277
13887
91080
183769
155393
152454
93252
15656
189042
191117
130353
33184
149160
262284
166155
415249
5515
183732
258187
182305
245606
43115
429726
186484
156426
94997
145429
6050
409561
264533
155743
180975
93588
157333
290116
415027
152594
157139
92196
119445
159239
190634
246970
170322
186860
181240
138557
90319
259349
161420
253779
230747
429306
162145
257839
156010
173797
159014
8377
45947
173889
5578
59928
191565
91763
153969
144651
244027
137569
35849
14696
166058
145293
96145
37690
51446
138591
190327
98950
93628
247950
249910
124276
423653
254058
230103
58463
416985
118545
137136
109416
181215
188708
186306
35952
182201
153872
167119
142801
35022
130416
230053
89294
230384
253771
155603
94922
195977
45044
238875
5963
5586
191328
54878
126190
145282
183731
163913
412390
91839
190469
254407
184730
194461
416601
160452
411861
253783
253781
173620
237405
149149
194767
172513
243566
194343
195591
428533
184588
409743
161319
91819
280549
186250
27026
56231
8521
14797
290283
230245
51301
155116
147911
38754
188123
144913
157053
250629
165703
194196
190432
262679
18747
258712
263094
70351
8620
11617
138703
154939
413732
413224
428778
186481
170035
14709
38772
258113
237343
253198
759690
94456
415605
39156
29477
113874
157610
19667
13511
415225
195923
241476
230217
91254
164005
166797
257485
138842
187289
245031
186495
189799
196399
34797
122295
19356
230274
115196
248894
12627
262788
122960
64214
167998
95459
245030
160036
154680
259907
195914
259888
167156
411820
139052
168501
182767
290630
188792
70536
252426
185373
54230
431052
134523
419839
11657
422476
248661
194051
126072
37694
46828
159166
195346
171029
180685
116120
116235
19316
166650
32221
759689
138978
180747
230118
189239
195204
181736
171118
290457
249086
59831
241417
193228
243645
258546
245688
169037
5488
107087
261136
423113
113005
174610
118189
193853
76685
248805
135001
92963
142335
70350
123598
126306
116665
418738
130791
183562
92226
118846
5649
422719
9934
291104
137854
258597
420031
189807
182693
47487
119379
260524
413698
417951
55479
147825
132637
48339
237543
5588
290755
133373
187880
254181
120101
37582
152455
154936
64077
5250
160927
413926
416531
155387
151826
181152
154517
117522
185612
186483
258549
152038
156002
118841
186480
180172
248608
17637
181732
422540
180670
163195
172301
188488
64213
110083
260361
420824
116077
431390
243948
188157
187428
181212
127835
253568
144326
151780
148750
186768
93983
163880
133764
146122
418456
185391
51252
187094
191151
253478
137852
290982
137977
255641
98948
169755
183663
93886
167641
168654
291324
253373
258938
173199
184082
156125
262365
25065
415518
91241
258062
97589
161645
184340
124234
14762
37724
136497
38827
189970
173195
166226
145039
196286
6319
52085
163147
417703
116221
155588
237144
249722
230350
118550
36743
163373
121991
186735
264189
249080
192816
248353
185141
172276
116083
33165
237404
247238
413734
760466
97014
413854
55871
98496
188803
160008
246502
257932
34777
156153
193931
161019
183226
163392
99963
415195
98289
91339
255577
137880
59761
92548
422397
238858
419804
251506
97388
173450
142740
138974
250091
107084
234591
262847
125148
36729
250114
124886
171544
264722
191048
154687
431357
172571
125260
136798
115520
70813
253488
169454
5970
182045
238806
168422
118125
160114
45982
158373
291630
159431
418691
162363
137236
161876
89977
429725
187067
259801
247398
427049
421620
244249
145707
185358
427184
93743
230225
433244
417686
162645
42356
48879
11803
189005
117559
192991
290041
89932
187800
122292
429205
236002
188802
238884
168139
55713
261936
48756
122804
248892
151948
144314
291577
247723
149271
422343
251478
127002
114310
258852
157674
409932
196515
85236
194221
138975
35914
96001
243499
29671
246217
237147
261721
126078
144831
167705
182531
138402
252939
32840
185393
146599
94839
19993
156186
237140
291433
159428
258720
194817
170913
8726
417426
181657
118536
173392
160062
151494
171278
96530
189945
426340
248132
183730
112264
162606
419664
123155
153405
160154
258691
37474
155281
14807
46312
427050
29904
235988
260262
236260
252008
97970
254050
251565
267199
92300
117786
38860
257182
90664
5537
172905
259141
192158
156994
5614
194765
14763
96191
417501
253099
194972
64590
153350
195159
194336
168342
185712
152053
186734
291283
196179
117189
246220
169013
429631
169862
142497
111839
165683
189795
96956
186564
164582
412777
118599
262045
253788
46127
166206
150809
136041
97070
431353
134307
429309
168097
253377
230255
144652
7941
120092
417940
134372
429181
125406
236263
417699
185359
258057
119338
409846
182950
158863
236012
95528
171448
171599
99938
119380
119084
173533
47786
403510
143990
245307
164981
418265
241845
236010
147231
263101
122298
153420
119383
118729
246013
193132
153224
238761
418266
171972
246967
133315
167317
151706
146114
96945
263062
187065
290994
230101
710067
41690
172653
237177
189929
174555
22452
182252
238638
144830
34137
131607
244303
417514
117619
172632
121054
22957
290751
258478
92444
290808
29912
38214
188351
98965
148740
145298
182566
11797
153070
241657
239416
51819
161281
136352
151639
180470
254049
54223
196472
189221
240666
6317
760018
253762
32233
236624
241844
433277
257384
250653
180174
92920
290285
188398
126023
44441
132222
138848
237164
64217
253776
195355
130344
172092
248237
189873
262596
154479
182426
149032
119271
426030
181469
126065
196471
145307
153056
96173
6030
36694
59808
138774
51785
291614
194966
90703
145311
125997
127919
99057
51607
237849
194322
189921
141318
152866
113366
172285
248893
97590
33175
149270
248550
188622
163909
186595
154062
99916
259751
154991
171595
136811
425123
195158
422849
423410
186272
161426
188959
421217
135000
246183
163850
186898
148779
194741
146124
250763
249071
182558
149132
196117
14799
172059
189044
47486
91901
237861
243407
120110
291314
188753
5610
170670
230514
188098
262348
187223
156353
92793
431967
253549
63897
186527
12474
94421
263090
258738
421552
182567
33170
119082
235803
237403
163437
160390
237178
261621
155742
123490
168469
263091
164366
36715
42208
160415
148743
170168
186580
5644
184446
195249
182528
170290
250640
239227
258556
180151
262996
159421
96192
142167
121819
253998
93773
247408
37125
166132
173095
123491
115751
37488
112392
425661
235857
152258
247526
421289
240246
164759
110020
174189
291563
183034
163271
409850
236286
130082
281375
5580
107097
49124
259241
416912
252086
94889
38851
186182
173228
51390
156306
190385
185185
161258
44462
264191
416631
167738
250841
188126
259736
253517
150095
192471
8655
245364
171732
187221
162226
414358
162165
138389
184083
146067
34799
280400
43832
163799
260474
194161
161808
153895
258366
160660
38873
257385
113504
239048
152397
5555
14784
415198
99062
265592
253001
257905
182433
158486
121534
29894
32605
149088
252242
180026
156096
137413
11641
183615
34980
182468
119344
290122
8821
239049
163462
415887
280609
19742
163487
194755
118191
137801
430751
168796
267195
14668
37691
257310
245335
183634
168706
91675
185247
257724
154928
48359
151561
192789
14684
167973
151845
433241
98976
264526
424636
260927
157054
158223
250252
8838
89935
759452
120129
51909
183085
157905
267273
247265
157484
36944
45745
259203
169231
250656
54182
430630
172372
247585
257394
32234
153099
191551
148717
111971
246311
31803
34120
186709
411240
173062
141700
128296
101871
421819
195048
195633
187025
261606
191122
248551
248662
160060
160187
11788
118520
167267
246081
433121
189349
97822
62634
291632
116091
127981
192175
421880
186482
409615
183812
19646
42718
96937
230779
168103
5535
252425
151828
94779
93632
193044
195405
99186
184165
92213
134310
237676
155712
5982
132538
425681
148741
237694
84231
243822
430698
433336
192228
149171
13418
245353
241841
420934
193633
128348
193626
193500
196222
257876
281759
134172
144599
236013
181515
291264
120082
188292
117622
37481
251716
257730
90722
93825
124235
90006
97403
173352
239782
186596
145843
195165
237944
112397
253768
192365
267194
193358
427197
157835
185399
421825
181211
230264
182923
182933
416712
159408
146105
380356
252563
144461
187504
38123
90426
141709
36927
262848
188797
98960
132366
138930
29906
29910
101191
261560
186279
163849
163269
54235
254451
254293
158197
99629
128182
427596
153974
181301
70217
263033
238954
244206
239693
14802
188936
172079
185927
93987
160194
173752
244300
252010
109012
168101
253375
131358
99298
116079
21928
290281
248552
144675
191145
188369
39022
186233
120093
91239
154066
181043
169987
11053
235939
93816
38761
166111
241481
240749
192159
119336
18579
251625
174644
230781
403512
236332
196112
19740
122300
230945
235756
260518
118368
190668
261559
86019
99964
90987
261496
413388
416321
162731
230348
39065
44470
257122
151843
194976
167740
238883
93986
119552
411923
31409
420226
156014
237281
147780
239359
186227
245022
19899
138724
142170
95877
161401
138702
192883
160436
247393
173229
432121
185243
39033
47587
14930
260527
184317
138900
168255
239635
145838
121105
189208
418208
90005
416713
156310
118537
418766
230174
196329
234592
246401
147357
260522
236032
191150
153467
163042
43117
190488
98359
33230
163545
183881
247395
182001
38962
255447
230410
186781
134648
96957
172024
249073
196334
99056
101766
253365
230583
5521
145222
147498
94953
184933
149083
66716
95317
162577
252132
29902
380384
37388
193511
126081
105989
132921
180982
161342
165053
241940
119364
31501
64080
134080
194189
250535
112005
156295
98288
192019
190929
187071
247012
182908
93207
162403
145865
173109
98963
114311
262553
245937
34442
29766
253888
415957
164624
280320
73679
419067
160443
70538
165419
144585
253378
254018
97501
189123
153225
239109
417695
182314
162081
172714
48898
189908
250503
54741
99617
260516
131849
138561
238372
290132
138391
110082
42155
242280
195400
135072
433594
183770
195500
183301
97781
180597
119310
31511
160113
51806
262660
420935
184952
253853
160442
124229
196398
42725
253023
249419
127513
258475
118849
248945
424717
22992
149161
230586
55739
432041
257377
8847
112536
117998
242111
133438
123147
189900
245806
161772
90521
247528
193818
257945
156531
259072
151922
54706
123157
147083
111104
246968
80951
261237
156012
91053
22969
413257
431971
188093
117560
18544
426372
111099
111970
236947
247171
171111
249723
291300
411204
38755
158769
33478
33032
238549
186819
189920
172671
258895
33324
156183
189905
96103
190043
172164
417384
173453
257316
426865
261401
185326
76706
143994
403414
140200
167504
426871
188472
249110
418765
172377
195047
165179
70888
120091
125401
247237
151890
260532
122197
147395
18586
266726
160445
230244
186594
760465
190057
252997
187730
164999
124322
92913
431393
152662
70077
12809
258275
152251
188124
262285
193371
243726
19966
187613
159793
184977
181220
260500
166827
168098
160151
187413
419209
409959
426863
148490
245868
411476
55740
8622
146134
154373
236562
183220
245021
258633
185822
258174
131078
120146
143276
145189
170289
142766
186956
109464
430566
242112
280190
172166
121323
94903
57739
238888
145442
245355
153871
193995
190635
238691
22971
37571
121812
46830
5672
97676
261624
136280
244149
110041
155276
193164
117658
158157
122000
145275
418687
166230
230944
124233
120275
248629
119415
192361
238550
181237
140984
259783
430976
188295
95930
194744
160966
290027
184978
39192
192896
190540
412780
153240
409716
246528
10697
171115
32851
193623
190802
99061
253248
113917
415883
144945
194749
142495
157863
249021
413825
434514
186736
14854
125150
264139
239244
56138
196397
760317
237143
239627
425545
240531
261846
156580
118625
188047
120553
172514
241852
12510
91549
167120
248260
47543
149126
250623
418272
183616
128168
32273
146138
260778
261810
9438
180651
144656
257042
162743
147658
32563
135187
156536
166158
238688
251869
189205
51895
11087
142436
90131
45045
121530
117425
173590
249881
181223
90321
143360
182921
417539
160704
121097
133132
148742
91691
149272
183467
186737
162187
239223
127982
145310
121998
183221
257166
190056
423147
48231
237128
246400
162361
230975
154756
248624
111094
253387
144319
248809
194382
147204
165901
237847
249089
189891
194751
125898
180675
290125
413251
36636
109559
257217
119244
169619
247390
152785
238196
243409
236627
182830
7391
107245
419799
257264
391187
170159
135104
251488
154679
418746
153424
97898
152784
266688
154454
139050
248884
138683
247391
11263
255643
154891
420706
261551
61080
25982
261764
188801
194224
414557
421950
159673
186883
113300
150824
58917
166201
253376
248183
280322
5974
135030
257877
97503
73708
144745
125745
189772
417680
113358
184329
416711
125987
99100
188308
193622
187927
243848
423255
34154
262663
171565
184072
426554
172657
48900
54595
33695
156185
238214
194385
96744
189131
18509
185205
428028
6006
51418
154686
241330
240094
152786
237577
189383
162647
236014
182040
499448
155597
165664
168857
126080
257392
29666
246212
262602
189917
143458
424860
430695
148758
267403
169544
41725
249823
183043
158766
195824
427686
128242
47588
126214
230329
119265
190830
153717
154941
422653
148753
149168
167906
190000
190495
411022
96496
241410
171463
240954
257221
250839
163698
157784
148402
260926
257393
162191
417701
409605
94993
107271
97337
193121
247294
154386
119497
240199
66931
121103
248659
238213
90323
192357
5574
183873
188293
158372
12476
38850
164548
55483
162351
57060
115221
117424
172679
174609
163566
418436
154469
417045
159292
240917
417453
416922
99053
423131
249812
260517
267196
42736
192229
92393
132425
411218
192956
29901
170198
131606
258111
91531
194389
118178
280513
265024
29689
194599
168095
414179
55872
141313
55725
194773
245811
247332
194668
184202
145083
230636
14883
188373
267202
188800
48902
33443
169381
8851
133891
47622
182043
8422
36970
291312
291280
244142
157834
137836
237116
38985
261223
244521
172640
184235
188195
163938
158764
236867
147355
131550
98495
154935
32161
54597
131349
153741
188653
263105
249078
411481
95608
230227
246503
236269
154790
37490
172829
37823
411554
118004
5559
127980
70620
187615
260508
194052
167893
168444
409808
251025
124525
195273
91528
124790
188446
51685
419613
99563
194969
238001
157369
172615
147394
247465
181315
161670
290119
62705
144744
182434
132422
182976
260777
160703
8380
245495
246214
169025
17789
172645
161459
36662
96735
432434
96765
63922
421555
172801
172647
152453
38874
90716
193509
117753
290631
253100
247000
8573
185204
85009
237805
5338
181701
193124
280370
195534
194163
414174
99188
172012
186712
38841
193788
248173
230413
17800
164232
238897
157351
160318
244108
186660
250908
191694
236072
252615
93989
5964
230516
291162
172305
245197
45268
235387
162806
117884
24936
29762
410778
290884
157781
51725
427115
160088
169753
22453
151621
429033
18581
246410
139004
133439
243319
157965
163733
248230
159766
259354
5619
246999
186447
194645
430132
191350
189898
186896
160039
11515
107086
143928
180988
121150
190926
152556
247327
257398
7845
126263
165413
157669
159920
246729
230633
253390
172056
84124
113106
58933
238723
249158
170882
185240
35848
432214
7811
249425
35874
258721
91705
27606
430681
155228
44429
230782
191562
184988
99047
433338
248658
63917
18224
128293
192631
123488
112455
97554
193401
186179
250303
153255
55476
188447
250282
131608
250367
252014
188983
93113
99719
192554
189922
241391
181745
184444
230415
84218
36357
410992
181227
420823
424921
290811
92921
141499
237713
180647
101764
246051
196228
419747
159630
93535
247301
185138
412258
171483
59907
250658
170784
173858
190474
238319
262191
240102
116076
5965
417697
38156
159853
257388
419610
151829
166792
44434
136571
188837
189113
173237
22936
45269
193562
418014
145305
153726
35938
6049
180149
118370
17631
92910
172660
421130
187479
257931
133136
243412
14798
409655
191652
291301
245655
173231
258557
194648
291288
253385
241850
117662
427174
159767
98140
417777
12974
433235
169988
236005
119325
258713
142730
237809
140987
161338
239727
252391
39059
253487
258218
180668
165705
110310
47419
253586
247523
134214
187882
185867
261683
122932
164636
238551
45248
160040
138196
432207
152257
163460
55485
99625
150093
136271
251564
185209
260920
291633
113302
183092
29907
419048
33304
241849
189210
25291
115521
249104
434079
126215
51809
95603
253937
45945
17802
109419
263106
181226
92397
267197
264503
194386
70814
193043
239059
263103
165168
291029
70535
258173
155573
115567
243946
239289
163148
260859
149134
99141
167684
181654
19848
5531
290991
90672
260632
235757
191696
152798
182044
186581
123110
290999
418183
241847
290908
263095
121154
96062
261870
155336
37709
258476
142336
257550
165873
31407
133281
188370
106938
97551
173054
257173
247542
112006
168799
169751
59769
90171
118390
185200
29881
418269
118775
143985
120023
99073
253910
432122
144979
247267
186597
155601
160115
137881
161407
239055
186806
194980
239593
250279
163279
248150
191577
136353
160064
31452
51911
64073
192858
258615
182465
172017
131487
121151
132732
134171
73674
237163
25442
12814
171114
51470
259947
250211
420193
237999
262261
117882
259003
117784
19634
36665
111102
96955
183811
259073
94960
246211
135071
51342
417684
8297
191465
423426
162777
17712
30304
417324
421209
93448
99129
38628
150759
5594
158765
158220
165700
131886
29813
180035
418726
189015
239718
239985
110311
38750
188355
145713
431822
256319
93907
159615
30303
181912
174444
81437
157417
165423
165421
5584
147496
180464
160010
186663
54868
167950
29691
162356
160173
96233
105820
154388
194248
429191
163388
419739
186593
252934
248891
172675
38749
180659
8696
194802
186599
95322
98783
119277
132254
134522
180689
422427
19827
239728
14789
147662
168256
31760
126073
239290
97095
186276
14813
247021
290978
168424
14777
166677
94906
99915
258175
97015
126191
413823
147938
98880
245336
419441
118850
291268
126068
281754
154463
192579
128238
194769
190726
258551
9178
37697
416709
186708
183022
257493
230634
70219
51596
157891
170868
165898
185107
154387
134598
257526
230581
253423
164640
181480
409511
133280
161561
255446
99263
92974
94900
42764
152488
159150
127047
240903
125669
422044
5541
119143
36771
186251
191430
35531
415245
244150
8752
54777
105140
89841
290624
421563
250185
290129
163732
192034
264486
98878
103745
160032
144756
17666
161652
181153
155668
154459
149265
195987
260242
172668
192278
280997
99048
194649
247020
183332
290280
145188
238999
194466
239445
186142
123220
258102
248262
94424
263021
417515
156251
122384
29903
190431
160091
422083
243725
51880
412639
126212
48334
73677
116660
98798
413390
153900
252608
248883
121968
91703
106935
160887
241842
138951
185189
417518
8678
29687
258515
417519
159727
186152
55226
418745
149274
112527
125597
32275
432209
290130
251941
121974
121104
173057
259824
238881
171241
251505
247019
118334
162658
118402
164568
417471
171498
249817
117530
172687
259363
254244
99622
194926
184974
168998
193114
280622
158312
48698
38963
237142
64212
98096
415827
12171
96526
153345
11918
428429
248015
4796
430364
154468
190044
185933
90512
134496
160448
411863
187546
170867
138971
158227
173183
93900
419740
49093
180680
96976
45266
258922
253695
183500
259343
5560
151830
130100
120346
173606
416714
391280
425845
33353
150090
107216
128166
180987
172652
93871
189520
161000
160447
250621
91704
234585
154147
93899
13424
137851
147280
147555
145288
32381
141919
37655
195406
261575
118445
247331
163355
146062
411862
195197
119326
153125
237406
239128
257396
243542
254213
416925
120025
258905
183017
181233
411756
153053
93747
262092
192353
96162
247828
247527
161431
70797
423637
245540
95128
173188
45040
162891
99623
155622
161853
131604
161578
258467
153720
253066
162593
191843
119335
180661
43036
55664
94898
49846
230432
89726
290860
14760
121951
254188
145119
19284
252130
164231
168005
109460
182464
252634
193897
111474
98879
196053
107085
186051
191570
35917
33999
194434
99626
290628
429406
418532
48331
429189
253952
121053
185115
194421
240006
419527
410838
415028
112296
54552
249814
128422
257465
160647
190494
258565
193391
169728
247048
189892
144667
189889
159159
192784
154228
128240
11786
21932
194743
51808
170464
173194
184086
262840
122959
93254
156992
190053
182768
264760
163939
90650
32564
759450
421903
157675
136671
144982
121056
163427
431027
248149
138401
35528
180682
95297
425066
113474
186209
290872
22938
262554
149164
261935
257487
116134
189347
160657
236083
261547
142166
173789
99909
110134
415248
117201
195193
417704
423442
110042
97435
411023
248261
153728
187284
45562
189346
192409
172643
144661
47411
172704
32268
290117
259353
133399
241337
151559
291127
164633
174527
156135
121781
262670
19759
91676
195196
193166
237087
195438
186305
22988
195154
263102
159583
236004
253236
38190
116657
253949
429876
140784
156092
99978
249102
187323
416996
194257
263084
391425
180862
291285
415247
185106
133346
43081
409912
262936
429407
160876
252632
413500
159655
12812
32337
262671
172694
168361
64447
196178
85951
185896
191408
14792
70345
117876
171593
194405
110021
245747
117525
188307
119363
416917
185589
194740
291141
187998
249911
419734
34981
127154
185471
151733
90667
19975
47541
123489
238303
97028
180677
33686
252047
237712
247023
146956
195436
128292
192275
91287
5585
8897
161702
248561
158195
122832
93727
184316
143021
180591
167032
260135
167046
70539
264522
138707
156575
154058
90297
147552
126084
257746
47273
33325
123825
92214
188639
97012
230463
137234
170293
29770
167041
45046
119269
257155
70254
230587
126193
33354
64216
163671
45725
119365
190615
246355
116649
188736
138682
90487
180577
433267
167669
193407
189075
155586
241658
155280
281455
97502
116003
34499
281456
34175
172677
147295
417540
196476
170150
124995
6003
130021
262410
247051
263022
54605
180653
26316
243376
155779
261044
112039
249996
418258
182191
115736
250213
52137
48701
92986
261548
8537
249098
144325
22972
431008
429967
97438
146770
170687
430979
261020
98888
189007
260921
151546
237860
91900
189043
290622
417380
243958
34084
118388
126019
144166
230592
263031
254068
157677
257311
107088
125742
24358
98221
5749
137563
418567
194974
132253
418016
193528
161350
413185
194374
194158
99620
166642
181230
29746
170148
252932
161323
180674
126052
34841
55726
33297
171112
403366
93815
164374
164997
127153
245306
125976
107498
90448
33305
411000
246527
161644
147824
154758
122961
426167
95398
97068
5567
422752
412496
133316
144674
31805
55115
415030
159760
96933
258774
98502
259346
174013
183617
241475
416276
37687
249157
163486
760467
247268
247192
163927
169232
12143
48332
418743
161654
169984
254061
189201
184729
195758
6020
246055
51598
22460
252273
134646
38942
237910
433627
291635
431968
184201
257840
250284
22472
190752
281753
247521
165418
90988
55734
192957
125326
426866
189906
241843
259770
180579
159733
237962
257219
5251
420509
152663
109556
56244
194757
195239
195152
247329
246517
230177
165900
259186
110312
253386
128053
153744
380295
101275
759451
90724
153025
142198
230462
34988
145251
165061
146771
254295
151748
261134
162727
54599
117663
55294
45264
126310
36740
119323
165728
137477
258911
117701
48785
147291
172326
64145
430571
12006
261709
239151
157750
146596
8881
112381
95494
186270
261493
29917
418736
92042
162761
249072
173327
257636
70660
158841
107098
143885
127068
251657
238908
118514
126089
412376
259340
173050
99045
36936
55731
89944
183465
97906
193619
193410
187404
174556
183116
167009
99723
184986
145382
14955
259250
230940
413207
163389
44472
8692
187429
158209
158763
95417
146141
97386
189166
125999
118808
248663
186969
125916
154481
183014
246887
290989
91278
97714
17489
98898
155761
191324
193179
63349
159287
47488
427639
192207
237930
37584
117203
99548
419439
45042
416995
184199
184232
8384
118307
12639
150236
115753
248660
133347
112257
258378
193175
192725
37662
194432
160031
192595
184234
262366
55714
250798
118404
118852
180119
19947
117649
253196
117184
195181
145254
193868
245174
98473
191530
251692
171136
138092
110314
244241
95318
156489
243863
107503
113734
18231
96521
51488
137132
187287
187288
418645
174642
181241
423638
245496
57017
183827
237258
267741
172516
245785
420480
152259
415196
419807
120559
241241
421373
95616
257486
171594
7839
119329
239283
97336
151693
240014
245141
96137
70169
188372
245291
411860
118626
121753
236626
187680
22436
244026
246216
190831
142338
243656
36680
47445
193172
137786
245257
240092
186667
258224
418490
172719
261708
291282
162224
413495
156333
246096
245173
145344
7833
252514
182422
156985
127712
242200
239224
186983
144663
412495
238894
247015
183224
256222
192033
117533
243377
230700
5304
127953
153724
258613
117791
190927
252564
419334
188374
153223
759364
70659
95403
147499
237176
36697
241405
243923
123348
118601
51403
230408
160470
94873
259606
184579
251600
146061
138194
128229
248620
29758
118791
64208
189374
114250
167115
194814
290387
250357
97477
143974
19131
11517
192317
142741
91706
184200
196221
147527
254294
259161
422712
184932
47542
417738
260529
145186
429034
430929
194053
156993
261623
192341
173822
96943
131629
194222
42964
14764
122302
253486
184231
171536
45555
237259
230130
290038
172680
97908
93985
416916
155619
145149
189919
62817
55730
260530
413498
116882
193422
247787
238562
193107
99979
160387
157532
12170
247011
246017
171474
92501
187922
421478
172664
36358
186566
157052
419741
98985
33470
46796
18876
261771
115805
143869
238904
138803
191604
98894
152457
238977
187802
90669
90055
161345
182618
19636
152460
29920
260245
117202
180737
17629
117881
142742
250486
171592
290983
107092
180739
166153
153725
415224
196425
191047
263778
253101
422288
11635
237961
148754
147066
158104
416124
70911
173730
195993
98797
250907
173607
260504
182920
45746
98462
245689
183090
55738
55649
189121
263107
163390
156963
152211
195971
433247
155030
237050
153746
193504
412493
195865
427182
237282
244204
172511
39031
245659
35853
245092
151842
159445
411276
138689
260492
160150
155562
173189
191558
238907
258719
258751
415303
13417
117723
132584
425458
291113
172515
162729
145835
98366
163755
251383
421545
290367
128193
291106
39060
99300
51816
187555
239281
172702
113301
262662
138967
101655
190434
252134
430616
146844
413034
120106
259076
246958
98360
415695
164583
252323
151638
107419
17707
258242
156091
172077
185146
97480
148768
127951
90894
54229
166798
252933
70170
143987
259748
190104
422718
152219
258904
189897
113297
261861
114309
85064
241424
174147
420672
46126
185287
247838
417953
173232
247190
163770
259800
247407
188705
59215
259270
247505
254302
150915
89840
157907
418095
192013
130782
146375
113740
253479
126066
186862
130254
109553
195594
246740
122936
257871
153511
259768
230927
34188
262764
174014
230352
119446
25058
247302
240665
17778
10672
32613
31931
195401
159103
70214
164227
172708
255849
126070
117785
63920
174446
195759
18839
230340
117186
236056
260147
119321
291561
237558
18513
163419
195416
290939
262058
426373
260775
17713
151587
190061
166048
239057
184166
159908
230349
33221
95900
434090
415889
186884
4817
38753
95615
172697
153614
188851
409715
168116
260195
867
169456
180039
186778
25856
147347
141293
291146
107006
280554
412839
137784
47539
5540
90199
120556
36925
138636
42983
93382
115716
258271
180576
99054
172309
192729
184217
257312
159852
380344
134029
117197
159856
182951
168633
173857
171110
152563
242122
433371
291136
155636
434436
248473
45554
151467
422587
259032
155394
12634
92227
194785
431966
91689
120100
120083
152767
84223
259744
55662
419213
115720
190986
186711
260999
46310
14670
252633
125907
249826
161424
111085
45946
290123
143361
252137
144801
185397
262655
189237
195995
173176
290379
33467
230690
151980
418185
157534
30141
181522
261901
290981
258547
172889
244302
144475
189931
185113
36679
95914
99758
34150
173041
185235
281674
433122
258468
132223
255853
6072
163387
259767
127838
98287
159291
11841
157145
142739
252247
32835
259249
169725
264699
147660
182769
193676
168888
51732
89942
180810
261718
260027
253877
173767
155637
196176
248555
238876
257689
33365
421291
163731
165063
138556
411800
112139
55742
409480
238374
63896
93348
118763
160925
168096
191848
12707
174148
230412
157678
90723
137568
257861
8675
266644
97088
428745
195261
432611
243413
235801
113735
250356
33436
425958
183590
194311
260565
147212
235808
190478
280999
172281
192523
160720
118619
261704
156008
90719
230214
267962
172300
415568
93901
160498
185116
230784
27605
416586
63888
429307
150463
254071
162354
128186
246448
261057
94902
157416
238817
172089
11921
98953
237752
148320
426868
257381
195046
248547
252361
189944
185274
421283
261572
417679
98669
247724
180041
150315
262229
259762
165038
245870
137482
425109
409469
96059
184981
95804
36775
31940
77890
85245
189951
264138
109466
173325
190808
34964
161560
32566
115219
185590
262060
183020
116001
431382
759445
420420
134312
164761
246266
93819
126085
174575
243388
5648
189368
147211
262446
189888
194739
157397
49090
257391
192573
248562
244011
8700
160697
248056
152345
11599
113299
259798
291311
144853
421824
258853
17619
90018
192794
162355
193533
161422
138746
235942
413086
192008
429519
261686
262941
414244
155550
157533
149148
257329
186050
111105
2994
168117
188707
422264
117411
261571
120107
90607
188321
132035
32193
235938
230609
138130
413503
125970
262665
409833
245640
4816
97504
183820
188624
138522
147738
180673
33232
96498
433457
250806
152559
189014
429190
230190
180664
192577
424863
173331
182253
260523
245196
131848
17630
187649
253238
193355
261964
160045
121999
172299
235806
24580
247581
143273
33169
136488
190813
143870
14669
94518
96944
185285
192571
156616
247013
185111
5252
153398
23497
38160
94992
94783
183113
416679
181743
51469
250795
70653
418699
131528
159732
107222
118016
99442
48382
185907
162146
18511
117199
240202
163484
157780
32838
246221
418686
39037
190496
14748
432204
191322
195760
173816
116078
230783
126076
181659
174149
138937
260912
186605
120551
159659
119008
5536
93636
159650
90324
162384
170666
2997
155593
120109
155930
138692
155056
413497
240021
180036
141681
93489
259743
159646
172096
239058
188102
38837
421288
170690
185194
55477
253785
291111
181470
157783
133333
97514
150239
180028
248148
160023
413696
419806
423639
84239
239119
415223
34001
94392
419162
420846
171404
137618
253673
236007
250600
145299
164771
11791
417696
195190
112498
157679
173479
180684
36719
191467
257764
415714
171547
196325
425857
173812
249004
128080
257769
252009
99064
32272
290809
239360
104710
247092
192988
235941
145715
193891
38847
18577
171587
191329
380227
416204
144082
22457
759459
49598
162222
260310
187783
184980
412238
252362
184273
166795
59762
422380
432199
173170
12009
257333
250802
138780
253947
185183
418007
119538
253775
99346
138548
147067
145810
260947
117721
185237
251639
181467
230379
180741
126308
428540
432906
34170
180948
190773
291107
154890
131529
251590
180688
128320
291142
249819
261570
171117
166286
37543
417502
247236
173190
174079
136224
13425
193089
96974
155827
163410
432202
156381
172644
189461
391088
185102
261098
90718
153243
99984
174450
103738
418862
187670
11269
118842
164958
172025
166796
194240
119275
37721
185193
421179
36712
183115
250910
171538
190330
174634
127430
422797
159926
280736
37820
186733
253774
138176
164983
98949
149280
167141
253009
126174
172539
134106
132423
93902
117859
115741
138726
173103
258723
429811
90372
237114
123596
145283
425122
180860
195757
70218
5576
36682
125799
127042
426098
119159
165702
426861
245326
237967
59764
93363
19741
165410
264192
420477
147659
143359
261357
97056
193508
171542
136067
186882
132214
153274
258504
188296
58924
66907
130885
188648
251026
264478
181232
159730
155548
257158
91226
33296
433311
156500
98503
138972
141314
122294
230337
59763
173605
258722
172095
236006
417372
124996
167157
112036
187888
193016
159189
127828
188878
76687
168423
94390
194061
193865
85036
230411
147820
188125
126213
99044
186664
12633
186453
151556
32374
159187
51428
39032
70251
290988
239629
423736
194462
194964
159663
117548
249090
127952
159426
162367
411062
290378
260026
258849
184315
96061
423107
154457
165453
433078
137782
236864
142639
122632
236948
257934
58470
793
156067
97072
160092
48784
421131
412375
5204
19229
195064
24959
9513
196120
51621
258710
185284
113167
128295
113914
143653
150241
138215
148766
193681
190954
252428
190003
97505
163744
164455
125590
261416
196182
249320
125153
193177
93814
167031
185139
259023
194752
423425
252363
192452
132836
161347
163722
152210
262653
125267
167994
93261
238890
262351
249049
422234
37510
169536
153527
239060
431028
126344
109793
245294
48881
138800
280418
252372
250115
153510
257389
409994
180641
5563
119204
235805
48559
31927
243916
98273
409698
239716
291281
90384
111841
258848
38762
154723
96235
195189
32364
427233
127751
258631
33188
97613
34754
180814
236061
19992
290913
152661
125977
128165
37544
12811
183686
32223
93398
95315
391346
98739
165036
184969
259437
155595
155600
426029
35020
118015
194736
93439
5618
5602
189016
247532
148773
25860
180858
259116
182530
254024
144507
194742
147391
118620
250625
165449
99913
248553
236296
190476
259392
127824
238287
245498
160391
90727
96141
37485
19967
185848
7788
248890
14666
425659
171749
137848
94393
136576
63904
430974
93253
105150
230376
169754
168427
96165
37650
183697
143973
160025
158218
246357
185541
427389
143173
63921
196114
138761
163439
34132
414363
42197
157779
258370
152479
158185
13512
37483
244198
240128
37473
247720
248482
8536
162359
92795
421476
188799
144509
241242
267276
261550
417698
172637
421817
426407
35822
422654
260134
131827
159668
33477
181699
417452
127510
251651
260700
172183
188751
55475
93490
155539
238804
189225
37541
157563
238217
104645
124461
416994
158210
11144
261720
51666
145185
245497
132785
249997
33962
237862
188727
153748
237202
261706
410925
247399
93903
430971
164404
128298
111082
230688
247520
259820
425682
113923
250654
21929
252605
257713
418501
133345
264477
134217
191695
432569
155323
184266
168653
244194
125337
191650
76705
167039
32269
230249
190480
171534
146066
188641
180640
118222
117759
168215
31429
173823
160165
16078
124998
180029
243791
195130
136351
127968
151290
134167
169559
230014
122297
291353
190769
33168
48897
37530
12049
48173
187285
262017
47590
188445
180164
4849
190468
250866
93260
35078
158537
281499
409928
9175
101868
255640
252931
149263
259773
251855
413501
190820
262082
192032
425779
257395
230465
158219
55736
96573
180665
420139
17667
116391
253782
94924
241385
189364
259117
291483
195586
196284
262765
418008
190746
417693
158226
93116
171482
193863
161423
144838
190173
140255
162575
172307
32828
192475
249815
257167
156309
239761
32836
76707
174298
91085
180637
180842
128409
248050
126118
239579
147430
11261
238000
98616
90506
230778
35930
415888
252015
759688
48622
142745
45703
154347
18578
147210
148697
249813
192857
97921
45622
152795
93476
161570
258912
263034
192979
34155
153054
19512
138681
259385
184162
157676
29664
147428
97937
148051
426726
246739
262325
126063
52076
247873
39036
191133
245867
426370
237192
255804
230416
160469
36744
164641
172676
252027
89941
92211
118279
166789
258614
167970
152344
173535
195123
248921
421644
173532
11789
240929
125399
59894
163278
5544
95697
164140
156003
38625
8632
153975
169983
154411
291602
182922
173531
172084
423252
8625
160435
152609
95559
149005
195976
157313
411483
417700
188643
246218
144135
153228
166919
95899
194616
120654
120571
291545
420444
252465
96166
261400
34775
8677
187923
125991
187013
117814
188787
131347
238865
90715
188159
133965
291252
252862
133134
91820
147252
94780
259735
132365
70762
156017
169842
173068
431355
99051
423444
186780
125259
281498
33428
171535
160011
117410
243951
131345
161018
93964
117551
162366
259283
241006
260769
136212
19688
421011
185137
253793
174408
237966
239368
172630
70347
189261
192955
236009
29668
237065
70887
174632
133724
192294
51821
248623
158214
34992
145180
109467
134213
183749
159286
150806
144825
235713
155740
127061
37475
194384
150344
181842
183296
161339
249103
246043
30301
92220
119268
54227
35916
159168
431969
32338
172663
156469
122296
248840
42202
157668
172283
147724
166231
183087
431464
42364
253566
99628
180121
257770
194388
172365
172382
291143
160112
51710
119447
115749
418499
237819
151694
36313
259805
251886
188796
186659
132053
146922
32340
253000
182042
172093
37500
165422
250541
7396
431022
96125
431964
55831
187996
5617
90322
261856
759458
180671
434188
258064
121950
136577
112391
11649
193173
416745
91823
9150
34129
423254
117180
412043
194520
183104
130916
249094
51815
155229
156960
247667
432256
410814
31040
97069
159652
160054
143485
246575
189928
253769
131885
237848
251589
259118
5968
55225
5524
160875
169934
168141
52072
51733
127512
187341
94998
159693
117810
159246
122738
190493
152214
159857
180672
139001
257048
49857
125740
252394
236333
195169
120660
59614
261719
34773
160468
152462
430602
167506
415825
117531
12709
426112
11259
47540
32324
160865
172297
149084
237858
186861
192560
181234
98887
137968
191578
98219
155753
416915
247544
230699
266647
103771
4680
180157
418947
118124
134168
259206
257043
188090
138894
421193
145359
25981
55749
254060
14794
419226
8849
416420
159851
249101
12816
148764
429734
171473
143811
189927
12972
173826
415603
159167
93428
8753
145866
245111
25858
29665
164372
70900
167996
246101
160388
391424
120019
409630
259957
426308
185472
416463
93047
254044
92387
99444
119369
425202
261687
101872
192109
161425
419797
251015
119553
164954
98891
291110
115461
111346
266645
147726
418268
17486
141256
253959
432258
8754
157470
187801
138802
421959
118507
426858
258901
192796
188310
236724
180168
166922
97674
184589
135827
421822
166794
11651
255718
426588
188880
148422
172016
183106
172091
29987
257743
146779
14678
118007
230116
33414
39023
195243
391133
92922
262460
242110
181698
193531
173191
167581
124999
54178
192980
125325
131825
428060
262625
141882
250210
161127
16195
122036
190002
143886
193484
96730
11652
172712
5670
4663
94899
259956
160290
192590
150234
113736
188403
252327
257386
76104
251599
417047
104615
154942
81242
99710
149217
186670
190833
414361
34144
135826
412048
143972
131605
415487
183330
258692
258709
6045
47288
118807
164375
126216
416920
193113
430574
168708
124241
193512
238878
42734
192324
433278
167589
235804
168094
194376
64219
33185
412045
99923
180654
260340
51497
156136
261417
38857
252211
230173
258773
148760
12962
194339
194139
91822
184597
125407
262134
280879
230537
188752
133344
421376
249850
253367
113298
418176
230179
191469
259734
254393
172661
240668
161503
249075
161346
36711
5209
190176
191576
252360
19745
193646
252940
189227
259168
45770
190092
136279
90663
252128
249079
417905
257728
169846
96954
188443
144672
237575
419753
171986
154189
253010
192349
413339
121166
33034
191119
133338
134082
261043
413127
163984
252996
18413
261319
181151
432947
261568
426380
290727
14790
119334
11633
73671
89905
38832
433216
144980
247531
235907
185192
172711
281680
189004
247266
132424
118366
248000
234596
252083
247949
416992
96168
250833
119170
133133
190689
36915
147220
148698
258176
11637
260768
173185
139297
38856
253911
230593
239583
63900
183231
192015
253946
11784
166196
131346
246738
33366
111109
185198
149241
290812
248808
54224
152451
33442
117719
431555
112680
257488
167642
48242
291151
28431
195267
194342
93856
169558
419069
136077
248115
230460
180008
32603
59197
168468
142248
158843
246501
260494
73670
194981
427635
188735
183222
759799
259347
290886
64150
35823
117886
251077
166873
29701
172028
51791
37659
150094
136395
189003
258772
115991
36695
98951
115744
181398
152216
45923
186535
63924
240860
153463
261139
143872
413298
120094
42322
89933
238488
169452
94760
121225
244048
116290
432206
59770
90325
380386
93822
51818
157051
173182
173592
120081
798
159105
253909
156582
253266
190745
157399
419525
181519
422137
180370
432978
182338
280547
29918
162143
148765
124245
413491
257315
145181
5651
45054
152346
159874
421271
163461
45053
252085
90668
90317
138595
259341
191567
139064
98504
17320
193227
429880
184987
290003
22983
258065
249091
194335
230419
152461
138718
160017
118617
46851
239061
173344
38748
45571
111101
428097
251507
239050
251597
261860
133430
190633
193789
248559
21938
172707
253761
120974
260239
290421
33231
193620
194243
35542
188368
183612
193406
281679
189202
14989
54918
43082
34002
291116
261953
164639
153210
290984
257529
188359
192946
156579
112398
117196
95478
98188
173196
249076
113417
138696
259190
131332
157027
117621
145294
434621
153742
249003
128347
238898
64167
243660
165902
149031
182328
428738
419066
236330
8379
428908
183613
158940
421272
191511
59768
257468
191574
137483
191332
185473
429966
37461
147490
245716
161428
259018
152347
196237
262427
426382
172648
238367
173828
91294
14795
259139
190178
244041
145301
112295
98162
157906
190491
141395
240958
158106
145434
38733
14801
109897
431617
252011
428541
172522
70090
195450
290042
247799
260269
123354
432112
252865
17661
95609
290124
124244
115719
145302
14791
46162
253696
174553
262117
249228
120973
8667
18517
280390
99353
249721
192176
237494
38216
291132
90019
161398
193404
162401
99110
118236
157317
34883
170908
48882
183225
257866
167903
181697
246092
258598
195344
237968
111095
138987
249050
191136
186494
417692
413529
161987
191351
133313
248046
257830
238906
9172
258518
195247
99368
64079
185122
423608
147290
192451
148718
160013
122198
281413
32499
417829
259075
51692
190535
147230
195828
158225
99987
193165
426758
248169
154757
290131
425945
257406
155386
11551
139193
160026
248272
44389
120937
191046
171589
182467
253918
167584
159654
185140
192277
44474
247582
253318
170292
192316
161999
182421
146140
64290
38855
250863
291431
429497
238948
35913
186562
120557
118875
193402
34767
160061
230377
73717
180687
258951
5548
168099
235900
154524
46819
163944
51734
241563
230250
85453
128244
186967
156490
245185
153260
281501
252697
188420
96193
124232
169026
180941
416744
258550
418177
98023
48362
426761
429169
168442
173197
230431
171491
243615
153972
422691
8385
115810
431916
291638
248234
181231
99290
187924
264723
14778
120144
112394
154759
99981
239448
411803
169078
236865
97743
247501
261567
290324
137411
245186
117432
91821
181207
145867
247033
280849
421823
291222
90320
31417
180681
147381
187585
101279
195989
189961
193624
263097
119243
180924
245732
138625
34885
163485
91293
97941
172710
230280
182079
107576
154385
184343
136240
11996
149147
54228
415565
280419
418500
51496
96295
122041
91783
94454
99455
38638
131263
258808
426703
38853
255719
191330
164407
249342
186582
238220
154940
117790
96002
120020
260051
413700
96568
424887
126100
190608
261643
63891
118724
8621
161575
89948
258990
149050
184976
184983
8750
235937
380388
183351
134961
419612
290004
259001
14752
90007
194501
96969
118280
193454
185273
136569
426860
186776
259764
99055
195070
417101
259775
89936
147910
251561
186668
134497
194381
125336
12958
251847
144944
32270
290810
143278
138390
230466
142337
24889
90713
120971
90447
430247
259623
115566
63892
174196
246255
195262
147316
183453
94757
192807
22993
37576
126049
97071
99630
5324
258061
156366
264458
247303
193968
186541
194738
230942
156009
131611
90446
189926
93421
253764
121055
416743
117702
149166
90326
186669
414371
94872
186477
34328
238004
194815
160863
185119
138700
428512
169340
145303
409903
96111
241423
163197
29587
123154
181524
248139
230189
185196
424583
253062
237283
409872
188836
70133
167919
187673
145274
254472
256219
5546
153968
195215
37463
414359
99456
159160
5152
230662
194702
118538
162159
37661
237377
418455
62626
163771
428699
181523
159238
237710
37289
190590
433312
64151
51690
126097
14677
239054
194762
192359
185098
246964
432905
258548
259355
169876
45267
258909
250836
118237
180040
155649
418545
255579
99926
241790
230976
190177
189058
180679
11793
196235
180448
428177
161028
259912
93690
167577
146117
154914
155887
257165
171242
38869
180925
291286
116407
245370
118548
192356
249069
140988
138553
160090
171113
125146
173856
239053
143966
142498
170775
26113
253784
262654
172700
156773
189203
145285
125810
187727
181154
262500
118403
191569
238900
168383
133286
260770
188491
180676
159104
126205
417781
190348
146372
257527
112399
419611
258840
418502
430565
48576
165899
55070
194758
152215
238916
409616
246499
161669
237711
430978
14954
182066
174551
99262
419796
188160
280768
55480
147567
182431
54226
165980
158247
759691
118470
260505
422572
180946
248733
136313
194754
258921
419211
430438
165931
174545
196110
138684
107481
290722
98039
147480
142744
172278
257383
248014
164831
417677
230036
153340
180740
32612
54704
148367
194422
156406
121222
416528
171478
6065
188706
34822
164810
258739
141221
130387
252219
257214
125598
247029
187348
113001
418257
150458
98664
169035
91518
93391
76690
47508
186926
251939
247243
132220
181021
260487
38760
46841
95687
148472
190536
12813
126064
96495
262419
19178
117549
261897
258838
247016
180169
158584
185151
191568
237326
419529
186807
183219
188357
241872
279594
252962
164365
156124
37689
250911
36993
259115
194245
97998
187278
180838
189903
159170
249882
290029
93959
172715
759462
5565
35026
247002
155858
95316
427232
253320
183823
127152
156983
380482
186454
184313
134313
258903
430133
416868
38155
37821
5590
883
417039
32274
413492
38824
163391
117534
243823
189909
5616
159157
252274
192793
254179
188164
51736
159289
252166
159020
92216
174464
93347
193866
148905
240166
260501
33687
55442
421210
159263
257156
98498
172094
3302
760019
19758
51389
267278
186326
182770
152217
254296
194803
262998
39034
230358
262244
258272
145822
415789
91465
164551
122734
195268
196494
246054
258681
94870
183108
166229
21790
122199
243643
147390
196474
258519
98218
38979
93491
230569
29618
11639
264729
98097
409530
423443
424822
420371
180841
434658
34148
48875
260690
137850
422573
115568
126062
98474
104648
144852
166232
125405
240568
11655
163488
180667
262078
152343
55456
421483
159602
245792
230313
165933
414357
11081
230224
159443
290364
35546
194647
239438
42999
167948
173731
104657
121517
425125
110309
416914
157407
19853
47813
144796
19193
48361
49832
173794
259742
152796
38872
247392
181665
85010
112461
59765
109465
244077
155908
19270
193535
149278
173591
33426
165408
116080
243497
163772
117620
157144
239361
43084
147507
250840
181670
95314
190832
45676
98895
427784
70622
93906
238874
131829
236144
195160
267270
98617
22819
145265
160094
115737
154088
759797
169342
7787
153208
196327
120576
193031
241869
195857
245513
121972
243929
17634
145308
152218
248882
169364
190046
152283
421931
98497
167159
248628
195408
162365
125917
162122
253194
248397
425443
248973
119493
261688
413496
38990
192630
70531
187726
184103
164471
147421
151558
42970
90648
188620
117192
415294
248625
144391
140546
127993
237854
143988
182982
62633
409623
425546
117583
90484
163741
29708
54681
138811
119270
3056
165772
190103
42975
38203
244047
150238
118506
42101
167997
249048
243598
190748
188621
172306
193099
252016
248574
174171
230344
5556
96185
113737
291108
434091
262621
193150
153399
427684
194430
416710
5321
260776
173819
258230
290627
115740
138973
186485
93817
17714
415227
45041
19989
118582
107273
118333
184312
166655
64446
195851
118616
290462
280417
180642
169937
259351
142222
195435
93392
237111
189530
36700
117088
138847
70087
147500
760259
37472
195272
11650
281497
291103
236259
241372
97778
180660
261926
97087
147205
165897
258212
95129
125746
414081
37656
191845
51813
421484
419208
155598
172162
194375
14811
171540
54222
191134
36929
147725
163759
193993
193534
245687
160646
429308
167921
154458
83730
55950
59696
182666
118848
94391
120558
187852
70525
118856
174552
193759
29712
418967
37580
195988
255578
148399
125410
133312
122040
238745
45265
153211
163797
250246
240534
257408
45561
259666
244199
258809
247538
291637
125989
249066
427597
154482
412667
48170
189041
19739
119385
259766
126018
280833
185903
25857
47538
260489
192589
416886
189045
136568
145343
192209
192989
416923
121146
380228
70256
156184
412838
426404
248676
412778
89946
413809
427107
38825
151768
160394
125743
151695
99935
162394
112292
21933
49858
122371
192792
143989
144508
54234
183768
235802
112294
143275
260984
180966
143192
144786
96140
248189
32266
55484
241365
131343
248975
9103
114312
122387
169460
43120
51419
291590
427095
421285
252324
421066
28414
167972
290327
30302
169757
190636
136239
146065
181229
419631
162358
252143
38966
155730
194338
34086
90728
142165
137256
259006
109468
423646
193433
250800
154692
12144
37542
163394
148757
251842
409647
161651
51427
291161
99489
174526
106937
91803
188101
57988
422884
95395
419453
158998
425444
121224
142562
11794
250796
128016
262589
190925
413129
156011
166347
160021
95915
132774
194404
280946
125747
165719
48561
194925
155216
160888
158279
57740
172683
164586
92301
248167
46103
250400
127494
76692
185236
262050
124246
111348
31807
160126
241237
248236
130794
159450
70534
194424
141493
128228
434439
139202
243789
192981
190225
290377
243406
96687
46978
759423
55229
238340
253993
168137
92768
158222
146146
253763
146743
230549
185181
165896
180650
125408
181206
247093
413984
156230
189300
247580
44443
180816
189125
126169
145383
148789
230284
186181
248499
185912
195045
259771
262990
419626
32874
151732
434092
112338
138705
259201
162225
117423
236067
174197
131075
64445
133283
193363
112390
185617
167116
117550
195418
160027
244196
152212
91078
70902
236070
240245
38859
128421
266258
195756
37509
182891
167040
118840
32232
124786
44380
165452
158585
134083
237963
181668
95068
257727
759444
126208
114028
