    0    0    0   0.000000000   0.000000000  -0.165688E-20  -0.371107E-06
   -1    1    0  -0.847660957   0.847660957   0.466285E-02   0.170725E-03
    1    1    0   0.847660957   0.847660957   0.466285E-02   0.170725E-03
   -1   -1    0  -0.847660957  -0.847660957   0.466285E-02   0.170725E-03
    1   -1    0   0.847660957  -0.847660957   0.466285E-02   0.170725E-03
    0    2    0   0.000000000   1.695321913  -0.795156E-03   0.469585E-03
   -2    0    0  -1.695321913   0.000000000  -0.795156E-03   0.469585E-03
    0   -2    0  -0.000000000  -1.695321913  -0.795156E-03   0.469585E-03
    2    0    0   1.695321913  -0.000000000  -0.795156E-03   0.469585E-03
    2    2    0   1.695321913   1.695321913   0.548265E-01   0.239933E-02
   -2   -2    0  -1.695321913  -1.695321913   0.548265E-01   0.239933E-02
    2   -2    0   1.695321913  -1.695321913   0.548265E-01   0.239933E-02
   -2    2    0  -1.695321913   1.695321913   0.548265E-01   0.239933E-02
   -3   -1    0  -2.542982870  -0.847660957  -0.841805E-02   0.408484E-04
    3   -1    0   2.542982870  -0.847660957  -0.841805E-02   0.408484E-04
    3    1    0   2.542982870   0.847660957  -0.841805E-02   0.408484E-04
   -1    3    0  -0.847660957   2.542982870   0.224853E-01   0.408484E-04
    1    3    0   0.847660957   2.542982870   0.224853E-01   0.408484E-04
   -3    1    0  -2.542982870   0.847660957  -0.841805E-02   0.408484E-04
    1   -3    0   0.847660957  -2.542982870   0.224853E-01   0.408484E-04
   -1   -3    0  -0.847660957  -2.542982870   0.224853E-01   0.408484E-04
    0    4    0   0.000000000   3.390643827   0.535316E-01   0.245330E-02
    0   -4    0  -0.000000000  -3.390643827   0.535316E-01   0.245330E-02
    4    0    0   3.390643827  -0.000000000   0.535316E-01   0.245330E-02
   -4    0    0  -3.390643827   0.000000000   0.535316E-01   0.245330E-02
   -3   -3    0  -2.542982870  -2.542982870  -0.666060E-02   0.490235E-04
    3   -3    0   2.542982870  -2.542982870  -0.666060E-02   0.490235E-04
   -3    3    0  -2.542982870   2.542982870  -0.666060E-02   0.490235E-04
    3    3    0   2.542982870   2.542982870  -0.666060E-02   0.490235E-04
   -2    4    0  -1.695321913   3.390643827  -0.256552E-02   0.354427E-03
    4   -2    0   3.390643827  -1.695321913  -0.722163E-02   0.354427E-03
   -4    2    0  -3.390643827   1.695321913  -0.722163E-02   0.354427E-03
    2    4    0   1.695321913   3.390643827  -0.256552E-02   0.354427E-03
    2   -4    0   1.695321913  -3.390643827  -0.256552E-02   0.354427E-03
   -2   -4    0  -1.695321913  -3.390643827  -0.256552E-02   0.354427E-03
   -4   -2    0  -3.390643827  -1.695321913  -0.722163E-02   0.354427E-03
    4    2    0   3.390643827   1.695321913  -0.722163E-02   0.354427E-03
   -5    1    0  -4.238304783   0.847660957   0.124425E-02   0.175395E-03
    5    1    0   4.238304783   0.847660957   0.124425E-02   0.175395E-03
   -1    5    0  -0.847660957   4.238304783  -0.402546E-02   0.175395E-03
   -1   -5    0  -0.847660957  -4.238304783  -0.402546E-02   0.175395E-03
   -5   -1    0  -4.238304783  -0.847660957   0.124425E-02   0.175395E-03
    5   -1    0   4.238304783  -0.847660957   0.124425E-02   0.175395E-03
    1   -5    0   0.847660957  -4.238304783  -0.402546E-02   0.175395E-03
    1    5    0   0.847660957   4.238304783  -0.402546E-02   0.175395E-03
    4   -4    0   3.390643827  -3.390643827   0.287959E-01   0.199848E-02
   -4   -4    0  -3.390643827  -3.390643827   0.287959E-01   0.199848E-02
    4    4    0   3.390643827   3.390643827   0.287959E-01   0.199848E-02
   -4    4    0  -3.390643827   3.390643827   0.287959E-01   0.199848E-02
   -5    3    0  -4.238304783   2.542982870   0.165006E-01   0.481951E-03
    5    3    0   4.238304783   2.542982870   0.165006E-01   0.481951E-03
   -5   -3    0  -4.238304783  -2.542982870   0.165006E-01   0.481951E-03
    5   -3    0   4.238304783  -2.542982870   0.165006E-01   0.481951E-03
    3   -5    0   2.542982870  -4.238304783  -0.590099E-02   0.481951E-03
   -3    5    0  -2.542982870   4.238304783  -0.590099E-02   0.481951E-03
    3    5    0   2.542982870   4.238304783  -0.590099E-02   0.481951E-03
   -3   -5    0  -2.542982870  -4.238304783  -0.590099E-02   0.481951E-03
    0    6    0   0.000000000   5.085965740   0.149475E-01   0.630846E-03
    6    0    0   5.085965740  -0.000000000   0.149475E-01   0.630846E-03
   -6    0    0  -5.085965740   0.000000000   0.149475E-01   0.630846E-03
    0   -6    0  -0.000000000  -5.085965740   0.149475E-01   0.630846E-03
   -2    6    0  -1.695321913   5.085965740   0.228491E-01   0.182946E-02
    2    6    0   1.695321913   5.085965740   0.228491E-01   0.182946E-02
    6    2    0   5.085965740   1.695321913   0.246893E-01   0.182946E-02
   -6   -2    0  -5.085965740  -1.695321913   0.246893E-01   0.182946E-02
    2   -6    0   1.695321913  -5.085965740   0.228491E-01   0.182946E-02
    6   -2    0   5.085965740  -1.695321913   0.246893E-01   0.182946E-02
   -6    2    0  -5.085965740   1.695321913   0.246893E-01   0.182946E-02
   -2   -6    0  -1.695321913  -5.085965740   0.228491E-01   0.182946E-02
   -7    1    0  -5.933626697   0.847660957   0.378628E-03   0.156864E-03
   -7   -1    0  -5.933626697  -0.847660957   0.378628E-03   0.156864E-03
    5    5    0   4.238304783   4.238304783  -0.272459E-02   0.831133E-04
    7    1    0   5.933626697   0.847660957   0.378628E-03   0.156864E-03
   -5    5    0  -4.238304783   4.238304783  -0.272459E-02   0.831133E-04
    5   -5    0   4.238304783  -4.238304783  -0.272459E-02   0.831133E-04
    7   -1    0   5.933626697  -0.847660957   0.378628E-03   0.156864E-03
   -1    7    0  -0.847660957   5.933626697   0.446119E-02   0.156864E-03
    1   -7    0   0.847660957  -5.933626697   0.446119E-02   0.156864E-03
    1    7    0   0.847660957   5.933626697   0.446119E-02   0.156864E-03
   -1   -7    0  -0.847660957  -5.933626697   0.446119E-02   0.156864E-03
   -5   -5    0  -4.238304783  -4.238304783  -0.272459E-02   0.831133E-04
    6   -4    0   5.085965740  -3.390643827   0.294669E-02   0.337761E-03
    4   -6    0   3.390643827  -5.085965740   0.170133E-02   0.337761E-03
    6    4    0   5.085965740   3.390643827   0.294669E-02   0.337761E-03
    4    6    0   3.390643827   5.085965740   0.170133E-02   0.337761E-03
   -4    6    0  -3.390643827   5.085965740   0.170133E-02   0.337761E-03
   -6    4    0  -5.085965740   3.390643827   0.294669E-02   0.337761E-03
   -6   -4    0  -5.085965740  -3.390643827   0.294669E-02   0.337761E-03
   -4   -6    0  -3.390643827  -5.085965740   0.170133E-02   0.337761E-03
    3    7    0   2.542982870   5.933626697  -0.102444E-02   0.118979E-03
    3   -7    0   2.542982870  -5.933626697  -0.102444E-02   0.118979E-03
   -3    7    0  -2.542982870   5.933626697  -0.102444E-02   0.118979E-03
   -3   -7    0  -2.542982870  -5.933626697  -0.102444E-02   0.118979E-03
    7    3    0   5.933626697   2.542982870   0.308230E-02   0.118979E-03
   -7    3    0  -5.933626697   2.542982870   0.308230E-02   0.118979E-03
    7   -3    0   5.933626697  -2.542982870   0.308230E-02   0.118979E-03
   -7   -3    0  -5.933626697  -2.542982870   0.308230E-02   0.118979E-03
    8    0    0   6.781287653  -0.000000000   0.144709E-01   0.147566E-02
   -8    0    0  -6.781287653   0.000000000   0.144709E-01   0.147566E-02
    0   -8    0  -0.000000000  -6.781287653   0.144709E-01   0.147566E-02
    0    8    0   0.000000000   6.781287653   0.144709E-01   0.147566E-02
    2    8    0   1.695321913   6.781287653  -0.338976E-02   0.125795E-03
   -2    8    0  -1.695321913   6.781287653  -0.338976E-02   0.125795E-03
    8   -2    0   6.781287653  -1.695321913  -0.331979E-02   0.125795E-03
   -2   -8    0  -1.695321913  -6.781287653  -0.338976E-02   0.125795E-03
   -8    2    0  -6.781287653   1.695321913  -0.331979E-02   0.125795E-03
    2   -8    0   1.695321913  -6.781287653  -0.338976E-02   0.125795E-03
    8    2    0   6.781287653   1.695321913  -0.331979E-02   0.125795E-03
   -8   -2    0  -6.781287653  -1.695321913  -0.331979E-02   0.125795E-03
    6    6    0   5.085965740   5.085965740   0.221493E-01   0.164371E-02
   -6    6    0  -5.085965740   5.085965740   0.221493E-01   0.164371E-02
    6   -6    0   5.085965740  -5.085965740   0.221493E-01   0.164371E-02
   -6   -6    0  -5.085965740  -5.085965740   0.221493E-01   0.164371E-02
   -7   -5    0  -5.933626697  -4.238304783  -0.814141E-03   0.115571E-03
   -5    7    0  -4.238304783   5.933626697   0.392713E-02   0.115571E-03
   -7    5    0  -5.933626697   4.238304783  -0.814141E-03   0.115571E-03
    7    5    0   5.933626697   4.238304783  -0.814141E-03   0.115571E-03
    5    7    0   4.238304783   5.933626697   0.392713E-02   0.115571E-03
    7   -5    0   5.933626697  -4.238304783  -0.814141E-03   0.115571E-03
   -5   -7    0  -4.238304783  -5.933626697   0.392713E-02   0.115571E-03
    5   -7    0   4.238304783  -5.933626697   0.392713E-02   0.115571E-03
    4   -8    0   3.390643827  -6.781287653   0.106552E-01   0.127179E-02
   -4    8    0  -3.390643827   6.781287653   0.106552E-01   0.127179E-02
    8    4    0   6.781287653   3.390643827   0.123816E-01   0.127179E-02
    8   -4    0   6.781287653  -3.390643827   0.123816E-01   0.127179E-02
    4    8    0   3.390643827   6.781287653   0.106552E-01   0.127179E-02
   -8   -4    0  -6.781287653  -3.390643827   0.123816E-01   0.127179E-02
   -8    4    0  -6.781287653   3.390643827   0.123816E-01   0.127179E-02
   -4   -8    0  -3.390643827  -6.781287653   0.106552E-01   0.127179E-02
   -1   -9    0  -0.847660957  -7.628948610   0.359864E-02   0.242550E-03
    1    9    0   0.847660957   7.628948610   0.359864E-02   0.242550E-03
   -9    1    0  -7.628948610   0.847660957  -0.189771E-02   0.242550E-03
   -1    9    0  -0.847660957   7.628948610   0.359864E-02   0.242550E-03
    9    1    0   7.628948610   0.847660957  -0.189771E-02   0.242550E-03
    1   -9    0   0.847660957  -7.628948610   0.359864E-02   0.242550E-03
    9   -1    0   7.628948610  -0.847660957  -0.189771E-02   0.242550E-03
   -9   -1    0  -7.628948610  -0.847660957  -0.189771E-02   0.242550E-03
    3   -9    0   2.542982870  -7.628948610  -0.241399E-02   0.571320E-04
    9    3    0   7.628948610   2.542982870   0.132709E-03   0.571320E-04
   -9   -3    0  -7.628948610  -2.542982870   0.132709E-03   0.571320E-04
    3    9    0   2.542982870   7.628948610  -0.241399E-02   0.571320E-04
   -3    9    0  -2.542982870   7.628948610  -0.241399E-02   0.571320E-04
    9   -3    0   7.628948610  -2.542982870   0.132709E-03   0.571320E-04
   -9    3    0  -7.628948610   2.542982870   0.132709E-03   0.571320E-04
   -3   -9    0  -2.542982870  -7.628948610  -0.241399E-02   0.571320E-04
    7    7    0   5.933626697   5.933626697   0.168769E-02   0.182705E-03
   -7   -7    0  -5.933626697  -5.933626697   0.168769E-02   0.182705E-03
   -7    7    0  -5.933626697   5.933626697   0.168769E-02   0.182705E-03
    7   -7    0   5.933626697  -5.933626697   0.168769E-02   0.182705E-03
  -10    0    0  -8.476609567   0.000000000   0.332108E-02   0.253429E-03
   -6    8    0  -5.085965740   6.781287653  -0.177062E-02   0.885745E-04
    0   10    0   0.000000000   8.476609567   0.332108E-02   0.253429E-03
   -6   -8    0  -5.085965740  -6.781287653  -0.177062E-02   0.885745E-04
   -8   -6    0  -6.781287653  -5.085965740  -0.259458E-02   0.885745E-04
    8    6    0   6.781287653   5.085965740  -0.259458E-02   0.885745E-04
   10    0    0   8.476609567  -0.000000000   0.332108E-02   0.253429E-03
    6    8    0   5.085965740   6.781287653  -0.177062E-02   0.885745E-04
    0  -10    0  -0.000000000  -8.476609567   0.332108E-02   0.253429E-03
    6   -8    0   5.085965740  -6.781287653  -0.177062E-02   0.885745E-04
    8   -6    0   6.781287653  -5.085965740  -0.259458E-02   0.885745E-04
   -8    6    0  -6.781287653   5.085965740  -0.259458E-02   0.885745E-04
  -10    2    0  -8.476609567   1.695321913   0.854500E-02   0.107746E-02
  -10   -2    0  -8.476609567  -1.695321913   0.854500E-02   0.107746E-02
   -2  -10    0  -1.695321913  -8.476609567   0.105099E-01   0.107746E-02
   10    2    0   8.476609567   1.695321913   0.854500E-02   0.107746E-02
   10   -2    0   8.476609567  -1.695321913   0.854500E-02   0.107746E-02
   -2   10    0  -1.695321913   8.476609567   0.105099E-01   0.107746E-02
    2  -10    0   1.695321913  -8.476609567   0.105099E-01   0.107746E-02
    2   10    0   1.695321913   8.476609567   0.105099E-01   0.107746E-02
    9    5    0   7.628948610   4.238304783  -0.208967E-02   0.558098E-04
    9   -5    0   7.628948610  -4.238304783  -0.208967E-02   0.558098E-04
    5   -9    0   4.238304783  -7.628948610   0.417248E-02   0.558098E-04
   -5   -9    0  -4.238304783  -7.628948610   0.417248E-02   0.558098E-04
   -9   -5    0  -7.628948610  -4.238304783  -0.208967E-02   0.558098E-04
   -9    5    0  -7.628948610   4.238304783  -0.208967E-02   0.558098E-04
   -5    9    0  -4.238304783   7.628948610   0.417248E-02   0.558098E-04
    5    9    0   4.238304783   7.628948610   0.417248E-02   0.558098E-04
  -10   -4    0  -8.476609567  -3.390643827  -0.482716E-03   0.101660E-03
   -4   10    0  -3.390643827   8.476609567   0.357238E-03   0.101660E-03
   10    4    0   8.476609567   3.390643827  -0.482716E-03   0.101660E-03
    4   10    0   3.390643827   8.476609567   0.357238E-03   0.101660E-03
  -10    4    0  -8.476609567   3.390643827  -0.482716E-03   0.101660E-03
   10   -4    0   8.476609567  -3.390643827  -0.482716E-03   0.101660E-03
    4  -10    0   3.390643827  -8.476609567   0.357238E-03   0.101660E-03
   -4  -10    0  -3.390643827  -8.476609567   0.357238E-03   0.101660E-03
   11    1    0   9.324270523   0.847660957   0.875486E-03   0.148735E-03
   -1  -11    0  -0.847660957  -9.324270523  -0.669089E-03   0.148735E-03
   -1   11    0  -0.847660957   9.324270523  -0.669089E-03   0.148735E-03
    1  -11    0   0.847660957  -9.324270523  -0.669089E-03   0.148735E-03
   11   -1    0   9.324270523  -0.847660957   0.875486E-03   0.148735E-03
  -11   -1    0  -9.324270523  -0.847660957   0.875486E-03   0.148735E-03
    1   11    0   0.847660957   9.324270523  -0.669089E-03   0.148735E-03
  -11    1    0  -9.324270523   0.847660957   0.875486E-03   0.148735E-03
   -8   -8    0  -6.781287653  -6.781287653   0.669092E-02   0.905419E-03
    8    8    0   6.781287653   6.781287653   0.669092E-02   0.905419E-03
    8   -8    0   6.781287653  -6.781287653   0.669092E-02   0.905419E-03
   -8    8    0  -6.781287653   6.781287653   0.669092E-02   0.905419E-03
   11    3    0   9.324270523   2.542982870   0.452011E-02   0.276024E-03
   11   -3    0   9.324270523  -2.542982870   0.452011E-02   0.276024E-03
    3   11    0   2.542982870   9.324270523  -0.849671E-03   0.276024E-03
  -11   -3    0  -9.324270523  -2.542982870   0.452011E-02   0.276024E-03
  -11    3    0  -9.324270523   2.542982870   0.452011E-02   0.276024E-03
   -3  -11    0  -2.542982870  -9.324270523  -0.849671E-03   0.276024E-03
    3  -11    0   2.542982870  -9.324270523  -0.849671E-03   0.276024E-03
   -3   11    0  -2.542982870   9.324270523  -0.849671E-03   0.276024E-03
   -7    9    0  -5.933626697   7.628948610   0.726273E-03   0.140696E-03
    7   -9    0   5.933626697  -7.628948610   0.726273E-03   0.140696E-03
   -9   -7    0  -7.628948610  -5.933626697   0.183683E-04   0.140696E-03
    7    9    0   5.933626697   7.628948610   0.726273E-03   0.140696E-03
    9    7    0   7.628948610   5.933626697   0.183683E-04   0.140696E-03
    9   -7    0   7.628948610  -5.933626697   0.183683E-04   0.140696E-03
   -9    7    0  -7.628948610   5.933626697   0.183683E-04   0.140696E-03
   -7   -9    0  -5.933626697  -7.628948610   0.726273E-03   0.140696E-03
  -10    6    0  -8.476609567   5.085965740   0.952914E-02   0.975778E-03
   10   -6    0   8.476609567  -5.085965740   0.952914E-02   0.975778E-03
   -6   10    0  -5.085965740   8.476609567   0.984948E-02   0.975778E-03
    6   10    0   5.085965740   8.476609567   0.984948E-02   0.975778E-03
   10    6    0   8.476609567   5.085965740   0.952914E-02   0.975778E-03
   -6  -10    0  -5.085965740  -8.476609567   0.984948E-02   0.975778E-03
  -10   -6    0  -8.476609567  -5.085965740   0.952914E-02   0.975778E-03
    6  -10    0   5.085965740  -8.476609567   0.984948E-02   0.975778E-03
  -12    0    0 -10.171931480   0.000000000   0.902978E-02   0.928764E-03
    0  -12    0  -0.000000000 -10.171931480   0.902978E-02   0.928764E-03
   12    0    0  10.171931480  -0.000000000   0.902978E-02   0.928764E-03
    0   12    0   0.000000000  10.171931480   0.902978E-02   0.928764E-03
  -11    5    0  -9.324270523   4.238304783  -0.250595E-03   0.988943E-04
   -5  -11    0  -4.238304783  -9.324270523  -0.699570E-03   0.988943E-04
   11    5    0   9.324270523   4.238304783  -0.250595E-03   0.988943E-04
   -5   11    0  -4.238304783   9.324270523  -0.699570E-03   0.988943E-04
   11   -5    0   9.324270523  -4.238304783  -0.250595E-03   0.988943E-04
  -11   -5    0  -9.324270523  -4.238304783  -0.250595E-03   0.988943E-04
    5  -11    0   4.238304783  -9.324270523  -0.699570E-03   0.988943E-04
    5   11    0   4.238304783   9.324270523  -0.699570E-03   0.988943E-04
  -12   -2    0 -10.171931480  -1.695321913  -0.410047E-03   0.601497E-04
    2   12    0   1.695321913  10.171931480  -0.176456E-02   0.601497E-04
    2  -12    0   1.695321913 -10.171931480  -0.176456E-02   0.601497E-04
   12    2    0  10.171931480   1.695321913  -0.410047E-03   0.601497E-04
   -2  -12    0  -1.695321913 -10.171931480  -0.176456E-02   0.601497E-04
   12   -2    0  10.171931480  -1.695321913  -0.410047E-03   0.601497E-04
   -2   12    0  -1.695321913  10.171931480  -0.176456E-02   0.601497E-04
  -12    2    0 -10.171931480   1.695321913  -0.410047E-03   0.601497E-04
  -12   -4    0 -10.171931480  -3.390643827   0.679019E-02   0.790657E-03
   12    4    0  10.171931480   3.390643827   0.679019E-02   0.790657E-03
   -4   12    0  -3.390643827  10.171931480   0.573973E-02   0.790657E-03
   -4  -12    0  -3.390643827 -10.171931480   0.573973E-02   0.790657E-03
  -12    4    0 -10.171931480   3.390643827   0.679019E-02   0.790657E-03
    4  -12    0   3.390643827 -10.171931480   0.573973E-02   0.790657E-03
   12   -4    0  10.171931480  -3.390643827   0.679019E-02   0.790657E-03
    4   12    0   3.390643827  10.171931480   0.573973E-02   0.790657E-03
   -9   -9    0  -7.628948610  -7.628948610  -0.276053E-03   0.912664E-04
    9    9    0   7.628948610   7.628948610  -0.276053E-03   0.912664E-04
   -9    9    0  -7.628948610   7.628948610  -0.276053E-03   0.912664E-04
    9   -9    0   7.628948610  -7.628948610  -0.276053E-03   0.912664E-04
  -10   -8    0  -8.476609567  -6.781287653  -0.192547E-02  -0.145148E-04
    8  -10    0   6.781287653  -8.476609567  -0.698424E-03  -0.145148E-04
    8   10    0   6.781287653   8.476609567  -0.698424E-03  -0.145148E-04
   -8   10    0  -6.781287653   8.476609567  -0.698424E-03  -0.145148E-04
   10    8    0   8.476609567   6.781287653  -0.192547E-02  -0.145148E-04
   10   -8    0   8.476609567  -6.781287653  -0.192547E-02  -0.145148E-04
   -8  -10    0  -6.781287653  -8.476609567  -0.698424E-03  -0.145148E-04
  -10    8    0  -8.476609567   6.781287653  -0.192547E-02  -0.145148E-04
   13    1    0  11.019592437   0.847660957   0.211021E-03   0.106760E-03
    1   13    0   0.847660957  11.019592437   0.194016E-02   0.106760E-03
   13   -1    0  11.019592437  -0.847660957   0.211021E-03   0.106760E-03
  -11   -7    0  -9.324270523  -5.933626697   0.173862E-02   0.165459E-03
   11    7    0   9.324270523   5.933626697   0.173862E-02   0.165459E-03
   11   -7    0   9.324270523  -5.933626697   0.173862E-02   0.165459E-03
   -1  -13    0  -0.847660957 -11.019592437   0.194016E-02   0.106760E-03
    7   11    0   5.933626697   9.324270523   0.415893E-04   0.165459E-03
   -1   13    0  -0.847660957  11.019592437   0.194016E-02   0.106760E-03
   -7   11    0  -5.933626697   9.324270523   0.415893E-04   0.165459E-03
  -13   -1    0 -11.019592437  -0.847660957   0.211021E-03   0.106760E-03
    1  -13    0   0.847660957 -11.019592437   0.194016E-02   0.106760E-03
    7  -11    0   5.933626697  -9.324270523   0.415893E-04   0.165459E-03
  -13    1    0 -11.019592437   0.847660957   0.211021E-03   0.106760E-03
  -11    7    0  -9.324270523   5.933626697   0.173862E-02   0.165459E-03
   -7  -11    0  -5.933626697  -9.324270523   0.415893E-04   0.165459E-03
    3  -13    0   2.542982870 -11.019592437   0.167201E-03   0.102095E-03
   13    3    0  11.019592437   2.542982870   0.186707E-03   0.102095E-03
   -3  -13    0  -2.542982870 -11.019592437   0.167201E-03   0.102095E-03
    3   13    0   2.542982870  11.019592437   0.167201E-03   0.102095E-03
  -13    3    0 -11.019592437   2.542982870   0.186707E-03   0.102095E-03
   -3   13    0  -2.542982870  11.019592437   0.167201E-03   0.102095E-03
   13   -3    0  11.019592437  -2.542982870   0.186707E-03   0.102095E-03
  -13   -3    0 -11.019592437  -2.542982870   0.186707E-03   0.102095E-03
  -12   -6    0 -10.171931480  -5.085965740   0.801124E-03   0.761134E-04
   12    6    0  10.171931480   5.085965740   0.801124E-03   0.761134E-04
   -6  -12    0  -5.085965740 -10.171931480   0.810499E-03   0.761134E-04
   12   -6    0  10.171931480  -5.085965740   0.801124E-03   0.761134E-04
   -6   12    0  -5.085965740  10.171931480   0.810499E-03   0.761134E-04
    6   12    0   5.085965740  10.171931480   0.810499E-03   0.761134E-04
  -12    6    0 -10.171931480   5.085965740   0.801124E-03   0.761134E-04
    6  -12    0   5.085965740 -10.171931480   0.810499E-03   0.761134E-04
   13   -5    0  11.019592437  -4.238304783   0.146121E-04   0.903045E-04
    5   13    0   4.238304783  11.019592437   0.200169E-02   0.903045E-04
  -13   -5    0 -11.019592437  -4.238304783   0.146121E-04   0.903045E-04
   -5  -13    0  -4.238304783 -11.019592437   0.200169E-02   0.903045E-04
  -13    5    0 -11.019592437   4.238304783   0.146121E-04   0.903045E-04
   -5   13    0  -4.238304783  11.019592437   0.200169E-02   0.903045E-04
   13    5    0  11.019592437   4.238304783   0.146121E-04   0.903045E-04
    5  -13    0   4.238304783 -11.019592437   0.200169E-02   0.903045E-04
    0  -14    0  -0.000000000 -11.867253393  -0.906916E-03  -0.245898E-05
  -14    0    0 -11.867253393   0.000000000  -0.906916E-03  -0.245898E-05
    0   14    0   0.000000000  11.867253393  -0.906916E-03  -0.245898E-05
   14    0    0  11.867253393  -0.000000000  -0.906916E-03  -0.245898E-05
  -14    2    0 -11.867253393   1.695321913   0.337503E-02   0.539978E-03
   10  -10    0   8.476609567  -8.476609567   0.504273E-02   0.605829E-03
   10   10    0   8.476609567   8.476609567   0.504273E-02   0.605829E-03
    2  -14    0   1.695321913 -11.867253393   0.389488E-02   0.539978E-03
   14    2    0  11.867253393   1.695321913   0.337503E-02   0.539978E-03
  -14   -2    0 -11.867253393  -1.695321913   0.337503E-02   0.539978E-03
  -10  -10    0  -8.476609567  -8.476609567   0.504273E-02   0.605829E-03
    2   14    0   1.695321913  11.867253393   0.389488E-02   0.539978E-03
  -10   10    0  -8.476609567   8.476609567   0.504273E-02   0.605829E-03
   -2  -14    0  -1.695321913 -11.867253393   0.389488E-02   0.539978E-03
   -2   14    0  -1.695321913  11.867253393   0.389488E-02   0.539978E-03
   14   -2    0  11.867253393  -1.695321913   0.337503E-02   0.539978E-03
   11   -9    0   9.324270523  -7.628948610   0.193691E-02   0.163458E-03
   -9  -11    0  -7.628948610  -9.324270523  -0.589054E-03   0.163458E-03
   -9   11    0  -7.628948610   9.324270523  -0.589054E-03   0.163458E-03
   11    9    0   9.324270523   7.628948610   0.193691E-02   0.163458E-03
    9   11    0   7.628948610   9.324270523  -0.589054E-03   0.163458E-03
    9  -11    0   7.628948610  -9.324270523  -0.589054E-03   0.163458E-03
  -11   -9    0  -9.324270523  -7.628948610   0.193691E-02   0.163458E-03
  -11    9    0  -9.324270523   7.628948610   0.193691E-02   0.163458E-03
  -12    8    0 -10.171931480   6.781287653   0.387992E-02   0.539422E-03
   12   -8    0  10.171931480  -6.781287653   0.387992E-02   0.539422E-03
   12    8    0  10.171931480   6.781287653   0.387992E-02   0.539422E-03
   -8   12    0  -6.781287653  10.171931480   0.295838E-02   0.539422E-03
   -8  -12    0  -6.781287653 -10.171931480   0.295838E-02   0.539422E-03
    8   12    0   6.781287653  10.171931480   0.295838E-02   0.539422E-03
    8  -12    0   6.781287653 -10.171931480   0.295838E-02   0.539422E-03
  -12   -8    0 -10.171931480  -6.781287653   0.387992E-02   0.539422E-03
   -4   14    0  -3.390643827  11.867253393  -0.101471E-02  -0.168790E-04
    4   14    0   3.390643827  11.867253393  -0.101471E-02  -0.168790E-04
   14   -4    0  11.867253393  -3.390643827  -0.920827E-03  -0.168790E-04
  -14    4    0 -11.867253393   3.390643827  -0.920827E-03  -0.168790E-04
   14    4    0  11.867253393   3.390643827  -0.920827E-03  -0.168790E-04
   -4  -14    0  -3.390643827 -11.867253393  -0.101471E-02  -0.168790E-04
    4  -14    0   3.390643827 -11.867253393  -0.101471E-02  -0.168790E-04
  -14   -4    0 -11.867253393  -3.390643827  -0.920827E-03  -0.168790E-04
  -13   -7    0 -11.019592437  -5.933626697   0.479850E-03   0.100505E-03
    7   13    0   5.933626697  11.019592437   0.954051E-03   0.100505E-03
  -13    7    0 -11.019592437   5.933626697   0.479850E-03   0.100505E-03
    7  -13    0   5.933626697 -11.019592437   0.954051E-03   0.100505E-03
   -7   13    0  -5.933626697  11.019592437   0.954051E-03   0.100505E-03
   -7  -13    0  -5.933626697 -11.019592437   0.954051E-03   0.100505E-03
   13    7    0  11.019592437   5.933626697   0.479850E-03   0.100505E-03
   13   -7    0  11.019592437  -5.933626697   0.479850E-03   0.100505E-03
   -1  -15    0  -0.847660957 -12.714914350   0.525490E-03   0.997112E-04
    1  -15    0   0.847660957 -12.714914350   0.525490E-03   0.997112E-04
  -15    1    0 -12.714914350   0.847660957  -0.283807E-03   0.997112E-04
   15   -1    0  12.714914350  -0.847660957  -0.283807E-03   0.997112E-04
  -15   -1    0 -12.714914350  -0.847660957  -0.283807E-03   0.997112E-04
    1   15    0   0.847660957  12.714914350   0.525490E-03   0.997112E-04
   15    1    0  12.714914350   0.847660957  -0.283807E-03   0.997112E-04
   -1   15    0  -0.847660957  12.714914350   0.525490E-03   0.997112E-04
  -14    6    0 -11.867253393   5.085965740   0.287133E-02   0.443455E-03
   -6  -14    0  -5.085965740 -11.867253393   0.314420E-02   0.443455E-03
    6  -14    0   5.085965740 -11.867253393   0.314420E-02   0.443455E-03
   -6   14    0  -5.085965740  11.867253393   0.314420E-02   0.443455E-03
  -14   -6    0 -11.867253393  -5.085965740   0.287133E-02   0.443455E-03
    6   14    0   5.085965740  11.867253393   0.314420E-02   0.443455E-03
   14   -6    0  11.867253393  -5.085965740   0.287133E-02   0.443455E-03
   14    6    0  11.867253393   5.085965740   0.287133E-02   0.443455E-03
  -15   -3    0 -12.714914350  -2.542982870   0.815985E-03   0.108708E-03
   15   -3    0  12.714914350  -2.542982870   0.815985E-03   0.108708E-03
    3   15    0   2.542982870  12.714914350  -0.705450E-03   0.108708E-03
   -3   15    0  -2.542982870  12.714914350  -0.705450E-03   0.108708E-03
   15    3    0  12.714914350   2.542982870   0.815985E-03   0.108708E-03
   -3  -15    0  -2.542982870 -12.714914350  -0.705450E-03   0.108708E-03
  -15    3    0 -12.714914350   2.542982870   0.815985E-03   0.108708E-03
    3  -15    0   2.542982870 -12.714914350  -0.705450E-03   0.108708E-03
   11   11    0   9.324270523   9.324270523  -0.845351E-04   0.703732E-04
  -11   11    0  -9.324270523   9.324270523  -0.845351E-04   0.703732E-04
   11  -11    0   9.324270523  -9.324270523  -0.845351E-04   0.703732E-04
  -11  -11    0  -9.324270523  -9.324270523  -0.845351E-04   0.703732E-04
   12  -10    0  10.171931480  -8.476609567   0.396413E-03   0.239202E-04
  -10   12    0  -8.476609567  10.171931480  -0.273686E-04   0.239202E-04
  -12  -10    0 -10.171931480  -8.476609567   0.396413E-03   0.239202E-04
   12   10    0  10.171931480   8.476609567   0.396413E-03   0.239202E-04
   10  -12    0   8.476609567 -10.171931480  -0.273686E-04   0.239202E-04
   10   12    0   8.476609567  10.171931480  -0.273686E-04   0.239202E-04
  -10  -12    0  -8.476609567 -10.171931480  -0.273686E-04   0.239202E-04
  -12   10    0 -10.171931480   8.476609567   0.396413E-03   0.239202E-04
    5   15    0   4.238304783  12.714914350   0.770766E-03   0.101871E-03
   15   -5    0  12.714914350  -4.238304783  -0.554664E-03   0.101871E-03
   15    5    0  12.714914350   4.238304783  -0.554664E-03   0.101871E-03
   -5   15    0  -4.238304783  12.714914350   0.770766E-03   0.101871E-03
  -15   -5    0 -12.714914350  -4.238304783  -0.554664E-03   0.101871E-03
    5  -15    0   4.238304783 -12.714914350   0.770766E-03   0.101871E-03
  -15    5    0 -12.714914350   4.238304783  -0.554664E-03   0.101871E-03
   -5  -15    0  -4.238304783 -12.714914350   0.770766E-03   0.101871E-03
  -13   -9    0 -11.019592437  -7.628948610  -0.282217E-04   0.701847E-04
   13   -9    0  11.019592437  -7.628948610  -0.282217E-04   0.701847E-04
   13    9    0  11.019592437   7.628948610  -0.282217E-04   0.701847E-04
   -9   13    0  -7.628948610  11.019592437   0.340133E-03   0.701847E-04
    9   13    0   7.628948610  11.019592437   0.340133E-03   0.701847E-04
    9  -13    0   7.628948610 -11.019592437   0.340133E-03   0.701847E-04
   -9  -13    0  -7.628948610 -11.019592437   0.340133E-03   0.701847E-04
  -13    9    0 -11.019592437   7.628948610  -0.282217E-04   0.701847E-04
    0  -16    0  -0.000000000 -13.562575307   0.408287E-02   0.442937E-03
    0   16    0   0.000000000  13.562575307   0.408287E-02   0.442937E-03
  -16    0    0 -13.562575307   0.000000000   0.408287E-02   0.442937E-03
   16    0    0  13.562575307  -0.000000000   0.408287E-02   0.442937E-03
   -2  -16    0  -1.695321913 -13.562575307  -0.325330E-03  -0.104815E-04
    2  -16    0   1.695321913 -13.562575307  -0.325330E-03  -0.104815E-04
   16    2    0  13.562575307   1.695321913  -0.716956E-03  -0.104815E-04
    2   16    0   1.695321913  13.562575307  -0.325330E-03  -0.104815E-04
   -2   16    0  -1.695321913  13.562575307  -0.325330E-03  -0.104815E-04
   16   -2    0  13.562575307  -1.695321913  -0.716956E-03  -0.104815E-04
  -16    2    0 -13.562575307   1.695321913  -0.716956E-03  -0.104815E-04
  -16   -2    0 -13.562575307  -1.695321913  -0.716956E-03  -0.104815E-04
  -14   -8    0 -11.867253393  -6.781287653  -0.993170E-03  -0.368471E-04
   14   -8    0  11.867253393  -6.781287653  -0.993170E-03  -0.368471E-04
   14    8    0  11.867253393   6.781287653  -0.993170E-03  -0.368471E-04
    8  -14    0   6.781287653 -11.867253393  -0.599120E-03  -0.368471E-04
   -8   14    0  -6.781287653  11.867253393  -0.599120E-03  -0.368471E-04
  -14    8    0 -11.867253393   6.781287653  -0.993170E-03  -0.368471E-04
   -8  -14    0  -6.781287653 -11.867253393  -0.599120E-03  -0.368471E-04
    8   14    0   6.781287653  11.867253393  -0.599120E-03  -0.368471E-04
   -4   16    0  -3.390643827  13.562575307   0.290108E-02   0.367337E-03
   16   -4    0  13.562575307  -3.390643827   0.269302E-02   0.367337E-03
  -16    4    0 -13.562575307   3.390643827   0.269302E-02   0.367337E-03
   16    4    0  13.562575307   3.390643827   0.269302E-02   0.367337E-03
    4  -16    0   3.390643827 -13.562575307   0.290108E-02   0.367337E-03
  -16   -4    0 -13.562575307  -3.390643827   0.269302E-02   0.367337E-03
   -4  -16    0  -3.390643827 -13.562575307   0.290108E-02   0.367337E-03
    4   16    0   3.390643827  13.562575307   0.290108E-02   0.367337E-03
   15   -7    0  12.714914350  -5.933626697   0.237100E-03   0.736779E-04
  -15    7    0 -12.714914350   5.933626697   0.237100E-03   0.736779E-04
  -15   -7    0 -12.714914350  -5.933626697   0.237100E-03   0.736779E-04
    7   15    0   5.933626697  12.714914350   0.665678E-04   0.736779E-04
   -7   15    0  -5.933626697  12.714914350   0.665678E-04   0.736779E-04
   15    7    0  12.714914350   5.933626697   0.237100E-03   0.736779E-04
    7  -15    0   5.933626697 -12.714914350   0.665678E-04   0.736779E-04
   -7  -15    0  -5.933626697 -12.714914350   0.665678E-04   0.736779E-04
   12  -12    0  10.171931480 -10.171931480   0.257235E-02   0.328131E-03
  -12  -12    0 -10.171931480 -10.171931480   0.257235E-02   0.328131E-03
   12   12    0  10.171931480  10.171931480   0.257235E-02   0.328131E-03
  -12   12    0 -10.171931480  10.171931480   0.257235E-02   0.328131E-03
  -11   13    0  -9.324270523  11.019592437   0.111936E-02   0.103271E-03
  -13  -11    0 -11.019592437  -9.324270523   0.153943E-03   0.103271E-03
   -1  -17    0  -0.847660957 -14.410236263   0.182175E-03   0.671392E-04
   13   11    0  11.019592437   9.324270523   0.153943E-03   0.103271E-03
   13  -11    0  11.019592437  -9.324270523   0.153943E-03   0.103271E-03
   17   -1    0  14.410236263  -0.847660957   0.465374E-03   0.671392E-04
    1   17    0   0.847660957  14.410236263   0.182175E-03   0.671392E-04
   17    1    0  14.410236263   0.847660957   0.465374E-03   0.671392E-04
  -13   11    0 -11.019592437   9.324270523   0.153943E-03   0.103271E-03
   11   13    0   9.324270523  11.019592437   0.111936E-02   0.103271E-03
  -17   -1    0 -14.410236263  -0.847660957   0.465374E-03   0.671392E-04
  -17    1    0 -14.410236263   0.847660957   0.465374E-03   0.671392E-04
   11  -13    0   9.324270523 -11.019592437   0.111936E-02   0.103271E-03
    1  -17    0   0.847660957 -14.410236263   0.182175E-03   0.671392E-04
  -11  -13    0  -9.324270523 -11.019592437   0.111936E-02   0.103271E-03
   -1   17    0  -0.847660957  14.410236263   0.182175E-03   0.671392E-04
   -6  -16    0  -5.085965740 -13.562575307   0.541175E-03   0.143471E-04
  -16    6    0 -13.562575307   5.085965740   0.485463E-03   0.143471E-04
   16    6    0  13.562575307   5.085965740   0.485463E-03   0.143471E-04
    6   16    0   5.085965740  13.562575307   0.541175E-03   0.143471E-04
    6  -16    0   5.085965740 -13.562575307   0.541175E-03   0.143471E-04
   -6   16    0  -5.085965740  13.562575307   0.541175E-03   0.143471E-04
  -16   -6    0 -13.562575307  -5.085965740   0.485463E-03   0.143471E-04
   16   -6    0  13.562575307  -5.085965740   0.485463E-03   0.143471E-04
   10   14    0   8.476609567  11.867253393   0.174511E-02   0.284085E-03
  -10   14    0  -8.476609567  11.867253393   0.174511E-02   0.284085E-03
   10  -14    0   8.476609567 -11.867253393   0.174511E-02   0.284085E-03
   14   10    0  11.867253393   8.476609567   0.207388E-02   0.284085E-03
  -14   10    0 -11.867253393   8.476609567   0.207388E-02   0.284085E-03
  -14  -10    0 -11.867253393  -8.476609567   0.207388E-02   0.284085E-03
   14  -10    0  11.867253393  -8.476609567   0.207388E-02   0.284085E-03
  -10  -14    0  -8.476609567 -11.867253393   0.174511E-02   0.284085E-03
  -17   -3    0 -14.410236263  -2.542982870   0.108970E-02   0.997033E-04
   17    3    0  14.410236263   2.542982870   0.108970E-02   0.997033E-04
  -17    3    0 -14.410236263   2.542982870   0.108970E-02   0.997033E-04
   -3  -17    0  -2.542982870 -14.410236263   0.132698E-03   0.997033E-04
    3  -17    0   2.542982870 -14.410236263   0.132698E-03   0.997033E-04
    3   17    0   2.542982870  14.410236263   0.132698E-03   0.997033E-04
   -3   17    0  -2.542982870  14.410236263   0.132698E-03   0.997033E-04
   17   -3    0  14.410236263  -2.542982870   0.108970E-02   0.997033E-04
  -15   -9    0 -12.714914350  -7.628948610   0.323465E-03   0.683061E-04
   15   -9    0  12.714914350  -7.628948610   0.323465E-03   0.683061E-04
   -9   15    0  -7.628948610  12.714914350  -0.223687E-03   0.683061E-04
    9  -15    0   7.628948610 -12.714914350  -0.223687E-03   0.683061E-04
    9   15    0   7.628948610  12.714914350  -0.223687E-03   0.683061E-04
  -15    9    0 -12.714914350   7.628948610   0.323465E-03   0.683061E-04
   15    9    0  12.714914350   7.628948610   0.323465E-03   0.683061E-04
   -9  -15    0  -7.628948610 -12.714914350  -0.223687E-03   0.683061E-04
    5  -17    0   4.238304783 -14.410236263   0.925790E-04   0.575951E-04
  -17    5    0 -14.410236263   4.238304783   0.197544E-03   0.575951E-04
  -17   -5    0 -14.410236263  -4.238304783   0.197544E-03   0.575951E-04
    5   17    0   4.238304783  14.410236263   0.925790E-04   0.575951E-04
   17    5    0  14.410236263   4.238304783   0.197544E-03   0.575951E-04
   17   -5    0  14.410236263  -4.238304783   0.197544E-03   0.575951E-04
   -5  -17    0  -4.238304783 -14.410236263   0.925790E-04   0.575951E-04
   -5   17    0  -4.238304783  14.410236263   0.925790E-04   0.575951E-04
   -8   16    0  -6.781287653  13.562575307   0.178006E-02   0.252114E-03
  -16   -8    0 -13.562575307  -6.781287653   0.147543E-02   0.252114E-03
    8   16    0   6.781287653  13.562575307   0.178006E-02   0.252114E-03
    8  -16    0   6.781287653 -13.562575307   0.178006E-02   0.252114E-03
   -8  -16    0  -6.781287653 -13.562575307   0.178006E-02   0.252114E-03
   16   -8    0  13.562575307  -6.781287653   0.147543E-02   0.252114E-03
   16    8    0  13.562575307   6.781287653   0.147543E-02   0.252114E-03
  -16    8    0 -13.562575307   6.781287653   0.147543E-02   0.252114E-03
  -18    0    0 -15.257897220   0.000000000  -0.950569E-04  -0.159470E-04
   18    0    0  15.257897220  -0.000000000  -0.950569E-04  -0.159470E-04
    0   18    0   0.000000000  15.257897220  -0.950569E-04  -0.159470E-04
    0  -18    0  -0.000000000 -15.257897220  -0.950569E-04  -0.159470E-04
   -2  -18    0  -1.695321913 -15.257897220   0.133113E-02   0.225474E-03
    2   18    0   1.695321913  15.257897220   0.133113E-02   0.225474E-03
    2  -18    0   1.695321913 -15.257897220   0.133113E-02   0.225474E-03
  -18   -2    0 -15.257897220  -1.695321913   0.184046E-02   0.225474E-03
   18   -2    0  15.257897220  -1.695321913   0.184046E-02   0.225474E-03
   18    2    0  15.257897220   1.695321913   0.184046E-02   0.225474E-03
  -18    2    0 -15.257897220   1.695321913   0.184046E-02   0.225474E-03
   -2   18    0  -1.695321913  15.257897220   0.133113E-02   0.225474E-03
   13  -13    0  11.019592437 -11.019592437   0.314987E-03   0.599776E-04
  -13   13    0 -11.019592437  11.019592437   0.314987E-03   0.599776E-04
   13   13    0  11.019592437  11.019592437   0.314987E-03   0.599776E-04
  -13  -13    0 -11.019592437 -11.019592437   0.314987E-03   0.599776E-04
   -7  -17    0  -5.933626697 -14.410236263   0.264707E-03   0.581697E-04
  -17   -7    0 -14.410236263  -5.933626697   0.614556E-03   0.581697E-04
   17   -7    0  14.410236263  -5.933626697   0.614556E-03   0.581697E-04
    7   17    0   5.933626697  14.410236263   0.264707E-03   0.581697E-04
   17    7    0  14.410236263   5.933626697   0.614556E-03   0.581697E-04
   -7   17    0  -5.933626697  14.410236263   0.264707E-03   0.581697E-04
    7  -17    0   5.933626697 -14.410236263   0.264707E-03   0.581697E-04
  -17    7    0 -14.410236263   5.933626697   0.614556E-03   0.581697E-04
    4   18    0   3.390643827  15.257897220  -0.546451E-03  -0.341787E-04
   14  -12    0  11.867253393 -10.171931480  -0.686304E-03  -0.391882E-04
   12   14    0  10.171931480  11.867253393  -0.261425E-03  -0.391882E-04
   18   -4    0  15.257897220  -3.390643827  -0.118717E-03  -0.341787E-04
   -4   18    0  -3.390643827  15.257897220  -0.546451E-03  -0.341787E-04
   14   12    0  11.867253393  10.171931480  -0.686304E-03  -0.391882E-04
  -14   12    0 -11.867253393  10.171931480  -0.686304E-03  -0.391882E-04
  -12   14    0 -10.171931480  11.867253393  -0.261425E-03  -0.391882E-04
  -12  -14    0 -10.171931480 -11.867253393  -0.261425E-03  -0.391882E-04
   -4  -18    0  -3.390643827 -15.257897220  -0.546451E-03  -0.341787E-04
   18    4    0  15.257897220   3.390643827  -0.118717E-03  -0.341787E-04
   12  -14    0  10.171931480 -11.867253393  -0.261425E-03  -0.391882E-04
  -18   -4    0 -15.257897220  -3.390643827  -0.118717E-03  -0.341787E-04
  -14  -12    0 -11.867253393 -10.171931480  -0.686304E-03  -0.391882E-04
    4  -18    0   3.390643827 -15.257897220  -0.546451E-03  -0.341787E-04
  -18    4    0 -15.257897220   3.390643827  -0.118717E-03  -0.341787E-04
   15  -11    0  12.714914350  -9.324270523  -0.265353E-03   0.375391E-04
   11  -15    0   9.324270523 -12.714914350   0.496864E-03   0.375391E-04
   15   11    0  12.714914350   9.324270523  -0.265353E-03   0.375391E-04
  -15  -11    0 -12.714914350  -9.324270523  -0.265353E-03   0.375391E-04
  -15   11    0 -12.714914350   9.324270523  -0.265353E-03   0.375391E-04
  -11   15    0  -9.324270523  12.714914350   0.496864E-03   0.375391E-04
  -11  -15    0  -9.324270523 -12.714914350   0.496864E-03   0.375391E-04
   11   15    0   9.324270523  12.714914350   0.496864E-03   0.375391E-04
   16  -10    0  13.562575307  -8.476609567   0.774917E-04  -0.136345E-04
   10  -16    0   8.476609567 -13.562575307   0.110796E-03  -0.136345E-04
  -10   16    0  -8.476609567  13.562575307   0.110796E-03  -0.136345E-04
  -10  -16    0  -8.476609567 -13.562575307   0.110796E-03  -0.136345E-04
   16   10    0  13.562575307   8.476609567   0.774917E-04  -0.136345E-04
   10   16    0   8.476609567  13.562575307   0.110796E-03  -0.136345E-04
  -16  -10    0 -13.562575307  -8.476609567   0.774917E-04  -0.136345E-04
  -16   10    0 -13.562575307   8.476609567   0.774917E-04  -0.136345E-04
  -18   -6    0 -15.257897220  -5.085965740   0.158873E-02   0.198297E-03
    6   18    0   5.085965740  15.257897220   0.160227E-02   0.198297E-03
   18   -6    0  15.257897220  -5.085965740   0.158873E-02   0.198297E-03
   -6   18    0  -5.085965740  15.257897220   0.160227E-02   0.198297E-03
   18    6    0  15.257897220   5.085965740   0.158873E-02   0.198297E-03
   -6  -18    0  -5.085965740 -15.257897220   0.160227E-02   0.198297E-03
  -18    6    0 -15.257897220   5.085965740   0.158873E-02   0.198297E-03
    6  -18    0   5.085965740 -15.257897220   0.160227E-02   0.198297E-03
    1  -19    0   0.847660957 -16.105558177   0.592154E-03   0.638861E-04
  -19   -1    0 -16.105558177  -0.847660957   0.535384E-04   0.638861E-04
   19    1    0  16.105558177   0.847660957   0.535384E-04   0.638861E-04
    1   19    0   0.847660957  16.105558177   0.592154E-03   0.638861E-04
   19   -1    0  16.105558177  -0.847660957   0.535384E-04   0.638861E-04
  -19    1    0 -16.105558177   0.847660957   0.535384E-04   0.638861E-04
   -1  -19    0  -0.847660957 -16.105558177   0.592154E-03   0.638861E-04
   -1   19    0  -0.847660957  16.105558177   0.592154E-03   0.638861E-04
    9  -17    0   7.628948610 -14.410236263   0.173195E-04   0.426563E-04
   -9   17    0  -7.628948610  14.410236263   0.173195E-04   0.426563E-04
  -17   -9    0 -14.410236263  -7.628948610   0.576141E-03   0.426563E-04
    9   17    0   7.628948610  14.410236263   0.173195E-04   0.426563E-04
   17    9    0  14.410236263   7.628948610   0.576141E-03   0.426563E-04
  -17    9    0 -14.410236263   7.628948610   0.576141E-03   0.426563E-04
   17   -9    0  14.410236263  -7.628948610   0.576141E-03   0.426563E-04
   -9  -17    0  -7.628948610 -14.410236263   0.173195E-04   0.426563E-04
    3   19    0   2.542982870  16.105558177   0.440809E-04   0.435534E-04
  -19   -3    0 -16.105558177  -2.542982870   0.570783E-04   0.435534E-04
  -19    3    0 -16.105558177   2.542982870   0.570783E-04   0.435534E-04
   19    3    0  16.105558177   2.542982870   0.570783E-04   0.435534E-04
    3  -19    0   2.542982870 -16.105558177   0.440809E-04   0.435534E-04
   19   -3    0  16.105558177  -2.542982870   0.570783E-04   0.435534E-04
   -3   19    0  -2.542982870  16.105558177   0.440809E-04   0.435534E-04
   -3  -19    0  -2.542982870 -16.105558177   0.440809E-04   0.435534E-04
    5   19    0   4.238304783  16.105558177   0.660225E-03   0.602772E-04
   19   -5    0  16.105558177  -4.238304783  -0.150609E-05   0.602772E-04
   19    5    0  16.105558177   4.238304783  -0.150609E-05   0.602772E-04
   -5  -19    0  -4.238304783 -16.105558177   0.660225E-03   0.602772E-04
  -19   -5    0 -16.105558177  -4.238304783  -0.150609E-05   0.602772E-04
  -19    5    0 -16.105558177   4.238304783  -0.150609E-05   0.602772E-04
   -5   19    0  -4.238304783  16.105558177   0.660225E-03   0.602772E-04
    5  -19    0   4.238304783 -16.105558177   0.660225E-03   0.602772E-04
   -8  -18    0  -6.781287653 -15.257897220  -0.645230E-03  -0.392611E-04
  -18    8    0 -15.257897220   6.781287653  -0.238189E-03  -0.392611E-04
   18    8    0  15.257897220   6.781287653  -0.238189E-03  -0.392611E-04
    8  -18    0   6.781287653 -15.257897220  -0.645230E-03  -0.392611E-04
  -18   -8    0 -15.257897220  -6.781287653  -0.238189E-03  -0.392611E-04
   18   -8    0  15.257897220  -6.781287653  -0.238189E-03  -0.392611E-04
    8   18    0   6.781287653  15.257897220  -0.645230E-03  -0.392611E-04
   -8   18    0  -6.781287653  15.257897220  -0.645230E-03  -0.392611E-04
  -14   14    0 -11.867253393  11.867253393   0.104697E-02   0.149747E-03
  -14  -14    0 -11.867253393 -11.867253393   0.104697E-02   0.149747E-03
   14  -14    0  11.867253393 -11.867253393   0.104697E-02   0.149747E-03
   14   14    0  11.867253393  11.867253393   0.104697E-02   0.149747E-03
   15   13    0  12.714914350  11.019592437   0.285724E-03   0.466062E-04
  -13  -15    0 -11.019592437 -12.714914350  -0.669421E-04   0.466062E-04
  -13   15    0 -11.019592437  12.714914350  -0.669421E-04   0.466062E-04
  -15   13    0 -12.714914350  11.019592437   0.285724E-03   0.466062E-04
   13   15    0  11.019592437  12.714914350  -0.669421E-04   0.466062E-04
   13  -15    0  11.019592437 -12.714914350  -0.669421E-04   0.466062E-04
  -15  -13    0 -12.714914350 -11.019592437   0.285724E-03   0.466062E-04
   15  -13    0  12.714914350 -11.019592437   0.285724E-03   0.466062E-04
    0  -20    0  -0.000000000 -16.953219133   0.120887E-02   0.147953E-03
  -16   12    0 -13.562575307  10.171931480   0.141698E-02   0.154355E-03
  -12  -16    0 -10.171931480 -13.562575307   0.151311E-02   0.154355E-03
   12  -16    0  10.171931480 -13.562575307   0.151311E-02   0.154355E-03
  -16  -12    0 -13.562575307 -10.171931480   0.141698E-02   0.154355E-03
   16   12    0  13.562575307  10.171931480   0.141698E-02   0.154355E-03
   12   16    0  10.171931480  13.562575307   0.151311E-02   0.154355E-03
  -12   16    0 -10.171931480  13.562575307   0.151311E-02   0.154355E-03
   16  -12    0  13.562575307 -10.171931480   0.141698E-02   0.154355E-03
   20    0    0  16.953219133  -0.000000000   0.120887E-02   0.147953E-03
  -20    0    0 -16.953219133   0.000000000   0.120887E-02   0.147953E-03
    0   20    0   0.000000000  16.953219133   0.120887E-02   0.147953E-03
    2  -20    0   1.695321913 -16.953219133  -0.206910E-03  -0.256780E-04
   20    2    0  16.953219133   1.695321913  -0.547095E-03  -0.256780E-04
  -20    2    0 -16.953219133   1.695321913  -0.547095E-03  -0.256780E-04
   20   -2    0  16.953219133  -1.695321913  -0.547095E-03  -0.256780E-04
  -20   -2    0 -16.953219133  -1.695321913  -0.547095E-03  -0.256780E-04
   -2   20    0  -1.695321913  16.953219133  -0.206910E-03  -0.256780E-04
    2   20    0   1.695321913  16.953219133  -0.206910E-03  -0.256780E-04
   -2  -20    0  -1.695321913 -16.953219133  -0.206910E-03  -0.256780E-04
  -11   17    0  -9.324270523  14.410236263   0.114732E-03   0.383311E-04
   17   11    0  14.410236263   9.324270523   0.125883E-03   0.383311E-04
  -17  -11    0 -14.410236263  -9.324270523   0.125883E-03   0.383311E-04
  -17   11    0 -14.410236263   9.324270523   0.125883E-03   0.383311E-04
  -11  -17    0  -9.324270523 -14.410236263   0.114732E-03   0.383311E-04
   17  -11    0  14.410236263  -9.324270523   0.125883E-03   0.383311E-04
   11   17    0   9.324270523  14.410236263   0.114732E-03   0.383311E-04
   11  -17    0   9.324270523 -14.410236263   0.114732E-03   0.383311E-04
    7   19    0   5.933626697  16.105558177   0.294736E-03   0.436859E-04
   19    7    0  16.105558177   5.933626697   0.130411E-03   0.436859E-04
   -7   19    0  -5.933626697  16.105558177   0.294736E-03   0.436859E-04
    7  -19    0   5.933626697 -16.105558177   0.294736E-03   0.436859E-04
  -19   -7    0 -16.105558177  -5.933626697   0.130411E-03   0.436859E-04
   -7  -19    0  -5.933626697 -16.105558177   0.294736E-03   0.436859E-04
  -19    7    0 -16.105558177   5.933626697   0.130411E-03   0.436859E-04
   19   -7    0  16.105558177  -5.933626697   0.130411E-03   0.436859E-04
   20   -4    0  16.953219133  -3.390643827   0.924316E-03   0.126593E-03
    4  -20    0   3.390643827 -16.953219133   0.105445E-02   0.126593E-03
   -4   20    0  -3.390643827  16.953219133   0.105445E-02   0.126593E-03
   -4  -20    0  -3.390643827 -16.953219133   0.105445E-02   0.126593E-03
    4   20    0   3.390643827  16.953219133   0.105445E-02   0.126593E-03
   20    4    0  16.953219133   3.390643827   0.924316E-03   0.126593E-03
  -20    4    0 -16.953219133   3.390643827   0.924316E-03   0.126593E-03
  -20   -4    0 -16.953219133  -3.390643827   0.924316E-03   0.126593E-03
  -10   18    0  -8.476609567  15.257897220   0.990456E-03   0.122509E-03
   10  -18    0   8.476609567 -15.257897220   0.990456E-03   0.122509E-03
   10   18    0   8.476609567  15.257897220   0.990456E-03   0.122509E-03
  -18  -10    0 -15.257897220  -8.476609567   0.121028E-02   0.122509E-03
   18   10    0  15.257897220   8.476609567   0.121028E-02   0.122509E-03
  -10  -18    0  -8.476609567 -15.257897220   0.990456E-03   0.122509E-03
   18  -10    0  15.257897220  -8.476609567   0.121028E-02   0.122509E-03
  -18   10    0 -15.257897220   8.476609567   0.121028E-02   0.122509E-03
  -20    6    0 -16.953219133   5.085965740  -0.243608E-03  -0.267339E-04
   -6  -20    0  -5.085965740 -16.953219133  -0.162782E-03  -0.267339E-04
    6  -20    0   5.085965740 -16.953219133  -0.162782E-03  -0.267339E-04
    6   20    0   5.085965740  16.953219133  -0.162782E-03  -0.267339E-04
   20   -6    0  16.953219133  -5.085965740  -0.243608E-03  -0.267339E-04
   20    6    0  16.953219133   5.085965740  -0.243608E-03  -0.267339E-04
  -20   -6    0 -16.953219133  -5.085965740  -0.243608E-03  -0.267339E-04
   -6   20    0  -5.085965740  16.953219133  -0.162782E-03  -0.267339E-04
   19   -9    0  16.105558177  -7.628948610  -0.109522E-04  -0.370374E-05
   19    9    0  16.105558177   7.628948610  -0.109522E-04  -0.370374E-05
    9   19    0   7.628948610  16.105558177   0.122508E-03  -0.370374E-05
  -19   -9    0 -16.105558177  -7.628948610  -0.109522E-04  -0.370374E-05
    9  -19    0   7.628948610 -16.105558177   0.122508E-03  -0.370374E-05
   -9   19    0  -7.628948610  16.105558177   0.122508E-03  -0.370374E-05
  -19    9    0 -16.105558177   7.628948610  -0.109522E-04  -0.370374E-05
   -9  -19    0  -7.628948610 -16.105558177   0.122508E-03  -0.370374E-05
   15  -15    0  12.714914350 -12.714914350   0.369641E-04   0.297380E-04
   15   15    0  12.714914350  12.714914350   0.369641E-04   0.297380E-04
  -15   15    0 -12.714914350  12.714914350   0.369641E-04   0.297380E-04
  -15  -15    0 -12.714914350 -12.714914350   0.369641E-04   0.297380E-04
   16  -14    0  13.562575307 -11.867253393  -0.364698E-03  -0.294117E-04
   14   16    0  11.867253393  13.562575307  -0.248303E-03  -0.294117E-04
  -14  -16    0 -11.867253393 -13.562575307  -0.248303E-03  -0.294117E-04
  -16  -14    0 -13.562575307 -11.867253393  -0.364698E-03  -0.294117E-04
   14  -16    0  11.867253393 -13.562575307  -0.248303E-03  -0.294117E-04
  -16   14    0 -13.562575307  11.867253393  -0.364698E-03  -0.294117E-04
  -14   16    0 -11.867253393  13.562575307  -0.248303E-03  -0.294117E-04
   16   14    0  13.562575307  11.867253393  -0.364698E-03  -0.294117E-04
  -13   17    0 -11.019592437  14.410236263   0.172996E-03   0.318838E-04
   13  -17    0  11.019592437 -14.410236263   0.172996E-03   0.318838E-04
   17   13    0  14.410236263  11.019592437   0.417555E-03   0.318838E-04
   13   17    0  11.019592437  14.410236263   0.172996E-03   0.318838E-04
  -13  -17    0 -11.019592437 -14.410236263   0.172996E-03   0.318838E-04
   17  -13    0  14.410236263 -11.019592437   0.417555E-03   0.318838E-04
  -17  -13    0 -14.410236263 -11.019592437   0.417555E-03   0.318838E-04
  -17   13    0 -14.410236263  11.019592437   0.417555E-03   0.318838E-04
   -8   20    0  -6.781287653  16.953219133   0.864977E-03   0.924991E-04
    8  -20    0   6.781287653 -16.953219133   0.864977E-03   0.924991E-04
   -8  -20    0  -6.781287653 -16.953219133   0.864977E-03   0.924991E-04
    8   20    0   6.781287653  16.953219133   0.864977E-03   0.924991E-04
  -20    8    0 -16.953219133   6.781287653   0.580463E-03   0.924991E-04
  -20   -8    0 -16.953219133  -6.781287653   0.580463E-03   0.924991E-04
   20   -8    0  16.953219133  -6.781287653   0.580463E-03   0.924991E-04
   20    8    0  16.953219133   6.781287653   0.580463E-03   0.924991E-04
   18   12    0  15.257897220  10.171931480  -0.213633E-03  -0.251888E-04
  -18   12    0 -15.257897220  10.171931480  -0.213633E-03  -0.251888E-04
  -18  -12    0 -15.257897220 -10.171931480  -0.213633E-03  -0.251888E-04
  -12  -18    0 -10.171931480 -15.257897220  -0.196988E-03  -0.251888E-04
   18  -12    0  15.257897220 -10.171931480  -0.213633E-03  -0.251888E-04
   12  -18    0  10.171931480 -15.257897220  -0.196988E-03  -0.251888E-04
  -12   18    0 -10.171931480  15.257897220  -0.196988E-03  -0.251888E-04
   12   18    0  10.171931480  15.257897220  -0.196988E-03  -0.251888E-04
  -19   11    0 -16.105558177   9.324270523   0.371513E-04   0.253621E-04
   11   19    0   9.324270523  16.105558177   0.419696E-03   0.253621E-04
  -11   19    0  -9.324270523  16.105558177   0.419696E-03   0.253621E-04
   19  -11    0  16.105558177  -9.324270523   0.371513E-04   0.253621E-04
   11  -19    0   9.324270523 -16.105558177   0.419696E-03   0.253621E-04
   19   11    0  16.105558177   9.324270523   0.371513E-04   0.253621E-04
  -11  -19    0  -9.324270523 -16.105558177   0.419696E-03   0.253621E-04
  -19  -11    0 -16.105558177  -9.324270523   0.371513E-04   0.253621E-04
  -20  -10    0 -16.953219133  -8.476609567  -0.198188E-03  -0.235808E-04
   10  -20    0   8.476609567 -16.953219133  -0.228502E-03  -0.235808E-04
  -10   20    0  -8.476609567  16.953219133  -0.228502E-03  -0.235808E-04
  -20   10    0 -16.953219133   8.476609567  -0.198188E-03  -0.235808E-04
   20   10    0  16.953219133   8.476609567  -0.198188E-03  -0.235808E-04
   20  -10    0  16.953219133  -8.476609567  -0.198188E-03  -0.235808E-04
   10   20    0   8.476609567  16.953219133  -0.228502E-03  -0.235808E-04
  -10  -20    0  -8.476609567 -16.953219133  -0.228502E-03  -0.235808E-04
   16   16    0  13.562575307  13.562575307   0.868500E-03   0.661501E-04
  -16   16    0 -13.562575307  13.562575307   0.868500E-03   0.661501E-04
   16  -16    0  13.562575307 -13.562575307   0.868500E-03   0.661501E-04
  -16  -16    0 -13.562575307 -13.562575307   0.868500E-03   0.661501E-04
   17   15    0  14.410236263  12.714914350   0.185580E-03   0.239137E-04
  -17  -15    0 -14.410236263 -12.714914350   0.185580E-03   0.239137E-04
   15  -17    0  12.714914350 -14.410236263  -0.235568E-04   0.239137E-04
  -15   17    0 -12.714914350  14.410236263  -0.235568E-04   0.239137E-04
  -17   15    0 -14.410236263  12.714914350   0.185580E-03   0.239137E-04
   15   17    0  12.714914350  14.410236263  -0.235568E-04   0.239137E-04
  -15  -17    0 -12.714914350 -14.410236263  -0.235568E-04   0.239137E-04
   17  -15    0  14.410236263 -12.714914350   0.185580E-03   0.239137E-04
   18   14    0  15.257897220  11.867253393   0.677888E-03   0.592523E-04
   14   18    0  11.867253393  15.257897220   0.442780E-03   0.592523E-04
  -18  -14    0 -15.257897220 -11.867253393   0.677888E-03   0.592523E-04
  -18   14    0 -15.257897220  11.867253393   0.677888E-03   0.592523E-04
  -14   18    0 -11.867253393  15.257897220   0.442780E-03   0.592523E-04
   14  -18    0  11.867253393 -15.257897220   0.442780E-03   0.592523E-04
   18  -14    0  15.257897220 -11.867253393   0.677888E-03   0.592523E-04
  -14  -18    0 -11.867253393 -15.257897220   0.442780E-03   0.592523E-04
  -19   13    0 -16.105558177  11.019592437   0.980477E-04   0.205627E-04
   19   13    0  16.105558177  11.019592437   0.980477E-04   0.205627E-04
   13  -19    0  11.019592437 -16.105558177   0.962005E-04   0.205627E-04
  -19  -13    0 -16.105558177 -11.019592437   0.980477E-04   0.205627E-04
   13   19    0  11.019592437  16.105558177   0.962005E-04   0.205627E-04
   19  -13    0  16.105558177 -11.019592437   0.980477E-04   0.205627E-04
  -13  -19    0 -11.019592437 -16.105558177   0.962005E-04   0.205627E-04
  -13   19    0 -11.019592437  16.105558177   0.962005E-04   0.205627E-04
  -20   12    0 -16.953219133  10.171931480   0.483323E-03   0.465005E-04
   20   12    0  16.953219133  10.171931480   0.483323E-03   0.465005E-04
  -20  -12    0 -16.953219133 -10.171931480   0.483323E-03   0.465005E-04
   20  -12    0  16.953219133 -10.171931480   0.483323E-03   0.465005E-04
  -12   20    0 -10.171931480  16.953219133   0.632913E-03   0.465005E-04
   12  -20    0  10.171931480 -16.953219133   0.632913E-03   0.465005E-04
   12   20    0  10.171931480  16.953219133   0.632913E-03   0.465005E-04
  -12  -20    0 -10.171931480 -16.953219133   0.632913E-03   0.465005E-04
   17   17    0  14.410236263  14.410236263   0.105198E-03   0.154083E-04
  -17  -17    0 -14.410236263 -14.410236263   0.105198E-03   0.154083E-04
  -17   17    0 -14.410236263  14.410236263   0.105198E-03   0.154083E-04
   17  -17    0  14.410236263 -14.410236263   0.105198E-03   0.154083E-04
  -18  -16    0 -15.257897220 -13.562575307  -0.640603E-04  -0.181139E-04
   18   16    0  15.257897220  13.562575307  -0.640603E-04  -0.181139E-04
   16   18    0  13.562575307  15.257897220  -0.124870E-03  -0.181139E-04
  -16  -18    0 -13.562575307 -15.257897220  -0.124870E-03  -0.181139E-04
  -18   16    0 -15.257897220  13.562575307  -0.640603E-04  -0.181139E-04
   18  -16    0  15.257897220 -13.562575307  -0.640603E-04  -0.181139E-04
   16  -18    0  13.562575307 -15.257897220  -0.124870E-03  -0.181139E-04
  -16   18    0 -13.562575307  15.257897220  -0.124870E-03  -0.181139E-04
  -15  -19    0 -12.714914350 -16.105558177   0.124128E-03   0.146848E-04
   19   15    0  16.105558177  12.714914350  -0.296081E-04   0.146848E-04
   15   19    0  12.714914350  16.105558177   0.124128E-03   0.146848E-04
   15  -19    0  12.714914350 -16.105558177   0.124128E-03   0.146848E-04
  -15   19    0 -12.714914350  16.105558177   0.124128E-03   0.146848E-04
  -19   15    0 -16.105558177  12.714914350  -0.296081E-04   0.146848E-04
  -19  -15    0 -16.105558177 -12.714914350  -0.296081E-04   0.146848E-04
   19  -15    0  16.105558177 -12.714914350  -0.296081E-04   0.146848E-04
  -14  -20    0 -11.867253393 -16.953219133  -0.147199E-03  -0.175675E-04
   20  -14    0  16.953219133 -11.867253393  -0.239841E-03  -0.175675E-04
  -20  -14    0 -16.953219133 -11.867253393  -0.239841E-03  -0.175675E-04
  -14   20    0 -11.867253393  16.953219133  -0.147199E-03  -0.175675E-04
   14   20    0  11.867253393  16.953219133  -0.147199E-03  -0.175675E-04
   14  -20    0  11.867253393 -16.953219133  -0.147199E-03  -0.175675E-04
  -20   14    0 -16.953219133  11.867253393  -0.239841E-03  -0.175675E-04
   20   14    0  16.953219133  11.867253393  -0.239841E-03  -0.175675E-04
  -18  -18    0 -15.257897220 -15.257897220   0.313689E-03   0.146763E-04
   18   18    0  15.257897220  15.257897220   0.313689E-03   0.146763E-04
   18  -18    0  15.257897220 -15.257897220   0.313689E-03   0.146763E-04
  -18   18    0 -15.257897220  15.257897220   0.313689E-03   0.146763E-04
  -19  -17    0 -16.105558177 -14.410236263   0.558508E-04   0.924997E-05
   19  -17    0  16.105558177 -14.410236263   0.558508E-04   0.924997E-05
   19   17    0  16.105558177  14.410236263   0.558508E-04   0.924997E-05
  -19   17    0 -16.105558177  14.410236263   0.558508E-04   0.924997E-05
  -17   19    0 -14.410236263  16.105558177   0.168370E-03   0.924997E-05
   17   19    0  14.410236263  16.105558177   0.168370E-03   0.924997E-05
   17  -19    0  14.410236263 -16.105558177   0.168370E-03   0.924997E-05
  -17  -19    0 -14.410236263 -16.105558177   0.168370E-03   0.924997E-05
   20   16    0  16.953219133  13.562575307   0.336832E-03   0.126231E-04
  -20  -16    0 -16.953219133 -13.562575307   0.336832E-03   0.126231E-04
  -16   20    0 -13.562575307  16.953219133   0.314244E-03   0.126231E-04
   16  -20    0  13.562575307 -16.953219133   0.314244E-03   0.126231E-04
  -20   16    0 -16.953219133  13.562575307   0.336832E-03   0.126231E-04
   20  -16    0  16.953219133 -13.562575307   0.336832E-03   0.126231E-04
  -16  -20    0 -13.562575307 -16.953219133   0.314244E-03   0.126231E-04
   16   20    0  13.562575307  16.953219133   0.314244E-03   0.126231E-04
  -19   19    0 -16.105558177  16.105558177   0.327745E-04   0.522932E-05
   19  -19    0  16.105558177 -16.105558177   0.327745E-04   0.522932E-05
   19   19    0  16.105558177  16.105558177   0.327745E-04   0.522932E-05
  -19  -19    0 -16.105558177 -16.105558177   0.327745E-04   0.522932E-05
   20   18    0  16.953219133  15.257897220  -0.143509E-03  -0.889787E-05
  -20   18    0 -16.953219133  15.257897220  -0.143509E-03  -0.889787E-05
  -18  -20    0 -15.257897220 -16.953219133  -0.452105E-04  -0.889787E-05
   18   20    0  15.257897220  16.953219133  -0.452105E-04  -0.889787E-05
  -20  -18    0 -16.953219133 -15.257897220  -0.143509E-03  -0.889787E-05
   20  -18    0  16.953219133 -15.257897220  -0.143509E-03  -0.889787E-05
  -18   20    0 -15.257897220  16.953219133  -0.452105E-04  -0.889787E-05
   18  -20    0  15.257897220 -16.953219133  -0.452105E-04  -0.889787E-05
  -20   20    0 -16.953219133  16.953219133   0.153582E-03  -0.596791E-05
   20  -20    0  16.953219133 -16.953219133   0.153582E-03  -0.596791E-05
  -20  -20    0 -16.953219133 -16.953219133   0.153582E-03  -0.596791E-05
   20   20    0  16.953219133  16.953219133   0.153582E-03  -0.596791E-05
