109545
110040
11081
12105
150234
150237
150239
150241
151522
151734
151768
152221
152784
153255
153501
153895
15439
155277
155278
155279
155387
155559
155560
155562
156593
156594
156595
157836
157957
158217
158219
158229
158566
158567
158568
158636
158640
159396
159731
161406
161648
162402
162778
162779
162781
162782
163276
163277
163278
163279
163280
163281
163797
163801
163881
163883
163884
163885
163926
163930
164432
165113
165114
165411
165933
166709
166710
166711
166712
167622
167993
167997
168052
168139
168343
169413
169862
170123
170155
170156
170290
170291
171532
171533
171534
171535
171565
172083
172091
172284
172297
172299
172300
172301
172302
172303
172304
172305
172306
172307
172308
172367
172368
172369
172370
172629
173450
173451
173452
173453
173751
173752
180027
180030
180056
180057
180058
180059
180810
180838
180842
181525
183730
184975
184976
185475
186860
186861
187516
187517
187921
187922
187923
188090
188158
188293
188363
189597
189601
189647
189648
189652
189794
189795
189917
189920
189921
189922
189923
189927
189928
189929
190490
190493
190494
190497
191351
191990
192349
192350
192356
192359
192501
192502
192503
192504
192807
192808
192957
193168
194645
194770
194771
194772
195165
200522
201086
201087
201454
201456
202356
20819
235902
235903
236004
236005
236007
236008
237692
237693
237694
237888
237964
238153
238488
238489
238490
238492
238494
238495
238496
238761
238941
239220
239221
239222
239223
239224
239761
239766
239769
240246
241416
241417
241418
241419
242122
242280
243404
243409
243410
243411
243417
243656
243848
244146
245021
245022
245069
245070
246093
246094
246211
246217
246356
248887
24901
249048
249079
249080
249093
249094
249095
249099
249100
249101
249102
250541
250625
250627
250628
250629
250630
250797
251140
251141
251142
251143
251144
251145
251146
251826
251827
251828
252365
252421
252422
252423
252424
252425
253023
255842
257051
257052
257380
257526
257527
257529
257702
258681
258690
258840
258841
259023
259032
259158
259160
259860
259861
260182
260310
260586
260864
261549
261550
262446
262625
262846
262847
262848
262849
263104
264215
265063
265592
266258
266259
27816
27817
27818
280825
28465
28466
290114
290124
290127
290128
290129
290130
290132
290281
290285
290287
290749
290750
290751
290982
290984
290986
290987
290988
291126
291326
31371
37304
39957
406612
409698
411023
411975
411976
413224
417384
417424
417425
417426
421563
422394
422395
422396
422397
423582
424921
425659
429907
430556
431038
432680
433818
4532
4536
4537
50619
50620
50852
50855
51343
51419
51666
51690
51694
51791
6003
61193
63037
63607
63657
63658
63659
658980
66130
66162
66743
66850
66854
68119
68120
69163
69665
70045
71202
71287
72818
72955
74677
75327
75709
75993
75994
78313
78314
78875
78876
80385
81321
81323
81325
83000
83001
83002
83003
83004
84758
85354
85522
85612
85699
85702
85705
85706
86151
86920
86922
86927
87420
87735
88140
88141
88142
88144
885
88915
88959
89056
894
91285
91286
9143
9145
9150
91531
9172
9173
9174
9175
93964
94779
95036
95317
95318
95319
95320
95321
95322
95615
95616
96167
96169
96190
96191
96195
96872
98402
98796
98797
98897
98898
99367
99963
99964