291630
193997
33402
113349
168098
95788
238806
153896
22972
70082
254296
261221
174555
160028
238889
184342
34981
138937
149165
157782
257770
171544
173199
258633
186483
147658
259068
291573
416275
245498
156003
155712
188157
261136
422433
34964
412258
155600
184444
238335
117661
182982
132053
173732
194221
148785
150234
433183
425681
253768
161905
261607
155561
427784
426866
162145
182194
85031
110314
257531
290260
239416
138089
91339
181525
234595
123078
137483
193123
161503
238999
96498
117759
174642
33424
167893
291591
146922
167891
33400
120100
73677
247722
191109
48883
281081
163146
145707
118390
173768
428532
59215
291631
156960
263022
187064
32270
412376
171120
191564
290811
433241
182768
137236
247329
171731
247502
184265
238876
109171
57782
423442
186495
248187
8521
184598
291284
184077
113509
111105
117429
253422
253787
122296
38990
281759
134602
189910
154986
189221
411804
182252
34152
431358
189359
29674
250093
70793
138819
160720
419736
91049
425122
47411
188491
188098
416710
251825
416990
32604
192589
118710
47592
191576
166452
92392
125944
98501
186710
193891
160498
118729
125995
251855
187282
133315
416358
247022
252362
250836
180034
239361
136566
195159
149215
184340
116136
422795
97674
230362
188643
183225
117812
180670
188488
95401
230350
260521
122371
195862
138556
112455
70083
116663
252537
97386
172693
248014
119336
48331
155719
51821
131836
171482
160092
98098
168427
253194
416815
109389
55115
189968
18586
431355
147221
186152
22970
191697
427596
194244
420475
190399
98188
192322
131886
36358
32336
117200
195155
31510
186806
180037
259250
194390
420420
185590
158863
7789
95319
144830
132722
119334
118277
47614
155229
116234
154524
187287
45265
413825
34988
152250
117810
238948
249426
172629
258547
251599
235856
262665
413854
121145
138092
433456
185371
153026
237410
168215
290287
195407
85064
37693
117791
188793
185179
258218
180665
126015
42103
171823
119384
182666
239052
117758
252276
421880
262837
48334
280736
155668
259957
118125
154721
237947
44470
422396
22968
120663
48347
159649
418861
429520
126263
112039
121754
253387
173889
92213
110080
93214
181228
185475
146117
135345
418502
111097
258774
417101
12633
421645
38979
260486
241410
137881
117533
258809
180029
380344
18747
252394
194383
70797
169564
136303
138808
235859
291143
144944
432200
412998
759459
416531
154914
7768
22465
418658
169601
155277
248353
235896
144980
137786
90664
171678
257405
230227
107082
190634
163877
429224
34754
90317
194648
193499
263104
420444
417703
426543
421903
247302
162891
51289
36775
94393
183031
252088
127153
98494
194342
16195
148740
146770
137220
156251
164683
167046
154940
133765
188727
191574
180666
97013
259805
249810
5260
180988
133438
240128
172082
258712
150099
154716
42101
27175
122294
90713
258610
187516
126098
421287
90649
290872
45676
423940
153405
63896
92444
33422
136271
96145
194736
118603
119330
164229
154250
427684
180039
411862
128237
252997
125150
94780
37388
237141
290132
230549
159247
130633
259381
230409
182922
94999
157317
164761
193177
172281
155779
185115
99915
416528
257441
257830
172285
21932
146067
138696
161319
137893
191045
90002
96558
245032
421277
162227
145866
185354
255459
421109
248892
262060
109556
257220
181239
290378
136313
247407
117703
247950
258113
415293
425659
180689
191284
431968
172160
126019
117880
241242
195259
172801
164957
113734
11918
148498
187201
51391
138196
95459
180533
430698
230548
29813
93588
151494
147822
263032
236353
143811
255805
261942
245021
14708
145835
34155
112390
195845
125597
238502
147080
193737
146124
127829
249101
159168
249634
168361
173169
159646
184447
193502
64077
113153
125369
159731
168422
428097
109897
45268
171485
195854
13019
239761
97777
249095
5563
257469
98218
183789
281083
415596
245811
143869
35541
253363
84228
165419
247391
96000
153741
98951
250837
5620
245807
423267
391424
84239
189206
264503
411204
45589
31802
12049
184198
248660
118412
244305
148358
189922
253781
121049
164005
194500
94520
126310
89948
117202
22457
103745
261718
195190
180448
426858
38771
167506
125743
115718
429181
99512
188411
119417
11795
97388
163462
239564
258619
97937
182618
196176
153402
118404
161018
409596
237408
156106
128360
11269
194433
98965
118236
90325
167890
119378
409853
152796
257636
155977
161425
417940
261953
187341
183613
19766
55738
146123
157863
5967
153351
163660
249310
38202
33185
413530
417694
254058
242099
182424
70218
157416
181154
195346
171594
98782
188648
180737
186709
165771
173663
195271
192784
128361
96958
194640
153245
92223
145304
8536
190175
194381
93547
258376
180645
426554
130791
12849
416989
172300
8296
42999
411276
248179
183733
245141
417215
184199
125747
106935
185003
147500
173673
143359
5565
415342
161397
173812
161576
194767
21928
186983
253066
238907
424889
125405
55699
120144
17713
189220
115568
98890
238367
165774
144981
18807
43082
257768
63349
14788
122293
134213
157668
245029
95654
193623
161339
118057
98502
93476
160434
186669
190727
186562
185501
36678
19622
259351
172697
163389
147675
128296
29699
169042
122961
70800
257945
166349
191655
160505
45042
260999
189783
186406
410999
11788
174150
415887
45982
112389
181682
183219
188356
262661
240014
244162
252273
430972
187219
107598
42764
290989
105484
186221
85048
142007
413491
136488
159246
91708
193353
187823
138389
419226
35610
163251
91875
121781
155720
251515
98892
424154
96233
119323
253321
11641
180838
164830
426097
126039
113302
186810
191535
410814
187323
253772
193179
36915
188445
290006
414365
195531
118278
230691
414363
54223
259032
262670
248260
147724
242280
192338
163799
291300
64080
117424
122632
416124
253000
5557
14615
248805
17666
89935
85230
431052
248015
260529
145956
257485
19757
190748
193931
38942
161427
172657
125969
70259
64070
91286
17630
230346
159659
45261
239231
154316
248882
247582
162159
240404
161387
7846
189060
172077
253567
252087
168707
144677
156183
257256
236012
152261
96181
160876
411448
235838
14553
245747
90040
93826
14790
430364
260282
5598
38762
230132
180925
290978
163282
94341
230188
254293
136352
32371
32315
183635
137850
258554
154790
195592
185710
191757
163607
120571
51816
183034
119385
237578
161855
432380
156353
96195
35927
236948
262653
290118
426862
143770
156500
4663
259976
91168
411442
257730
29712
172889
259206
126055
51614
127952
160173
195180
32498
184169
187428
189043
243382
181233
128180
94951
152253
154412
248261
152636
122298
19198
248662
98402
184343
185146
93819
259702
186272
147231
92226
180679
76103
422044
183222
421484
247828
189900
51808
158216
290982
230264
424921
109460
173329
93363
103758
22459
180119
155907
260489
161422
115524
241385
413129
159794
17347
432040
173189
186270
234586
237193
161019
182527
167040
168855
244142
109012
160707
160012
159014
12634
391174
24436
247639
44441
151890
264723
193391
423147
55729
184085
193170
118445
418689
185524
183842
230277
247001
195822
162397
417691
118848
424717
120345
152880
70660
189300
147427
699
194758
131580
183614
192363
173048
133279
185181
184978
96495
121323
4536
194138
192979
187281
96955
180643
180676
391184
136395
173182
98475
162365
51806
259115
416916
245092
246357
104669
152620
118238
168734
54877
246043
434617
142166
89726
58924
415567
247581
54707
193511
125404
147444
154679
44429
125496
431969
99608
37471
151780
160443
174552
94924
158228
230354
32496
38825
147421
415249
418993
54232
43115
192558
173183
5540
141493
173452
190745
169756
32599
190820
31467
257861
133429
160704
172710
281498
417704
259969
290706
247190
143173
127919
186768
186897
258557
237582
137567
133965
156136
164636
170295
117411
41743
124525
70525
187486
431391
160697
181216
98460
421902
160151
252244
70653
263031
163278
156423
258552
432906
114309
119337
148402
190493
98284
164230
47590
290884
136832
182970
152816
413174
250723
96170
193561
432209
261960
134081
91169
5616
247023
29892
160017
128195
138562
421193
96956
195196
239579
38758
146190
33182
261235
262427
157835
29920
159157
92249
421548
184974
251318
238685
136386
432615
90510
230414
138774
36711
413731
130916
253695
47288
70900
154189
167705
95639
101764
186665
194774
261771
291102
426760
172162
17081
169548
172097
143273
185244
139064
125742
32354
174138
420113
248550
37657
91821
154090
127510
252323
160024
118776
245370
260923
240568
243922
429192
8726
97907
260520
155215
187995
96981
38760
47588
167622
14822
164375
243500
162122
121223
136503
192887
111346
230380
414354
248175
150394
115753
112172
426731
262998
409837
237963
417043
132102
191140
142338
51621
5586
159423
230311
182306
291192
148757
414244
19623
120968
151544
252465
164551
42983
196397
190536
38159
184765
196182
241011
252228
422752
167177
426375
12809
128239
188161
14684
248473
172522
157035
121690
119324
147727
161654
29685
259765
162102
163424
19688
128421
191324
91689
160967
173767
189044
113000
246741
122045
153250
8782
252247
96316
38227
95996
192278
257164
291638
157834
128080
247390
99627
240046
144667
261237
417471
91549
264138
181241
55664
159663
261688
163976
257221
290120
180678
279575
430574
91293
230600
433336
260518
237297
29811
11517
155228
134311
140988
248945
261704
19145
245541
172658
243659
33443
8669
132836
173229
252563
187880
418272
281757
94873
419796
154150
253364
189015
238219
6050
241388
430604
186540
99187
246092
158764
185114
21940
12972
230701
411238
4679
89933
246502
5261
153672
182935
124229
35822
424151
161396
159166
415248
415957
430438
254261
134167
195158
135348
5525
248889
169559
7844
158196
160705
238612
142223
245275
230348
244303
257839
417687
249229
126027
238374
167994
36993
237967
131885
181689
118414
90006
153072
57895
247724
248920
166111
261778
70798
59197
42973
144476
244011
290364
12010
230189
133136
172378
113917
70214
132219
58521
8422
246970
9178
253266
29812
261856
121950
161574
145220
431964
126017
170670
187284
188297
186052
267195
290038
190615
240748
253549
143192
760465
245326
249158
181234
427685
159105
19178
234585
247786
193098
162355
240245
51598
262261
155636
24965
56244
17710
183085
183091
131226
123491
123490
243384
159658
238897
417046
251023
248097
189970
262990
243957
132224
188369
247002
157140
190047
250114
131974
421820
91465
144664
148362
107251
91530
185358
112394
230180
240907
194765
429875
421823
118279
185901
194738
190197
111839
230128
148905
412257
421826
12814
188754
147204
418257
136240
17661
417692
163419
160088
138803
151827
153411
433338
168360
94314
33358
180464
97479
172829
136239
186180
172015
238858
241871
163388
255804
244040
429190
169849
163148
413732
55228
243642
97717
248553
424860
419753
5338
237674
238544
189199
165777
230375
136223
243644
154468
76692
421289
99457
13418
185619
420371
259789
195989
245937
247531
760467
426316
419048
180637
6006
246409
36313
280553
44389
230609
187996
131937
245360
258534
190000
248723
186733
5305
119366
426381
261134
245948
153346
4835
253099
159103
238220
230636
147480
49498
248928
29908
140497
417038
33033
260721
183114
11917
290462
132214
99723
90397
122197
89947
194519
236625
192011
261707
51814
14618
142744
105976
33035
131829
134030
180810
181840
237730
191134
116882
416915
188355
267202
281680
415486
259004
160033
63889
180982
248622
51403
182830
171191
194999
263033
248255
191569
155594
116391
64210
171599
160034
257744
238306
195586
258567
101870
156593
47419
126118
281751
230580
253332
126037
73708
70342
245085
93490
131884
160007
237861
166232
245687
418267
121151
141254
119326
184082
414356
187997
413498
119497
32275
171484
432215
262092
36665
423136
59214
239151
415603
188703
250182
41719
194756
155302
99964
55732
429495
183296
241476
158998
243598
195828
290458
145362
8849
160444
39191
415566
170882
252564
145284
47593
260492
42736
141775
95561
246096
180663
90447
245565
428541
166285
186898
192573
42971
96125
105989
260070
138194
138799
46851
134598
281500
163879
11081
119270
257727
172762
246401
260389
136507
432198
418207
259186
12170
235840
90607
165415
167742
124999
171534
120020
431967
117410
191530
159694
245294
120971
58917
189204
180646
99262
47445
252274
13888
247399
238562
110020
184317
38965
34144
59655
7787
59891
430928
252128
152886
126206
112536
291256
187338
154481
247638
430974
107084
262935
190055
249812
427174
257312
196179
185865
93771
182314
259270
413497
115942
157784
258546
290281
8675
167318
12476
430970
160160
238891
118388
90669
192807
137234
153719
107245
258061
97072
7839
51397
235858
257311
180677
252696
182693
95478
291460
148489
64149
180839
236258
154517
418016
36700
259341
194754
433244
235387
411240
144680
193134
11801
164771
152462
243848
191111
180816
63897
159696
114314
421482
38731
43858
247011
427115
417686
51734
185403
230927
99290
19316
252989
22969
241006
290810
246266
136279
43117
426861
261568
185247
417684
182772
173392
169341
149280
116078
91823
237402
166230
155387
126214
257116
70345
19967
260510
187822
96939
238373
421376
90449
115720
45983
37661
167702
430751
29770
237142
161426
134495
147357
14668
188321
47591
194817
252242
290990
252008
192566
147938
416132
144946
432947
158765
253238
150240
14669
155602
37709
38857
253390
234596
183612
37472
184754
127511
160468
172517
172284
128244
412390
431388
12171
415226
149279
54574
38960
119368
422858
180597
97480
188836
249157
98025
35022
77259
257630
155539
188310
86005
261606
121224
191512
182766
155056
248236
168796
151829
253267
236268
165453
150366
238894
237112
149272
116080
262678
150233
12709
192316
195400
419611
251842
142336
426095
426112
430576
434093
115731
187615
95318
180640
420421
429512
429310
126189
14746
3909
230662
417829
156616
37462
144796
6040
171545
151705
125746
137132
99926
120565
246448
31429
54229
290845
425441
185192
237494
239128
160927
160452
248883
291635
423177
262082
137958
172631
250282
38123
252327
252324
261897
258631
192596
143985
92396
262659
195436
94519
44443
153350
158373
412046
31416
249988
238216
243566
90719
290363
421821
416908
26314
159699
174644
37526
47543
154064
261133
32274
95916
419066
45277
434088
236083
261766
137967
96993
182421
261417
21936
191848
261098
131604
185848
291146
163394
257395
186956
59930
181044
260631
246522
96974
143361
168467
146600
172056
434329
55727
246402
186142
173327
143885
237889
145183
138576
380226
90171
195756
37483
180027
37492
250764
410925
246081
93421
51342
291108
261841
134256
138978
97472
4669
249720
230955
141881
160925
141700
135823
117878
258564
192792
429034
158219
180370
93348
32603
18517
260397
239119
259346
146356
181219
187263
253193
186541
36710
93987
25062
163801
19194
290953
254297
391183
107504
252027
91077
37692
247295
11653
38214
251137
153718
135822
156065
182908
194498
99621
157658
260505
164641
159164
5304
38826
155216
136037
290280
169077
118092
155315
93535
117622
97822
195978
181398
123153
246100
98976
237925
145181
165410
248555
420672
116405
431392
153398
152053
128193
92553
411218
185052
230224
239060
196178
139001
90665
291431
93626
431021
258519
136198
11550
249635
181127
262766
253011
185399
166677
33477
164568
185112
243366
161656
252634
247838
37571
258773
413528
190494
193031
417380
168857
118366
94779
258740
160661
124900
117559
162606
417939
230245
193970
12474
236072
154915
113736
422797
19831
123353
51301
8493
259624
424583
94760
90703
280609
419798
157676
191049
146375
145890
136498
143990
241843
260865
154460
14554
172615
253009
194422
148063
237281
237407
161537
147820
115749
415051
267402
182647
190752
45923
183108
66716
160029
230505
160289
253102
252426
246011
142246
124231
195848
165772
190347
190986
190829
190104
21933
193099
172674
196180
89934
159020
429725
251024
185098
29907
161854
260487
257526
7221
290755
380386
257688
99720
252015
280737
137851
260133
237711
425123
7776
18512
257490
64447
261683
238996
186478
159697
57739
154758
249420
194506
239223
252962
159420
182198
249086
94390
5645
247839
166136
258529
238873
148701
194432
245358
160469
134961
196053
18224
185616
191430
185284
154942
257383
19353
91471
34948
247545
252132
426376
118551
196528
259344
93398
189908
258273
152283
154824
91261
250624
171473
164760
421288
118506
8754
433121
192019
133436
192349
259238
76697
171591
279579
115991
188125
115742
97824
260686
254013
147295
156125
55736
11254
147395
759639
259073
180943
422083
7843
48698
245716
380510
230388
192340
81950
259695
143973
237558
152251
258274
98505
180653
187279
13424
104625
154146
254188
130075
33175
181509
170292
151830
291103
195397
248075
413086
144756
414343
59928
238888
11798
291029
99054
189807
249997
9979
161481
158210
180683
247303
11655
153480
257550
94757
434079
91518
137409
23494
138816
119365
191122
180470
191133
264722
187498
415944
22988
194925
180948
59614
185198
193043
22994
127852
249093
145863
5670
138842
192364
261044
183615
428519
262655
426867
141221
111094
173682
39007
158570
281499
38761
154391
139061
186050
418456
99353
193527
117192
418208
172372
259033
186276
8667
122302
190832
250276
153872
145294
412493
45262
93825
173060
9934
145286
120022
161359
90484
121991
163440
189902
139060
189120
188639
96193
246000
5306
174631
158841
90372
281758
128168
248797
173054
93587
239360
119362
246227
245174
192359
194761
260474
160154
262973
166286
183920
230593
119265
186481
148759
183104
431916
258935
253947
14791
45044
173703
95494
403509
248627
135032
94422
133764
182042
261711
424822
241390
180026
121966
243615
123598
236013
416993
260026
237778
155909
130643
10623
120129
188162
123488
194225
118723
45770
180987
259116
58933
144675
247392
173066
184983
162224
38738
183702
97970
151558
425440
184166
427957
127856
183330
158232
130101
188195
90647
119338
418176
431352
258503
290632
247787
259139
35601
37481
165422
237849
411462
125979
154465
180121
124246
409912
230410
192006
191510
172632
196334
156002
413698
37627
26112
238488
424863
258838
154455
249069
411062
49856
250284
33325
163197
25445
63938
118520
5562
156067
124721
291574
184980
120119
96002
92215
238884
142745
193121
115737
247397
127513
38754
252278
31670
107543
291287
93813
156490
181227
158586
428177
64443
158231
170912
246824
159592
131487
137618
157544
145347
36942
237143
427991
96573
156528
416743
143458
422137
248167
122040
181669
187283
185930
14610
235907
186959
431357
172704
130254
165061
417702
117203
246212
97436
26113
126052
417502
153747
290324
254044
192595
291126
193534
239227
266973
258939
161423
143870
98963
98669
255825
248547
171115
122931
170198
193501
151638
152262
165179
154463
237854
138682
196117
259951
153462
419213
64219
48902
52087
167639
42767
230012
246182
155827
126090
5585
123354
156985
146146
425725
119382
424343
181401
123348
113739
230700
260687
237379
172059
93261
152785
429726
76701
247667
261571
143769
237050
180642
418090
125990
186171
48880
168101
47944
137801
263105
34084
164233
117784
248740
173534
190385
85062
188366
119493
159169
184073
391088
94839
432680
187921
55442
261547
429519
243929
116081
189042
143021
32278
262997
161428
241978
194972
134380
32565
184933
119447
137858
94307
193505
263091
90323
193401
430603
291080
413257
236439
190432
136301
279594
260867
39032
259401
134083
153897
189121
249085
189951
166791
153344
149216
247871
155230
253853
154086
189017
190052
11635
253237
121972
115810
185912
419805
415696
237176
127982
99986
193473
425546
172183
170293
258468
36743
131348
162576
33362
188363
195864
144744
415950
195991
183769
85037
122035
759797
162362
185373
136212
167116
155929
159233
184976
45562
128297
8673
237087
17631
185273
95609
174196
127061
250600
167704
144082
93364
5552
137852
250534
131528
250091
258905
92195
11636
189921
260242
133284
252427
150803
191614
237162
161258
186482
159447
291602
32161
51685
403414
37488
55951
110081
167031
251886
170776
96163
433238
423608
195028
147220
38854
182528
119335
259352
258692
55693
262672
49859
160371
185096
5573
118720
241841
181314
34885
35916
107090
291632
5288
22454
230215
290379
250794
38733
98099
146064
11650
120559
257040
122000
248661
411280
142170
421644
8753
258615
195241
154686
247867
143275
97714
262554
145311
171481
167503
134496
119538
163393
169037
230327
29893
147067
127835
14883
170668
258553
96165
185907
171595
187876
165036
94871
259956
11259
99188
424920
170907
97476
185410
192228
113508
234591
22455
158197
168358
184954
172680
422794
249909
262664
194734
162123
261574
9143
156341
174149
117550
70910
146141
194419
156585
64415
32271
431580
144978
45739
168425
29772
245154
154073
195122
133281
124995
431823
11806
428699
195396
257375
239627
262196
185113
174576
39037
264711
420847
414259
259006
430699
157780
111098
192782
291327
260927
259704
157779
139311
192579
193533
182280
234587
243749
188365
157400
163878
247091
163885
159149
148751
33444
416714
142964
94963
246408
29689
418015
93959
37500
190831
193164
250658
171592
110022
126097
188100
145097
254201
411557
121150
238217
257884
191990
258515
193329
153528
59581
119376
168654
112392
117088
428095
157886
180865
181524
230347
147726
11919
195239
760019
117195
156186
238222
180840
54706
161653
253356
145186
139052
254393
418013
190491
434437
191325
92034
184564
19738
251602
38155
192035
161432
132921
413496
60458
4849
416712
245353
97439
184266
409743
189205
250835
173823
136497
429407
710067
125740
32232
132339
267194
261401
118178
37506
181011
245640
894
259119
155295
37655
241563
17637
191849
160015
429878
105982
55484
189930
413501
168005
90200
147390
5530
230284
97927
94922
195759
132366
159160
230405
249021
117984
190833
130099
117881
12706
5269
248549
14811
230560
160040
236624
138817
243377
187650
236088
190476
409994
10625
171404
246527
98165
162729
167578
417382
18580
230428
230943
126308
168426
122844
170464
165894
421270
31501
246575
259907
173201
188737
187413
250246
429307
430616
243864
124277
19632
160035
245111
8750
413499
188752
291458
121968
126081
290041
152218
160389
160113
235711
162356
188405
141313
165421
245513
251827
19204
17636
281497
183663
420370
191330
121753
165450
122852
409856
170868
423772
90512
195758
34294
159162
147598
238977
45052
64168
182769
167835
195070
413734
238340
760259
230945
418501
280190
184145
33034
422690
192339
16100
433077
258921
423636
230274
134882
261858
98286
411820
244198
119328
195450
147825
151733
190048
193759
174171
134509
63919
186598
133437
247017
182304
66935
70092
412044
154687
145382
236006
12005
155621
185108
259071
22957
97676
131079
418994
18579
8678
161349
172306
35915
260859
281501
92102
185285
172382
253844
280547
419212
113106
428956
257713
85028
51587
109417
32700
165874
160038
243406
263093
185927
193532
185137
263094
155620
90518
251483
96173
419528
415606
172678
195398
193530
230464
262190
250210
148051
148762
188789
260864
99511
230044
159451
183111
172307
253566
5515
160318
243415
70911
188936
249110
152807
254284
121517
111347
6025
192008
134031
7220
169413
426373
417941
249850
433907
194766
14789
146459
6639
194878
164226
426031
237146
411553
262094
51471
181691
246017
47273
250502
157138
258764
196515
257398
173607
167669
39031
252372
27176
11090
160889
239782
180661
421818
190003
55741
180578
193619
236296
186582
29691
174409
96746
230217
156532
152479
249989
238906
159727
127951
238887
151756
97337
45743
259392
161764
290984
230431
237819
170159
230976
417701
145301
267276
173095
55950
190608
239240
236007
111084
246165
120079
240958
238153
126318
39033
280513
59761
33177
70347
96522
247546
262098
411481
181743
122041
237400
249832
257687
248890
164831
290032
90448
22990
130388
125151
759364
145305
230463
12820
19739
185397
17320
85036
98886
250724
59881
137782
96174
250865
425260
252166
165163
259201
884
246097
93985
258368
45725
419612
183088
245870
247521
247583
193193
249723
247642
146956
107092
168887
151533
43120
93823
261139
33686
189793
149051
193902
409511
128079
107098
125917
17789
431027
180687
158244
193863
8385
261710
137732
249089
167119
156092
59749
169461
188126
421988
257388
187070
14667
2994
412842
37125
260182
91900
134883
194515
152488
194376
230130
128231
165409
154928
94870
24358
131611
92212
191519
416922
95323
96167
256677
132422
92214
193422
192991
192955
239184
414559
180028
94998
49846
253478
148771
195261
262654
115721
107094
157470
165418
418745
181839
245090
136838
180681
411756
168919
95297
413493
254177
63870
290749
38827
238901
163147
184986
29771
180460
144652
237153
138848
93632
291222
182918
163416
183788
181686
174147
413700
120557
188364
166346
153054
119445
237751
90427
125149
259734
266644
70230
234593
252322
12051
112462
5964
759637
253918
128064
73670
54681
168116
160096
98569
51461
182771
251657
251590
49253
154453
188550
172303
189530
230329
254072
155562
161644
194257
70219
167576
433594
238001
163733
117701
148422
63900
434419
195954
186566
260135
246498
245201
251077
247092
73680
417685
414360
155019
264533
260527
107273
54614
246729
32236
426125
257406
161353
91226
97941
258110
138129
192352
237946
262016
230337
138193
252047
42102
147290
147425
16078
93872
428540
118791
124233
139015
153510
238899
259348
55224
152264
117186
151903
238883
183870
172712
251658
188705
236260
174634
192523
97505
253784
196228
260134
151826
174444
22937
95036
185864
35609
19284
420226
64208
252143
161573
174527
38750
93253
37512
253765
151706
155742
171478
426096
32873
245867
85237
132491
172078
249882
243916
122957
163459
250185
237887
196529
9175
247872
33178
192783
173344
194159
137481
161027
163679
182426
7218
151448
168104
235988
132577
163565
76685
9177
116531
244241
150824
431972
98948
420139
136222
185106
190753
166048
260777
90487
185903
32233
249049
260860
14955
134168
250802
34984
32035
92986
186595
115565
230036
149128
195256
260689
117721
128227
259076
194424
136568
169985
97779
90446
137421
5559
51737
245496
193165
253376
99267
432112
413391
155595
143291
125799
263102
417677
291639
111082
171531
184987
253761
159292
165703
238875
245732
433268
150237
94783
194260
183632
118785
260051
160447
172676
230013
130015
189461
170911
191112
249160
180462
99988
34900
184446
380383
191327
12813
91572
183351
419227
261416
415498
155906
107081
45746
125259
5650
189045
427686
146597
172905
124239
253910
95321
235743
154466
145838
291104
112381
136839
253197
188359
262366
252627
237692
172098
416813
257161
257766
48901
35078
150315
262081
259607
133132
14738
247580
32268
94961
433371
250541
92299
148918
54181
237766
248574
155666
422884
35928
34166
123151
257178
152461
127838
193507
161652
195345
90702
184369
159421
171119
259824
195857
248559
34499
259799
146743
147910
194421
238338
193633
119264
186861
238213
145954
186496
429182
173606
264522
183588
144135
194753
132220
122386
38961
246957
64211
38203
122958
193622
416910
91876
97403
262446
159106
235806
419801
194420
125345
119110
417519
138987
422719
430821
114310
147083
85066
194389
192980
158566
171000
19134
262841
18839
155588
245606
248545
76707
155585
185846
37581
262589
160150
249080
193508
64416
143485
262680
426405
260688
245608
37531
250839
120107
126205
161318
166918
10697
153060
180576
14763
196111
13512
138698
195164
118808
427458
243915
99996
187225
118015
183107
249320
426380
160648
103553
5119
36667
290939
94901
257728
11617
421917
118582
147686
245497
142498
247047
158218
92220
133133
258711
262195
64213
162357
426509
154384
185111
238723
163488
155540
432199
152211
237147
120122
246311
258566
161702
148790
189114
191431
147780
424861
144832
54777
260390
96501
266259
433457
70215
153725
144508
112987
147527
111968
248189
122292
47538
430973
47617
237318
186250
185116
257932
171491
259035
112006
93907
263084
99981
183810
150806
138391
165413
141223
167740
161856
42197
147499
151844
172302
95806
192159
154060
145645
191542
188472
421488
413185
163881
193626
230175
191577
290457
190828
133374
96171
192909
154469
51733
167158
6319
146133
14671
251942
112040
416919
380482
264190
291633
188358
185194
156577
148399
86019
236073
237493
165408
237326
56231
170664
190497
99105
111083
196284
130387
162350
260926
48238
117551
250629
187221
126209
90439
19270
99302
187925
94512
153726
238214
391131
148773
237808
114312
240763
5610
155559
239445
263062
291141
253936
242110
119219
186661
183014
89936
5644
193175
290999
238305
170748
160448
148715
183697
159045
165932
259666
149050
185541
258370
90987
157674
112293
264523
253487
263107
41694
246217
39034
51446
159046
170150
94997
145434
99445
189923
180686
290327
252936
31478
62634
107498
96061
131349
104645
391089
253385
230103
119267
245138
11618
240749
174545
247544
120554
119345
70254
52076
420480
760317
131579
241870
126312
181211
169380
54596
51428
424496
237113
246054
38160
411307
121103
253673
5542
181021
151561
120146
258731
188835
230376
261573
415245
173815
171029
418567
254636
51738
162226
421011
134523
42356
230285
238772
251598
180926
193178
258256
418270
249228
141681
143276
36679
290986
152214
181469
12007
123355
184234
195976
194375
21934
141499
169338
188729
419439
192356
245806
290944
51791
189201
27177
64065
14678
253759
237965
426551
49093
147292
418726
118189
164140
234594
169968
189347
146599
173187
47622
98878
160094
172646
429178
90326
253790
189945
153466
167256
101867
33183
155276
35853
190434
245793
93400
241849
35874
168749
258718
258258
161345
429967
191989
760466
156580
416988
118618
194769
14787
245866
426030
92770
8383
119369
30303
162957
425202
117785
155382
260027
38841
230778
185205
238551
237405
191846
134207
5963
43083
185193
8399
413127
411024
172666
92394
167642
136504
290121
433216
252137
150344
70133
258112
51893
403298
151922
54214
99100
760464
250252
230116
4680
163392
99923
92577
247029
168097
238904
263097
290283
120939
419806
414536
167950
3056
25980
193484
121052
99914
98796
291520
409647
95623
415604
243498
184162
85035
94342
413207
181480
425066
113006
258477
125907
147259
261533
91839
94781
34376
92795
147296
163276
17727
118860
135205
182530
418096
186447
91692
147426
257862
290027
267273
245366
166196
192318
99458
8623
37822
157560
99057
125399
93906
155281
97590
157750
19193
140987
192588
159851
51819
185693
416406
14670
33470
187927
29909
183467
184314
290981
134536
145442
182529
149175
258909
155322
237178
37482
194751
417381
154756
262058
189890
249103
280301
249823
92196
257767
85986
164697
131075
5209
110042
260632
150809
257381
185471
192794
249076
134082
171136
117894
5541
243414
167972
186539
247541
165899
162144
253264
172644
230262
185359
93687
172231
186730
426372
168860
32563
173535
93871
291285
22992
98496
192207
417384
191677
150191
144656
427745
417453
99064
99443
262365
193172
94343
144406
186181
259424
147739
185539
38850
14752
156013
237860
183750
261552
172661
51790
150238
249811
153501
195258
34389
247412
47488
158843
37654
91946
172093
236331
147725
157397
173331
186731
413495
54235
89938
196420
194599
38829
291288
147498
230216
159189
154403
95403
55319
422804
22819
54793
194466
55749
162196
118124
116680
255853
101279
193621
172696
191408
187926
146769
121149
250710
239152
192317
148760
171590
59769
131346
230249
187342
188159
188296
260925
148320
132255
413105
172682
268018
196476
168468
186989
138681
158211
11048
423254
169434
143771
186782
121053
126204
147396
117530
153244
4817
21930
172371
99978
162658
70534
55663
101256
244025
195165
188959
417962
185240
98952
409849
408970
45554
253773
291613
259743
99722
423582
162393
249072
120572
174079
144745
248885
190929
253764
169989
168998
62633
113108
121250
230782
152559
118623
172277
261864
22956
258911
37474
34197
184979
73675
249423
48785
107216
172012
8727
92793
183226
189210
169983
290040
105828
259001
117814
11652
185122
13417
246966
132000
41725
187275
97438
181213
259166
189491
132423
241789
141316
235855
409578
193408
420818
230014
261623
417037
267198
144684
254046
44461
167921
17193
113914
192630
90841
120576
14666
153255
90728
51735
259820
423854
148756
136565
164907
136069
189796
259667
149088
420183
47820
29902
237612
8537
149263
149099
194741
409846
291324
133891
31598
27141
230049
418735
139312
418545
166348
195151
163927
431393
118813
290625
240929
238877
157315
51710
230349
432214
12816
238564
182920
261057
173821
110311
188833
120560
190092
237694
153425
265179
189942
257876
131848
115745
116235
186776
264526
192957
255446
246740
119444
171715
157051
424862
138544
247239
259772
426094
70196
151537
144325
241123
245792
188469
193866
180740
181680
423640
236276
90717
188099
156115
418271
128422
186954
246234
258101
63893
37602
246313
420846
126156
116082
180577
95315
256319
253782
166990
115196
252085
8655
162366
32499
253568
157781
93827
180680
33469
33232
12819
21355
237277
156119
193647
244204
173453
250911
418744
137256
160866
14679
160041
172719
39156
160023
99625
189122
119325
47490
258242
138703
93989
183770
165683
192981
237585
54725
247522
260768
247585
112292
262197
413298
63922
760018
258908
51586
171118
239580
92197
429812
64167
253001
181748
70076
290722
172660
154932
237202
98891
248893
191509
290630
90018
33694
182071
36696
239716
186179
130417
11633
188791
241115
99062
253793
149171
189237
185712
253760
188751
120021
47921
92548
246050
291353
186456
97553
411801
159730
157313
185297
415064
422533
136935
36740
190328
192808
248177
153746
180675
46988
161561
45045
51419
159431
181397
188444
173620
182773
169026
120081
162575
97613
112296
36697
188964
247393
250800
172301
154396
33244
6045
136351
158214
147355
247975
163939
138176
187546
180662
187029
98217
257933
182045
134875
49497
246887
12812
173591
22452
189531
180924
238988
421716
166795
163698
29912
149134
184586
259706
139022
18511
267275
11634
189006
193865
118735
183827
47540
416924
173050
240007
91822
185201
290003
196235
46162
248169
230781
420114
174450
27026
257222
191841
412778
230315
174311
193228
131343
38753
138392
90666
173822
252249
123825
412838
166709
126067
431382
154935
188803
419210
162352
126066
261558
193531
181687
238892
117136
122038
158104
244206
158587
70077
136489
17629
237361
885
48900
188292
193625
169013
118280
245649
90618
49860
416123
168858
94953
105141
70799
260507
14696
115516
186053
416605
118871
161421
240476
172681
137411
391173
181230
186599
180692
194092
245010
291107
255579
189905
168114
412003
63903
162886
158157
182532
143700
93026
249082
262050
237259
97096
185097
260524
173826
22269
193560
33999
162222
144958
92397
107006
116222
89942
186780
249354
244163
239281
184165
124236
237377
180659
253395
230377
119379
99963
159446
118495
151290
261685
122738
149182
180647
418095
237145
194977
184160
290126
34825
259606
260779
415223
165665
414361
11800
90437
32612
185245
153463
172669
249636
51497
139063
250619
239652
114245
161999
237177
259663
142220
257840
257470
194750
152453
181571
145038
193168
110083
59765
181220
35856
138923
120973
142562
432113
417539
428028
124896
169232
133714
46828
117324
259349
32223
153386
37656
136226
257765
251847
187476
153210
191604
170163
63895
257043
192597
151557
118875
186455
167607
195408
186170
115747
125997
17712
230412
94455
164954
422573
433818
263521
248632
97087
254407
118624
194975
252933
189924
167582
186662
120023
148765
66907
163944
291116
25067
191150
180742
155018
133333
44434
412841
115523
184579
161853
413193
248548
167030
116657
11996
249097
149270
183332
418908
290812
280390
98897
291114
8749
89944
195993
253696
419441
251068
121227
409615
70251
70087
95602
262501
158101
168423
141581
35914
161355
247192
157678
137482
259806
98895
412042
409623
193745
33170
416709
36712
115736
142164
248663
34883
172672
248560
245024
194462
181315
119416
38638
248562
425958
253767
180867
417693
6074
428429
710030
261936
163387
46819
117425
253946
124119
180173
235839
122036
250864
418688
427388
154142
107007
73682
165702
240164
247050
713
142222
194387
12807
55725
148753
247238
125402
252677
144945
167032
258102
70813
97336
170035
125408
254179
409960
258565
191694
139056
135181
422234
42202
425109
193091
426703
230975
259709
5250
148698
189901
143972
97938
240102
171474
105728
147430
142245
183634
163909
124887
194430
96295
160863
184168
124043
433235
193512
230120
19993
237888
238872
429761
192351
257504
239593
92910
262285
192501
195064
18544
235901
23459
93743
142639
137977
14793
144134
142740
14761
95314
70521
418007
130416
280551
120094
19947
5536
126072
169035
56138
167919
159768
157027
429033
259783
156308
152556
253869
258613
110309
244196
133344
182338
188620
153727
416713
121819
417425
51895
166226
432904
64150
91171
260101
239558
243379
195995
166229
193968
291026
46989
93391
239224
421555
258176
151522
168105
92768
247389
149132
59768
112139
70913
173194
99110
235757
261493
107503
188801
48875
98214
172017
117658
172282
51252
247875
137484
19678
189795
17634
159600
189239
98498
151948
156464
415803
142248
147347
251034
155730
157407
259190
247243
247527
159044
291326
253195
430695
172515
189912
241852
153125
193862
94392
236867
135718
99051
260022
173450
239048
163306
187344
154722
163773
14764
19759
259770
247543
152397
184952
236264
128177
417680
255640
416920
291268
148778
257155
126212
237676
22936
409467
145360
154991
425657
21929
137568
429314
126089
113151
98428
235897
426726
84425
84218
19634
290039
126190
158312
189349
258840
184696
192560
37626
84440
152210
291614
793
104312
173330
191328
183748
113297
166794
154464
148779
255641
260778
154936
151841
146132
5968
37690
172700
241392
291593
109553
267272
33171
93824
122739
421284
7833
182933
171112
254451
261251
250841
189943
237001
48332
127981
250763
260776
250211
418488
150463
185711
159312
196221
246211
118535
144746
147386
96235
291281
419797
190927
409604
147210
191578
96730
51344
194338
160009
165455
194802
19282
247465
118859
247021
111104
5531
195268
194641
51264
42155
144651
147567
241154
181313
236330
195668
118626
247411
263095
11265
138380
165168
11914
170584
416655
253843
182921
19275
132584
251506
38875
137849
13990
185241
253949
145843
419479
248262
247395
123156
260244
241481
166789
280322
127042
260772
261572
253208
96001
160394
167714
96973
424184
104648
97068
145309
182694
181232
194642
91519
19899
186807
36681
172539
21938
257316
126086
49599
128293
38964
194775
133282
236262
186735
165063
238745
164227
136199
113357
262367
33305
248790
11051
90134
153724
96190
93727
188124
251597
239711
248809
136204
98949
94902
409808
93961
98285
159656
160014
289991
172305
33414
126260
4661
240037
281413
159150
70216
33337
170146
156295
183820
189227
154759
138402
264477
192793
192292
25291
155303
185110
126084
187726
172706
147415
166137
184330
251941
138975
172640
192471
173792
195923
42718
262262
249088
128348
170628
157384
247505
153399
266272
243412
138930
247019
195245
245173
134498
244240
259005
411239
180651
245306
253780
290882
23158
195266
192885
192581
70238
243388
247641
55714
262460
188101
21475
172513
166873
167250
165839
156617
262848
174270
160031
51805
161420
188851
64142
189004
412639
9172
115364
248150
262936
262191
117417
189794
150095
429501
257745
251140
39198
172668
118722
138131
247234
37582
230358
230363
169343
164232
247241
168445
249075
126099
12510
36357
54917
118522
38963
17707
116091
250400
245196
130344
260494
257377
173195
151980
38201
146104
281679
174189
183220
194385
5152
260608
37823
47539
11793
257146
18516
188984
172298
117885
422572
183823
239653
167998
38859
117662
97940
171116
254024
25982
236004
186667
167159
5546
244302
136207
182919
32613
125898
123359
70936
141395
141882
136048
170568
253024
125152
243497
173328
280735
164624
171566
169982
33323
153977
248623
169364
64145
153108
5213
163410
117525
416814
263035
11791
99624
187649
247235
136505
35926
12958
112038
181236
431966
38625
248115
183011
174554
195990
187923
169863
157003
46314
93773
154461
248720
105140
172708
143968
116221
185368
262625
230432
167010
98977
416679
118617
263090
42734
190954
8755
116649
249081
27605
194334
253319
419440
190747
5521
133312
98474
14797
138705
126018
290043
171597
155335
237192
190045
32605
145302
183562
160467
9513
290421
117795
123856
409850
290748
182432
412045
127488
254166
183301
148033
430929
427232
97097
230631
126074
54594
25065
240188
253365
48784
430681
432611
106938
262017
30304
38872
167144
159870
92478
189888
230436
117549
259801
122198
131529
254212
415029
253766
191650
251505
239282
118788
37650
49858
187673
44284
164407
194980
180192
153274
236070
193859
148497
163744
90667
165416
181151
188796
164231
194384
240917
173831
94420
34129
243725
45741
169757
155558
416996
154480
155546
7396
414557
125406
193371
416997
119083
137854
173010
239449
126169
182001
258060
173325
5566
163281
172707
114246
195270
186525
156980
134029
140984
249090
403366
161346
261684
257315
246355
131976
118554
70090
190825
391186
33366
97997
263099
47537
91285
246410
188623
171683
172304
281088
55481
416631
421130
138814
240668
186564
125967
280374
249818
250838
142495
147230
261857
141699
252996
156531
35159
257380
237752
149052
39066
171533
54664
37477
230053
35531
260311
250795
154386
98506
118335
254071
247579
172091
403512
183686
143928
187879
253373
128410
430593
169934
159654
70661
126087
193432
412496
91690
32846
125148
409929
255643
118509
118856
147659
184084
252130
195975
167920
259906
194061
5321
24889
155908
418765
4796
5962
180690
412048
151610
183600
281375
168443
95068
138699
191203
45051
423410
118368
127953
192472
261926
124717
34773
131607
6020
257931
172016
55872
195914
19741
430566
98795
126101
91675
155993
260928
290128
409716
427235
433627
153686
185238
264721
194757
417739
11802
260500
250656
188787
159154
59762
126078
11783
37570
46849
48242
257874
97070
258556
99985
431965
434436
55223
257384
153342
59696
159153
123596
130173
183086
246013
180966
163731
196330
186737
193818
152661
188790
153873
98880
142499
142743
59763
6028
174635
136045
188373
239830
188407
191567
34120
11052
417697
169751
119244
230226
186526
55742
253101
257159
169877
195437
133690
237969
98288
117523
253320
38874
261566
116675
290628
171541
153421
90637
434092
97435
24961
760463
291282
195865
188706
121165
93886
234588
187066
417424
252325
34148
419664
391177
194224
186139
426588
252326
97782
116608
131606
182767
172635
254050
157907
237272
156135
157561
188442
258852
29588
423773
172036
94421
35912
183464
157669
240594
195824
194749
230585
165411
92963
154941
155599
124614
253788
169842
421545
421066
230250
12959
245499
241330
260522
236562
118387
121195
36950
92536
159448
193194
192033
64215
250910
260606
51666
172309
172698
9145
43036
428060
192571
426340
151828
118333
196236
418862
95128
192946
171498
246255
412375
35025
136300
257332
36354
70901
257867
38985
257527
426759
133345
147316
189123
236011
247026
36713
136394
91691
51470
39065
18876
70902
111474
133399
248973
95900
237191
195263
262656
156309
36680
34175
14954
411976
152347
168106
185866
261021
181742
247012
411326
33401
423519
155394
243413
46978
99719
255578
165873
421271
291258
182558
145297
29905
429734
169024
37721
13510
425660
259002
98183
423653
262410
29911
412238
409959
164449
125988
135824
419747
260493
158940
167684
55734
183035
90720
159733
148772
243789
158372
422574
426168
159291
290127
415735
17667
182953
136506
143987
253067
34150
32874
258478
183881
258922
413809
186251
123144
187731
249819
250834
156010
172514
193402
159263
159198
133288
132421
96944
116269
426758
249991
117531
181212
161352
113301
98366
153715
90651
412561
250535
181226
156535
172688
159288
185612
145308
36691
37475
259773
46285
31760
48560
237201
70081
59743
183231
191842
118370
14813
63923
32337
35905
33169
42970
95316
195593
32497
85038
426404
165666
189209
184072
244047
138595
193358
99623
171113
425694
247016
419334
155874
99617
194742
230344
253103
423444
262662
194650
11915
230506
91337
250907
46830
412840
259744
423441
113001
98797
126070
144670
431512
249817
236865
189119
91081
428427
236864
111969
190435
153969
238881
134170
194764
160054
187852
290991
290029
245031
154056
191570
151768
97905
7393
191652
260523
126217
426730
186215
237968
183087
96456
114313
157484
230043
245198
32745
96315
146456
38860
258516
94891
193174
195154
161338
130644
253394
239109
152252
107087
259665
167997
95914
162394
138693
257330
133347
123587
165931
421273
173176
125410
136202
195532
157368
38959
149081
247014
163460
130546
261721
195416
148418
188158
155370
190043
434089
254057
290746
188441
138779
257386
8377
163797
195197
180649
195153
230462
230404
248185
132718
252391
253888
240155
248230
245540
265024
115461
147490
250283
289994
118724
430247
191467
230589
193950
160037
169937
264191
253367
98504
90322
109376
37509
38869
6072
118855
143810
194649
186864
239368
156009
261686
39018
4660
181214
291313
188322
257488
241562
31452
181218
180172
190837
183859
55662
258378
141314
252361
426869
240015
114296
291459
429205
193171
123148
8405
118602
237283
258772
180036
419802
172703
161560
121970
417678
159408
150915
429309
165667
51496
265592
421819
173766
12848
425442
137293
96561
192857
238976
116270
157610
236758
131827
97554
239725
421272
29904
149241
181656
261565
24936
290124
162358
170666
261575
230190
5544
4659
93630
54878
192592
93986
258748
171241
17803
187348
96059
194743
248891
258470
249066
132731
236637
29587
237966
259117
262996
113874
90716
32269
170322
143773
189903
143974
182069
157672
188403
112391
189364
291575
260239
127068
290456
5749
81242
260517
195438
119553
189350
193122
112005
95320
181754
122042
95378
146066
188800
21321
422343
193044
196419
183749
127980
12962
163849
157563
160646
169862
149083
51813
161351
244042
759691
5970
164582
126071
55743
156489
191845
125908
118621
156984
258614
419613
101868
172084
416912
193113
153900
91085
427107
262117
112295
171543
192789
135071
246216
411023
419741
192884
31404
248796
257466
196494
142335
120091
188399
172642
162402
35808
33297
151447
190540
416923
125323
191557
262499
45267
51690
236266
147424
174633
429311
106925
160647
118416
171593
183113
91704
167640
141885
46127
190925
262426
93726
186777
421842
152346
133372
97095
145312
54226
248884
246218
155596
432206
5229
188624
174139
238902
51402
8626
418699
411063
137848
160042
151559
111840
267201
425779
38831
113504
260496
55229
181217
237576
155822
19975
182305
93814
257709
32324
170946
252071
261867
154385
166058
290007
37507
192886
11660
259320
244026
258656
124240
181732
44462
123489
98989
168704
252791
125325
31438
11794
91819
107036
234580
118625
195237
194768
420192
48701
5632
90721
12818
421483
19636
193680
189124
180579
259745
107089
245061
182468
19129
45248
258146
22472
152784
291576
93502
34822
63924
93899
290125
245717
167996
36943
409854
18578
196260
236067
97743
161430
418690
154723
155279
236066
261859
251639
262660
96168
147387
421817
151693
291142
261576
145272
11638
97015
162187
25442
253998
248234
118237
14801
426374
143039
149085
419209
164640
244567
189887
155111
109559
261034
187404
21356
166139
98499
54605
162225
174553
127828
196335
96574
416463
50225
252016
49598
97458
184233
258775
155603
403511
259768
192844
58914
249065
91082
37508
187585
428738
46110
252358
169078
183022
189919
290131
118011
163439
11642
19743
241372
171598
99489
415198
46105
136798
249071
262229
154891
166201
160865
96937
247244
423443
188102
258739
236257
147388
185102
182423
146121
118001
159770
11646
196530
153688
186668
169231
417682
120561
184161
246964
290750
181683
119367
244279
196113
259408
417372
99710
165901
112498
160290
168469
281750
258723
247873
230355
415294
51681
183331
191046
152258
98885
11659
191323
131549
414558
165452
138683
5576
188123
240573
43116
194388
159289
427183
186734
91078
260565
194423
127047
259775
248840
119446
90483
25066
417777
247015
257528
261943
184973
90650
230244
240665
153420
12808
133343
182184
132420
63917
249102
249821
189520
180858
759688
89841
174148
159238
253778
291149
136347
185899
171587
157891
93256
192341
186535
141510
195971
262624
157399
97939
126174
413500
99548
192554
168103
188370
120585
110318
422618
190053
230780
95127
145250
120551
117998
115567
245689
62705
169366
153461
243822
423306
98221
262671
159857
259340
419799
181700
186926
173041
416914
171532
433628
117876
92922
184588
239635
290886
409932
44380
124461
160628
154938
14552
99444
96062
759799
93973
55713
64212
149168
169988
195500
52077
163487
84188
251027
76687
85245
260947
121050
194379
247327
425581
172702
194594
36714
187202
120082
105150
243405
153099
291266
6030
172802
146062
173061
190103
193500
241790
93252
243661
165898
32828
188635
32564
260514
255854
98962
153905
18509
37820
93822
237575
159444
112309
152254
182467
230460
247259
126073
291561
142766
121999
159651
239054
264712
154147
188940
132225
247331
186967
51785
36927
110082
239584
238196
156583
230254
94958
411541
266257
241850
158486
153242
5569
186767
238879
245868
97633
241008
153968
257160
230747
230819
186883
51425
45665
147381
162364
290318
125260
133287
185931
291151
239446
14807
421918
291136
172283
238865
196473
161570
46135
416885
157533
54222
99442
150314
174013
8838
195988
37694
119320
123152
113740
170784
192788
161146
45053
91676
93448
190773
138974
187068
258476
192781
237258
154459
38763
156064
243863
195829
263034
90019
181467
126216
182962
432250
249816
168145
145039
153404
136043
138468
153744
38832
192210
98898
192988
413539
118840
261550
182076
181519
155576
112527
193897
267274
101866
155226
151696
195168
193525
99456
262667
391189
29877
11515
236387
49874
411483
117416
186711
235940
99346
185933
114250
155606
96772
98896
32835
163277
107576
101765
291252
31417
22453
258174
426729
38190
262933
93725
253265
126304
19132
93856
251514
32212
156986
258738
183616
90722
194404
116290
417426
189899
253488
144130
138684
153225
257764
432121
243838
431389
254059
245688
415890
186596
74587
99620
144672
183105
98162
48358
119377
149271
14784
29746
251651
144803
90617
258466
98883
96318
433078
411803
173590
153419
421217
89905
434091
421476
14795
239397
119418
416174
159165
230779
8632
122264
262244
186453
173341
93815
93821
149166
191048
417700
186977
45742
238005
98140
261624
63921
138804
144678
391280
46310
259072
166227
264460
145307
246358
190196
44472
124241
35542
185141
433122
262091
249079
121055
427597
259763
250623
145285
90436
247240
259141
109419
164633
99141
152221
417499
147525
143476
429189
290383
162645
120555
101766
160021
246385
422341
158537
156529
253855
99045
134309
257871
33962
171589
62626
171114
126091
29683
380509
182043
84223
230415
145185
49847
173342
54704
181911
145300
130353
11796
167584
192032
235807
290913
138900
174544
251383
126193
55871
180168
11050
156775
5584
240711
196115
131609
252932
151538
115805
94456
416913
190046
169753
167668
51692
91253
230225
54182
153424
159286
145292
263096
172679
148421
92794
164956
161127
117620
138967
115521
415888
187637
139050
252089
5517
230552
195045
186273
31940
13326
14854
99129
125999
104615
126266
117608
186581
184758
262553
35952
153055
153742
145273
91224
252013
412495
421891
237114
261548
136495
290631
145119
418947
239222
194417
192987
153259
190176
25057
166922
111101
169987
165700
281754
180660
166155
99806
128186
251478
11637
187504
116003
42360
16089
148367
152460
33687
35031
416998
180941
160435
260690
264192
142807
180187
165719
427870
35611
195124
247027
39060
239299
122804
128228
182328
14802
193509
247532
92538
260912
144599
34182
39036
46286
195633
186217
29668
136280
247328
183819
85056
411415
426868
187422
136571
247236
248563
192355
247458
49124
117648
150807
85010
187850
194735
51807
230635
143812
253937
409537
155122
189931
91225
184103
247499
193114
173820
185189
188827
186659
259159
153039
34980
246521
46853
174580
252043
160195
380356
181215
160999
249129
249050
238545
156994
163492
157880
125739
70231
91076
142742
51815
430556
36662
36744
241406
114258
261810
189799
165778
148768
291132
9103
411554
123149
248650
248000
94964
173788
243656
5543
230177
19966
145283
235803
180033
428098
114003
195418
186182
137173
137563
188880
257838
38824
101275
188323
431957
254294
153895
12169
168705
252212
136670
240166
143767
196327
421477
192631
117560
280833
9150
42765
33388
119159
248571
93938
126221
259161
98429
430132
70888
47822
230783
183636
164374
123155
258737
166134
155597
119143
413388
124996
181523
262846
126068
246501
160061
120575
195130
241873
11042
167317
251716
137836
141709
94518
257163
147911
186664
154939
260508
259203
155464
37699
249721
173752
260198
257156
409715
159187
194240
237962
183590
259710
243376
125146
193150
261846
240013
248929
98879
181209
144319
419739
154454
416868
191843
184086
416586
163396
434449
185474
260532
238304
253366
142167
163850
117423
192294
55949
430564
257529
409710
192797
237859
250654
151548
432333
419807
267277
238909
63902
433119
291112
6521
95072
182201
36970
230973
280946
258236
96103
262765
152456
85407
190926
164366
153465
185139
248401
245659
195160
259118
155393
230535
280370
115740
190495
252083
11263
165704
8900
159262
182531
433278
194520
173796
193529
5973
163759
111971
180038
19756
70170
138707
11921
186809
187278
193510
146060
127713
240021
117193
134964
426167
156366
32234
243646
31807
171110
230411
759643
118004
148718
237579
94995
196112
187800
257525
126049
29936
262174
55483
121228
246094
245121
185101
147428
166241
158105
264189
6065
187888
14778
187289
122034
257048
193434
31927
181231
92547
152867
192324
258111
14792
42972
81716
246971
120558
420477
180656
252393
192858
188653
147066
180151
185473
36715
196325
171546
97028
125409
246404
230382
111247
191511
117619
123154
143360
194966
245011
189929
131332
421960
246041
239452
290179
422288
25457
157184
173797
280996
144661
414358
194248
414179
156576
415716
423426
185589
184013
96162
248183
183732
43832
148752
145289
422718
41782
184414
195262
169340
143653
182433
431038
138818
5965
91080
156581
263121
259798
260503
98953
157369
117522
261274
95417
55485
413988
185476
239985
189847
411505
181749
184316
130100
5550
91745
116515
162223
119321
152248
97906
243410
434767
160281
184448
262419
122831
416746
251565
290387
186145
420824
125991
95594
70620
186220
169456
113912
182422
174567
120654
291160
160966
117649
164616
252084
96931
160436
133134
5966
193362
247799
12627
237519
64066
94952
158585
137968
32611
391475
146033
152609
238864
412043
99298
136936
280554
244743
127430
127154
253912
156469
173503
281675
194645
426870
160036
188912
190044
258710
126025
257486
159152
137733
194223
237163
180157
257382
237713
248664
85236
8523
257391
190329
45046
258177
194815
117621
121146
134601
134374
158213
193407
163775
98783
135905
51389
759451
262715
138215
135186
55707
161577
422796
250368
91254
240954
188707
262621
252086
236724
64290
237403
168889
237961
144104
33363
194311
164404
110041
161357
152663
151621
173191
248659
45571
290829
123857
247093
252275
237693
195823
187280
172095
236008
110021
13774
122297
162959
247171
170155
188354
380483
247951
29709
47293
125970
145387
117194
147552
37691
184117
252935
23497
252950
251601
136854
134648
194052
191145
421959
159615
252615
252697
258065
138558
93903
158195
90199
247723
246099
280849
5548
260241
142801
184730
172653
153748
257882
133286
142385
186279
156990
52070
194974
138685
25856
291280
152786
173858
29708
421931
246101
433370
117717
96319
147291
163493
195264
235713
125986
172013
196398
137480
37473
148750
96192
239438
430927
29768
759458
174575
8881
260340
120577
31409
5527
5617
126213
11797
117532
29687
154458
181043
416715
262601
11789
189800
174573
145149
246215
185369
97088
8418
98495
239432
135030
104710
11792
260310
230762
257331
5746
172654
89844
145255
152798
137880
433625
260531
259622
117534
418601
63920
145083
235802
152207
134084
258475
131629
117582
261019
195807
33467
409852
191351
190478
37724
186592
261497
290808
244046
710036
174536
33184
196149
422654
187345
266688
51820
147485
239246
257934
427049
165705
29671
798
157906
267270
154457
236061
252363
290994
424582
84230
161459
250798
38095
117887
194964
260004
261764
181912
141035
434514
189207
163215
37652
193503
11784
32851
261551
171540
195535
124889
246965
153208
48787
240246
280999
101655
12817
170291
115520
428512
137785
258632
191695
11799
759651
115722
126075
51817
40805
245655
29477
134032
245195
195189
185233
421290
159151
185183
97056
419734
193995
4691
430976
253792
259735
157053
237998
423736
122933
91241
70659
260769
261935
91287
191466
17804
93207
92387
248546
237199
418743
131078
195181
119290
52122
159650
235712
85072
190689
181522
259771
162829
260361
259354
290367
76705
5549
261495
239053
3302
95563
111838
28431
245000
257743
160703
262756
38772
241391
42361
138625
98961
165918
421628
254045
188708
116120
258736
112461
117204
429179
145867
248173
170675
42755
262325
170867
131345
169725
91705
432537
195243
36772
33468
257829
245495
158584
189007
84194
245835
412667
126305
123782
128294
259108
19667
136790
167641
259788
237110
147213
759800
125810
149092
14765
5251
32380
281753
98095
183768
173605
168424
186811
239717
192896
259912
162384
38958
112036
236065
148490
418746
167606
34841
91240
168362
162781
165062
11639
189917
422380
188798
266878
193132
181152
118733
138708
416601
47589
248798
238112
126023
430466
90718
172714
259742
144838
117719
263106
180658
97012
127544
237999
158212
238552
244186
238218
25857
22991
14728
291105
237144
164667
188446
70807
173109
194744
247526
230420
157671
188837
238725
98469
116077
257530
291470
181744
243951
117757
51909
187614
162363
147393
166792
180842
153345
93762
182898
169469
173057
249078
186593
422011
34836
152452
70089
187801
93489
31805
243946
11261
246503
118741
156124
101283
111096
161343
109793
259260
185109
413983
413390
8384
131074
5537
142113
257872
186326
113922
158198
18749
162760
258597
432553
163441
180668
47486
290809
174014
118449
230465
162759
253775
185138
189967
34266
156153
191558
237848
120093
253786
172709
36774
149032
128295
193100
421478
241237
128347
89932
247268
140255
194222
191132
172671
257313
246528
171538
280879
252938
45946
126215
33324
173729
193133
45269
152866
230587
230253
96530
230419
415695
183500
409848
182434
262500
11790
194785
425843
153716
230181
241844
189848
418185
187340
107271
148761
110310
118858
238878
258951
122043
161669
152464
54868
29766
153976
5671
145180
138812
183112
419804
187851
244300
44474
238691
249825
237164
168442
125396
92390
152255
32838
248551
180030
134646
163745
157418
189898
64068
161651
187013
33364
169544
123150
246219
253318
39062
196222
93347
29767
48879
133313
128052
409616
194345
184339
55726
247869
252632
19758
194189
417039
151732
36935
125407
144982
188878
170168
156381
186729
391346
137410
195394
194981
261567
189223
36666
91130
418849
253424
415884
173765
241365
194773
260530
8851
96164
247242
118548
37625
95450
37489
185391
142198
172687
159158
136576
430926
63901
422587
244299
21790
116665
143868
123330
416995
431390
230316
250354
180747
8625
118336
258517
146771
116083
230384
165773
164169
48173
191651
291312
173064
130082
48359
432252
36940
230341
89907
51915
258936
195826
156096
54178
418490
409872
230178
171972
243385
51607
180641
97942
94874
33403
163940
230516
193668
169095
171237
141318
33229
90319
117426
5519
96568
143967
248629
5324
195204
259860
230941
34002
411065
258366
160887
180927
18843
191563
37291
70348
247528
154062
253100
171117
153871
125540
134372
164096
159655
95317
37580
423113
759461
239693
252009
113737
93747
170690
162146
250792
230417
186307
123110
47856
49832
290747
161157
195344
290727
54180
70794
51404
152345
427051
12143
144507
112680
119263
422712
122932
258912
416987
45591
19128
247010
163391
180134
138800
8573
138195
418532
186605
181668
70168
261622
149278
156015
134671
153722
135826
252538
290376
11920
257905
418685
258596
261020
64146
99982
149164
281315
260488
5533
259075
253412
172701
111109
43095
120080
155030
159714
155741
253779
118616
189008
92042
19173
185370
759689
29673
119313
156307
155123
247870
194431
190750
117886
171111
237174
230280
194251
93393
116001
291286
237930
245494
180682
93690
424155
160011
187875
403510
118846
171030
136577
253271
258467
152215
419065
184985
159926
186454
291260
45264
166347
235989
17486
411795
157783
247720
98360
91084
147232
59808
172717
19745
290958
160875
38852
170906
96945
184131
90894
189792
125411
172689
131828
160016
237712
99052
255576
90724
187887
99368
125745
169984
99061
191119
415714
194739
121721
261577
180363
263101
261357
140989
253248
103771
173794
190769
428778
429497
193454
189918
253198
55649
148767
243645
161399
246976
239305
173857
415827
432353
160112
39059
261569
166287
188420
96969
29913
415337
239718
235800
180041
101869
117585
244150
252428
262679
415565
143474
252695
166666
258853
290122
257399
159853
185928
261043
107088
254244
35821
160064
144788
141883
188095
98935
158768
159732
127043
145868
33176
143278
37491
230413
159668
195972
290117
186663
412508
90005
70622
36929
174378
240092
163279
150090
37662
193645
241387
154411
249073
19512
166923
168799
169619
249074
246972
7395
194618
183453
35929
261400
188163
281674
423425
194635
29901
166892
128016
264760
195123
415227
192348
172571
117702
258938
159104
433517
169449
76706
141315
153025
257467
19131
236269
134513
193409
159450
182253
51812
187343
14798
290895
182627
429879
130782
29987
38962
251516
43118
194737
432201
136671
142496
243726
236003
194745
93112
194245
94546
51340
253776
135340
42964
237140
101819
253916
423107
185372
260801
164228
128166
170581
421373
137102
196425
261964
64069
145252
22460
127994
196332
173198
138724
149150
431555
253675
12144
391133
236947
118807
230248
195401
253565
153614
181399
123109
411863
48362
187339
159156
17619
115813
91784
193166
123147
290123
57988
193107
120024
255807
185209
237960
420031
234557
416963
138522
153053
166153
239583
250184
38755
118841
253783
239055
162229
264710
35913
423422
188797
249318
91703
180671
192160
4662
54227
5652
239728
95130
164759
168342
5299
194382
183115
239801
169023
190827
264720
261222
171586
32374
143994
243660
264486
173684
37604
24964
127512
154387
239359
42208
154088
417540
144943
159167
230688
127002
190490
138802
187071
97014
194482
30141
51809
190808
99984
51418
155116
113474
141919
260195
145264
235941
291311
31804
142221
190058
134080
143274
247410
190668
181240
245336
252219
239629
117418
259736
162287
241561
168383
164216
142337
126222
174152
235801
154091
109464
154778
96771
168888
168595
150802
155280
98984
151748
143881
37821
257165
230140
155368
192013
159855
413184
37476
35543
188641
249100
95616
24268
37478
56170
430696
183092
253485
417738
158763
165933
240247
425844
234592
118538
116667
167995
55480
191118
33168
409561
125583
169558
187065
417516
248397
264461
172616
250278
416918
98216
246447
95877
422798
413492
113299
120010
35160
190346
181655
180863
247525
252619
145275
238607
190636
418210
429191
115741
280825
107086
165775
153251
156016
157145
169454
98096
70217
12006
187680
415303
66908
251589
427042
93904
90662
171596
139055
248499
187922
426029
192990
148700
417905
5580
194243
189969
29918
252012
151694
156385
42738
246226
261862
121997
95395
147738
257689
29586
138548
99628
247827
38847
252999
243658
146505
83730
32298
97898
195166
391172
158106
99164
237805
417454
235808
158223
126050
37660
248676
109465
186258
432203
183633
161431
170329
196328
90064
172637
189892
230102
117811
122306
124786
246739
182952
185151
119269
58470
38858
99604
159766
166832
25859
143989
90318
17731
29664
93255
157534
253919
160062
238890
126208
159778
413339
257579
430602
155622
186660
137412
259786
92334
35872
51811
194969
146779
90132
165902
164377
260516
42128
32273
169876
124234
55730
291432
143277
174446
192176
257174
156579
195395
137477
230940
144461
136396
417324
423424
190724
35849
183116
253993
106936
17801
31040
95999
156993
261945
125744
99300
91820
33478
55479
101872
137844
429306
191047
47821
93402
159123
119329
119204
260262
415885
173352
170261
145253
21884
153738
248171
93844
146780
138925
165804
11803
413824
417679
113337
430246
245033
157871
17714
113167
145282
30301
174464
91528
426383
253586
37514
195745
240199
144668
19992
156962
99044
162806
257218
95804
264699
160387
180684
245084
249083
235841
95899
136575
250866
432538
171539
152455
410770
429880
29910
251078
120972
191117
144825
421279
411859
192451
95559
180862
144587
235939
99043
258568
257392
64408
249002
172665
193504
253196
432208
180654
193227
248658
93902
426169
260501
39022
113152
37579
251136
181235
25063
173200
119348
120970
185246
241424
5538
133111
194064
230351
419068
36925
122959
259436
155752
98470
96169
250357
48561
161323
188622
126080
36770
152767
291140
101696
191575
172090
173828
248049
160026
241393
250280
246220
121263
164445
237964
182020
259160
94759
51880
170775
153721
144326
409928
291254
186960
190744
419740
259887
155598
248626
247797
248806
168856
59907
11654
243643
89294
250908
256219
190492
185200
145343
252211
174610
171749
186051
169752
181520
258910
173196
433267
249096
125147
95301
153808
258504
120346
240477
165980
190633
172630
173855
136242
90438
45587
45986
12811
170949
121226
418183
39192
80951
99455
250655
98024
258103
434658
37529
192591
236009
127979
194322
122304
237583
115221
238913
8821
260633
31019
248734
249809
290626
159239
249048
250212
189058
189016
47508
196220
250832
248624
235990
64214
192004
251625
241114
149130
245650
236627
189873
433079
147824
146138
237809
109375
94088
186233
111732
168052
194772
141222
249094
194386
413926
182465
52072
192787
161347
137136
258187
249829
112257
171536
161401
93820
258115
99979
194976
134958
248149
411025
137569
422264
162777
290894
252424
73717
149005
420935
413034
190224
417452
416991
432256
432207
33188
11786
126191
90297
194967
42766
117199
249003
188725
422340
159188
425767
155224
146502
416985
187998
261682
413699
146063
95413
247018
37659
188160
159693
163769
281746
98881
261223
157965
425682
183873
254047
9173
158766
99913
189202
99547
169935
188295
172649
416711
418850
249004
235900
147420
248735
29917
168102
290116
411860
57017
416461
112037
26932
156017
421950
99629
39016
149147
181657
7845
426407
151528
136067
235903
144853
291109
122385
36636
18231
257489
142730
409936
194254
418686
237319
249947
159161
246262
162351
280725
162143
248114
154251
96745
138700
111095
159155
152450
759798
193092
147497
235857
156963
423939
159313
124243
138815
126054
118536
380389
189018
172718
95035
163192
128238
111385
113366
96773
188357
418737
120937
246980
137103
122960
417455
188799
125987
152219
185896
182035
195405
188792
14800
162953
230699
186819
32610
49604
131999
147293
237858
70349
245355
156773
144913
142094
156357
246042
248887
410992
37576
185604
5577
18514
245364
250486
422859
6049
424011
98473
167971
97589
195172
141711
261218
153970
423919
419525
45703
195251
146105
421620
235186
266258
173793
156584
180174
122832
125400
147356
98497
194186
128298
25858
245291
19998
144166
2997
17633
417953
138810
145344
433277
51694
161395
425841
172025
117189
247501
147212
35135
163545
48704
412779
280793
173967
164758
194335
246958
165494
421291
238372
93491
252608
48174
122937
48559
142741
41028
91803
29700
246193
124888
252014
173232
419631
90321
759449
417781
260695
185849
93586
5556
64446
93399
187613
252134
152463
138951
141293
98472
137619
157957
174322
18510
281456
117877
107215
161350
145291
291162
239298
18513
257702
98894
247584
169545
253774
186597
248620
249911
291127
759444
259762
290014
125916
37290
173798
138726
5672
24959
174632
244521
172308
163269
237324
230944
429631
134214
172715
138847
32840
193355
144681
93818
46128
249342
238319
130645
181679
260341
111131
99965
94454
254295
45747
94926
180277
118223
132520
188704
164370
138972
241940
251488
241842
97502
145810
173532
148789
157679
190834
168255
184273
259766
433232
172326
249104
124120
159287
193993
143872
252035
119082
94903
120101
49857
156774
153973
429208
115463
144663
240202
193357
166231
249815
259764
146372
159424
172692
264729
163195
29666
172675
5961
192575
17632
19742
258735
18413
180745
17802
154066
162929
258751
51818
255806
186884
181301
54234
133280
117756
118507
418457
167156
190181
186306
91086
152459
118850
245308
93964
156534
173230
411861
51596
64132
114028
182147
238874
168859
134171
155469
29906
98219
260770
73671
186713
159673
156407
19820
257769
180746
112397
192989
415882
29900
257468
116352
253023
247675
98026
263100
174295
153967
118334
134172
426370
159395
245869
423409
243823
93900
22938
132785
248139
168633
249831
173451
126036
182079
85009
172080
144509
182770
255447
195486
186485
64445
92973
163484
115751
164372
130415
162761
416745
90723
127661
107083
257310
181670
184076
94391
193486
144801
415602
240038
427985
257866
420934
413224
413984
190400
193562
93500
193788
419527
182044
259168
260506
415050
90988
259242
93260
245022
162577
95817
194339
91484
173188
94898
196399
182066
192577
422523
9980
195191
112338
94504
230634
38732
426371
412047
160470
261706
188788
49090
267271
243948
149033
111384
118721
239244
5615
172663
240666
117957
423941
431354
133348
35850
253486
174445
417951
128053
145345
144655
156979
154058
158870
417690
241407
172210
135349
182425
421822
167141
118596
189893
103738
97551
151854
156992
144071
29903
131350
180667
260922
167999
98220
188361
261863
240012
157340
250657
111085
48622
125910
266726
112165
236638
419774
187273
409566
415605
11729
122300
126062
59212
258902
191465
196183
163677
122044
255849
8692
125915
260511
194501
59920
8752
290860
432249
126306
237910
181696
155593
95913
267962
195827
99630
35546
163485
259169
167589
125326
427928
241872
155575
98500
190054
96108
145383
139000
180541
245935
90425
33669
380390
34328
189927
260921
166650
93258
247509
155761
157741
191131
162081
186728
191601
189075
194748
152454
152348
183221
249140
141255
244077
255577
95603
194668
150097
117858
236032
96765
230223
195267
248628
96687
415196
391425
89940
253236
5934
11656
237929
191329
146114
160187
32237
99533
172695
260528
431581
186781
260472
240920
236626
230408
244048
192350
98911
194647
166114
120109
155930
253777
152457
150808
181521
192084
290119
11730
151556
158487
115744
94906
99186
185923
117723
121051
127960
158220
154933
111099
257634
137879
8297
158185
257797
417699
164481
191136
159695
183043
192358
237116
191334
230581
181569
245197
160388
420706
291110
428744
157670
34127
195591
153229
98934
152038
31511
243542
146778
148758
162220
147084
162395
189041
63892
6003
185195
11555
245293
182188
163880
412294
415028
237928
156406
184217
186969
126293
160093
119274
414081
189208
10903
252425
97552
134370
241657
118857
122789
188802
173639
11645
427560
51732
180691
153975
252421
181045
380388
99983
184975
120563
116076
122291
291301
164581
249169
162221
190691
173197
759450
164999
238908
70169
290603
118016
253418
5252
416926
193867
259800
95129
168257
33231
98097
432042
144585
159170
246055
259209
417696
95608
90668
290624
143040
145274
163395
32381
187999
166991
186479
150810
117663
33032
431028
52137
257122
259018
156776
194518
237710
423423
138727
247048
168444
14750
131849
162359
17488
290993
167319
253911
190635
152209
190061
258548
259283
193969
34992
413251
136227
126021
243319
5554
8622
173672
8336
247394
11657
99912
134497
173730
133346
125595
188147
173353
15656
196474
154680
151467
429313
254003
93908
190330
37530
148741
181698
238638
188621
151843
137413
160114
76704
148743
252075
119331
194405
188351
121530
149277
118545
422653
413389
193406
182924
144225
194196
250659
145429
164639
161877
243404
423255
259410
418645
158222
98503
165420
120660
195247
417514
149274
195399
193676
250401
24580
8624
167993
93254
98798
235842
291283
144983
419625
131826
432122
195404
257166
55294
183617
96496
164997
230766
267278
193410
110312
172278
260147
48878
96194
96569
117883
259342
258691
260515
415027
243724
241853
230441
172092
247266
109466
92300
32671
5618
187224
47428
34767
25058
411476
155560
173856
254049
174609
11144
426338
173237
195970
160753
169998
22983
35021
127044
291483
5574
248608
93392
188094
98287
243499
184977
192155
132035
131605
171471
260866
95917
84231
45040
126317
409930
154347
153422
180652
434620
426871
150198
156536
34001
97503
260100
196329
126051
49861
157016
119554
152594
263092
418600
126085
241423
420224
419453
159712
64590
236863
51725
196531
190730
94959
409605
64151
43119
126210
261769
164431
13513
189125
160027
427233
153467
19635
417412
36745
92543
124998
42741
182402
238900
11599
257333
182191
159908
93401
415804
239290
148208
243386
254007
43008
172096
194374
118719
42266
160019
63916
94889
259049
51736
258469
45745
64203
54233
413696
186973
14748
32369
38853
165451
8700
245307
122037
96735
172648
237290
19827
8897
159264
135000
29758
47776
429308
186975
235184
249722
291144
34777
121154
118010
48333
194617
17097
434188
181745
8380
8819
152797
5648
416443
122962
186434
250796
147188
35930
189014
185187
35026
252698
64147
132221
418499
259748
160390
192277
239289
29681
415568
150760
280418
117787
290627
414357
98170
29881
249827
29741
173533
167120
230108
146065
245185
419526
291577
418268
419208
429169
119327
136044
248469
156982
150092
186896
183223
411925
159294
120110
147443
168053
141256
192315
14928
168501
12810
64075
6017
188303
120108
173068
425873
150367
253951
55728
54552
280417
12850
259003
166796
429811
430630
152270
261708
194816
7394
241845
196116
187882
160442
188166
181223
136071
253375
403513
193046
163675
122355
191696
257396
163862
238880
13425
261644
155386
167973
157777
238605
434696
187285
290992
38856
421825
427047
252856
57740
237461
147496
164982
113913
160660
154462
186527
134310
162367
259700
35823
250281
98023
27606
188307
95322
187928
380295
11731
416420
113298
117859
417518
431353
18515
115566
45266
245356
185542
134106
418687
163882
163772
154757
180688
193864
428745
143887
70531
236002
419803
254061
193624
12974
136677
155321
144475
33476
238882
131358
189346
21954
92301
118514
230252
173062
290285
245257
188367
172677
70592
196471
132538
184167
239058
241010
93898
33221
91079
98599
191468
414602
172683
241425
14799
119344
118600
416204
417048
143961
184315
429877
434438
148769
94282
429472
249098
135187
238549
710062
138761
252937
131608
134312
32193
96141
194763
248056
186862
118828
118403
180672
85453
161578
161415
164583
95430
187924
119363
37541
189926
430575
168143
252940
187621
189797
252359
252213
45740
153974
172511
239448
180673
124121
189348
94011
166158
262657
90615
36771
241405
43084
181153
249881
153211
163270
422744
126079
254048
189907
138654
257631
99987
430187
418659
153723
189225
255842
241371
418693
34170
230263
184200
132732
110590
94899
420154
9176
22451
166797
153756
5602
93383
234578
193868
258904
193535
151853
244298
192015
123356
153743
253762
117884
258259
252126
420509
116135
113004
117412
5535
90050
163271
136569
759649
163990
188640
138591
157054
181653
138513
260700
163397
173751
77890
423855
247332
195169
239781
195825
112399
161827
257385
188374
416157
153874
237944
94457
111841
160115
127642
93628
182303
426865
91037
158217
418045
417695
133724
152257
64216
186882
247025
156012
148742
421479
118511
180741
183811
55070
417047
122290
247170
163438
194162
14803
138831
147660
151639
414174
187286
168258
181671
160392
63891
290130
258808
132724
115733
247578
86501
243381
33365
237343
190178
180644
168343
7811
196237
151845
161987
56233
133892
159729
138192
235285
279580
152655
109418
248552
156991
185237
113358
409469
259767
145299
195193
90131
172209
168703
155740
130885
239050
166712
38216
254925
191562
163355
153511
181693
136041
194344
261605
417049
164834
52085
261712
196286
260269
108780
98359
170913
48897
172299
146596
29710
153867
114010
257167
137422
195757
162360
113369
93742
259750
115522
244199
172711
45054
145251
189961
136200
194752
70351
422547
180193
37584
92974
97921
261865
45632
14776
93113
432205
169452
186169
163280
38830
112264
112534
98936
91783
193792
45734
245034
267203
164365
163941
158221
32272
151842
147505
263108
148755
163984
191556
11644
122734
291030
418130
124886
184932
92612
17243
247020
260533
249419
142247
118332
194770
244149
153714
127855
90426
22456
248181
433311
158568
418265
258062
32364
150093
192211
55737
193403
70346
193354
126026
115750
33426
160159
248482
153228
186484
193746
117813
145377
252011
195821
143046
247519
19989
409630
243380
120145
38751
51488
73683
55831
34799
245335
156574
158229
262847
238761
254214
195485
161506
409530
5974
173479
239721
246981
154252
250846
244027
249830
124370
136241
262045
195594
239061
110315
172664
64148
195992
249910
187727
259347
261559
260025
116660
118601
122934
144660
391187
158279
243923
130794
118852
427140
248148
230121
154526
172377
155032
192275
122295
254181
194053
194158
185326
192956
162654
257329
162165
164471
191326
409698
138809
153739
92501
152344
14930
5547
253010
257493
37485
167039
250622
113920
126069
238886
181849
258024
251567
261220
195156
237543
193569
5578
159426
251826
149031
32230
158224
168007
17635
51731
247530
35938
113918
180655
170161
140546
415487
147391
159645
160097
93882
173049
251564
119277
125669
195273
97504
246089
120083
258275
237927
4640
160126
118775
115715
194403
194434
98467
241413
185401
8751
32833
416321
256603
425443
34775
158226
191565
93772
90727
153347
161645
167504
291139
415518
136811
170263
257378
239283
240198
161655
123791
161281
256222
144391
194418
19133
427670
155601
261861
185107
34761
169936
235756
187223
84219
290377
421480
418766
188090
166132
261719
91103
230313
172081
121147
190101
431464
99758
185236
14989
262095
433086
128320
160020
152563
166206
6048
118598
252865
185477
248350
26296
128051
90714
290042
91531
260519
33186
118537
264215
153260
189111
170674
152212
133373
99631
237378
251025
110316
159265
134999
99291
246999
161559
239630
161001
97071
120578
113003
123220
426550
259241
260245
186278
162396
174191
12708
90715
166157
380384
416909
159856
153527
31803
120553
167009
391181
97943
94992
61080
127639
156384
34378
290629
258721
95687
46136
46850
163042
55478
174471
291028
156533
253763
94345
160709
70538
91170
427635
189911
247265
96137
196120
433136
70079
192353
81437
11649
262666
91898
128409
230345
243407
188753
163722
134203
168708
133439
14785
418500
181237
149084
185235
42719
124344
261870
190813
245030
413255
171278
98975
153070
247051
164378
97514
128292
147823
191110
192109
236045
238954
184582
260150
230357
234590
116134
240534
426863
190644
93636
163883
230118
38837
113417
37658
184313
433308
54597
190726
162401
240860
115746
19970
258551
280320
97206
419782
91785
251498
417456
196218
5747
259437
415488
426859
143966
95379
93883
91706
186500
415197
117669
414342
99055
291262
172166
146598
247500
145713
142165
416911
159852
47650
160030
33442
153972
235804
235902
145265
121153
253771
189928
31411
237909
421209
259364
131152
195987
153349
759423
184231
413529
19746
168653
185243
124572
189113
243416
246931
173185
121097
253479
19720
139193
138636
193173
193016
11787
19744
409735
37289
123157
91278
416276
190742
126211
118728
112057
167115
431356
155667
247247
120025
423638
118806
257285
99185
165900
125899
11053
152216
423920
180341
258064
193411
119485
290988
133430
152217
192017
163732
182891
99938
259413
251138
150096
152451
419421
70260
425842
38861
163771
138780
239663
185196
432257
168144
180738
252422
420193
91838
98022
159920
31794
257389
189115
39061
97620
6060
90710
180739
184232
19853
115220
7788
172089
243616
426761
239727
158215
190177
42113
415246
122936
97904
196216
153223
249424
156306
17711
189944
188398
5590
98985
185099
262078
259297
124235
18577
33695
248921
172643
138692
160165
167948
251015
425125
147394
426098
98617
19229
173103
21931
186962
248278
230633
183704
98618
114311
239056
249091
96185
49597
165897
31806
409832
140784
42322
5647
171535
181238
168139
32836
122930
185185
416886
185144
262284
290896
249425
98960
10738
237200
191847
169754
121812
172079
195794
127853
421179
420823
145293
164548
96172
166827
93817
429397
35032
171108
290477
258598
112294
149087
237128
169417
230361
155443
36682
433307
185591
759690
192365
192158
5646
14709
163373
415563
189897
172639
266646
164586
180674
97077
93439
147065
230942
127152
159691
45945
248046
70240
66931
281563
192183
186580
195534
172516
41690
193528
33453
165728
169455
194220
172659
235805
261855
281082
142739
167952
159422
162752
171547
122384
132365
187881
241869
196181
236286
145346
37585
280304
94960
416744
136077
428059
237495
414371
118470
119310
143886
159728
140985
160373
173326
55475
153909
34895
168256
432204
417517
190474
181701
128532
64067
421246
144314
420131
258741
19965
64071
174197
118553
415247
432258
261022
156408
51667
48881
98547
139297
183700
120478
11913
45561
193093
147228
250356
104657
117623
187094
99048
253517
144852
121104
238903
99340
138971
181659
194499
7941
425945
35532
186778
37603
409796
134308
433312
158839
280768
37484
166651
380228
138390
97410
261643
192361
260132
171109
151535
186252
85951
36729
434090
164958
136388
126100
113002
90384
245025
11785
430697
249996
160415
156575
185239
110134
180040
51600
145359
119084
250277
246166
167906
153971
148766
240903
118842
410778
195355
235854
192154
152036
25895
158227
187555
32008
172685
38876
238804
19355
38862
428096
184988
230112
165896
170227
145955
230314
162731
174526
174151
120573
118599
169536
249067
193363
155390
126316
46312
187783
413503
14675
172367
155637
99056
182950
94954
147484
145190
248807
248048
124973
419800
94872
124890
238495
418455
161424
17339
246221
46331
5297
427181
261578
195215
171986
96111
54230
416925
191335
155858
192499
33688
237857
92222
242112
126309
189222
252934
260920
154467
19999
257376
239051
155619
193670
180743
21941
99459
33296
117548
47542
281735
249814
249105
144313
236046
171565
4682
125989
173204
19281
246487
144093
89977
152662
5551
17778
248733
124122
182039
241658
260871
248219
426406
153246
42261
64144
91837
434621
51911
253389
153230
45555
153898
45622
99622
34797
121534
5614
19646
189212
160194
418269
183020
120019
246488
241417
194051
194740
143413
193364
109468
258212
45043
230591
28414
239057
171585
117879
19356
155336
159698
180650
230011
138973
187860
169728
253877
48898
422397
119332
154089
118849
236259
38966
421283
94344
194979
152396
426308
409465
112398
96954
161002
34140
182466
241389
153745
184075
180657
162191
91901
98039
128182
163884
33354
111348
230214
247237
418008
186494
156185
252699
189131
153240
169459
247000
190056
416260
91239
118650
160013
161852
160657
280400
138191
162361
19637
759462
426860
173531
33428
134028
164580
168095
259070
253948
254302
137051
126207
193620
189238
429404
157532
236866
194702
281412
152343
182431
125965
148763
36748
281066
430977
189166
187728
119170
419610
161876
186174
172076
111970
147229
124276
250625
8880
237148
63888
410838
247294
180755
11658
121222
55660
14555
433221
172647
114038
192354
154416
250797
140986
431186
12009
237409
138718
258459
128240
230690
163442
195484
24927
257904
155388
121998
257309
280998
248554
119243
174289
237065
96521
36937
136224
160060
259211
55227
181206
163566
191332
117882
22971
240775
96936
164699
196118
98462
192362
37463
32566
127995
257875
167685
194926
117196
126056
98884
172297
257397
248561
124790
427197
411800
120003
188165
251026
22955
422540
235898
186213
29665
165064
260339
240006
250163
192175
34142
36719
42237
254635
257407
5555
70801
189965
192883
157050
119322
415997
92224
189891
190489
195260
131344
290622
426552
186227
97478
172365
156582
414364
54741
264478
252270
143772
185248
157531
49830
427393
118627
193090
262134
155278
181842
250503
180744
257042
106939
17800
138211
262596
883
18581
249880
260649
76104
152208
433080
153340
91702
422691
138549
138130
415030
45263
416357
247523
262658
161028
172633
117191
419228
140082
119361
262118
250863
124238
252700
258224
249813
189384
137847
47813
76690
16088
55482
193789
165423
109467
93396
190057
164983
253770
5488
128229
421824
252939
149149
118191
258272
169565
418657
189203
8620
97781
138401
412839
258720
144979
160018
241408
182041
187222
70762
238287
14556
48876
185203
243411
5528
257464
431008
181046
190002
169460
138689
51620
181433
291510
29667
180086
118851
246967
185929
19659
156983
8379
145189
257182
158769
57271
253379
122199
55225
144826
172662
5270
190928
5588
36936
159692
148786
126064
171732
258903
51487
251561
48756
147211
195977
150759
159630
34167
193526
189500
260525
194161
154388
247267
186670
70658
380227
230784
230045
262348
257873
261174
153243
64444
132425
7392
415228
432905
162039
159171
33356
121105
5594
33355
64073
144794
123158
171537
419067
250303
186671
169342
156978
99916
181125
111100
258937
168706
159767
180035
8639
18587
418258
154249
169482
63890
181736
418691
172667
119266
145321
165701
113354
169419
419626
246098
194377
411022
433384
168100
168096
117432
117190
51390
160039
260509
155447
99909
153224
173789
54595
99718
161000
259623
174015
166836
11551
36193
409865
29701
162266
21476
186736
190746
867
33436
180949
262764
121225
64217
415789
37461
184585
189889
42725
42083
47487
238898
25064
186712
37687
257158
162958
131825
38999
192791
255719
120105
181229
409758
92393
431822
14777
163427
97477
430978
167577
5649
234589
84229
122963
5982
409903
162647
185822
54179
237282
185274
29915
147280
51426
263768
38982
247868
196472
193861
155916
125267
149082
154689
189369
38851
173977
120974
92216
110040
120120
48231
422394
239221
157284
147821
173094
57780
145082
16131
290005
149161
418177
191844
8820
141317
54224
251869
172645
194497
90711
29916
183090
19144
172276
94378
257387
95296
93816
244108
36741
183730
194336
4639
135070
118736
252423
186863
185202
181510
162890
117725
89964
262999
433247
119364
416986
134522
120130
173791
247533
131347
123278
237406
193030
115716
159445
258690
258722
419529
118620
230407
429405
14677
148699
430975
167892
258848
257041
155753
153056
145303
290983
246251
96497
261604
238046
258719
36695
181470
248808
154890
152936
120106
180535
238905
145288
280398
290455
422548
194343
34131
95915
247049
254308
51427
125590
173588
247409
258518
193109
249330
261319
93382
185286
136354
132253
70350
148200
11087
414644
153687
280997
257044
144818
193994
161575
155743
193089
70621
160010
186924
419839
250806
239049
415889
419162
51441
194771
37543
135180
257214
122039
238896
46104
261716
173186
239396
239826
128165
234597
188447
150445
258849
98954
169755
55740
190802
138133
150236
188794
241475
194814
127738
260136
156011
262788
26316
149160
98882
138935
93047
168115
189374
162937
164996
160893
157351
242122
415225
257393
98508
132728
257157
237150
190225
180458
235938
70814
170290
190590
145306
238000
187025
246500
14882
163486
251507
112007
138132
157675
251452
55477
261720
427182
180162
416921
168141
185617
174574
246499
412776
258901
158230
173181
186666
291150
258175
172652
91877
185393
174612
55695
135072
235942
188093
162727
230637
164810
166654
188735
195192
58460
258590
144831
95930
8610
249822
414355
89840
423639
413823
125401
170052
425545
160025
242037
153241
119339
238817
168099
170289
184972
156091
261621
263778
260240
121054
125324
106937
193646
192323
193360
70301
163437
107097
249826
187288
259737
51810
128243
185140
90007
170623
159159
259345
290004
138811
259751
187429
99263
195157
191322
127993
155605
433313
125403
116079
95615
156230
116653
184329
161342
230110
46103
260498
259947
421274
188443
252949
186594
159136
242113
168137
122265
148770
156420
250275
246051
164765
252565
33353
248272
134217
188423
98887
171472
19848
118550
145188
248277
183812
97069
159854
415707
253239
191350
251692
93116
48882
51343
172083
180664
259350
417045
180534
422652
145715
125397
190331
135001
33165
165664
84183
117790
260526
137784
31407
37546
181697
70536
98289
246738
280549
281752
97501
21937
94890
251566
181400
35528
162101
240278
244010
126065
113921
96526
121974
409840
171463
44412
89906
153077
118746
196110
183665
252595
138480
163668
36694
237748
423660
154980
194616
240094
230218
127968
191566
257175
412144
14762
96140
142846
145254
241404
188294
116407
238688
125368
429406
238805
174551
148496
184235
257746
710091
167267
48621
145222
162743
166793
240531
250909
124901
260427
186275
113005
182976
416992
267403
