    0    0    0   0.000000000   0.000000000   0.000000E+00   0.000000E+00
   -1    1    0  -0.743194039   0.743194039   0.260209E-16   0.182860E-16
    1    1    0   0.743194039   0.743194039   0.698658E-18  -0.103408E-16
   -1   -1    0  -0.743194039  -0.743194039   0.698658E-18   0.103408E-16
    1   -1    0   0.743194039  -0.743194039   0.260209E-16  -0.182860E-16
    0    2    0  -0.000000000   1.486388077  -0.185387E-16  -0.262468E-16
   -2    0    0  -1.486388077   0.000000000  -0.208007E-16  -0.331387E-17
    0   -2    0   0.000000000  -1.486388077  -0.185387E-16   0.262468E-16
    2    0    0   1.486388077  -0.000000000  -0.208007E-16   0.331387E-17
    2    2    0   1.486388077   1.486388077  -0.159078E-01  -0.243964E-16
   -2   -2    0  -1.486388077  -1.486388077  -0.159078E-01   0.243964E-16
    2   -2    0   1.486388077  -1.486388077  -0.159078E-01   0.193194E-16
   -2    2    0  -1.486388077   1.486388077  -0.159078E-01  -0.193194E-16
   -3   -1    0  -2.229582116  -0.743194039   0.109462E-15   0.498586E-01
    3   -1    0   2.229582116  -0.743194039   0.493629E-16  -0.498586E-01
    3    1    0   2.229582116   0.743194039   0.109462E-15  -0.498586E-01
   -1    3    0  -0.743194039   2.229582116  -0.572097E-16   0.498586E-01
    1    3    0   0.743194039   2.229582116   0.916812E-16  -0.498586E-01
   -3    1    0  -2.229582116   0.743194039   0.493629E-16   0.498586E-01
    1   -3    0   0.743194039  -2.229582116  -0.572097E-16  -0.498586E-01
   -1   -3    0  -0.743194039  -2.229582116   0.916812E-16   0.498586E-01
    0    4    0  -0.000000000   2.972776155   0.584186E-02  -0.193773E-16
    0   -4    0   0.000000000  -2.972776155   0.584186E-02   0.193773E-16
    4    0    0   2.972776155  -0.000000000   0.584186E-02  -0.206507E-16
   -4    0    0  -2.972776155   0.000000000   0.584186E-02   0.206507E-16
   -3   -3    0  -2.229582116  -2.229582116  -0.131077E-17  -0.199653E-16
    3   -3    0   2.229582116  -2.229582116   0.212504E-16   0.446833E-16
   -3    3    0  -2.229582116   2.229582116   0.212504E-16  -0.446833E-16
    3    3    0   2.229582116   2.229582116  -0.131077E-17   0.199653E-16
   -2    4    0  -1.486388077   2.972776155   0.367363E-01   0.790083E-16
    4   -2    0   2.972776155  -1.486388077  -0.367363E-01  -0.654510E-16
   -4    2    0  -2.972776155   1.486388077  -0.367363E-01   0.654510E-16
    2    4    0   1.486388077   2.972776155   0.367363E-01   0.122711E-15
    2   -4    0   1.486388077  -2.972776155   0.367363E-01  -0.790083E-16
   -2   -4    0  -1.486388077  -2.972776155   0.367363E-01  -0.122711E-15
   -4   -2    0  -2.972776155  -1.486388077  -0.367363E-01   0.142894E-15
    4    2    0   2.972776155   1.486388077  -0.367363E-01  -0.142894E-15
   -5    1    0  -3.715970194   0.743194039  -0.130913E-16  -0.136944E-01
    5    1    0   3.715970194   0.743194039  -0.518486E-16   0.136944E-01
   -1    5    0  -0.743194039   3.715970194  -0.230235E-16   0.136944E-01
   -1   -5    0  -0.743194039  -3.715970194   0.238288E-16   0.136944E-01
   -5   -1    0  -3.715970194  -0.743194039  -0.518486E-16  -0.136944E-01
    5   -1    0   3.715970194  -0.743194039  -0.130913E-16   0.136944E-01
    1   -5    0   0.743194039  -3.715970194  -0.230235E-16  -0.136944E-01
    1    5    0   0.743194039   3.715970194   0.238288E-16  -0.136944E-01
    4   -4    0   2.972776155  -2.972776155  -0.102072E-01  -0.274589E-16
   -4   -4    0  -2.972776155  -2.972776155  -0.102072E-01   0.305548E-16
    4    4    0   2.972776155   2.972776155  -0.102072E-01  -0.305548E-16
   -4    4    0  -2.972776155   2.972776155  -0.102072E-01   0.274589E-16
   -5    3    0  -3.715970194   2.229582116  -0.379465E-16  -0.764716E-02
    5    3    0   3.715970194   2.229582116  -0.255389E-16   0.764716E-02
   -5   -3    0  -3.715970194  -2.229582116  -0.255389E-16  -0.764716E-02
    5   -3    0   3.715970194  -2.229582116  -0.379465E-16   0.764716E-02
    3   -5    0   2.229582116  -3.715970194   0.450148E-16   0.764716E-02
   -3    5    0  -2.229582116   3.715970194   0.450148E-16  -0.764716E-02
    3    5    0   2.229582116   3.715970194  -0.433198E-16   0.764716E-02
   -3   -5    0  -2.229582116  -3.715970194  -0.433198E-16  -0.764716E-02
    0    6    0  -0.000000000   4.459164232   0.163737E-16  -0.200699E-16
    6    0    0   4.459164232  -0.000000000   0.217947E-16   0.169212E-17
   -6    0    0  -4.459164232   0.000000000   0.217947E-16  -0.169212E-17
    0   -6    0   0.000000000  -4.459164232   0.163737E-16   0.200699E-16
   -2    6    0  -1.486388077   4.459164232  -0.210646E-01  -0.562216E-16
    2    6    0   1.486388077   4.459164232  -0.210646E-01  -0.697064E-16
    6    2    0   4.459164232   1.486388077  -0.210646E-01  -0.810906E-16
   -6   -2    0  -4.459164232  -1.486388077  -0.210646E-01   0.810906E-16
    2   -6    0   1.486388077  -4.459164232  -0.210646E-01   0.562216E-16
    6   -2    0   4.459164232  -1.486388077  -0.210646E-01  -0.374960E-16
   -6    2    0  -4.459164232   1.486388077  -0.210646E-01   0.374960E-16
   -2   -6    0  -1.486388077  -4.459164232  -0.210646E-01   0.697064E-16
   -7    1    0  -5.202358271   0.743194039  -0.391431E-16  -0.571831E-02
   -7   -1    0  -5.202358271  -0.743194039  -0.362953E-16  -0.571831E-02
    5    5    0   3.715970194   3.715970194   0.131224E-16   0.227834E-17
    7    1    0   5.202358271   0.743194039  -0.362953E-16   0.571831E-02
   -5    5    0  -3.715970194   3.715970194  -0.172388E-16  -0.131012E-16
    5   -5    0   3.715970194  -3.715970194  -0.172388E-16   0.131012E-16
    7   -1    0   5.202358271  -0.743194039  -0.391431E-16   0.571831E-02
   -1    7    0  -0.743194039   5.202358271   0.500868E-16  -0.571831E-02
    1   -7    0   0.743194039  -5.202358271   0.500868E-16   0.571831E-02
    1    7    0   0.743194039   5.202358271  -0.313080E-16   0.571831E-02
   -1   -7    0  -0.743194039  -5.202358271  -0.313080E-16  -0.571831E-02
   -5   -5    0  -3.715970194  -3.715970194   0.131224E-16  -0.227834E-17
    6   -4    0   4.459164232  -2.972776155   0.226137E-01   0.109224E-16
    4   -6    0   2.972776155  -4.459164232  -0.226137E-01   0.246718E-17
    6    4    0   4.459164232   2.972776155   0.226137E-01   0.116855E-15
    4    6    0   2.972776155   4.459164232  -0.226137E-01  -0.693027E-16
   -4    6    0  -2.972776155   4.459164232  -0.226137E-01  -0.246718E-17
   -6    4    0  -4.459164232   2.972776155   0.226137E-01  -0.109224E-16
   -6   -4    0  -4.459164232  -2.972776155   0.226137E-01  -0.116855E-15
   -4   -6    0  -2.972776155  -4.459164232  -0.226137E-01   0.693027E-16
    3    7    0   2.229582116   5.202358271   0.408869E-16  -0.982647E-02
    3   -7    0   2.229582116  -5.202358271  -0.189993E-16  -0.982647E-02
   -3    7    0  -2.229582116   5.202358271  -0.189993E-16   0.982647E-02
   -3   -7    0  -2.229582116  -5.202358271   0.408869E-16   0.982647E-02
    7    3    0   5.202358271   2.229582116  -0.212941E-16   0.982647E-02
   -7    3    0  -5.202358271   2.229582116  -0.926340E-17  -0.982647E-02
    7   -3    0   5.202358271  -2.229582116  -0.926340E-17   0.982647E-02
   -7   -3    0  -5.202358271  -2.229582116  -0.212941E-16  -0.982647E-02
    8    0    0   5.945552310  -0.000000000   0.243281E-01   0.100847E-15
   -8    0    0  -5.945552310   0.000000000   0.243281E-01  -0.100847E-15
    0   -8    0   0.000000000  -5.945552310   0.243281E-01  -0.101632E-15
    0    8    0  -0.000000000   5.945552310   0.243281E-01   0.101632E-15
    2    8    0   1.486388077   5.945552310  -0.208802E-17  -0.542988E-17
   -2    8    0  -1.486388077   5.945552310   0.816428E-17  -0.636976E-17
    8   -2    0   5.945552310  -1.486388077  -0.921855E-17   0.260460E-16
   -2   -8    0  -1.486388077  -5.945552310  -0.208802E-17   0.542988E-17
   -8    2    0  -5.945552310   1.486388077  -0.921855E-17  -0.260460E-16
    2   -8    0   1.486388077  -5.945552310   0.816428E-17   0.636976E-17
    8    2    0   5.945552310   1.486388077   0.306194E-17   0.156036E-16
   -8   -2    0  -5.945552310  -1.486388077   0.306194E-17  -0.156036E-16
    6    6    0   4.459164232   4.459164232   0.733481E-03   0.114192E-16
   -6    6    0  -4.459164232   4.459164232   0.733481E-03  -0.171203E-16
    6   -6    0   4.459164232  -4.459164232   0.733481E-03   0.171203E-16
   -6   -6    0  -4.459164232  -4.459164232   0.733481E-03  -0.114192E-16
   -7   -5    0  -5.202358271  -3.715970194  -0.682878E-16  -0.130536E-01
   -5    7    0  -3.715970194   5.202358271  -0.122521E-16  -0.130536E-01
   -7    5    0  -5.202358271   3.715970194  -0.194185E-16  -0.130536E-01
    7    5    0   5.202358271   3.715970194  -0.682878E-16   0.130536E-01
    5    7    0   3.715970194   5.202358271  -0.438933E-16   0.130536E-01
    7   -5    0   5.202358271  -3.715970194  -0.194185E-16   0.130536E-01
   -5   -7    0  -3.715970194  -5.202358271  -0.438933E-16  -0.130536E-01
    5   -7    0   3.715970194  -5.202358271  -0.122521E-16   0.130536E-01
    4   -8    0   2.972776155  -5.945552310   0.110489E-01  -0.868539E-16
   -4    8    0  -2.972776155   5.945552310   0.110489E-01   0.868539E-16
    8    4    0   5.945552310   2.972776155   0.110489E-01   0.979143E-16
    8   -4    0   5.945552310  -2.972776155   0.110489E-01   0.569090E-16
    4    8    0   2.972776155   5.945552310   0.110489E-01   0.701899E-16
   -8   -4    0  -5.945552310  -2.972776155   0.110489E-01  -0.979143E-16
   -8    4    0  -5.945552310   2.972776155   0.110489E-01  -0.569090E-16
   -4   -8    0  -2.972776155  -5.945552310   0.110489E-01  -0.701899E-16
   -1   -9    0  -0.743194039  -6.688746349   0.196590E-16   0.388635E-02
    1    9    0   0.743194039   6.688746349   0.196590E-16  -0.388635E-02
   -9    1    0  -6.688746349   0.743194039   0.120587E-16  -0.388635E-02
   -1    9    0  -0.743194039   6.688746349  -0.649141E-17   0.388635E-02
    9    1    0   6.688746349   0.743194039  -0.320574E-16   0.388635E-02
    1   -9    0   0.743194039  -6.688746349  -0.649141E-17  -0.388635E-02
    9   -1    0   6.688746349  -0.743194039   0.120587E-16   0.388635E-02
   -9   -1    0  -6.688746349  -0.743194039  -0.320574E-16  -0.388635E-02
    3   -9    0   2.229582116  -6.688746349  -0.407059E-16  -0.113155E-01
    9    3    0   6.688746349   2.229582116   0.991490E-16  -0.113155E-01
   -9   -3    0  -6.688746349  -2.229582116   0.991490E-16   0.113155E-01
    3    9    0   2.229582116   6.688746349   0.656472E-16  -0.113155E-01
   -3    9    0  -2.229582116   6.688746349  -0.407059E-16   0.113155E-01
    9   -3    0   6.688746349  -2.229582116   0.546539E-16  -0.113155E-01
   -9    3    0  -6.688746349   2.229582116   0.546539E-16   0.113155E-01
   -3   -9    0  -2.229582116  -6.688746349   0.656472E-16   0.113155E-01
    7    7    0   5.202358271   5.202358271   0.128566E-16  -0.228935E-16
   -7   -7    0  -5.202358271  -5.202358271   0.128566E-16   0.228935E-16
   -7    7    0  -5.202358271   5.202358271  -0.325261E-16   0.177496E-16
    7   -7    0   5.202358271  -5.202358271  -0.325261E-16  -0.177496E-16
  -10    0    0  -7.431940387   0.000000000   0.929553E-18   0.833212E-17
    0   10    0  -0.000000000   7.431940387  -0.452804E-18  -0.301246E-16
   10    0    0   7.431940387  -0.000000000   0.929553E-18  -0.833212E-17
    0  -10    0   0.000000000  -7.431940387  -0.452804E-18   0.301246E-16
   -6   -8    0  -4.459164232  -5.945552310   0.134960E-16  -0.917204E-17
   -8   -6    0  -5.945552310  -4.459164232   0.799779E-17  -0.148341E-16
   -8    6    0  -5.945552310   4.459164232  -0.909742E-19  -0.479442E-16
   -6    8    0  -4.459164232   5.945552310   0.122474E-17  -0.890598E-18
    8    6    0   5.945552310   4.459164232   0.799779E-17   0.148341E-16
    6   -8    0   4.459164232  -5.945552310   0.122474E-17   0.890598E-18
    6    8    0   4.459164232   5.945552310   0.134960E-16   0.917204E-17
    8   -6    0   5.945552310  -4.459164232  -0.909742E-19   0.479442E-16
  -10    2    0  -7.431940387   1.486388077  -0.552110E-02   0.152311E-16
  -10   -2    0  -7.431940387  -1.486388077  -0.552110E-02   0.152011E-16
   -2  -10    0  -1.486388077  -7.431940387  -0.552110E-02   0.457027E-16
   10    2    0   7.431940387   1.486388077  -0.552110E-02  -0.152011E-16
   10   -2    0   7.431940387  -1.486388077  -0.552110E-02  -0.152311E-16
   -2   10    0  -1.486388077   7.431940387  -0.552110E-02  -0.440797E-16
    2  -10    0   1.486388077  -7.431940387  -0.552110E-02   0.440797E-16
    2   10    0   1.486388077   7.431940387  -0.552110E-02  -0.457027E-16
    9    5    0   6.688746349   3.715970194   0.114973E-15  -0.134957E-01
    9   -5    0   6.688746349  -3.715970194   0.655144E-16  -0.134957E-01
    5   -9    0   3.715970194  -6.688746349   0.378169E-16   0.134957E-01
   -5   -9    0  -3.715970194  -6.688746349  -0.110893E-15  -0.134957E-01
   -9   -5    0  -6.688746349  -3.715970194   0.114973E-15   0.134957E-01
   -9    5    0  -6.688746349   3.715970194   0.655144E-16   0.134957E-01
   -5    9    0  -3.715970194   6.688746349   0.378169E-16  -0.134957E-01
    5    9    0   3.715970194   6.688746349  -0.110893E-15   0.134957E-01
  -10   -4    0  -7.431940387  -2.972776155   0.136700E-01  -0.110683E-15
   -4   10    0  -2.972776155   7.431940387  -0.136700E-01  -0.540459E-16
   10    4    0   7.431940387   2.972776155   0.136700E-01   0.110683E-15
    4   10    0   2.972776155   7.431940387  -0.136700E-01  -0.990561E-16
  -10    4    0  -7.431940387   2.972776155   0.136700E-01  -0.476183E-16
   10   -4    0   7.431940387  -2.972776155   0.136700E-01   0.476183E-16
    4  -10    0   2.972776155  -7.431940387  -0.136700E-01   0.540459E-16
   -4  -10    0  -2.972776155  -7.431940387  -0.136700E-01   0.990561E-16
   11    1    0   8.175134426   0.743194039   0.106172E-15  -0.925977E-02
   -1  -11    0  -0.743194039  -8.175134426   0.667067E-16   0.925977E-02
   -1   11    0  -0.743194039   8.175134426  -0.569842E-16   0.925977E-02
    1  -11    0   0.743194039  -8.175134426  -0.569842E-16  -0.925977E-02
   11   -1    0   8.175134426  -0.743194039   0.939367E-16  -0.925977E-02
  -11   -1    0  -8.175134426  -0.743194039   0.106172E-15   0.925977E-02
    1   11    0   0.743194039   8.175134426   0.667067E-16  -0.925977E-02
  -11    1    0  -8.175134426   0.743194039   0.939367E-16   0.925977E-02
   -8   -8    0  -5.945552310  -5.945552310   0.208881E-01  -0.153995E-15
    8    8    0   5.945552310   5.945552310   0.208881E-01   0.153995E-15
    8   -8    0   5.945552310  -5.945552310   0.208881E-01  -0.690485E-17
   -8    8    0  -5.945552310   5.945552310   0.208881E-01   0.690485E-17
   -7    9    0  -5.202358271   6.688746349  -0.304864E-16   0.280415E-02
   11   -3    0   8.175134426  -2.229582116  -0.655953E-17   0.272544E-02
    3   11    0   2.229582116   8.175134426   0.237229E-16  -0.272544E-02
  -11   -3    0  -8.175134426  -2.229582116  -0.313275E-16  -0.272544E-02
   11    3    0   8.175134426   2.229582116  -0.313275E-16   0.272544E-02
    7   -9    0   5.202358271  -6.688746349  -0.304864E-16  -0.280415E-02
    3  -11    0   2.229582116  -8.175134426  -0.104365E-17  -0.272544E-02
  -11    3    0  -8.175134426   2.229582116  -0.655953E-17  -0.272544E-02
   -9    7    0  -6.688746349   5.202358271   0.718834E-17   0.280415E-02
    9   -7    0   6.688746349  -5.202358271   0.718834E-17  -0.280415E-02
   -9   -7    0  -6.688746349  -5.202358271   0.300530E-16   0.280415E-02
    7    9    0   5.202358271   6.688746349   0.120282E-16  -0.280415E-02
    9    7    0   6.688746349   5.202358271   0.300530E-16  -0.280415E-02
   -3   11    0  -2.229582116   8.175134426  -0.104365E-17   0.272544E-02
   -3  -11    0  -2.229582116  -8.175134426   0.237229E-16   0.272544E-02
   -7   -9    0  -5.202358271  -6.688746349   0.120282E-16   0.280415E-02
  -10    6    0  -7.431940387   4.459164232  -0.909523E-02   0.144713E-16
   10   -6    0   7.431940387  -4.459164232  -0.909523E-02  -0.144713E-16
   -6   10    0  -4.459164232   7.431940387  -0.909523E-02  -0.158446E-16
    6   10    0   4.459164232   7.431940387  -0.909523E-02  -0.788946E-16
   10    6    0   7.431940387   4.459164232  -0.909523E-02  -0.935855E-16
   -6  -10    0  -4.459164232  -7.431940387  -0.909523E-02   0.788946E-16
  -10   -6    0  -7.431940387  -4.459164232  -0.909523E-02   0.935855E-16
    6  -10    0   4.459164232  -7.431940387  -0.909523E-02   0.158446E-16
  -12    0    0  -8.918328465   0.000000000   0.117815E-01  -0.652848E-16
    0  -12    0   0.000000000  -8.918328465   0.117815E-01  -0.646326E-16
   12    0    0   8.918328465  -0.000000000   0.117815E-01   0.652848E-16
    0   12    0  -0.000000000   8.918328465   0.117815E-01   0.646326E-16
  -11    5    0  -8.175134426   3.715970194   0.264914E-16   0.256917E-02
   -5  -11    0  -3.715970194  -8.175134426   0.468818E-16   0.256917E-02
   11    5    0   8.175134426   3.715970194   0.296159E-16  -0.256917E-02
   -5   11    0  -3.715970194   8.175134426  -0.446727E-16   0.256917E-02
   11   -5    0   8.175134426  -3.715970194   0.264914E-16  -0.256917E-02
  -11   -5    0  -8.175134426  -3.715970194   0.296159E-16   0.256917E-02
    5  -11    0   3.715970194  -8.175134426  -0.446727E-16  -0.256917E-02
    5   11    0   3.715970194   8.175134426   0.468818E-16  -0.256917E-02
  -12   -2    0  -8.918328465  -1.486388077  -0.115757E-01   0.842023E-16
    2   12    0   1.486388077   8.918328465   0.115757E-01   0.910590E-16
    2  -12    0   1.486388077  -8.918328465   0.115757E-01  -0.683808E-16
   12    2    0   8.918328465   1.486388077  -0.115757E-01  -0.842023E-16
   -2  -12    0  -1.486388077  -8.918328465   0.115757E-01  -0.910590E-16
   12   -2    0   8.918328465  -1.486388077  -0.115757E-01  -0.526502E-16
   -2   12    0  -1.486388077   8.918328465   0.115757E-01   0.683808E-16
  -12    2    0  -8.918328465   1.486388077  -0.115757E-01   0.526502E-16
  -12   -4    0  -8.918328465  -2.972776155  -0.815921E-02   0.676329E-16
   12    4    0   8.918328465   2.972776155  -0.815921E-02  -0.676329E-16
   -4   12    0  -2.972776155   8.918328465  -0.815921E-02  -0.172506E-16
   -4  -12    0  -2.972776155  -8.918328465  -0.815921E-02   0.548393E-16
  -12    4    0  -8.918328465   2.972776155  -0.815921E-02   0.328144E-16
    4  -12    0   2.972776155  -8.918328465  -0.815921E-02   0.172506E-16
   12   -4    0   8.918328465  -2.972776155  -0.815921E-02  -0.328144E-16
    4   12    0   2.972776155   8.918328465  -0.815921E-02  -0.548393E-16
   -9   -9    0  -6.688746349  -6.688746349   0.471021E-17   0.115843E-16
    9    9    0   6.688746349   6.688746349   0.471021E-17  -0.115843E-16
   -9    9    0  -6.688746349   6.688746349   0.200577E-16  -0.674546E-17
    9   -9    0   6.688746349  -6.688746349   0.200577E-16   0.674546E-17
  -10   -8    0  -7.431940387  -5.945552310  -0.632874E-17   0.295660E-16
    8  -10    0   5.945552310  -7.431940387  -0.426705E-17   0.301675E-16
    8   10    0   5.945552310   7.431940387  -0.228628E-16   0.154385E-16
   -8   10    0  -5.945552310   7.431940387  -0.426705E-17  -0.301675E-16
   10    8    0   7.431940387   5.945552310  -0.632874E-17  -0.295660E-16
   10   -8    0   7.431940387  -5.945552310  -0.195073E-16  -0.149892E-16
   -8  -10    0  -5.945552310  -7.431940387  -0.228628E-16  -0.154385E-16
  -10    8    0  -7.431940387   5.945552310  -0.195073E-16   0.149892E-16
   13    1    0   9.661522503   0.743194039  -0.797129E-16   0.749221E-02
    1   13    0   0.743194039   9.661522503   0.728614E-16  -0.749221E-02
   13   -1    0   9.661522503  -0.743194039  -0.820320E-16   0.749221E-02
  -11   -7    0  -8.175134426  -5.202358271   0.150485E-15   0.968745E-02
   11    7    0   8.175134426   5.202358271   0.150485E-15  -0.968745E-02
   11   -7    0   8.175134426  -5.202358271   0.540469E-16  -0.968745E-02
   -1  -13    0  -0.743194039  -9.661522503   0.728614E-16   0.749221E-02
    7   11    0   5.202358271   8.175134426  -0.833229E-16   0.968745E-02
   -1   13    0  -0.743194039   9.661522503  -0.594806E-16   0.749221E-02
   -7   11    0  -5.202358271   8.175134426   0.321497E-16  -0.968745E-02
  -13   -1    0  -9.661522503  -0.743194039  -0.797129E-16  -0.749221E-02
    1  -13    0   0.743194039  -9.661522503  -0.594806E-16  -0.749221E-02
    7  -11    0   5.202358271  -8.175134426   0.321497E-16   0.968745E-02
  -13    1    0  -9.661522503   0.743194039  -0.820320E-16  -0.749221E-02
  -11    7    0  -8.175134426   5.202358271   0.540469E-16   0.968745E-02
   -7  -11    0  -5.202358271  -8.175134426  -0.833229E-16  -0.968745E-02
    3  -13    0   2.229582116  -9.661522503  -0.603834E-17  -0.221427E-02
   13    3    0   9.661522503   2.229582116   0.390185E-16  -0.221427E-02
   -3  -13    0  -2.229582116  -9.661522503  -0.306483E-17   0.221427E-02
    3   13    0   2.229582116   9.661522503  -0.306483E-17  -0.221427E-02
  -13    3    0  -9.661522503   2.229582116   0.133418E-16   0.221427E-02
   -3   13    0  -2.229582116   9.661522503  -0.603834E-17   0.221427E-02
   13   -3    0   9.661522503  -2.229582116   0.133418E-16  -0.221427E-02
  -13   -3    0  -9.661522503  -2.229582116   0.390185E-16   0.221427E-02
  -12   -6    0  -8.918328465  -4.459164232  -0.100849E-01   0.861107E-16
   12    6    0   8.918328465   4.459164232  -0.100849E-01  -0.861107E-16
   -6  -12    0  -4.459164232  -8.918328465   0.100849E-01  -0.847714E-16
   12   -6    0   8.918328465  -4.459164232  -0.100849E-01  -0.201633E-16
   -6   12    0  -4.459164232   8.918328465   0.100849E-01   0.469044E-16
    6   12    0   4.459164232   8.918328465   0.100849E-01   0.847714E-16
  -12    6    0  -8.918328465   4.459164232  -0.100849E-01   0.201633E-16
    6  -12    0   4.459164232  -8.918328465   0.100849E-01  -0.469044E-16
   13   -5    0   9.661522503  -3.715970194  -0.424633E-16   0.201726E-02
    5   13    0   3.715970194   9.661522503   0.446185E-16  -0.201726E-02
  -13   -5    0  -9.661522503  -3.715970194  -0.426598E-16  -0.201726E-02
   -5  -13    0  -3.715970194  -9.661522503   0.446185E-16   0.201726E-02
  -13    5    0  -9.661522503   3.715970194  -0.424633E-16  -0.201726E-02
   -5   13    0  -3.715970194   9.661522503  -0.347785E-16   0.201726E-02
   13    5    0   9.661522503   3.715970194  -0.426598E-16   0.201726E-02
    5  -13    0   3.715970194  -9.661522503  -0.347785E-16  -0.201726E-02
    0  -14    0   0.000000000 -10.404716542  -0.455850E-17   0.207877E-16
  -14    0    0 -10.404716542   0.000000000  -0.583243E-17  -0.306476E-17
    0   14    0  -0.000000000  10.404716542  -0.455850E-17  -0.207877E-16
   14    0    0  10.404716542  -0.000000000  -0.583243E-17   0.306476E-17
  -14    2    0 -10.404716542   1.486388077  -0.345852E-02   0.113573E-16
   10  -10    0   7.431940387  -7.431940387  -0.360751E-02   0.157451E-16
   10   10    0   7.431940387   7.431940387  -0.360751E-02  -0.270605E-16
    2  -14    0   1.486388077 -10.404716542  -0.345852E-02   0.272477E-16
   14    2    0  10.404716542   1.486388077  -0.345852E-02  -0.178800E-16
  -14   -2    0 -10.404716542  -1.486388077  -0.345852E-02   0.178800E-16
  -10  -10    0  -7.431940387  -7.431940387  -0.360751E-02   0.270605E-16
    2   14    0   1.486388077  10.404716542  -0.345852E-02  -0.242768E-16
  -10   10    0  -7.431940387   7.431940387  -0.360751E-02  -0.157451E-16
   -2  -14    0  -1.486388077 -10.404716542  -0.345852E-02   0.242768E-16
   -2   14    0  -1.486388077  10.404716542  -0.345852E-02  -0.272477E-16
   14   -2    0  10.404716542  -1.486388077  -0.345852E-02  -0.113573E-16
   11   -9    0   8.175134426  -6.688746349   0.374930E-16  -0.463690E-02
   -9  -11    0  -6.688746349  -8.175134426   0.461802E-16   0.463690E-02
   -9   11    0  -6.688746349   8.175134426  -0.665034E-17   0.463690E-02
   11    9    0   8.175134426   6.688746349   0.556670E-16  -0.463690E-02
    9   11    0   6.688746349   8.175134426   0.461802E-16  -0.463690E-02
    9  -11    0   6.688746349  -8.175134426  -0.665034E-17  -0.463690E-02
  -11   -9    0  -8.175134426  -6.688746349   0.556670E-16   0.463690E-02
  -11    9    0  -8.175134426   6.688746349   0.374930E-16   0.463690E-02
  -12    8    0  -8.918328465   5.945552310   0.224794E-02   0.217238E-16
   12   -8    0   8.918328465  -5.945552310   0.224794E-02  -0.217238E-16
   12    8    0   8.918328465   5.945552310   0.224794E-02   0.381211E-17
   -8   12    0  -5.945552310   8.918328465   0.224794E-02  -0.165330E-16
   -8  -12    0  -5.945552310  -8.918328465   0.224794E-02   0.502414E-17
    8   12    0   5.945552310   8.918328465   0.224794E-02  -0.502414E-17
    8  -12    0   5.945552310  -8.918328465   0.224794E-02   0.165330E-16
  -12   -8    0  -8.918328465  -5.945552310   0.224794E-02  -0.381211E-17
   -4   14    0  -2.972776155  10.404716542  -0.896167E-02  -0.391913E-16
    4   14    0   2.972776155  10.404716542  -0.896167E-02  -0.744339E-16
   14   -4    0  10.404716542  -2.972776155   0.896167E-02   0.845943E-17
  -14    4    0 -10.404716542   2.972776155   0.896167E-02  -0.845943E-17
   14    4    0  10.404716542   2.972776155   0.896167E-02   0.606678E-16
   -4  -14    0  -2.972776155 -10.404716542  -0.896167E-02   0.744339E-16
    4  -14    0   2.972776155 -10.404716542  -0.896167E-02   0.391913E-16
  -14   -4    0 -10.404716542  -2.972776155   0.896167E-02  -0.606678E-16
  -13   -7    0  -9.661522503  -5.202358271  -0.121227E-15  -0.802728E-02
    7   13    0   5.202358271   9.661522503  -0.966422E-16   0.802728E-02
  -13    7    0  -9.661522503   5.202358271  -0.887360E-16  -0.802728E-02
    7  -13    0   5.202358271  -9.661522503   0.512588E-16   0.802728E-02
   -7   13    0  -5.202358271   9.661522503   0.512588E-16  -0.802728E-02
   -7  -13    0  -5.202358271  -9.661522503  -0.966422E-16  -0.802728E-02
   13    7    0   9.661522503   5.202358271  -0.121227E-15   0.802728E-02
   13   -7    0   9.661522503  -5.202358271  -0.887360E-16   0.802728E-02
   -1  -15    0  -0.743194039 -11.147910581  -0.696145E-17   0.184857E-02
    1  -15    0   0.743194039 -11.147910581  -0.859448E-17  -0.184857E-02
  -15    1    0 -11.147910581   0.743194039   0.193508E-16   0.184857E-02
   15   -1    0  11.147910581  -0.743194039   0.193508E-16  -0.184857E-02
  -15   -1    0 -11.147910581  -0.743194039   0.197912E-16   0.184857E-02
    1   15    0   0.743194039  11.147910581  -0.696145E-17  -0.184857E-02
   15    1    0  11.147910581   0.743194039   0.197912E-16  -0.184857E-02
   -1   15    0  -0.743194039  11.147910581  -0.859448E-17   0.184857E-02
  -14    6    0 -10.404716542   4.459164232  -0.635092E-02   0.651361E-17
   -6  -14    0  -4.459164232 -10.404716542  -0.635092E-02   0.537714E-16
    6  -14    0   4.459164232 -10.404716542  -0.635092E-02   0.455003E-16
   -6   14    0  -4.459164232  10.404716542  -0.635092E-02  -0.455003E-16
  -14   -6    0 -10.404716542  -4.459164232  -0.635092E-02   0.567343E-16
    6   14    0   4.459164232  10.404716542  -0.635092E-02  -0.537714E-16
   14   -6    0  10.404716542  -4.459164232  -0.635092E-02  -0.651361E-17
   14    6    0  10.404716542   4.459164232  -0.635092E-02  -0.567343E-16
  -15   -3    0 -11.147910581  -2.229582116  -0.875193E-16  -0.594519E-02
   15   -3    0  11.147910581  -2.229582116  -0.736694E-16   0.594519E-02
    3   15    0   2.229582116  11.147910581   0.604743E-16  -0.594519E-02
   -3   15    0  -2.229582116  11.147910581  -0.169915E-16   0.594519E-02
   15    3    0  11.147910581   2.229582116  -0.875193E-16   0.594519E-02
   -3  -15    0  -2.229582116 -11.147910581   0.604743E-16   0.594519E-02
  -15    3    0 -11.147910581   2.229582116  -0.736694E-16  -0.594519E-02
    3  -15    0   2.229582116 -11.147910581  -0.169915E-16  -0.594519E-02
   11   11    0   8.175134426   8.175134426   0.105832E-17   0.424118E-17
  -11   11    0  -8.175134426   8.175134426   0.128478E-16  -0.166473E-16
   11  -11    0   8.175134426  -8.175134426   0.128478E-16   0.166473E-16
  -11  -11    0  -8.175134426  -8.175134426   0.105832E-17  -0.424118E-17
   12  -10    0   8.918328465  -7.431940387  -0.808103E-02  -0.161382E-16
  -10   12    0  -7.431940387   8.918328465   0.808103E-02   0.198954E-16
  -12  -10    0  -8.918328465  -7.431940387  -0.808103E-02   0.691438E-16
   12   10    0   8.918328465   7.431940387  -0.808103E-02  -0.691438E-16
   10  -12    0   7.431940387  -8.918328465   0.808103E-02  -0.198954E-16
   10   12    0   7.431940387   8.918328465   0.808103E-02   0.134578E-15
  -10  -12    0  -7.431940387  -8.918328465   0.808103E-02  -0.134578E-15
  -12   10    0  -8.918328465   7.431940387  -0.808103E-02   0.161382E-16
  -13   -9    0  -9.661522503  -6.688746349  -0.618510E-16  -0.392494E-02
  -15   -5    0 -11.147910581  -3.715970194  -0.132826E-15  -0.724879E-02
   15   -5    0  11.147910581  -3.715970194  -0.753307E-16   0.724879E-02
    5   15    0   3.715970194  11.147910581  -0.908949E-16   0.724879E-02
   13    9    0   9.661522503   6.688746349  -0.618510E-16   0.392494E-02
   15    5    0  11.147910581   3.715970194  -0.132826E-15   0.724879E-02
   13   -9    0   9.661522503  -6.688746349  -0.287623E-16   0.392494E-02
   -9   13    0  -6.688746349   9.661522503   0.203928E-16   0.392494E-02
    5  -15    0   3.715970194 -11.147910581   0.155310E-16   0.724879E-02
   -5   15    0  -3.715970194  11.147910581   0.155310E-16  -0.724879E-02
  -15    5    0 -11.147910581   3.715970194  -0.753307E-16  -0.724879E-02
    9   13    0   6.688746349   9.661522503   0.516243E-16  -0.392494E-02
   -5  -15    0  -3.715970194 -11.147910581  -0.908949E-16  -0.724879E-02
    9  -13    0   6.688746349  -9.661522503   0.203928E-16  -0.392494E-02
   -9  -13    0  -6.688746349  -9.661522503   0.516243E-16   0.392494E-02
  -13    9    0  -9.661522503   6.688746349  -0.287623E-16  -0.392494E-02
    0  -16    0   0.000000000 -11.891104620   0.990438E-02  -0.837046E-16
    0   16    0  -0.000000000  11.891104620   0.990438E-02   0.837046E-16
  -16    0    0 -11.891104620   0.000000000   0.990438E-02  -0.833124E-16
   16    0    0  11.891104620  -0.000000000   0.990438E-02   0.833124E-16
   14    8    0  10.404716542   5.945552310   0.173666E-16  -0.195331E-16
  -14    8    0 -10.404716542   5.945552310   0.211240E-16   0.690957E-17
   14   -8    0  10.404716542  -5.945552310   0.211240E-16  -0.690957E-17
    8   14    0   5.945552310  10.404716542   0.527779E-17   0.795146E-17
   -8   14    0  -5.945552310  10.404716542   0.196072E-16  -0.368942E-16
  -14   -8    0 -10.404716542  -5.945552310   0.173666E-16   0.195331E-16
   -8  -14    0  -5.945552310 -10.404716542   0.527779E-17  -0.795146E-17
    8  -14    0   5.945552310 -10.404716542   0.196072E-16   0.368942E-16
   -2   16    0  -1.486388077  11.891104620  -0.861376E-17   0.287865E-17
   -2  -16    0  -1.486388077 -11.891104620  -0.229381E-18   0.138395E-16
  -16   -2    0 -11.891104620  -1.486388077   0.332138E-17  -0.285359E-16
   16    2    0  11.891104620   1.486388077   0.332138E-17   0.285359E-16
    2   16    0   1.486388077  11.891104620  -0.229381E-18  -0.138395E-16
    2  -16    0   1.486388077 -11.891104620  -0.861376E-17  -0.287865E-17
  -16    2    0 -11.891104620   1.486388077   0.130646E-17  -0.234181E-16
   16   -2    0  11.891104620  -1.486388077   0.130646E-17   0.234181E-16
   -4   16    0  -2.972776155  11.891104620   0.456775E-02   0.831904E-16
   16   -4    0  11.891104620  -2.972776155   0.456775E-02   0.508126E-16
  -16    4    0 -11.891104620   2.972776155   0.456775E-02  -0.508126E-16
   16    4    0  11.891104620   2.972776155   0.456775E-02   0.507732E-16
    4  -16    0   2.972776155 -11.891104620   0.456775E-02  -0.831904E-16
  -16   -4    0 -11.891104620  -2.972776155   0.456775E-02  -0.507732E-16
   -4  -16    0  -2.972776155 -11.891104620   0.456775E-02  -0.669820E-16
    4   16    0   2.972776155  11.891104620   0.456775E-02   0.669820E-16
   15   -7    0  11.147910581  -5.202358271  -0.520232E-16   0.154772E-02
  -15    7    0 -11.147910581   5.202358271  -0.520232E-16  -0.154772E-02
  -15   -7    0 -11.147910581  -5.202358271  -0.179408E-16  -0.154772E-02
    7   15    0   5.202358271  11.147910581   0.355104E-16  -0.154772E-02
   -7   15    0  -5.202358271  11.147910581  -0.224915E-16   0.154772E-02
   15    7    0  11.147910581   5.202358271  -0.179408E-16   0.154772E-02
    7  -15    0   5.202358271 -11.147910581  -0.224915E-16  -0.154772E-02
   -7  -15    0  -5.202358271 -11.147910581   0.355104E-16   0.154772E-02
   12  -12    0   8.918328465  -8.918328465  -0.100308E-03  -0.261570E-16
  -12  -12    0  -8.918328465  -8.918328465  -0.100308E-03  -0.942149E-17
   12   12    0   8.918328465   8.918328465  -0.100308E-03   0.942149E-17
  -12   12    0  -8.918328465   8.918328465  -0.100308E-03   0.261570E-16
  -11   13    0  -8.175134426   9.661522503   0.139102E-16  -0.867120E-04
  -13  -11    0  -9.661522503  -8.175134426   0.946290E-17  -0.867120E-04
   -1  -17    0  -0.743194039 -12.634298658  -0.228391E-16  -0.152265E-02
   13   11    0   9.661522503   8.175134426   0.946290E-17   0.867120E-04
   13  -11    0   9.661522503  -8.175134426  -0.713709E-17   0.867120E-04
   17   -1    0  12.634298658  -0.743194039   0.236884E-16  -0.152265E-02
    1   17    0   0.743194039  12.634298658  -0.228391E-16   0.152265E-02
   17    1    0  12.634298658   0.743194039   0.188756E-16  -0.152265E-02
  -13   11    0  -9.661522503   8.175134426  -0.713709E-17  -0.867120E-04
   11   13    0   8.175134426   9.661522503  -0.200816E-16   0.867120E-04
  -17   -1    0 -12.634298658  -0.743194039   0.188756E-16   0.152265E-02
  -17    1    0 -12.634298658   0.743194039   0.236884E-16   0.152265E-02
   11  -13    0   8.175134426  -9.661522503   0.139102E-16   0.867120E-04
    1  -17    0   0.743194039 -12.634298658   0.179583E-16   0.152265E-02
  -11  -13    0  -8.175134426  -9.661522503  -0.200816E-16  -0.867120E-04
   -1   17    0  -0.743194039  12.634298658   0.179583E-16  -0.152265E-02
   -6  -16    0  -4.459164232 -11.891104620   0.566959E-17  -0.115195E-17
  -16    6    0 -11.891104620   4.459164232   0.758389E-17  -0.247329E-16
   16    6    0  11.891104620   4.459164232   0.610327E-17   0.171168E-16
    6   16    0   4.459164232  11.891104620   0.566959E-17   0.115195E-17
    6  -16    0   4.459164232 -11.891104620   0.147224E-16   0.948699E-18
   -6   16    0  -4.459164232  11.891104620   0.147224E-16  -0.948699E-18
  -16   -6    0 -11.891104620  -4.459164232   0.610327E-17  -0.171168E-16
   16   -6    0  11.891104620  -4.459164232   0.758389E-17   0.247329E-16
   10   14    0   7.431940387  10.404716542  -0.263628E-02  -0.162352E-16
  -10   14    0  -7.431940387  10.404716542  -0.263628E-02  -0.236150E-16
   10  -14    0   7.431940387 -10.404716542  -0.263628E-02   0.236150E-16
   14   10    0  10.404716542   7.431940387  -0.263628E-02  -0.158439E-16
  -14   10    0 -10.404716542   7.431940387  -0.263628E-02  -0.539478E-17
  -14  -10    0 -10.404716542  -7.431940387  -0.263628E-02   0.158439E-16
   14  -10    0  10.404716542  -7.431940387  -0.263628E-02   0.539478E-17
  -10  -14    0  -7.431940387 -10.404716542  -0.263628E-02   0.162352E-16
  -17   -3    0 -12.634298658  -2.229582116   0.509617E-16   0.349220E-02
   17    3    0  12.634298658   2.229582116   0.509617E-16  -0.349220E-02
  -17    3    0 -12.634298658   2.229582116   0.315122E-16   0.349220E-02
   -3  -17    0  -2.229582116 -12.634298658   0.322456E-16   0.349220E-02
    3  -17    0   2.229582116 -12.634298658  -0.215069E-16  -0.349220E-02
    3   17    0   2.229582116  12.634298658   0.322456E-16  -0.349220E-02
   -3   17    0  -2.229582116  12.634298658  -0.215069E-16   0.349220E-02
   17   -3    0  12.634298658  -2.229582116   0.315122E-16  -0.349220E-02
  -15   -9    0 -11.147910581  -6.688746349  -0.190497E-16  -0.830801E-04
   15   -9    0  11.147910581  -6.688746349  -0.104569E-16   0.830801E-04
   -9   15    0  -6.688746349  11.147910581   0.119673E-16  -0.830801E-04
    9  -15    0   6.688746349 -11.147910581   0.119673E-16   0.830801E-04
    9   15    0   6.688746349  11.147910581  -0.547005E-17   0.830801E-04
  -15    9    0 -11.147910581   6.688746349  -0.104569E-16  -0.830801E-04
   15    9    0  11.147910581   6.688746349  -0.190497E-16   0.830801E-04
   -9  -15    0  -6.688746349 -11.147910581  -0.547005E-17  -0.830801E-04
    5  -17    0   3.715970194 -12.634298658   0.117120E-16   0.468576E-02
  -17    5    0 -12.634298658   3.715970194   0.376654E-16   0.468576E-02
  -17   -5    0 -12.634298658  -3.715970194   0.483817E-16   0.468576E-02
    5   17    0   3.715970194  12.634298658  -0.637519E-16   0.468576E-02
   17    5    0  12.634298658   3.715970194   0.483817E-16  -0.468576E-02
   17   -5    0  12.634298658  -3.715970194   0.376654E-16  -0.468576E-02
   -5  -17    0  -3.715970194 -12.634298658  -0.637519E-16  -0.468576E-02
   -5   17    0  -3.715970194  12.634298658   0.117120E-16  -0.468576E-02
   -8   16    0  -5.945552310  11.891104620   0.106551E-01   0.622222E-16
  -16   -8    0 -11.891104620  -5.945552310   0.106551E-01  -0.173053E-15
    8   16    0   5.945552310  11.891104620   0.106551E-01   0.141864E-15
    8  -16    0   5.945552310 -11.891104620   0.106551E-01  -0.622222E-16
   -8  -16    0  -5.945552310 -11.891104620   0.106551E-01  -0.141864E-15
   16   -8    0  11.891104620  -5.945552310   0.106551E-01   0.619777E-16
   16    8    0  11.891104620   5.945552310   0.106551E-01   0.173053E-15
  -16    8    0 -11.891104620   5.945552310   0.106551E-01  -0.619777E-16
  -18    0    0 -13.377492697   0.000000000  -0.169049E-16  -0.177179E-17
   18    0    0  13.377492697  -0.000000000  -0.169049E-16   0.177179E-17
    0   18    0  -0.000000000  13.377492697  -0.153599E-16  -0.195751E-16
    0  -18    0   0.000000000 -13.377492697  -0.153599E-16   0.195751E-16
   -2  -18    0  -1.486388077 -13.377492697  -0.480644E-02   0.592140E-16
    2   18    0   1.486388077  13.377492697  -0.480644E-02  -0.592140E-16
    2  -18    0   1.486388077 -13.377492697  -0.480644E-02   0.572011E-16
  -18   -2    0 -13.377492697  -1.486388077  -0.480644E-02   0.601626E-16
   18   -2    0  13.377492697  -1.486388077  -0.480644E-02  -0.505613E-16
   18    2    0  13.377492697   1.486388077  -0.480644E-02  -0.601626E-16
  -18    2    0 -13.377492697   1.486388077  -0.480644E-02   0.505613E-16
   -2   18    0  -1.486388077  13.377492697  -0.480644E-02  -0.572011E-16
   13  -13    0   9.661522503  -9.661522503  -0.702021E-17   0.745787E-17
  -13   13    0  -9.661522503   9.661522503  -0.702021E-17  -0.745787E-17
   13   13    0   9.661522503   9.661522503   0.238880E-17   0.794874E-17
  -13  -13    0  -9.661522503  -9.661522503   0.238880E-17  -0.794874E-17
   -7  -17    0  -5.202358271 -12.634298658   0.354199E-17  -0.766698E-04
  -17   -7    0 -12.634298658  -5.202358271  -0.355954E-17  -0.766698E-04
   17   -7    0  12.634298658  -5.202358271   0.128321E-16   0.766698E-04
    7   17    0   5.202358271  12.634298658   0.354199E-17   0.766698E-04
   17    7    0  12.634298658   5.202358271  -0.355954E-17   0.766698E-04
   -7   17    0  -5.202358271  12.634298658  -0.114976E-16  -0.766698E-04
    7  -17    0   5.202358271 -12.634298658  -0.114976E-16   0.766698E-04
  -17    7    0 -12.634298658   5.202358271   0.128321E-16  -0.766698E-04
    4   18    0   2.972776155  13.377492697  -0.628967E-02  -0.758642E-16
   14  -12    0  10.404716542  -8.918328465   0.628967E-02  -0.256089E-16
   12   14    0   8.918328465  10.404716542  -0.628967E-02  -0.670385E-16
   18   -4    0  13.377492697  -2.972776155   0.628967E-02   0.527718E-16
   -4   18    0  -2.972776155  13.377492697  -0.628967E-02  -0.580091E-16
   14   12    0  10.404716542   8.918328465   0.628967E-02   0.995221E-16
  -14   12    0 -10.404716542   8.918328465   0.628967E-02   0.256089E-16
  -12   14    0  -8.918328465  10.404716542  -0.628967E-02  -0.740302E-17
  -12  -14    0  -8.918328465 -10.404716542  -0.628967E-02   0.670385E-16
   -4  -18    0  -2.972776155 -13.377492697  -0.628967E-02   0.758642E-16
   18    4    0  13.377492697   2.972776155   0.628967E-02   0.705302E-16
   12  -14    0   8.918328465 -10.404716542  -0.628967E-02   0.740302E-17
  -18   -4    0 -13.377492697  -2.972776155   0.628967E-02  -0.705302E-16
  -14  -12    0 -10.404716542  -8.918328465   0.628967E-02  -0.995221E-16
    4  -18    0   2.972776155 -13.377492697  -0.628967E-02   0.580091E-16
  -18    4    0 -13.377492697   2.972776155   0.628967E-02  -0.527718E-16
   15  -11    0  11.147910581  -8.175134426  -0.289556E-16   0.308539E-02
   11  -15    0   8.175134426 -11.147910581   0.197781E-16  -0.308539E-02
   15   11    0  11.147910581   8.175134426  -0.308287E-16   0.308539E-02
  -15  -11    0 -11.147910581  -8.175134426  -0.308287E-16  -0.308539E-02
  -15   11    0 -11.147910581   8.175134426  -0.289556E-16  -0.308539E-02
  -11   15    0  -8.175134426  11.147910581   0.197781E-16   0.308539E-02
  -11  -15    0  -8.175134426 -11.147910581   0.742305E-16   0.308539E-02
   11   15    0   8.175134426  11.147910581   0.742305E-16  -0.308539E-02
   16  -10    0  11.891104620  -7.431940387  -0.136697E-16   0.387909E-16
   10  -16    0   7.431940387 -11.891104620  -0.137171E-16  -0.900734E-17
  -10   16    0  -7.431940387  11.891104620  -0.137171E-16   0.900734E-17
  -10  -16    0  -7.431940387 -11.891104620  -0.288904E-17   0.196285E-16
   16   10    0  11.891104620   7.431940387  -0.790348E-17   0.128434E-16
   10   16    0   7.431940387  11.891104620  -0.288904E-17  -0.196285E-16
  -16  -10    0 -11.891104620  -7.431940387  -0.790348E-17  -0.128434E-16
  -16   10    0 -11.891104620   7.431940387  -0.136697E-16  -0.387909E-16
  -18   -6    0 -13.377492697  -4.459164232  -0.113576E-03  -0.315269E-16
    6   18    0   4.459164232  13.377492697  -0.113576E-03   0.501644E-17
   18   -6    0  13.377492697  -4.459164232  -0.113576E-03   0.116220E-16
   -6   18    0  -4.459164232  13.377492697  -0.113576E-03   0.146055E-17
   18    6    0  13.377492697   4.459164232  -0.113576E-03   0.315269E-16
   -6  -18    0  -4.459164232 -13.377492697  -0.113576E-03  -0.501644E-17
  -18    6    0 -13.377492697   4.459164232  -0.113576E-03  -0.116220E-16
    6  -18    0   4.459164232 -13.377492697  -0.113576E-03  -0.146055E-17
    1  -19    0   0.743194039 -14.120686736  -0.199702E-17  -0.302003E-02
  -19   -1    0 -14.120686736  -0.743194039   0.328845E-16   0.302003E-02
   19    1    0  14.120686736   0.743194039   0.328845E-16  -0.302003E-02
    1   19    0   0.743194039  14.120686736   0.158354E-16  -0.302003E-02
   19   -1    0  14.120686736  -0.743194039   0.481202E-16  -0.302003E-02
  -19    1    0 -14.120686736   0.743194039   0.481202E-16   0.302003E-02
   -1  -19    0  -0.743194039 -14.120686736   0.158354E-16   0.302003E-02
   -1   19    0  -0.743194039  14.120686736  -0.199702E-17   0.302003E-02
    9  -17    0   6.688746349 -12.634298658   0.177556E-16  -0.121488E-02
   -9   17    0  -6.688746349  12.634298658   0.177556E-16   0.121488E-02
  -17   -9    0 -12.634298658  -6.688746349  -0.166212E-16  -0.121488E-02
    9   17    0   6.688746349  12.634298658  -0.583146E-20  -0.121488E-02
   17    9    0  12.634298658   6.688746349  -0.166212E-16   0.121488E-02
  -17    9    0 -12.634298658   6.688746349   0.703844E-17  -0.121488E-02
   17   -9    0  12.634298658  -6.688746349   0.703844E-17   0.121488E-02
   -9  -17    0  -6.688746349 -12.634298658  -0.583146E-20   0.121488E-02
    3   19    0   2.229582116  14.120686736  -0.178343E-16   0.124997E-02
  -19   -3    0 -14.120686736  -2.229582116   0.132959E-16   0.124997E-02
  -19    3    0 -14.120686736   2.229582116   0.284509E-17   0.124997E-02
   19    3    0  14.120686736   2.229582116   0.132959E-16  -0.124997E-02
    3  -19    0   2.229582116 -14.120686736   0.216401E-16   0.124997E-02
   19   -3    0  14.120686736  -2.229582116   0.284509E-17  -0.124997E-02
   -3   19    0  -2.229582116  14.120686736   0.216401E-16  -0.124997E-02
   -3  -19    0  -2.229582116 -14.120686736  -0.178343E-16  -0.124997E-02
    5   19    0   3.715970194  14.120686736  -0.486715E-18   0.687240E-04
   19   -5    0  14.120686736  -3.715970194   0.164326E-16   0.687240E-04
   19    5    0  14.120686736   3.715970194  -0.734429E-17   0.687240E-04
   -5  -19    0  -3.715970194 -14.120686736  -0.486715E-18  -0.687240E-04
  -19   -5    0 -14.120686736  -3.715970194  -0.734429E-17  -0.687240E-04
  -19    5    0 -14.120686736   3.715970194   0.164326E-16  -0.687240E-04
   -5   19    0  -3.715970194  14.120686736  -0.129723E-16  -0.687240E-04
    5  -19    0   3.715970194 -14.120686736  -0.129723E-16   0.687240E-04
   -8  -18    0  -5.945552310 -13.377492697  -0.406021E-18   0.130924E-16
  -18    8    0 -13.377492697   5.945552310  -0.175118E-16   0.504795E-17
   18    8    0  13.377492697   5.945552310  -0.174661E-16  -0.164446E-16
    8  -18    0   5.945552310 -13.377492697  -0.691523E-17   0.331351E-16
  -18   -8    0 -13.377492697  -5.945552310  -0.174661E-16   0.164446E-16
   18   -8    0  13.377492697  -5.945552310  -0.175118E-16  -0.504795E-17
    8   18    0   5.945552310  13.377492697  -0.406021E-18  -0.130924E-16
   -8   18    0  -5.945552310  13.377492697  -0.691523E-17  -0.331351E-16
  -14   14    0 -10.404716542  10.404716542  -0.207283E-02  -0.141728E-16
  -14  -14    0 -10.404716542 -10.404716542  -0.207283E-02   0.170433E-16
   14  -14    0  10.404716542 -10.404716542  -0.207283E-02   0.141728E-16
   14   14    0  10.404716542  10.404716542  -0.207283E-02  -0.170433E-16
   15   13    0  11.147910581   9.661522503  -0.584128E-16   0.276726E-02
  -13  -15    0  -9.661522503 -11.147910581  -0.539676E-16  -0.276726E-02
  -13   15    0  -9.661522503  11.147910581  -0.152795E-16  -0.276726E-02
  -15   13    0 -11.147910581   9.661522503  -0.285166E-16  -0.276726E-02
   13   15    0   9.661522503  11.147910581  -0.539676E-16   0.276726E-02
   13  -15    0   9.661522503 -11.147910581  -0.152795E-16   0.276726E-02
  -15  -13    0 -11.147910581  -9.661522503  -0.584128E-16  -0.276726E-02
   15  -13    0  11.147910581  -9.661522503  -0.285166E-16   0.276726E-02
    0  -20    0   0.000000000 -14.863880775   0.135103E-02  -0.957450E-17
    0   20    0  -0.000000000  14.863880775   0.135103E-02   0.957450E-17
   20    0    0  14.863880775  -0.000000000   0.135103E-02   0.469559E-17
  -20    0    0 -14.863880775   0.000000000   0.135103E-02  -0.469559E-17
   12   16    0   8.918328465  11.891104620   0.152435E-02   0.106400E-16
  -12  -16    0  -8.918328465 -11.891104620   0.152435E-02  -0.106400E-16
  -16  -12    0 -11.891104620  -8.918328465   0.152435E-02  -0.209215E-16
  -12   16    0  -8.918328465  11.891104620   0.152435E-02   0.383235E-16
   16  -12    0  11.891104620  -8.918328465   0.152435E-02   0.153279E-16
   12  -16    0   8.918328465 -11.891104620   0.152435E-02  -0.383235E-16
  -16   12    0 -11.891104620   8.918328465   0.152435E-02  -0.153279E-16
   16   12    0  11.891104620   8.918328465   0.152435E-02   0.209215E-16
    2  -20    0   1.486388077 -14.863880775   0.550486E-02  -0.816331E-16
   20    2    0  14.863880775   1.486388077  -0.550486E-02  -0.573722E-16
  -20    2    0 -14.863880775   1.486388077  -0.550486E-02   0.700222E-16
   20   -2    0  14.863880775  -1.486388077  -0.550486E-02  -0.700222E-16
  -20   -2    0 -14.863880775  -1.486388077  -0.550486E-02   0.573722E-16
   -2   20    0  -1.486388077  14.863880775   0.550486E-02   0.816331E-16
    2   20    0   1.486388077  14.863880775   0.550486E-02   0.857154E-16
   -2  -20    0  -1.486388077 -14.863880775   0.550486E-02  -0.857154E-16
    7   19    0   5.202358271  14.120686736  -0.351704E-16   0.381544E-02
   17   11    0  12.634298658   8.175134426   0.783496E-16  -0.501045E-02
  -17   11    0 -12.634298658   8.175134426   0.284336E-16   0.501045E-02
  -11   17    0  -8.175134426  12.634298658   0.442763E-17   0.501045E-02
  -11  -17    0  -8.175134426 -12.634298658   0.107288E-15   0.501045E-02
  -17  -11    0 -12.634298658  -8.175134426   0.783496E-16   0.501045E-02
  -19   -7    0 -14.120686736  -5.202358271   0.648473E-16   0.381544E-02
   -7  -19    0  -5.202358271 -14.120686736  -0.351704E-16  -0.381544E-02
    7  -19    0   5.202358271 -14.120686736   0.164881E-16   0.381544E-02
   -7   19    0  -5.202358271  14.120686736   0.164881E-16  -0.381544E-02
   11  -17    0   8.175134426 -12.634298658   0.442763E-17  -0.501045E-02
  -19    7    0 -14.120686736   5.202358271   0.298872E-16   0.381544E-02
   19    7    0  14.120686736   5.202358271   0.648473E-16  -0.381544E-02
   11   17    0   8.175134426  12.634298658   0.107288E-15  -0.501045E-02
   17  -11    0  12.634298658  -8.175134426   0.284336E-16  -0.501045E-02
   19   -7    0  14.120686736  -5.202358271   0.298872E-16  -0.381544E-02
   20   -4    0  14.863880775  -2.972776155  -0.201214E-02  -0.368523E-16
    4  -20    0   2.972776155 -14.863880775  -0.201214E-02   0.388009E-17
   -4   20    0  -2.972776155  14.863880775  -0.201214E-02  -0.388009E-17
   -4  -20    0  -2.972776155 -14.863880775  -0.201214E-02   0.411560E-17
    4   20    0   2.972776155  14.863880775  -0.201214E-02  -0.411560E-17
   20    4    0  14.863880775   2.972776155  -0.201214E-02  -0.337075E-16
  -20    4    0 -14.863880775   2.972776155  -0.201214E-02   0.368523E-16
  -20   -4    0 -14.863880775  -2.972776155  -0.201214E-02   0.337075E-16
  -10   18    0  -7.431940387  13.377492697  -0.386776E-02  -0.369302E-16
   10  -18    0   7.431940387 -13.377492697  -0.386776E-02   0.369302E-16
   10   18    0   7.431940387  13.377492697  -0.386776E-02  -0.593397E-16
  -18  -10    0 -13.377492697  -7.431940387  -0.386776E-02   0.588789E-16
   18   10    0  13.377492697   7.431940387  -0.386776E-02  -0.588789E-16
  -10  -18    0  -7.431940387 -13.377492697  -0.386776E-02   0.593397E-16
   18  -10    0  13.377492697  -7.431940387  -0.386776E-02  -0.135578E-16
  -18   10    0 -13.377492697   7.431940387  -0.386776E-02   0.135578E-16
  -20    6    0 -14.863880775   4.459164232  -0.518716E-02   0.567497E-16
   -6  -20    0  -4.459164232 -14.863880775   0.518716E-02  -0.780042E-16
    6  -20    0   4.459164232 -14.863880775   0.518716E-02  -0.724508E-16
    6   20    0   4.459164232  14.863880775   0.518716E-02   0.780042E-16
   20   -6    0  14.863880775  -4.459164232  -0.518716E-02  -0.567497E-16
   20    6    0  14.863880775   4.459164232  -0.518716E-02  -0.620748E-16
  -20   -6    0 -14.863880775  -4.459164232  -0.518716E-02   0.620748E-16
   -6   20    0  -4.459164232  14.863880775   0.518716E-02   0.724508E-16
   19   -9    0  14.120686736  -6.688746349   0.473992E-16  -0.471946E-02
   19    9    0  14.120686736   6.688746349   0.719642E-16  -0.471946E-02
    9   19    0   6.688746349  14.120686736   0.953030E-16  -0.471946E-02
  -19   -9    0 -14.120686736  -6.688746349   0.719642E-16   0.471946E-02
    9  -19    0   6.688746349 -14.120686736  -0.180796E-16  -0.471946E-02
   -9   19    0  -6.688746349  14.120686736  -0.180796E-16   0.471946E-02
  -19    9    0 -14.120686736   6.688746349   0.473992E-16   0.471946E-02
   -9  -19    0  -6.688746349 -14.120686736   0.953030E-16   0.471946E-02
   15  -15    0  11.147910581 -11.147910581  -0.205727E-16   0.520212E-17
   15   15    0  11.147910581  11.147910581  -0.102315E-17  -0.154105E-16
  -15   15    0 -11.147910581  11.147910581  -0.205727E-16  -0.520212E-17
  -15  -15    0 -11.147910581 -11.147910581  -0.102315E-17   0.154105E-16
   16  -14    0  11.891104620 -10.404716542   0.120574E-16   0.317228E-16
   14   16    0  10.404716542  11.891104620   0.871329E-17  -0.519045E-17
  -14  -16    0 -10.404716542 -11.891104620   0.871329E-17   0.519045E-17
  -16  -14    0 -11.891104620 -10.404716542   0.757488E-17  -0.361869E-17
   14  -16    0  10.404716542 -11.891104620  -0.480770E-18   0.169683E-17
  -16   14    0 -11.891104620  10.404716542   0.120574E-16  -0.317228E-16
  -14   16    0 -10.404716542  11.891104620  -0.480770E-18  -0.169683E-17
   16   14    0  11.891104620  10.404716542   0.757488E-17   0.361869E-17
  -13   17    0  -9.661522503  12.634298658  -0.161913E-16  -0.455907E-02
   13  -17    0   9.661522503 -12.634298658  -0.161913E-16   0.455907E-02
   17   13    0  12.634298658   9.661522503   0.727956E-16  -0.455907E-02
   13   17    0   9.661522503  12.634298658  -0.106450E-15   0.455907E-02
  -13  -17    0  -9.661522503 -12.634298658  -0.106450E-15  -0.455907E-02
   17  -13    0  12.634298658  -9.661522503   0.242513E-16  -0.455907E-02
  -17  -13    0 -12.634298658  -9.661522503   0.727956E-16   0.455907E-02
  -17   13    0 -12.634298658   9.661522503   0.242513E-16   0.455907E-02
   -8   20    0  -5.945552310  14.863880775   0.311537E-02   0.136725E-16
    8  -20    0   5.945552310 -14.863880775   0.311537E-02  -0.136725E-16
   -8  -20    0  -5.945552310 -14.863880775   0.311537E-02  -0.483581E-16
    8   20    0   5.945552310  14.863880775   0.311537E-02   0.483581E-16
  -20    8    0 -14.863880775   5.945552310   0.311537E-02  -0.192259E-16
  -20   -8    0 -14.863880775  -5.945552310   0.311537E-02  -0.439399E-16
   20   -8    0  14.863880775  -5.945552310   0.311537E-02   0.192259E-16
   20    8    0  14.863880775   5.945552310   0.311537E-02   0.439399E-16
   18   12    0  13.377492697   8.918328465   0.490709E-02   0.933680E-16
  -18   12    0 -13.377492697   8.918328465   0.490709E-02  -0.110392E-16
  -18  -12    0 -13.377492697  -8.918328465   0.490709E-02  -0.933680E-16
  -12  -18    0  -8.918328465 -13.377492697  -0.490709E-02   0.649475E-16
   18  -12    0  13.377492697  -8.918328465   0.490709E-02   0.110392E-16
   12  -18    0   8.918328465 -13.377492697  -0.490709E-02   0.230124E-16
  -12   18    0  -8.918328465  13.377492697  -0.490709E-02  -0.230124E-16
   12   18    0   8.918328465  13.377492697  -0.490709E-02  -0.649475E-16
  -19   11    0 -14.120686736   8.175134426  -0.132225E-16  -0.971211E-03
   11   19    0   8.175134426  14.120686736   0.145032E-16  -0.971211E-03
  -11   19    0  -8.175134426  14.120686736   0.137747E-16   0.971211E-03
   19  -11    0  14.120686736  -8.175134426  -0.132225E-16   0.971211E-03
   11  -19    0   8.175134426 -14.120686736   0.137747E-16  -0.971211E-03
   19   11    0  14.120686736   8.175134426  -0.197849E-16   0.971211E-03
  -11  -19    0  -8.175134426 -14.120686736   0.145032E-16   0.971211E-03
  -19  -11    0 -14.120686736  -8.175134426  -0.197849E-16  -0.971211E-03
  -20  -10    0 -14.863880775  -7.431940387  -0.465814E-02   0.769397E-16
   10  -20    0   7.431940387 -14.863880775   0.465814E-02  -0.191691E-16
  -10   20    0  -7.431940387  14.863880775   0.465814E-02   0.191691E-16
  -20   10    0 -14.863880775   7.431940387  -0.465814E-02   0.273231E-16
   20   10    0  14.863880775   7.431940387  -0.465814E-02  -0.769397E-16
   20  -10    0  14.863880775  -7.431940387  -0.465814E-02  -0.273231E-16
   10   20    0   7.431940387  14.863880775   0.465814E-02   0.792820E-16
  -10  -20    0  -7.431940387 -14.863880775   0.465814E-02  -0.792820E-16
   16   16    0  11.891104620  11.891104620   0.733378E-02   0.107592E-15
  -16   16    0 -11.891104620  11.891104620   0.733378E-02   0.477789E-17
   16  -16    0  11.891104620 -11.891104620   0.733378E-02  -0.477789E-17
  -16  -16    0 -11.891104620 -11.891104620   0.733378E-02  -0.107592E-15
   17   15    0  12.634298658  11.147910581  -0.595181E-17   0.889543E-03
  -17  -15    0 -12.634298658 -11.147910581  -0.595181E-17  -0.889543E-03
   15  -17    0  11.147910581 -12.634298658  -0.215023E-16   0.889543E-03
  -15   17    0 -11.147910581  12.634298658  -0.215023E-16  -0.889543E-03
  -17   15    0 -12.634298658  11.147910581   0.139063E-16  -0.889543E-03
   15   17    0  11.147910581  12.634298658  -0.284490E-16   0.889543E-03
  -15  -17    0 -11.147910581 -12.634298658  -0.284490E-16  -0.889543E-03
   17  -15    0  12.634298658 -11.147910581   0.139063E-16   0.889543E-03
   18   14    0  13.377492697  10.404716542  -0.337075E-02  -0.697253E-16
   14   18    0  10.404716542  13.377492697  -0.337075E-02  -0.592357E-16
  -18  -14    0 -13.377492697 -10.404716542  -0.337075E-02   0.697253E-16
  -18   14    0 -13.377492697  10.404716542  -0.337075E-02   0.165317E-17
  -14   18    0 -10.404716542  13.377492697  -0.337075E-02  -0.251204E-16
   14  -18    0  10.404716542 -13.377492697  -0.337075E-02   0.251204E-16
   18  -14    0  13.377492697 -10.404716542  -0.337075E-02  -0.165317E-17
  -14  -18    0 -10.404716542 -13.377492697  -0.337075E-02   0.592357E-16
  -19   13    0 -14.120686736   9.661522503   0.138073E-16  -0.865956E-03
   19   13    0  14.120686736   9.661522503  -0.323920E-16   0.865956E-03
   13  -19    0   9.661522503 -14.120686736  -0.885436E-17   0.865956E-03
  -19  -13    0 -14.120686736  -9.661522503  -0.323920E-16  -0.865956E-03
   13   19    0   9.661522503  14.120686736   0.134021E-17   0.865956E-03
   19  -13    0  14.120686736  -9.661522503   0.138073E-16   0.865956E-03
  -13  -19    0  -9.661522503 -14.120686736   0.134021E-17  -0.865956E-03
  -13   19    0  -9.661522503  14.120686736  -0.885436E-17  -0.865956E-03
  -20   12    0 -14.863880775   8.918328465  -0.327030E-02   0.407496E-16
   20   12    0  14.863880775   8.918328465  -0.327030E-02  -0.819106E-16
  -20  -12    0 -14.863880775  -8.918328465  -0.327030E-02   0.819106E-16
   20  -12    0  14.863880775  -8.918328465  -0.327030E-02  -0.407496E-16
  -12   20    0  -8.918328465  14.863880775  -0.327030E-02  -0.507762E-17
   12  -20    0   8.918328465 -14.863880775  -0.327030E-02   0.507762E-17
   12   20    0   8.918328465  14.863880775  -0.327030E-02  -0.397758E-16
  -12  -20    0  -8.918328465 -14.863880775  -0.327030E-02   0.397758E-16
   17   17    0  12.634298658  12.634298658  -0.634406E-17  -0.113476E-16
  -17  -17    0 -12.634298658 -12.634298658  -0.634406E-17   0.113476E-16
  -17   17    0 -12.634298658  12.634298658   0.146503E-16   0.595351E-17
   17  -17    0  12.634298658 -12.634298658   0.146503E-16  -0.595351E-17
  -18  -16    0 -13.377492697 -11.891104620  -0.893264E-18   0.105655E-17
   18   16    0  13.377492697  11.891104620  -0.893264E-18  -0.105655E-17
   16   18    0  11.891104620  13.377492697  -0.331917E-17   0.142171E-16
  -16  -18    0 -11.891104620 -13.377492697  -0.331917E-17  -0.142171E-16
  -18   16    0 -13.377492697  11.891104620  -0.993580E-17   0.449307E-17
   18  -16    0  13.377492697 -11.891104620  -0.993580E-17  -0.449307E-17
   16  -18    0  11.891104620 -13.377492697   0.269474E-17   0.290483E-16
  -16   18    0 -11.891104620  13.377492697   0.269474E-17  -0.290483E-16
  -15  -19    0 -11.147910581 -14.120686736  -0.106083E-15  -0.373417E-02
   19   15    0  14.120686736  11.147910581   0.713629E-16  -0.373417E-02
   15   19    0  11.147910581  14.120686736  -0.106083E-15   0.373417E-02
   15  -19    0  11.147910581 -14.120686736  -0.118590E-16   0.373417E-02
  -15   19    0 -11.147910581  14.120686736  -0.118590E-16  -0.373417E-02
  -19   15    0 -14.120686736  11.147910581   0.226605E-16   0.373417E-02
  -19  -15    0 -14.120686736 -11.147910581   0.713629E-16   0.373417E-02
   19  -15    0  14.120686736 -11.147910581   0.226605E-16  -0.373417E-02
  -14  -20    0 -10.404716542 -14.863880775   0.405199E-02  -0.742883E-16
   20  -14    0  14.863880775 -10.404716542  -0.405199E-02  -0.153112E-16
  -20  -14    0 -14.863880775 -10.404716542  -0.405199E-02   0.782861E-16
  -14   20    0 -10.404716542  14.863880775   0.405199E-02   0.191242E-16
   14   20    0  10.404716542  14.863880775   0.405199E-02   0.742883E-16
   14  -20    0  10.404716542 -14.863880775   0.405199E-02  -0.191242E-16
  -20   14    0 -14.863880775  10.404716542  -0.405199E-02   0.153112E-16
   20   14    0  14.863880775  10.404716542  -0.405199E-02  -0.782861E-16
  -18  -18    0 -13.377492697 -13.377492697  -0.154325E-03  -0.126431E-16
   18   18    0  13.377492697  13.377492697  -0.154325E-03   0.126431E-16
   18  -18    0  13.377492697 -13.377492697  -0.154325E-03   0.153402E-16
  -18   18    0 -13.377492697  13.377492697  -0.154325E-03  -0.153402E-16
  -19  -17    0 -14.120686736 -12.634298658   0.495104E-16   0.260726E-02
   19  -17    0  14.120686736 -12.634298658   0.179701E-16  -0.260726E-02
   19   17    0  14.120686736  12.634298658   0.495104E-16  -0.260726E-02
  -19   17    0 -14.120686736  12.634298658   0.179701E-16   0.260726E-02
  -17   19    0 -12.634298658  14.120686736   0.144481E-17   0.260726E-02
   17   19    0  12.634298658  14.120686736   0.498491E-16  -0.260726E-02
   17  -19    0  12.634298658 -14.120686736   0.144481E-17  -0.260726E-02
  -17  -19    0 -12.634298658 -14.120686736   0.498491E-16   0.260726E-02
   20   16    0  14.863880775  11.891104620   0.231065E-02   0.587795E-16
  -20  -16    0 -14.863880775 -11.891104620   0.231065E-02  -0.587795E-16
  -16   20    0 -11.891104620  14.863880775   0.231065E-02  -0.211382E-16
   16  -20    0  11.891104620 -14.863880775   0.231065E-02   0.211382E-16
  -20   16    0 -14.863880775  11.891104620   0.231065E-02   0.807524E-17
   20  -16    0  14.863880775 -11.891104620   0.231065E-02  -0.807524E-17
  -16  -20    0 -11.891104620 -14.863880775   0.231065E-02  -0.339750E-16
   16   20    0  11.891104620  14.863880775   0.231065E-02   0.339750E-16
  -19   19    0 -14.120686736  14.120686736   0.860585E-17  -0.910955E-17
   19  -19    0  14.120686736 -14.120686736   0.860585E-17   0.910955E-17
   19   19    0  14.120686736  14.120686736  -0.576445E-17  -0.308991E-17
  -19  -19    0 -14.120686736 -14.120686736  -0.576445E-17   0.308991E-17
   20   18    0  14.863880775  13.377492697  -0.346407E-02  -0.641620E-16
  -20   18    0 -14.863880775  13.377492697  -0.346407E-02   0.172627E-16
  -18  -20    0 -13.377492697 -14.863880775   0.346407E-02  -0.669587E-16
   18   20    0  13.377492697  14.863880775   0.346407E-02   0.669587E-16
  -20  -18    0 -14.863880775 -13.377492697  -0.346407E-02   0.641620E-16
   20  -18    0  14.863880775 -13.377492697  -0.346407E-02  -0.172627E-16
  -18   20    0 -13.377492697  14.863880775   0.346407E-02   0.488720E-17
   18  -20    0  13.377492697 -14.863880775   0.346407E-02  -0.488720E-17
  -20   20    0 -14.863880775  14.863880775  -0.118387E-02   0.255498E-16
   20  -20    0  14.863880775 -14.863880775  -0.118387E-02  -0.255498E-16
  -20  -20    0 -14.863880775 -14.863880775  -0.118387E-02   0.240529E-16
   20   20    0  14.863880775  14.863880775  -0.118387E-02  -0.240529E-16
