    0    0    0   0.000000000   0.000000000   0.355849E-18   0.222251E-04
    0    1    0  -0.000000000   0.426499128   0.316354E-04  -0.705556E-17
   -1    0    0  -0.426499128   0.000000000   0.316354E-04  -0.224448E-20
    1    0    0   0.426499128  -0.000000000   0.316354E-04   0.286648E-18
    0   -1    0   0.000000000  -0.426499128   0.316354E-04   0.733997E-17
    1   -1    0   0.426499128  -0.426499128   0.271808E-17  -0.131144E-02
   -1    1    0  -0.426499128   0.426499128   0.249690E-17   0.133668E-02
    1    1    0   0.426499128   0.426499128   0.227791E-17  -0.131144E-02
   -1   -1    0  -0.426499128  -0.426499128   0.205673E-17   0.133668E-02
   -2    0    0  -0.852998257   0.000000000  -0.536685E-16  -0.619559E-05
    0    2    0  -0.000000000   0.852998257  -0.259517E-16  -0.619559E-05
    2    0    0   0.852998257  -0.000000000  -0.536685E-16  -0.619559E-05
    0   -2    0   0.000000000  -0.852998257  -0.259517E-16  -0.619559E-05
    2   -1    0   0.852998257  -0.426499128  -0.286706E-02  -0.193406E-16
    1   -2    0   0.426499128  -0.852998257   0.209318E-04   0.288799E-02
   -1   -2    0  -0.426499128  -0.852998257   0.209318E-04   0.288799E-02
   -2    1    0  -0.852998257   0.426499128  -0.286706E-02   0.197422E-16
   -2   -1    0  -0.852998257  -0.426499128   0.290893E-02   0.623727E-17
    1    2    0   0.426499128   0.852998257  -0.209318E-04  -0.288799E-02
    2    1    0   0.852998257   0.426499128   0.290893E-02  -0.583567E-17
   -1    2    0  -0.426499128   0.852998257  -0.209318E-04  -0.288799E-02
    2    2    0   0.852998257   0.852998257  -0.306944E-02  -0.913595E-04
   -2   -2    0  -0.852998257  -0.852998257  -0.306944E-02  -0.913595E-04
    2   -2    0   0.852998257  -0.852998257  -0.306944E-02  -0.913595E-04
   -2    2    0  -0.852998257   0.852998257  -0.306944E-02  -0.913595E-04
    0   -3    0   0.000000000  -1.279497385   0.105065E-04  -0.143024E-16
    0    3    0  -0.000000000   1.279497385   0.105065E-04   0.125341E-16
   -3    0    0  -1.279497385   0.000000000   0.105065E-04  -0.186567E-16
    3    0    0   1.279497385  -0.000000000   0.105065E-04   0.168884E-16
   -1    3    0  -0.426499128   1.279497385  -0.131414E-04  -0.122003E-01
   -3   -1    0  -1.279497385  -0.426499128   0.131414E-04   0.122003E-01
    3   -1    0   1.279497385  -0.426499128  -0.131414E-04  -0.122003E-01
    1    3    0   0.426499128   1.279497385   0.131414E-04   0.122003E-01
    1   -3    0   0.426499128  -1.279497385   0.131414E-04   0.122003E-01
   -1   -3    0  -0.426499128  -1.279497385  -0.131414E-04  -0.122003E-01
    3    1    0   1.279497385   0.426499128  -0.131414E-04  -0.122003E-01
   -3    1    0  -1.279497385   0.426499128   0.131414E-04   0.122003E-01
   -3    2    0  -1.279497385   0.852998257   0.146999E-16  -0.538780E-02
    3    2    0   1.279497385   0.852998257   0.247584E-16  -0.538780E-02
   -2   -3    0  -0.852998257  -1.279497385  -0.537239E-02  -0.154070E-04
   -3   -2    0  -1.279497385  -0.852998257   0.246545E-16   0.535698E-02
    2   -3    0   0.852998257  -1.279497385   0.537239E-02  -0.154070E-04
   -2    3    0  -0.852998257   1.279497385   0.537239E-02  -0.154070E-04
    3   -2    0   1.279497385  -0.852998257   0.145961E-16   0.535698E-02
    2    3    0   0.852998257   1.279497385  -0.537239E-02  -0.154070E-04
    0    4    0  -0.000000000   1.705996513  -0.236766E-01  -0.592484E-04
    0   -4    0   0.000000000  -1.705996513  -0.236766E-01  -0.592484E-04
   -4    0    0  -1.705996513   0.000000000  -0.236766E-01  -0.592484E-04
    4    0    0   1.705996513  -0.000000000  -0.236766E-01  -0.592484E-04
   -1    4    0  -0.426499128   1.705996513   0.130292E-16  -0.223268E-02
   -4   -1    0  -1.705996513  -0.426499128  -0.225234E-02   0.196625E-04
    4    1    0   1.705996513   0.426499128  -0.225234E-02   0.196625E-04
    1    4    0   0.426499128   1.705996513   0.105516E-17  -0.223268E-02
   -1   -4    0  -0.426499128  -1.705996513  -0.475926E-19   0.227200E-02
   -4    1    0  -1.705996513   0.426499128   0.225234E-02   0.196625E-04
    1   -4    0   0.426499128  -1.705996513   0.119264E-16   0.227200E-02
    4   -1    0   1.705996513  -0.426499128   0.225234E-02   0.196625E-04
    3   -3    0   1.279497385  -1.279497385   0.512402E-05   0.122853E-01
    3    3    0   1.279497385   1.279497385   0.512402E-05   0.122853E-01
   -3   -3    0  -1.279497385  -1.279497385  -0.512402E-05  -0.122853E-01
   -3    3    0  -1.279497385   1.279497385  -0.512402E-05  -0.122853E-01
   -4   -2    0  -1.705996513  -0.852998257   0.119589E-01   0.207361E-04
    4   -2    0   1.705996513  -0.852998257   0.119589E-01   0.207361E-04
   -2    4    0  -0.852998257   1.705996513  -0.119589E-01   0.207361E-04
    4    2    0   1.705996513   0.852998257   0.119589E-01   0.207361E-04
   -4    2    0  -1.705996513   0.852998257   0.119589E-01   0.207361E-04
    2   -4    0   0.852998257  -1.705996513  -0.119589E-01   0.207361E-04
   -2   -4    0  -0.852998257  -1.705996513  -0.119589E-01   0.207361E-04
    2    4    0   0.852998257   1.705996513  -0.119589E-01   0.207361E-04
    4    3    0   1.705996513   1.279497385  -0.984294E-02   0.270874E-04
   -3    4    0  -1.279497385   1.705996513   0.337530E-16   0.987003E-02
    0    5    0  -0.000000000   2.132495641   0.417372E-04  -0.277506E-17
    3    4    0   1.279497385   1.705996513   0.476458E-17   0.987003E-02
    4   -3    0   1.705996513  -1.279497385   0.984294E-02   0.270874E-04
   -3   -4    0  -1.279497385  -1.705996513   0.512992E-17  -0.981585E-02
    5    0    0   2.132495641  -0.000000000   0.417372E-04   0.308172E-17
   -4   -3    0  -1.705996513  -1.279497385  -0.984294E-02   0.270874E-04
   -4    3    0  -1.705996513   1.279497385   0.984294E-02   0.270874E-04
   -5    0    0  -2.132495641   0.000000000   0.417372E-04  -0.283434E-17
    3   -4    0   1.279497385  -1.705996513   0.341184E-16  -0.981585E-02
    0   -5    0   0.000000000  -2.132495641   0.417372E-04   0.302244E-17
    1   -5    0   0.426499128  -2.132495641   0.101075E-03  -0.263340E-01
    5   -1    0   2.132495641  -0.426499128   0.101075E-03  -0.263340E-01
   -1    5    0  -0.426499128   2.132495641  -0.101075E-03   0.263340E-01
   -1   -5    0  -0.426499128  -2.132495641  -0.101075E-03   0.263340E-01
    1    5    0   0.426499128   2.132495641   0.101075E-03  -0.263340E-01
    5    1    0   2.132495641   0.426499128   0.101075E-03  -0.263340E-01
   -5    1    0  -2.132495641   0.426499128  -0.101075E-03   0.263340E-01
   -5   -1    0  -2.132495641  -0.426499128  -0.101075E-03   0.263340E-01
   -2   -5    0  -0.852998257  -2.132495641   0.171549E-01   0.627943E-04
   -5    2    0  -2.132495641   0.852998257  -0.609352E-16  -0.170921E-01
    5   -2    0   2.132495641  -0.852998257  -0.602760E-16   0.172177E-01
    2    5    0   0.852998257   2.132495641   0.171549E-01   0.627943E-04
    5    2    0   2.132495641   0.852998257   0.493728E-16  -0.170921E-01
   -2    5    0  -0.852998257   2.132495641  -0.171549E-01   0.627943E-04
    2   -5    0   0.852998257  -2.132495641  -0.171549E-01   0.627943E-04
   -5   -2    0  -2.132495641  -0.852998257   0.500321E-16   0.172177E-01
    4    4    0   1.705996513   1.705996513   0.178315E-01   0.100775E-03
    4   -4    0   1.705996513  -1.705996513   0.178315E-01   0.100775E-03
   -4   -4    0  -1.705996513  -1.705996513   0.178315E-01   0.100775E-03
   -4    4    0  -1.705996513   1.705996513   0.178315E-01   0.100775E-03
   -3    5    0  -1.279497385   2.132495641  -0.309429E-05   0.759803E-03
    5    3    0   2.132495641   1.279497385  -0.309429E-05   0.759803E-03
   -5   -3    0  -2.132495641  -1.279497385   0.309429E-05  -0.759803E-03
    3   -5    0   1.279497385  -2.132495641   0.309429E-05  -0.759803E-03
    5   -3    0   2.132495641  -1.279497385  -0.309429E-05   0.759803E-03
   -3   -5    0  -1.279497385  -2.132495641  -0.309429E-05   0.759803E-03
   -5    3    0  -2.132495641   1.279497385   0.309429E-05  -0.759803E-03
    3    5    0   1.279497385   2.132495641   0.309429E-05  -0.759803E-03
    6    0    0   2.558994770  -0.000000000  -0.286572E-16  -0.235600E-05
    0    6    0  -0.000000000   2.558994770  -0.941906E-17  -0.235600E-05
    0   -6    0   0.000000000  -2.558994770  -0.941906E-17  -0.235600E-05
   -6    0    0  -2.558994770   0.000000000  -0.286572E-16  -0.235600E-05
    1    6    0   0.426499128   2.558994770  -0.786998E-05   0.342563E-03
   -6   -1    0  -2.558994770  -0.426499128  -0.350433E-03  -0.492046E-16
   -1    6    0  -0.426499128   2.558994770  -0.786998E-05   0.342563E-03
   -1   -6    0  -0.426499128  -2.558994770   0.786998E-05  -0.342563E-03
   -6    1    0  -2.558994770   0.426499128   0.334693E-03  -0.848920E-16
    6   -1    0   2.558994770  -0.426499128   0.334693E-03   0.848608E-16
    6    1    0   2.558994770   0.426499128  -0.350433E-03   0.491733E-16
    1   -6    0   0.426499128  -2.558994770   0.786998E-05  -0.342563E-03
   -2   -6    0  -0.852998257  -2.558994770   0.382615E-02  -0.349138E-05
    2    6    0   0.852998257   2.558994770   0.382615E-02  -0.349138E-05
    6    2    0   2.558994770   0.852998257   0.382615E-02  -0.349138E-05
    6   -2    0   2.558994770  -0.852998257   0.382615E-02  -0.349138E-05
   -6   -2    0  -2.558994770  -0.852998257   0.382615E-02  -0.349138E-05
   -2    6    0  -0.852998257   2.558994770   0.382615E-02  -0.349138E-05
    2   -6    0   0.852998257  -2.558994770   0.382615E-02  -0.349138E-05
   -6    2    0  -2.558994770   0.852998257   0.382615E-02  -0.349138E-05
    4   -5    0   1.705996513  -2.132495641  -0.330646E-02  -0.424636E-04
    5    4    0   2.132495641   1.705996513  -0.300016E-16   0.326399E-02
   -4   -5    0  -1.705996513  -2.132495641   0.330646E-02  -0.424636E-04
   -4    5    0  -1.705996513   2.132495641  -0.330646E-02  -0.424636E-04
   -5   -4    0  -2.132495641  -1.705996513  -0.300665E-16  -0.334892E-02
    4    5    0   1.705996513   2.132495641   0.330646E-02  -0.424636E-04
   -5    4    0  -2.132495641   1.705996513  -0.241884E-17   0.326399E-02
    5   -4    0   2.132495641  -1.705996513  -0.248375E-17  -0.334892E-02
   -6   -3    0  -2.558994770  -1.279497385   0.519242E-02   0.243925E-04
    6    3    0   2.558994770   1.279497385   0.519242E-02   0.243925E-04
    6   -3    0   2.558994770  -1.279497385  -0.519242E-02   0.243925E-04
    3    6    0   1.279497385   2.558994770  -0.564320E-16   0.521681E-02
   -6    3    0  -2.558994770   1.279497385  -0.519242E-02   0.243925E-04
   -3    6    0  -1.279497385   2.558994770  -0.181019E-16   0.521681E-02
   -3   -6    0  -1.279497385  -2.558994770  -0.566245E-16  -0.516803E-02
    3   -6    0   1.279497385  -2.558994770  -0.182944E-16  -0.516803E-02
   -7    0    0  -2.985493898   0.000000000  -0.216773E-16   0.405857E-04
    7    0    0   2.985493898  -0.000000000  -0.216773E-16   0.405857E-04
    0   -7    0   0.000000000  -2.985493898  -0.881666E-17   0.405857E-04
    0    7    0  -0.000000000   2.985493898  -0.881666E-17   0.405857E-04
    5   -5    0   2.132495641  -2.132495641  -0.234775E-04   0.117137E-01
    5    5    0   2.132495641   2.132495641  -0.234775E-04   0.117137E-01
   -5   -5    0  -2.132495641  -2.132495641   0.234775E-04  -0.117137E-01
   -5    5    0  -2.132495641   2.132495641   0.234775E-04  -0.117137E-01
   -1    7    0  -0.426499128   2.985493898   0.110747E-04   0.542898E-02
    1   -7    0   0.426499128  -2.985493898  -0.110747E-04  -0.542898E-02
   -7    1    0  -2.985493898   0.426499128  -0.110747E-04  -0.542898E-02
   -1   -7    0  -0.426499128  -2.985493898   0.110747E-04   0.542898E-02
    7   -1    0   2.985493898  -0.426499128   0.110747E-04   0.542898E-02
   -7   -1    0  -2.985493898  -0.426499128  -0.110747E-04  -0.542898E-02
    7    1    0   2.985493898   0.426499128   0.110747E-04   0.542898E-02
    1    7    0   0.426499128   2.985493898  -0.110747E-04  -0.542898E-02
    4    6    0   1.705996513   2.558994770  -0.799948E-02  -0.216094E-04
   -4   -6    0  -1.705996513  -2.558994770  -0.799948E-02  -0.216094E-04
    6   -4    0   2.558994770  -1.705996513   0.799948E-02  -0.216094E-04
   -6    4    0  -2.558994770   1.705996513   0.799948E-02  -0.216094E-04
    4   -6    0   1.705996513  -2.558994770  -0.799948E-02  -0.216094E-04
   -4    6    0  -1.705996513   2.558994770  -0.799948E-02  -0.216094E-04
    6    4    0   2.558994770   1.705996513   0.799948E-02  -0.216094E-04
   -6   -4    0  -2.558994770  -1.705996513   0.799948E-02  -0.216094E-04
   -2    7    0  -0.852998257   2.985493898  -0.995414E-03   0.168052E-17
    2   -7    0   0.852998257  -2.985493898  -0.995414E-03  -0.286911E-17
    2    7    0   0.852998257   2.985493898   0.106709E-02  -0.107808E-16
   -2   -7    0  -0.852998257  -2.985493898   0.106709E-02   0.959223E-17
   -7    2    0  -2.985493898   0.852998257   0.358399E-04   0.103125E-02
    7    2    0   2.985493898   0.852998257   0.358399E-04   0.103125E-02
    7   -2    0   2.985493898  -0.852998257  -0.358399E-04  -0.103125E-02
   -7   -2    0  -2.985493898  -0.852998257  -0.358399E-04  -0.103125E-02
   -3    7    0  -1.279497385   2.985493898  -0.683065E-04   0.125904E-01
    3    7    0   1.279497385   2.985493898   0.683065E-04  -0.125904E-01
   -7   -3    0  -2.985493898  -1.279497385  -0.683065E-04   0.125904E-01
    7   -3    0   2.985493898  -1.279497385   0.683065E-04  -0.125904E-01
   -3   -7    0  -1.279497385  -2.985493898  -0.683065E-04   0.125904E-01
   -7    3    0  -2.985493898   1.279497385  -0.683065E-04   0.125904E-01
    7    3    0   2.985493898   1.279497385   0.683065E-04  -0.125904E-01
    3   -7    0   1.279497385  -2.985493898   0.683065E-04  -0.125904E-01
   -5    6    0  -2.132495641   2.558994770  -0.264379E-04  -0.549781E-02
    5   -6    0   2.132495641  -2.558994770   0.264379E-04   0.549781E-02
   -5   -6    0  -2.132495641  -2.558994770   0.264379E-04   0.549781E-02
    6   -5    0   2.558994770  -2.132495641  -0.547138E-02  -0.612588E-16
    6    5    0   2.558994770   2.132495641   0.552425E-02   0.844831E-18
   -6    5    0  -2.558994770   2.132495641  -0.547138E-02   0.616162E-16
   -6   -5    0  -2.558994770  -2.132495641   0.552425E-02  -0.487451E-18
    5    6    0   2.132495641   2.558994770  -0.264379E-04  -0.549781E-02
    8    0    0   3.411993026  -0.000000000  -0.115240E-01  -0.380633E-04
    0   -8    0   0.000000000  -3.411993026  -0.115240E-01  -0.380633E-04
   -8    0    0  -3.411993026   0.000000000  -0.115240E-01  -0.380633E-04
    0    8    0  -0.000000000   3.411993026  -0.115240E-01  -0.380633E-04
    1    8    0   0.426499128   3.411993026  -0.518941E-04  -0.862754E-03
   -1   -8    0  -0.426499128  -3.411993026   0.518941E-04   0.862754E-03
    1   -8    0   0.426499128  -3.411993026   0.518941E-04   0.862754E-03
   -1    8    0  -0.426499128   3.411993026  -0.518941E-04  -0.862754E-03
   -8   -1    0  -3.411993026  -0.426499128  -0.810860E-03  -0.674311E-17
   -8    1    0  -3.411993026   0.426499128   0.914648E-03   0.145833E-16
    8   -1    0   3.411993026  -0.426499128   0.914648E-03  -0.140312E-16
    8    1    0   3.411993026   0.426499128  -0.810860E-03   0.729518E-17
   -7    4    0  -2.985493898   1.705996513  -0.401275E-16  -0.374136E-02
    4   -7    0   1.705996513  -2.985493898  -0.372747E-02  -0.138895E-04
   -7   -4    0  -2.985493898  -1.705996513   0.333603E-16   0.371358E-02
   -4    7    0  -1.705996513   2.985493898  -0.372747E-02  -0.138895E-04
    4    7    0   1.705996513   2.985493898   0.372747E-02  -0.138895E-04
    7    4    0   2.985493898   1.705996513   0.336846E-16  -0.374136E-02
   -4   -7    0  -1.705996513  -2.985493898   0.372747E-02  -0.138895E-04
    7   -4    0   2.985493898  -1.705996513  -0.404518E-16   0.371358E-02
    2    8    0   0.852998257   3.411993026   0.189437E-01   0.782905E-04
   -2    8    0  -0.852998257   3.411993026   0.189437E-01   0.782905E-04
    8    2    0   3.411993026   0.852998257  -0.189437E-01   0.782905E-04
   -8   -2    0  -3.411993026  -0.852998257  -0.189437E-01   0.782905E-04
   -2   -8    0  -0.852998257  -3.411993026   0.189437E-01   0.782905E-04
   -8    2    0  -3.411993026   0.852998257  -0.189437E-01   0.782905E-04
    8   -2    0   3.411993026  -0.852998257  -0.189437E-01   0.782905E-04
    2   -8    0   0.852998257  -3.411993026   0.189437E-01   0.782905E-04
   -6   -6    0  -2.558994770  -2.558994770   0.109212E-02  -0.937708E-17
    6   -6    0   2.558994770  -2.558994770   0.109212E-02  -0.147762E-17
    6    6    0   2.558994770   2.558994770   0.109212E-02   0.102494E-16
   -6    6    0  -2.558994770   2.558994770   0.109212E-02   0.234996E-17
    8   -3    0   3.411993026  -1.279497385   0.858219E-03   0.149562E-16
   -8    3    0  -3.411993026   1.279497385   0.858219E-03  -0.150658E-16
   -8   -3    0  -3.411993026  -1.279497385  -0.845364E-03  -0.238732E-16
    3    8    0   1.279497385   3.411993026   0.642759E-05   0.851792E-03
    8    3    0   3.411993026   1.279497385  -0.845364E-03   0.237636E-16
    3   -8    0   1.279497385  -3.411993026  -0.642759E-05  -0.851792E-03
   -3    8    0  -1.279497385   3.411993026   0.642759E-05   0.851792E-03
   -3   -8    0  -1.279497385  -3.411993026  -0.642759E-05  -0.851792E-03
   -7   -5    0  -2.985493898  -2.132495641  -0.161112E-16   0.221215E-02
   -5    7    0  -2.132495641   2.985493898   0.185105E-16  -0.224100E-02
   -5   -7    0  -2.132495641  -2.985493898  -0.385073E-16  -0.224100E-02
   -7    5    0  -2.985493898   2.132495641   0.335358E-16   0.221215E-02
    7   -5    0   2.985493898  -2.132495641   0.346466E-16  -0.224100E-02
    7    5    0   2.985493898   2.132495641  -0.150005E-16  -0.224100E-02
    5   -7    0   2.132495641  -2.985493898   0.173998E-16   0.221215E-02
    5    7    0   2.132495641   2.985493898  -0.396180E-16   0.221215E-02
   -8   -4    0  -3.411993026  -1.705996513   0.412060E-02  -0.208163E-04
    8   -4    0   3.411993026  -1.705996513   0.412060E-02  -0.208163E-04
    8    4    0   3.411993026   1.705996513   0.412060E-02  -0.208163E-04
    4    8    0   1.705996513   3.411993026   0.412060E-02  -0.208163E-04
   -8    4    0  -3.411993026   1.705996513   0.412060E-02  -0.208163E-04
    4   -8    0   1.705996513  -3.411993026   0.412060E-02  -0.208163E-04
   -4    8    0  -1.705996513   3.411993026   0.412060E-02  -0.208163E-04
   -4   -8    0  -1.705996513  -3.411993026   0.412060E-02  -0.208163E-04
   -9    0    0  -3.838492154   0.000000000   0.289704E-16   0.370386E-04
    0   -9    0   0.000000000  -3.838492154   0.146796E-16   0.370386E-04
    9    0    0   3.838492154  -0.000000000   0.289704E-16   0.370386E-04
    0    9    0  -0.000000000   3.838492154   0.146796E-16   0.370386E-04
    9    1    0   3.838492154   0.426499128   0.447120E-04  -0.189847E-02
    1    9    0   0.426499128   3.838492154   0.447120E-04  -0.189847E-02
   -1   -9    0  -0.426499128  -3.838492154  -0.447120E-04   0.189847E-02
   -9    1    0  -3.838492154   0.426499128  -0.447120E-04   0.189847E-02
   -1    9    0  -0.426499128   3.838492154  -0.447120E-04   0.189847E-02
   -9   -1    0  -3.838492154  -0.426499128  -0.447120E-04   0.189847E-02
    9   -1    0   3.838492154  -0.426499128   0.447120E-04  -0.189847E-02
    1   -9    0   0.426499128  -3.838492154   0.447120E-04  -0.189847E-02
   -2    9    0  -0.852998257   3.838492154   0.583645E-02  -0.164067E-04
   -2   -9    0  -0.852998257  -3.838492154  -0.583645E-02  -0.164067E-04
   -9   -2    0  -3.838492154  -0.852998257  -0.279008E-16  -0.585286E-02
   -9    2    0  -3.838492154   0.852998257   0.998220E-16   0.582004E-02
    9   -2    0   3.838492154  -0.852998257   0.997359E-16  -0.585286E-02
    2    9    0   0.852998257   3.838492154  -0.583645E-02  -0.164067E-04
    2   -9    0   0.852998257  -3.838492154   0.583645E-02  -0.164067E-04
    9    2    0   3.838492154   0.852998257  -0.278148E-16   0.582004E-02
    7    6    0   2.985493898   2.558994770   0.325648E-16  -0.781306E-03
    7   -6    0   2.985493898  -2.558994770   0.386234E-16   0.786782E-03
   -7    6    0  -2.985493898   2.558994770   0.378427E-16  -0.781306E-03
   -6    7    0  -2.558994770   2.985493898   0.784044E-03   0.273808E-05
   -7   -6    0  -2.985493898  -2.558994770   0.333456E-16   0.786782E-03
   -6   -7    0  -2.558994770  -2.985493898  -0.784044E-03   0.273808E-05
    6   -7    0   2.558994770  -2.985493898   0.784044E-03   0.273808E-05
    6    7    0   2.558994770   2.985493898  -0.784044E-03   0.273808E-05
    8   -5    0   3.411993026  -2.132495641   0.157403E-02   0.168836E-04
    8    5    0   3.411993026   2.132495641  -0.157403E-02   0.168836E-04
    5    8    0   2.132495641   3.411993026  -0.147405E-16  -0.155714E-02
   -8    5    0  -3.411993026   2.132495641   0.157403E-02   0.168836E-04
    5   -8    0   2.132495641  -3.411993026  -0.349703E-16   0.159091E-02
   -8   -5    0  -3.411993026  -2.132495641  -0.157403E-02   0.168836E-04
   -5    8    0  -2.132495641   3.411993026  -0.341873E-16  -0.155714E-02
   -5   -8    0  -2.132495641  -3.411993026  -0.155234E-16   0.159091E-02
    9   -3    0   3.838492154  -1.279497385   0.432585E-04  -0.446298E-02
   -9    3    0  -3.838492154   1.279497385  -0.432585E-04   0.446298E-02
   -3   -9    0  -1.279497385  -3.838492154   0.432585E-04  -0.446298E-02
   -3    9    0  -1.279497385   3.838492154   0.432585E-04  -0.446298E-02
    3   -9    0   1.279497385  -3.838492154  -0.432585E-04   0.446298E-02
   -9   -3    0  -3.838492154  -1.279497385  -0.432585E-04   0.446298E-02
    9    3    0   3.838492154   1.279497385   0.432585E-04  -0.446298E-02
    3    9    0   1.279497385   3.838492154  -0.432585E-04   0.446298E-02
    4   -9    0   1.705996513  -3.838492154   0.245941E-02  -0.166540E-16
   -9   -4    0  -3.838492154  -1.705996513  -0.611340E-04   0.252055E-02
   -9    4    0  -3.838492154   1.705996513   0.611340E-04  -0.252055E-02
   -4   -9    0  -1.705996513  -3.838492154  -0.258168E-02   0.600378E-16
    9   -4    0   3.838492154  -1.705996513  -0.611340E-04   0.252055E-02
   -4    9    0  -1.705996513   3.838492154   0.245941E-02   0.141883E-16
    9    4    0   3.838492154   1.705996513   0.611340E-04  -0.252055E-02
    4    9    0   1.705996513   3.838492154  -0.258168E-02  -0.625035E-16
   -7   -7    0  -2.985493898  -2.985493898  -0.189284E-04   0.804762E-02
    7    7    0   2.985493898   2.985493898   0.189284E-04  -0.804762E-02
    7   -7    0   2.985493898  -2.985493898   0.189284E-04  -0.804762E-02
   -7    7    0  -2.985493898   2.985493898  -0.189284E-04   0.804762E-02
   -6    8    0  -2.558994770   3.411993026  -0.966856E-02  -0.305266E-04
    0  -10    0   0.000000000  -4.264991283   0.544697E-05  -0.543965E-17
    6    8    0   2.558994770   3.411993026  -0.966856E-02  -0.305266E-04
   -6   -8    0  -2.558994770  -3.411993026  -0.966856E-02  -0.305266E-04
    6   -8    0   2.558994770  -3.411993026  -0.966856E-02  -0.305266E-04
   -8   -6    0  -3.411993026  -2.558994770   0.966856E-02  -0.305266E-04
   -8    6    0  -3.411993026   2.558994770   0.966856E-02  -0.305266E-04
    0   10    0  -0.000000000   4.264991283   0.544697E-05   0.510552E-17
  -10    0    0  -4.264991283   0.000000000   0.544697E-05  -0.110973E-16
   10    0    0   4.264991283  -0.000000000   0.544697E-05   0.107632E-16
    8    6    0   3.411993026   2.558994770   0.966856E-02  -0.305266E-04
    8   -6    0   3.411993026  -2.558994770   0.966856E-02  -0.305266E-04
    1  -10    0   0.426499128  -4.264991283   0.196390E-04   0.429836E-02
  -10   -1    0  -4.264991283  -0.426499128   0.431800E-02  -0.477784E-16
   -1   10    0  -0.426499128   4.264991283  -0.196390E-04  -0.429836E-02
   10   -1    0   4.264991283  -0.426499128  -0.427872E-02  -0.418565E-16
  -10    1    0  -4.264991283   0.426499128  -0.427872E-02   0.414452E-16
   -1  -10    0  -0.426499128  -4.264991283   0.196390E-04   0.429836E-02
   10    1    0   4.264991283   0.426499128   0.431800E-02   0.473671E-16
    1   10    0   0.426499128   4.264991283  -0.196390E-04  -0.429836E-02
   -2   10    0  -0.852998257   4.264991283  -0.314482E-03   0.352529E-04
   10   -2    0   4.264991283  -0.852998257  -0.314482E-03   0.352529E-04
   -2  -10    0  -0.852998257  -4.264991283  -0.314482E-03   0.352529E-04
   10    2    0   4.264991283   0.852998257  -0.314482E-03   0.352529E-04
    2  -10    0   0.852998257  -4.264991283  -0.314482E-03   0.352529E-04
  -10   -2    0  -4.264991283  -0.852998257  -0.314482E-03   0.352529E-04
  -10    2    0  -4.264991283   0.852998257  -0.314482E-03   0.352529E-04
    2   10    0   0.852998257   4.264991283  -0.314482E-03   0.352529E-04
   -9    5    0  -3.838492154   2.132495641  -0.144839E-04   0.366444E-02
   -5   -9    0  -2.132495641  -3.838492154  -0.144839E-04   0.366444E-02
   -5    9    0  -2.132495641   3.838492154  -0.144839E-04   0.366444E-02
    9   -5    0   3.838492154  -2.132495641   0.144839E-04  -0.366444E-02
    5    9    0   2.132495641   3.838492154   0.144839E-04  -0.366444E-02
   -9   -5    0  -3.838492154  -2.132495641  -0.144839E-04   0.366444E-02
    9    5    0   3.838492154   2.132495641   0.144839E-04  -0.366444E-02
    5   -9    0   2.132495641  -3.838492154   0.144839E-04  -0.366444E-02
  -10   -3    0  -4.264991283  -1.279497385  -0.457109E-02  -0.323942E-04
    3  -10    0   1.279497385  -4.264991283   0.189545E-16   0.453870E-02
  -10    3    0  -4.264991283   1.279497385   0.457109E-02  -0.323942E-04
   -3   10    0  -1.279497385   4.264991283   0.190726E-16  -0.460349E-02
   -3  -10    0  -1.279497385  -4.264991283   0.481025E-16   0.453870E-02
    3   10    0   1.279497385   4.264991283   0.482206E-16  -0.460349E-02
   10   -3    0   4.264991283  -1.279497385   0.457109E-02  -0.323942E-04
   10    3    0   4.264991283   1.279497385  -0.457109E-02  -0.323942E-04
   -8    7    0  -3.411993026   2.985493898   0.386008E-02   0.267940E-04
    8   -7    0   3.411993026  -2.985493898   0.386008E-02   0.267940E-04
   -8   -7    0  -3.411993026  -2.985493898  -0.386008E-02   0.267940E-04
   -7    8    0  -2.985493898   3.411993026   0.129665E-16   0.388687E-02
    7   -8    0   2.985493898  -3.411993026   0.119694E-16  -0.383328E-02
    7    8    0   2.985493898   3.411993026  -0.431556E-16   0.388687E-02
    8    7    0   3.411993026   2.985493898  -0.386008E-02   0.267940E-04
   -7   -8    0  -2.985493898  -3.411993026  -0.441526E-16  -0.383328E-02
   10    4    0   4.264991283   1.705996513   0.143364E-02   0.413418E-16
    4   10    0   1.705996513   4.264991283  -0.147745E-02   0.154230E-16
   -4  -10    0  -1.705996513  -4.264991283  -0.147745E-02  -0.152082E-16
   10   -4    0   4.264991283  -1.705996513   0.143364E-02  -0.507847E-18
  -10   -4    0  -4.264991283  -1.705996513   0.143364E-02  -0.411271E-16
    4  -10    0   1.705996513  -4.264991283  -0.147745E-02  -0.333217E-17
  -10    4    0  -4.264991283   1.705996513   0.143364E-02   0.722565E-18
   -4   10    0  -1.705996513   4.264991283  -0.147745E-02   0.354689E-17
   -9   -6    0  -3.838492154  -2.558994770   0.434272E-04   0.686868E-03
   -9    6    0  -3.838492154   2.558994770  -0.434272E-04  -0.686868E-03
   -6   -9    0  -2.558994770  -3.838492154   0.730295E-03   0.148418E-16
   -6    9    0  -2.558994770   3.838492154  -0.643441E-03   0.778361E-17
    6    9    0   2.558994770   3.838492154   0.730295E-03  -0.121902E-16
    9   -6    0   3.838492154  -2.558994770   0.434272E-04   0.686868E-03
    6   -9    0   2.558994770  -3.838492154  -0.643441E-03  -0.513205E-17
    9    6    0   3.838492154   2.558994770  -0.434272E-04  -0.686868E-03
   11    0    0   4.691490411  -0.000000000  -0.113269E-16  -0.187089E-04
  -11    0    0  -4.691490411   0.000000000  -0.113269E-16  -0.187089E-04
    0  -11    0   0.000000000  -4.691490411   0.827065E-17  -0.187089E-04
    0   11    0  -0.000000000   4.691490411   0.827065E-17  -0.187089E-04
   -1   11    0  -0.426499128   4.691490411   0.115914E-04  -0.230984E-02
   11   -1    0   4.691490411  -0.426499128   0.115914E-04  -0.230984E-02
    1  -11    0   0.426499128  -4.691490411  -0.115914E-04   0.230984E-02
  -11    1    0  -4.691490411   0.426499128  -0.115914E-04   0.230984E-02
   -1  -11    0  -0.426499128  -4.691490411   0.115914E-04  -0.230984E-02
  -11   -1    0  -4.691490411  -0.426499128  -0.115914E-04   0.230984E-02
   11    1    0   4.691490411   0.426499128   0.115914E-04  -0.230984E-02
    1   11    0   0.426499128   4.691490411  -0.115914E-04   0.230984E-02
    2   11    0   0.852998257   4.691490411  -0.485086E-02  -0.276662E-04
    5  -10    0   2.132495641  -4.264991283   0.156081E-16  -0.732303E-04
   11    2    0   4.691490411   0.852998257   0.724152E-16  -0.487852E-02
    2  -11    0   0.852998257  -4.691490411   0.485086E-02  -0.276662E-04
   -5   10    0  -2.132495641   4.264991283   0.150025E-16   0.141348E-03
   -2  -11    0  -0.852998257  -4.691490411  -0.485086E-02  -0.276662E-04
   -5  -10    0  -2.132495641  -4.264991283   0.807700E-17  -0.732303E-04
  -11    2    0  -4.691490411   0.852998257  -0.227978E-16  -0.487852E-02
   -2   11    0  -0.852998257   4.691490411   0.485086E-02  -0.276662E-04
  -10   -5    0  -4.264991283  -2.132495641  -0.107289E-03   0.340590E-04
   11   -2    0   4.691490411  -0.852998257  -0.224661E-16   0.482319E-02
  -10    5    0  -4.264991283   2.132495641   0.107289E-03   0.340590E-04
   10   -5    0   4.264991283  -2.132495641   0.107289E-03   0.340590E-04
   10    5    0   4.264991283   2.132495641  -0.107289E-03   0.340590E-04
    5   10    0   2.132495641   4.264991283   0.747141E-17   0.141348E-03
  -11   -2    0  -4.691490411  -0.852998257   0.727468E-16   0.482319E-02
   -8    8    0  -3.411993026   3.411993026  -0.386111E-02   0.233167E-04
    8    8    0   3.411993026   3.411993026  -0.386111E-02   0.233167E-04
    8   -8    0   3.411993026  -3.411993026  -0.386111E-02   0.233167E-04
   -8   -8    0  -3.411993026  -3.411993026  -0.386111E-02   0.233167E-04
  -11   -3    0  -4.691490411  -1.279497385  -0.253031E-04  -0.190582E-03
    3  -11    0   1.279497385  -4.691490411   0.253031E-04   0.190582E-03
   -3  -11    0  -1.279497385  -4.691490411  -0.253031E-04  -0.190582E-03
   -9    7    0  -3.838492154   2.985493898   0.488017E-04  -0.102880E-01
   -7    9    0  -2.985493898   3.838492154  -0.488017E-04   0.102880E-01
   -3   11    0  -1.279497385   4.691490411  -0.253031E-04  -0.190582E-03
    9    7    0   3.838492154   2.985493898  -0.488017E-04   0.102880E-01
    7   -9    0   2.985493898  -3.838492154   0.488017E-04  -0.102880E-01
   -7   -9    0  -2.985493898  -3.838492154  -0.488017E-04   0.102880E-01
   11   -3    0   4.691490411  -1.279497385   0.253031E-04   0.190582E-03
   -9   -7    0  -3.838492154  -2.985493898   0.488017E-04  -0.102880E-01
    7    9    0   2.985493898   3.838492154   0.488017E-04  -0.102880E-01
    9   -7    0   3.838492154  -2.985493898  -0.488017E-04   0.102880E-01
   11    3    0   4.691490411   1.279497385   0.253031E-04   0.190582E-03
    3   11    0   1.279497385   4.691490411   0.253031E-04   0.190582E-03
  -11    3    0  -4.691490411   1.279497385  -0.253031E-04  -0.190582E-03
  -10   -6    0  -4.264991283  -2.558994770   0.287638E-02  -0.189850E-16
   -6   10    0  -2.558994770   4.264991283   0.287638E-02   0.642567E-17
   10   -6    0   4.264991283  -2.558994770   0.287638E-02   0.302313E-16
  -10    6    0  -4.264991283   2.558994770   0.287638E-02  -0.308928E-16
   10    6    0   4.264991283   2.558994770   0.287638E-02   0.183236E-16
    6  -10    0   2.558994770  -4.264991283   0.287638E-02  -0.708710E-17
    6   10    0   2.558994770   4.264991283   0.287638E-02   0.308681E-16
   -6  -10    0  -2.558994770  -4.264991283   0.287638E-02  -0.315296E-16
    4   11    0   1.705996513   4.691490411  -0.289263E-02  -0.139965E-16
   11   -4    0   4.691490411  -1.705996513   0.107778E-04  -0.288185E-02
    4  -11    0   1.705996513  -4.691490411   0.287107E-02   0.276059E-18
  -11    4    0  -4.691490411   1.705996513  -0.107778E-04   0.288185E-02
   -4  -11    0  -1.705996513  -4.691490411  -0.289263E-02   0.138336E-16
   -4   11    0  -1.705996513   4.691490411   0.287107E-02  -0.438945E-18
   11    4    0   4.691490411   1.705996513  -0.107778E-04   0.288185E-02
  -11   -4    0  -4.691490411  -1.705996513   0.107778E-04  -0.288185E-02
    0  -12    0   0.000000000  -5.117989539  -0.192503E-02   0.192237E-16
    0   12    0  -0.000000000   5.117989539  -0.192503E-02  -0.192902E-16
  -12    0    0  -5.117989539   0.000000000  -0.192503E-02  -0.327505E-17
   12    0    0   5.117989539  -0.000000000  -0.192503E-02   0.320857E-17
   12   -1    0   5.117989539  -0.426499128   0.926658E-04   0.123531E-04
    9   -8    0   3.838492154  -3.411993026  -0.133726E-16   0.533621E-03
  -12   -1    0  -5.117989539  -0.426499128  -0.926658E-04   0.123531E-04
   -1  -12    0  -0.426499128  -5.117989539   0.776541E-17   0.105019E-03
    8   -9    0   3.411993026  -3.838492154   0.533621E-03   0.661765E-16
   -8   -9    0  -3.411993026  -3.838492154  -0.533621E-03  -0.634631E-16
    1  -12    0   0.426499128  -5.117989539  -0.115090E-16   0.105019E-03
   -1   12    0  -0.426499128   5.117989539  -0.109142E-16  -0.803127E-04
    9    8    0   3.838492154   3.411993026   0.208113E-16  -0.533621E-03
   -9   -8    0  -3.838492154  -3.411993026   0.208353E-16   0.533621E-03
    8    9    0   3.411993026   3.838492154  -0.533621E-03   0.633033E-16
   -9    8    0  -3.838492154   3.411993026  -0.133966E-16  -0.533621E-03
    1   12    0   0.426499128   5.117989539   0.836017E-17  -0.803127E-04
   12    1    0   5.117989539   0.426499128  -0.926658E-04   0.123531E-04
  -12    1    0  -5.117989539   0.426499128   0.926658E-04   0.123531E-04
   -8    9    0  -3.411993026   3.838492154   0.533621E-03  -0.663364E-16
    5  -11    0   2.132495641  -4.691490411  -0.370669E-04   0.765360E-02
  -11    5    0  -4.691490411   2.132495641  -0.370669E-04   0.765360E-02
   -5   11    0  -2.132495641   4.691490411   0.370669E-04  -0.765360E-02
   -5  -11    0  -2.132495641  -4.691490411   0.370669E-04  -0.765360E-02
   11   -5    0   4.691490411  -2.132495641   0.370669E-04  -0.765360E-02
   11    5    0   4.691490411   2.132495641   0.370669E-04  -0.765360E-02
  -11   -5    0  -4.691490411  -2.132495641  -0.370669E-04   0.765360E-02
    5   11    0   2.132495641   4.691490411  -0.370669E-04   0.765360E-02
   12    2    0   5.117989539   0.852998257   0.378982E-02   0.991186E-05
    2  -12    0   0.852998257  -5.117989539  -0.378982E-02   0.991186E-05
  -12    2    0  -5.117989539   0.852998257   0.378982E-02   0.991186E-05
  -12   -2    0  -5.117989539  -0.852998257   0.378982E-02   0.991186E-05
   12   -2    0   5.117989539  -0.852998257   0.378982E-02   0.991186E-05
   -2  -12    0  -0.852998257  -5.117989539  -0.378982E-02   0.991186E-05
   -2   12    0  -0.852998257   5.117989539  -0.378982E-02   0.991186E-05
    2   12    0   0.852998257   5.117989539  -0.378982E-02   0.991186E-05
   -7  -10    0  -2.985493898  -4.264991283   0.381540E-16   0.293819E-02
   10    7    0   4.264991283   2.985493898  -0.290720E-02   0.309856E-04
   -7   10    0  -2.985493898   4.264991283   0.150743E-16  -0.287622E-02
   10   -7    0   4.264991283  -2.985493898   0.290720E-02   0.309856E-04
    7  -10    0   2.985493898  -4.264991283   0.149533E-16   0.293819E-02
  -10   -7    0  -4.264991283  -2.985493898  -0.290720E-02   0.309856E-04
    7   10    0   2.985493898   4.264991283   0.382751E-16  -0.287622E-02
  -10    7    0  -4.264991283   2.985493898   0.290720E-02   0.309856E-04
   -3  -12    0  -1.279497385  -5.117989539   0.206952E-04   0.152997E-02
   12    3    0   5.117989539   1.279497385   0.155066E-02   0.224790E-16
    3   12    0   1.279497385   5.117989539  -0.206952E-04  -0.152997E-02
    3  -12    0   1.279497385  -5.117989539   0.206952E-04   0.152997E-02
  -12    3    0  -5.117989539   1.279497385  -0.150927E-02   0.377908E-17
   12   -3    0   5.117989539  -1.279497385  -0.150927E-02  -0.348229E-17
  -12   -3    0  -5.117989539  -1.279497385   0.155066E-02  -0.221822E-16
   -3   12    0  -1.279497385   5.117989539  -0.206952E-04  -0.152997E-02
  -11    6    0  -4.691490411   2.558994770   0.310819E-04  -0.824483E-02
  -11   -6    0  -4.691490411  -2.558994770  -0.310819E-04   0.824483E-02
   11   -6    0   4.691490411  -2.558994770  -0.310819E-04   0.824483E-02
    6   11    0   2.558994770   4.691490411  -0.827592E-02  -0.104919E-15
    6  -11    0   2.558994770  -4.691490411   0.821375E-02  -0.272389E-16
   11    6    0   4.691490411   2.558994770   0.310819E-04  -0.824483E-02
   -6   11    0  -2.558994770   4.691490411   0.821375E-02   0.270558E-16
   -6  -11    0  -2.558994770  -4.691490411  -0.827592E-02   0.104735E-15
   -4  -12    0  -1.705996513  -5.117989539  -0.861112E-02  -0.733531E-04
   12   -4    0   5.117989539  -1.705996513  -0.861112E-02  -0.733531E-04
  -12   -4    0  -5.117989539  -1.705996513  -0.861112E-02  -0.733531E-04
   -4   12    0  -1.705996513   5.117989539  -0.861112E-02  -0.733531E-04
   12    4    0   5.117989539   1.705996513  -0.861112E-02  -0.733531E-04
    4  -12    0   1.705996513  -5.117989539  -0.861112E-02  -0.733531E-04
  -12    4    0  -5.117989539   1.705996513  -0.861112E-02  -0.733531E-04
    4   12    0   1.705996513   5.117989539  -0.861112E-02  -0.733531E-04
   -9    9    0  -3.838492154   3.838492154   0.293222E-04  -0.701672E-02
    9   -9    0   3.838492154  -3.838492154  -0.293222E-04   0.701672E-02
    9    9    0   3.838492154   3.838492154  -0.293222E-04   0.701672E-02
   -9   -9    0  -3.838492154  -3.838492154   0.293222E-04  -0.701672E-02
    8  -10    0   3.411993026  -4.264991283   0.621132E-02   0.199083E-04
   -8   10    0  -3.411993026   4.264991283   0.621132E-02   0.199083E-04
  -10   -8    0  -4.264991283  -3.411993026  -0.621132E-02   0.199083E-04
   10   -8    0   4.264991283  -3.411993026  -0.621132E-02   0.199083E-04
  -10    8    0  -4.264991283   3.411993026  -0.621132E-02   0.199083E-04
   10    8    0   4.264991283   3.411993026  -0.621132E-02   0.199083E-04
   -8  -10    0  -3.411993026  -4.264991283   0.621132E-02   0.199083E-04
    8   10    0   3.411993026   4.264991283   0.621132E-02   0.199083E-04
  -13    0    0  -5.544488667   0.000000000   0.248939E-16   0.765460E-04
    0  -13    0   0.000000000  -5.544488667   0.202399E-16   0.765460E-04
   13    0    0   5.544488667  -0.000000000   0.248939E-16   0.765460E-04
    0   13    0  -0.000000000   5.544488667   0.202399E-16   0.765460E-04
   -5  -12    0  -2.132495641  -5.117989539  -0.750546E-04   0.626684E-02
   12   -5    0   5.117989539  -2.132495641   0.619179E-02   0.780339E-16
   -5   12    0  -2.132495641   5.117989539   0.750546E-04  -0.626684E-02
  -12    5    0  -5.117989539   2.132495641   0.619179E-02  -0.761224E-16
    5  -12    0   2.132495641  -5.117989539  -0.750546E-04   0.626684E-02
    5   12    0   2.132495641   5.117989539   0.750546E-04  -0.626684E-02
   12    5    0   5.117989539   2.132495641  -0.634190E-02  -0.697400E-16
  -12   -5    0  -5.117989539  -2.132495641  -0.634190E-02   0.716515E-16
   -1  -13    0  -0.426499128  -5.544488667   0.434458E-04  -0.803317E-02
   -1   13    0  -0.426499128   5.544488667   0.434458E-04  -0.803317E-02
    1  -13    0   0.426499128  -5.544488667  -0.434458E-04   0.803317E-02
   13   -1    0   5.544488667  -0.426499128  -0.434458E-04   0.803317E-02
    1   13    0   0.426499128   5.544488667  -0.434458E-04   0.803317E-02
   13    1    0   5.544488667   0.426499128  -0.434458E-04   0.803317E-02
  -13   -1    0  -5.544488667  -0.426499128   0.434458E-04  -0.803317E-02
  -13    1    0  -5.544488667   0.426499128   0.434458E-04  -0.803317E-02
   -7   11    0  -2.985493898   4.691490411   0.289214E-04  -0.397194E-02
    7  -11    0   2.985493898  -4.691490411  -0.289214E-04   0.397194E-02
   11   -7    0   4.691490411  -2.985493898  -0.289214E-04   0.397194E-02
  -11   -7    0  -4.691490411  -2.985493898   0.289214E-04  -0.397194E-02
   11    7    0   4.691490411   2.985493898  -0.289214E-04   0.397194E-02
    7   11    0   2.985493898   4.691490411  -0.289214E-04   0.397194E-02
  -11    7    0  -4.691490411   2.985493898   0.289214E-04  -0.397194E-02
   -7  -11    0  -2.985493898  -4.691490411   0.289214E-04  -0.397194E-02
  -13   -2    0  -5.544488667  -0.852998257   0.883055E-05  -0.732941E-03
   -2   13    0  -0.852998257   5.544488667   0.724110E-03   0.247336E-16
    2   13    0   0.852998257   5.544488667  -0.741771E-03   0.440222E-17
   -2  -13    0  -0.852998257  -5.544488667  -0.741771E-03  -0.165207E-17
    2  -13    0   0.852998257  -5.544488667   0.724110E-03  -0.219834E-16
   13    2    0   5.544488667   0.852998257  -0.883055E-05   0.732941E-03
  -13    2    0  -5.544488667   0.852998257  -0.883055E-05   0.732941E-03
   13   -2    0   5.544488667  -0.852998257   0.883055E-05  -0.732941E-03
  -13   -3    0  -5.544488667  -1.279497385  -0.649049E-04   0.260135E-02
   13   -3    0   5.544488667  -1.279497385   0.649049E-04  -0.260135E-02
   13    3    0   5.544488667   1.279497385   0.649049E-04  -0.260135E-02
    3  -13    0   1.279497385  -5.544488667  -0.649049E-04   0.260135E-02
   -3   13    0  -1.279497385   5.544488667   0.649049E-04  -0.260135E-02
    3   13    0   1.279497385   5.544488667  -0.649049E-04   0.260135E-02
   -3  -13    0  -1.279497385  -5.544488667   0.649049E-04  -0.260135E-02
  -13    3    0  -5.544488667   1.279497385  -0.649049E-04   0.260135E-02
  -12   -6    0  -5.117989539  -2.558994770  -0.595508E-02  -0.421409E-04
    6   12    0   2.558994770   5.117989539   0.595508E-02  -0.421409E-04
   12    6    0   5.117989539   2.558994770  -0.595508E-02  -0.421409E-04
  -12    6    0  -5.117989539   2.558994770  -0.595508E-02  -0.421409E-04
    6  -12    0   2.558994770  -5.117989539   0.595508E-02  -0.421409E-04
   12   -6    0   5.117989539  -2.558994770  -0.595508E-02  -0.421409E-04
   -6  -12    0  -2.558994770  -5.117989539   0.595508E-02  -0.421409E-04
   -6   12    0  -2.558994770   5.117989539   0.595508E-02  -0.421409E-04
   10   -9    0   4.264991283  -3.838492154   0.117103E-02   0.146569E-04
  -10   -9    0  -4.264991283  -3.838492154  -0.117103E-02   0.146569E-04
   -9   10    0  -3.838492154   4.264991283  -0.144829E-16   0.118568E-02
    9   10    0   3.838492154   4.264991283  -0.492380E-16   0.118568E-02
    9  -10    0   3.838492154  -4.264991283  -0.139436E-16  -0.115637E-02
  -10    9    0  -4.264991283   3.838492154   0.117103E-02   0.146569E-04
   10    9    0   4.264991283   3.838492154  -0.117103E-02   0.146569E-04
   -9  -10    0  -3.838492154  -4.264991283  -0.486986E-16  -0.115637E-02
   13    4    0   5.544488667   1.705996513  -0.636760E-16   0.343436E-02
   -4   13    0  -1.705996513   5.544488667  -0.348189E-02  -0.475300E-04
  -13   -4    0  -5.544488667  -1.705996513  -0.646446E-16  -0.352942E-02
   13   -4    0   5.544488667  -1.705996513   0.297739E-16  -0.352942E-02
  -13    4    0  -5.544488667   1.705996513   0.307424E-16   0.343436E-02
    4   13    0   1.705996513   5.544488667   0.348189E-02  -0.475300E-04
    4  -13    0   1.705996513  -5.544488667  -0.348189E-02  -0.475300E-04
   -4  -13    0  -1.705996513  -5.544488667   0.348189E-02  -0.475300E-04
    8   11    0   3.411993026   4.691490411   0.240911E-03  -0.504167E-16
  -11    8    0  -4.691490411   3.411993026   0.711572E-06  -0.241622E-03
  -11   -8    0  -4.691490411  -3.411993026  -0.711572E-06   0.241622E-03
    8  -11    0   3.411993026  -4.691490411  -0.242334E-03  -0.552622E-16
   -8  -11    0  -3.411993026  -4.691490411   0.240911E-03   0.502179E-16
   11   -8    0   4.691490411  -3.411993026  -0.711572E-06   0.241622E-03
   11    8    0   4.691490411   3.411993026   0.711572E-06  -0.241622E-03
   -8   11    0  -3.411993026   4.691490411  -0.242334E-03   0.550633E-16
   12    7    0   5.117989539   2.985493898  -0.167779E-02   0.900826E-05
  -12   -7    0  -5.117989539  -2.985493898  -0.167779E-02   0.900826E-05
    7  -12    0   2.985493898  -5.117989539  -0.109953E-16  -0.166878E-02
   -7   12    0  -2.985493898   5.117989539  -0.108390E-16   0.168680E-02
  -12    7    0  -5.117989539   2.985493898   0.167779E-02   0.900826E-05
    7   12    0   2.985493898   5.117989539  -0.327862E-16   0.168680E-02
   -7  -12    0  -2.985493898  -5.117989539  -0.329425E-16  -0.166878E-02
   12   -7    0   5.117989539  -2.985493898   0.167779E-02   0.900826E-05
  -13    5    0  -5.544488667   2.132495641   0.406604E-16   0.195834E-02
   13    5    0   5.544488667   2.132495641   0.307465E-16  -0.188558E-02
    5  -13    0   2.132495641  -5.544488667   0.830038E-17  -0.188558E-02
   -5   13    0  -2.132495641   5.544488667   0.662068E-17   0.195834E-02
    5   13    0   2.132495641   5.544488667   0.245672E-16  -0.188558E-02
   13   -5    0   5.544488667  -2.132495641   0.423401E-16  -0.188558E-02
  -13   -5    0  -5.544488667  -2.132495641   0.290668E-16   0.195834E-02
   -5  -13    0  -2.132495641  -5.544488667   0.228875E-16   0.195834E-02
    0  -14    0   0.000000000  -5.970987796  -0.119050E-04  -0.113792E-16
    0   14    0  -0.000000000   5.970987796  -0.119050E-04   0.107188E-16
  -14    0    0  -5.970987796   0.000000000  -0.119050E-04  -0.176399E-17
   14    0    0   5.970987796  -0.000000000  -0.119050E-04   0.110358E-17
  -14    1    0  -5.970987796   0.426499128  -0.175711E-02   0.564784E-05
   -1   14    0  -0.426499128   5.970987796   0.442979E-17  -0.175146E-02
   14   -1    0   5.970987796  -0.426499128  -0.175711E-02   0.564784E-05
  -14   -1    0  -5.970987796  -0.426499128   0.175711E-02   0.564784E-05
   14    1    0   5.970987796   0.426499128   0.175711E-02   0.564784E-05
   -1  -14    0  -0.426499128  -5.970987796   0.208152E-16   0.176275E-02
    1   14    0   0.426499128   5.970987796   0.203235E-16  -0.175146E-02
    1  -14    0   0.426499128  -5.970987796   0.492155E-17   0.176275E-02
  -10   10    0  -4.264991283   4.264991283  -0.139124E-02  -0.844455E-05
   10  -10    0   4.264991283  -4.264991283  -0.139124E-02  -0.844455E-05
  -10  -10    0  -4.264991283  -4.264991283  -0.139124E-02  -0.844455E-05
   10   10    0   4.264991283   4.264991283  -0.139124E-02  -0.844455E-05
    2  -14    0   0.852998257  -5.970987796  -0.145067E-02  -0.206689E-04
   14    2    0   5.970987796   0.852998257  -0.145067E-02  -0.206689E-04
   14   -2    0   5.970987796  -0.852998257  -0.145067E-02  -0.206689E-04
  -14   -2    0  -5.970987796  -0.852998257  -0.145067E-02  -0.206689E-04
   -2   14    0  -0.852998257   5.970987796  -0.145067E-02  -0.206689E-04
  -14    2    0  -5.970987796   0.852998257  -0.145067E-02  -0.206689E-04
   -2  -14    0  -0.852998257  -5.970987796  -0.145067E-02  -0.206689E-04
    2   14    0   0.852998257   5.970987796  -0.145067E-02  -0.206689E-04
  -11    9    0  -4.691490411   3.838492154   0.601140E-04  -0.641297E-02
   -9   11    0  -3.838492154   4.691490411  -0.601140E-04   0.641297E-02
   11   -9    0   4.691490411  -3.838492154  -0.601140E-04   0.641297E-02
   -9  -11    0  -3.838492154  -4.691490411  -0.601140E-04   0.641297E-02
    9  -11    0   3.838492154  -4.691490411   0.601140E-04  -0.641297E-02
  -11   -9    0  -4.691490411  -3.838492154   0.601140E-04  -0.641297E-02
    9   11    0   3.838492154   4.691490411   0.601140E-04  -0.641297E-02
   11    9    0   4.691490411   3.838492154  -0.601140E-04   0.641297E-02
   13   -6    0   5.544488667  -2.558994770   0.458133E-16  -0.393809E-02
   -6   13    0  -2.558994770   5.544488667   0.397625E-02   0.381542E-04
  -13   -6    0  -5.544488667  -2.558994770  -0.611025E-16  -0.393809E-02
    6   13    0   2.558994770   5.544488667  -0.397625E-02   0.381542E-04
   -6  -13    0  -2.558994770  -5.544488667  -0.397625E-02   0.381542E-04
  -13    6    0  -5.544488667   2.558994770   0.461844E-16   0.401440E-02
    6  -13    0   2.558994770  -5.544488667   0.397625E-02   0.381542E-04
   13    6    0   5.544488667   2.558994770  -0.607315E-16   0.401440E-02
  -14   -3    0  -5.970987796  -1.279497385   0.192551E-02   0.148660E-04
   -3  -14    0  -1.279497385  -5.970987796  -0.417393E-17  -0.191064E-02
  -14    3    0  -5.970987796   1.279497385  -0.192551E-02   0.148660E-04
   14   -3    0   5.970987796  -1.279497385  -0.192551E-02   0.148660E-04
    3  -14    0   1.279497385  -5.970987796  -0.668178E-17  -0.191064E-02
   14    3    0   5.970987796   1.279497385   0.192551E-02   0.148660E-04
    3   14    0   1.279497385   5.970987796  -0.394586E-17   0.194037E-02
   -3   14    0  -1.279497385   5.970987796  -0.645371E-17   0.194037E-02
   -8  -12    0  -3.411993026  -5.117989539   0.210186E-02  -0.349881E-16
   12   -8    0   5.117989539  -3.411993026   0.210186E-02   0.636826E-18
    8  -12    0   3.411993026  -5.117989539   0.210186E-02  -0.274887E-16
    8   12    0   3.411993026   5.117989539   0.210186E-02   0.346400E-16
   -8   12    0  -3.411993026   5.117989539   0.210186E-02   0.271406E-16
   12    8    0   5.117989539   3.411993026   0.210186E-02   0.539751E-16
  -12    8    0  -5.117989539   3.411993026   0.210186E-02  -0.984895E-18
  -12   -8    0  -5.117989539  -3.411993026   0.210186E-02  -0.543232E-16
  -14   -4    0  -5.970987796  -1.705996513  -0.626333E-02  -0.500285E-04
  -14    4    0  -5.970987796   1.705996513  -0.626333E-02  -0.500285E-04
    4  -14    0   1.705996513  -5.970987796   0.626333E-02  -0.500285E-04
   -4   14    0  -1.705996513   5.970987796   0.626333E-02  -0.500285E-04
   14   -4    0   5.970987796  -1.705996513  -0.626333E-02  -0.500285E-04
   14    4    0   5.970987796   1.705996513  -0.626333E-02  -0.500285E-04
    4   14    0   1.705996513   5.970987796   0.626333E-02  -0.500285E-04
   -4  -14    0  -1.705996513  -5.970987796   0.626333E-02  -0.500285E-04
   -7   13    0  -2.985493898   5.544488667  -0.237364E-04  -0.350061E-02
   -7  -13    0  -2.985493898  -5.544488667  -0.237364E-04  -0.350061E-02
  -13    7    0  -5.544488667   2.985493898   0.237364E-04   0.350061E-02
    7   13    0   2.985493898   5.544488667   0.237364E-04   0.350061E-02
    7  -13    0   2.985493898  -5.544488667   0.237364E-04   0.350061E-02
  -13   -7    0  -5.544488667  -2.985493898   0.237364E-04   0.350061E-02
   13    7    0   5.544488667   2.985493898  -0.237364E-04  -0.350061E-02
   13   -7    0   5.544488667  -2.985493898  -0.237364E-04  -0.350061E-02
  -11   10    0  -4.691490411   4.264991283   0.105592E-16   0.132062E-02
   10  -11    0   4.264991283  -4.691490411  -0.131657E-02   0.404726E-05
   10   11    0   4.264991283   4.691490411   0.131657E-02   0.404726E-05
   11  -10    0   4.691490411  -4.264991283   0.103388E-16  -0.131252E-02
   11   10    0   4.691490411   4.264991283  -0.259125E-16   0.132062E-02
  -10  -11    0  -4.264991283  -4.691490411   0.131657E-02   0.404726E-05
  -11  -10    0  -4.691490411  -4.264991283  -0.261329E-16  -0.131252E-02
  -10   11    0  -4.264991283   4.691490411  -0.131657E-02   0.404726E-05
  -14    5    0  -5.970987796   2.132495641   0.789579E-02   0.914926E-04
   14    5    0   5.970987796   2.132495641  -0.789579E-02   0.914926E-04
   14   -5    0   5.970987796  -2.132495641   0.789579E-02   0.914926E-04
   -5  -14    0  -2.132495641  -5.970987796  -0.131278E-15  -0.780430E-02
    5   14    0   2.132495641   5.970987796  -0.128834E-15   0.798728E-02
   -5   14    0  -2.132495641   5.970987796  -0.307857E-16   0.798728E-02
  -14   -5    0  -5.970987796  -2.132495641  -0.789579E-02   0.914926E-04
    5  -14    0   2.132495641  -5.970987796  -0.332294E-16  -0.780430E-02
   12   -9    0   5.117989539  -3.838492154  -0.397360E-02  -0.438742E-04
   -9  -12    0  -3.838492154  -5.117989539  -0.886337E-16  -0.401747E-02
  -12   -9    0  -5.117989539  -3.838492154   0.397360E-02  -0.438742E-04
   12    9    0   5.117989539   3.838492154   0.397360E-02  -0.438742E-04
   -9   12    0  -3.838492154   5.117989539   0.595374E-17   0.392973E-02
    9   12    0   3.838492154   5.117989539  -0.870117E-16   0.392973E-02
  -12    9    0  -5.117989539   3.838492154  -0.397360E-02  -0.438742E-04
    9  -12    0   3.838492154  -5.117989539   0.433174E-17  -0.401747E-02
   14   -6    0   5.970987796  -2.558994770  -0.182357E-02   0.232573E-04
  -14   -6    0  -5.970987796  -2.558994770  -0.182357E-02   0.232573E-04
   -6   14    0  -2.558994770   5.970987796  -0.182357E-02   0.232573E-04
    6  -14    0   2.558994770  -5.970987796  -0.182357E-02   0.232573E-04
  -14    6    0  -5.970987796   2.558994770  -0.182357E-02   0.232573E-04
   14    6    0   5.970987796   2.558994770  -0.182357E-02   0.232573E-04
   -6  -14    0  -2.558994770  -5.970987796  -0.182357E-02   0.232573E-04
    6   14    0   2.558994770   5.970987796  -0.182357E-02   0.232573E-04
   -8  -13    0  -3.411993026  -5.544488667   0.195450E-02  -0.195249E-17
  -13   -8    0  -5.544488667  -3.411993026   0.352157E-04  -0.198972E-02
   13    8    0   5.544488667   3.411993026  -0.352157E-04   0.198972E-02
    8  -13    0   3.411993026  -5.544488667  -0.202494E-02  -0.299578E-16
   13   -8    0   5.544488667  -3.411993026   0.352157E-04  -0.198972E-02
   -8   13    0  -3.411993026   5.544488667  -0.202494E-02   0.287822E-16
    8   13    0   3.411993026   5.544488667   0.195450E-02   0.776941E-18
  -13    8    0  -5.544488667   3.411993026  -0.352157E-04   0.198972E-02
   11  -11    0   4.691490411  -4.691490411   0.740671E-04  -0.848624E-02
  -11  -11    0  -4.691490411  -4.691490411  -0.740671E-04   0.848624E-02
   11   11    0   4.691490411   4.691490411   0.740671E-04  -0.848624E-02
  -11   11    0  -4.691490411   4.691490411  -0.740671E-04   0.848624E-02
  -10   12    0  -4.264991283   5.117989539  -0.185789E-02   0.681879E-17
  -12   10    0  -5.117989539   4.264991283   0.183800E-02  -0.418035E-17
  -12  -10    0  -5.117989539  -4.264991283   0.183800E-02  -0.642206E-17
   12   10    0   5.117989539   4.264991283   0.183800E-02   0.600249E-17
  -10  -12    0  -4.264991283  -5.117989539  -0.185789E-02   0.221170E-16
   10   12    0   4.264991283   5.117989539  -0.185789E-02  -0.225366E-16
   10  -12    0   4.264991283  -5.117989539  -0.185789E-02  -0.723836E-17
   12  -10    0   5.117989539  -4.264991283   0.183800E-02   0.376078E-17
  -14   -7    0  -5.970987796  -2.985493898  -0.250949E-02   0.191443E-16
    7   14    0   2.985493898   5.970987796   0.120677E-04  -0.249742E-02
   -7   14    0  -2.985493898   5.970987796   0.120677E-04  -0.249742E-02
   14    7    0   5.970987796   2.985493898  -0.250949E-02  -0.159834E-16
   -7  -14    0  -2.985493898  -5.970987796  -0.120677E-04   0.249742E-02
  -14    7    0  -5.970987796   2.985493898   0.248536E-02  -0.469272E-16
   14   -7    0   5.970987796  -2.985493898   0.248536E-02   0.500881E-16
    7  -14    0   2.985493898  -5.970987796  -0.120677E-04   0.249742E-02
    9  -13    0   3.838492154  -5.544488667   0.768140E-04  -0.464600E-02
  -13   -9    0  -5.544488667  -3.838492154  -0.768140E-04   0.464600E-02
   -9   13    0  -3.838492154   5.544488667  -0.768140E-04   0.464600E-02
   13    9    0   5.544488667   3.838492154   0.768140E-04  -0.464600E-02
   13   -9    0   5.544488667  -3.838492154   0.768140E-04  -0.464600E-02
  -13    9    0  -5.544488667   3.838492154  -0.768140E-04   0.464600E-02
    9   13    0   3.838492154   5.544488667   0.768140E-04  -0.464600E-02
   -9  -13    0  -3.838492154  -5.544488667  -0.768140E-04   0.464600E-02
   -8   14    0  -3.411993026   5.970987796  -0.525478E-02  -0.214526E-04
  -14    8    0  -5.970987796   3.411993026   0.525478E-02  -0.214526E-04
   14   -8    0   5.970987796  -3.411993026   0.525478E-02  -0.214526E-04
   -8  -14    0  -3.411993026  -5.970987796  -0.525478E-02  -0.214526E-04
   14    8    0   5.970987796   3.411993026   0.525478E-02  -0.214526E-04
  -14   -8    0  -5.970987796  -3.411993026   0.525478E-02  -0.214526E-04
    8  -14    0   3.411993026  -5.970987796  -0.525478E-02  -0.214526E-04
    8   14    0   3.411993026   5.970987796  -0.525478E-02  -0.214526E-04
  -12   11    0  -5.117989539   4.691490411   0.737475E-03  -0.471810E-16
   11   12    0   4.691490411   5.117989539   0.656858E-04   0.671789E-03
  -11  -12    0  -4.691490411  -5.117989539  -0.656858E-04  -0.671789E-03
   12  -11    0   5.117989539  -4.691490411   0.737475E-03   0.476436E-16
   11  -12    0   4.691490411  -5.117989539  -0.656858E-04  -0.671789E-03
  -11   12    0  -4.691490411   5.117989539   0.656858E-04   0.671789E-03
  -12  -11    0  -5.117989539  -4.691490411  -0.606104E-03  -0.231882E-16
   12   11    0   5.117989539   4.691490411  -0.606104E-03   0.236508E-16
  -13   10    0  -5.544488667   4.264991283   0.342339E-05  -0.939237E-04
  -13  -10    0  -5.544488667  -4.264991283  -0.342339E-05   0.939237E-04
   13  -10    0   5.544488667  -4.264991283  -0.342339E-05   0.939237E-04
  -10   13    0  -4.264991283   5.544488667  -0.973470E-04  -0.234331E-17
   10  -13    0   4.264991283  -5.544488667  -0.973470E-04   0.209456E-17
   10   13    0   4.264991283   5.544488667   0.905003E-04   0.218988E-16
   13   10    0   5.544488667   4.264991283   0.342339E-05  -0.939237E-04
  -10  -13    0  -4.264991283  -5.544488667   0.905003E-04  -0.221475E-16
   14   -9    0   5.970987796  -3.838492154  -0.201354E-02  -0.496553E-04
  -14    9    0  -5.970987796   3.838492154  -0.201354E-02  -0.496553E-04
    9  -14    0   3.838492154  -5.970987796   0.276106E-16   0.196389E-02
   -9   14    0  -3.838492154   5.970987796   0.280195E-16  -0.206320E-02
   14    9    0   5.970987796   3.838492154   0.201354E-02  -0.496553E-04
   -9  -14    0  -3.838492154  -5.970987796   0.583936E-16   0.196389E-02
  -14   -9    0  -5.970987796  -3.838492154   0.201354E-02  -0.496553E-04
    9   14    0   3.838492154   5.970987796   0.588026E-16  -0.206320E-02
   12   12    0   5.117989539   5.117989539   0.535488E-04   0.727961E-17
   12  -12    0   5.117989539  -5.117989539   0.535488E-04   0.229480E-16
  -12  -12    0  -5.117989539  -5.117989539   0.535488E-04  -0.723156E-17
  -12   12    0  -5.117989539   5.117989539   0.535488E-04  -0.228999E-16
   11   13    0   4.691490411   5.544488667   0.142774E-16  -0.554117E-03
  -13  -11    0  -5.544488667  -4.691490411   0.102973E-16  -0.554117E-03
  -11  -13    0  -4.691490411  -5.544488667   0.143482E-16   0.554117E-03
  -13   11    0  -5.544488667   4.691490411  -0.524726E-16  -0.554117E-03
  -11   13    0  -4.691490411   5.544488667   0.125542E-16   0.554117E-03
   11  -13    0   4.691490411  -5.544488667   0.124833E-16  -0.554117E-03
   13  -11    0   5.544488667  -4.691490411  -0.524017E-16   0.554117E-03
   13   11    0   5.544488667   4.691490411   0.103681E-16   0.554117E-03
  -14   10    0  -5.970987796   4.264991283   0.374466E-04   0.125801E-16
  -14  -10    0  -5.970987796  -4.264991283   0.374466E-04  -0.263199E-16
   10  -14    0   4.264991283  -5.970987796   0.374466E-04  -0.234660E-16
   14  -10    0   5.970987796  -4.264991283   0.374466E-04  -0.132852E-16
   14   10    0   5.970987796   4.264991283   0.374466E-04   0.256148E-16
  -10  -14    0  -4.264991283  -5.970987796   0.374466E-04  -0.360623E-16
  -10   14    0  -4.264991283   5.970987796   0.374466E-04   0.227608E-16
   10   14    0   4.264991283   5.970987796   0.374466E-04   0.353571E-16
  -12  -13    0  -5.117989539  -5.544488667  -0.243680E-02   0.612387E-16
   12  -13    0   5.117989539  -5.544488667   0.239949E-02   0.131648E-16
  -13   12    0  -5.544488667   5.117989539   0.186584E-04  -0.241814E-02
  -13  -12    0  -5.544488667  -5.117989539  -0.186584E-04   0.241814E-02
   13   12    0   5.544488667   5.117989539   0.186584E-04  -0.241814E-02
  -12   13    0  -5.117989539   5.544488667   0.239949E-02  -0.167894E-16
   12   13    0   5.117989539   5.544488667  -0.243680E-02  -0.648633E-16
   13  -12    0   5.544488667  -5.117989539  -0.186584E-04   0.241814E-02
   11  -14    0   4.691490411  -5.970987796   0.878880E-04  -0.650363E-02
  -11   14    0  -4.691490411   5.970987796  -0.878880E-04   0.650363E-02
  -14  -11    0  -5.970987796  -4.691490411   0.641575E-02  -0.159986E-15
  -14   11    0  -5.970987796   4.691490411  -0.659152E-02   0.111356E-17
  -11  -14    0  -4.691490411  -5.970987796   0.878880E-04  -0.650363E-02
   14  -11    0   5.970987796  -4.691490411  -0.659152E-02   0.154685E-18
   11   14    0   4.691490411   5.970987796  -0.878880E-04   0.650363E-02
   14   11    0   5.970987796   4.691490411   0.641575E-02   0.161254E-15
  -13   13    0  -5.544488667   5.544488667   0.392946E-17   0.149137E-02
   13   13    0   5.544488667   5.544488667   0.382105E-16  -0.145396E-02
  -13  -13    0  -5.544488667  -5.544488667   0.365866E-16   0.149137E-02
   13  -13    0   5.544488667  -5.544488667   0.555334E-17  -0.145396E-02
   14  -12    0   5.970987796  -5.117989539  -0.767579E-02  -0.970350E-04
  -12  -14    0  -5.117989539  -5.970987796   0.767579E-02  -0.970350E-04
   14   12    0   5.970987796   5.117989539  -0.767579E-02  -0.970350E-04
   12  -14    0   5.117989539  -5.970987796   0.767579E-02  -0.970350E-04
   12   14    0   5.117989539   5.970987796   0.767579E-02  -0.970350E-04
  -14  -12    0  -5.970987796  -5.117989539  -0.767579E-02  -0.970350E-04
  -12   14    0  -5.117989539   5.970987796   0.767579E-02  -0.970350E-04
  -14   12    0  -5.970987796   5.117989539  -0.767579E-02  -0.970350E-04
  -14  -13    0  -5.970987796  -5.544488667  -0.281745E-03  -0.111608E-16
   14   13    0   5.970987796   5.544488667  -0.281745E-03   0.924432E-17
  -13  -14    0  -5.544488667  -5.970987796   0.249407E-04  -0.256804E-03
  -13   14    0  -5.544488667   5.970987796  -0.249407E-04   0.256804E-03
   14  -13    0   5.970987796  -5.544488667   0.231863E-03   0.931783E-18
   13   14    0   5.544488667   5.970987796  -0.249407E-04   0.256804E-03
   13  -14    0   5.544488667  -5.970987796   0.249407E-04  -0.256804E-03
  -14   13    0  -5.970987796   5.544488667   0.231863E-03  -0.284823E-17
  -14   14    0  -5.970987796   5.970987796  -0.737478E-03  -0.134033E-16
   14  -14    0   5.970987796  -5.970987796  -0.737478E-03   0.130725E-16
  -14  -14    0  -5.970987796  -5.970987796  -0.737478E-03   0.234675E-16
   14   14    0   5.970987796   5.970987796  -0.737478E-03  -0.237983E-16
