    0    0    0   0.000000000   0.000000000   0.139260E-18   0.351066E-04
    0    1    0  -0.000000000   0.937387329   0.462884E-17   0.114381E-04
   -1    0    0  -0.937387329   0.000000000   0.966279E-18   0.114381E-04
    1    0    0   0.937387329  -0.000000000   0.966279E-18   0.114381E-04
    0   -1    0   0.000000000  -0.937387329   0.462884E-17   0.114381E-04
    1   -1    0   0.937387329  -0.937387329  -0.372147E-04   0.286347E-01
   -1    1    0  -0.937387329   0.937387329   0.372147E-04  -0.286347E-01
    1    1    0   0.937387329   0.937387329  -0.372147E-04   0.286347E-01
   -1   -1    0  -0.937387329  -0.937387329   0.372147E-04  -0.286347E-01
   -2    0    0  -1.874774659   0.000000000  -0.320169E-17  -0.656223E-04
    0    2    0  -0.000000000   1.874774659  -0.147296E-16  -0.656223E-04
    2    0    0   1.874774659  -0.000000000  -0.320169E-17  -0.656223E-04
    0   -2    0   0.000000000  -1.874774659  -0.147296E-16  -0.656223E-04
    2   -1    0   1.874774659  -0.937387329   0.359711E-01   0.565692E-04
    1   -2    0   0.937387329  -1.874774659  -0.632166E-17  -0.359145E-01
   -1   -2    0  -0.937387329  -1.874774659   0.647105E-16  -0.359145E-01
   -2    1    0  -1.874774659   0.937387329   0.359711E-01   0.565692E-04
   -2   -1    0  -1.874774659  -0.937387329  -0.359711E-01   0.565692E-04
    1    2    0   0.937387329   1.874774659   0.646815E-16   0.360276E-01
    2    1    0   1.874774659   0.937387329  -0.359711E-01   0.565692E-04
   -1    2    0  -0.937387329   1.874774659  -0.635067E-17   0.360276E-01
    2    2    0   1.874774659   1.874774659  -0.247885E-01  -0.512475E-04
   -2   -2    0  -1.874774659  -1.874774659  -0.247885E-01  -0.512475E-04
    2   -2    0   1.874774659  -1.874774659  -0.247885E-01  -0.512475E-04
   -2    2    0  -1.874774659   1.874774659  -0.247885E-01  -0.512475E-04
    0   -3    0   0.000000000  -2.812161988   0.186035E-16  -0.372316E-04
    0    3    0  -0.000000000   2.812161988   0.186035E-16  -0.372316E-04
   -3    0    0  -2.812161988   0.000000000   0.477913E-16  -0.372316E-04
    3    0    0   2.812161988  -0.000000000   0.477913E-16  -0.372316E-04
   -1    3    0  -0.937387329   2.812161988   0.115571E-03  -0.836519E-01
   -3   -1    0  -2.812161988  -0.937387329  -0.115571E-03   0.836519E-01
    3   -1    0   2.812161988  -0.937387329   0.115571E-03  -0.836519E-01
    1    3    0   0.937387329   2.812161988  -0.115571E-03   0.836519E-01
    1   -3    0   0.937387329  -2.812161988  -0.115571E-03   0.836519E-01
   -1   -3    0  -0.937387329  -2.812161988   0.115571E-03  -0.836519E-01
    3    1    0   2.812161988   0.937387329   0.115571E-03  -0.836519E-01
   -3    1    0  -2.812161988   0.937387329  -0.115571E-03   0.836519E-01
   -3    2    0  -2.812161988   1.874774659  -0.435636E-04   0.186802E-01
    3    2    0   2.812161988   1.874774659  -0.435636E-04   0.186802E-01
   -2   -3    0  -1.874774659  -2.812161988   0.186367E-01  -0.723479E-17
   -3   -2    0  -2.812161988  -1.874774659   0.435636E-04  -0.186802E-01
    2   -3    0   1.874774659  -2.812161988  -0.187238E-01   0.257218E-17
   -2    3    0  -1.874774659   2.812161988  -0.187238E-01  -0.248483E-17
    3   -2    0   2.812161988  -1.874774659   0.435636E-04  -0.186802E-01
    2    3    0   1.874774659   2.812161988   0.186367E-01   0.732214E-17
    0    4    0  -0.000000000   3.749549317  -0.194985E-01  -0.188938E-04
    0   -4    0   0.000000000  -3.749549317  -0.194985E-01  -0.188938E-04
   -4    0    0  -3.749549317   0.000000000  -0.194985E-01  -0.188938E-04
    4    0    0   3.749549317  -0.000000000  -0.194985E-01  -0.188938E-04
   -1    4    0  -0.937387329   3.749549317  -0.640836E-04   0.189588E-01
   -4   -1    0  -3.749549317  -0.937387329   0.188947E-01  -0.228756E-16
    4    1    0   3.749549317   0.937387329   0.188947E-01   0.229247E-16
    1    4    0   0.937387329   3.749549317  -0.640836E-04   0.189588E-01
   -1   -4    0  -0.937387329  -3.749549317   0.640836E-04  -0.189588E-01
   -4    1    0  -3.749549317   0.937387329  -0.190229E-01  -0.348967E-16
    1   -4    0   0.937387329  -3.749549317   0.640836E-04  -0.189588E-01
    4   -1    0   3.749549317  -0.937387329  -0.190229E-01   0.349458E-16
    3   -3    0   2.812161988  -2.812161988  -0.494918E-04   0.168527E-01
    3    3    0   2.812161988   2.812161988  -0.494918E-04   0.168527E-01
   -3   -3    0  -2.812161988  -2.812161988   0.494918E-04  -0.168527E-01
   -3    3    0  -2.812161988   2.812161988   0.494918E-04  -0.168527E-01
   -4   -2    0  -3.749549317  -1.874774659   0.444555E-01   0.938456E-04
    4   -2    0   3.749549317  -1.874774659   0.444555E-01   0.938456E-04
   -2    4    0  -1.874774659   3.749549317  -0.444555E-01   0.938456E-04
    4    2    0   3.749549317   1.874774659   0.444555E-01   0.938456E-04
   -4    2    0  -3.749549317   1.874774659   0.444555E-01   0.938456E-04
    2   -4    0   1.874774659  -3.749549317  -0.444555E-01   0.938456E-04
   -2   -4    0  -1.874774659  -3.749549317  -0.444555E-01   0.938456E-04
    2    4    0   1.874774659   3.749549317  -0.444555E-01   0.938456E-04
    5    0    0   4.686936647  -0.000000000   0.126604E-17   0.374855E-04
    0   -5    0   0.000000000  -4.686936647  -0.231590E-16   0.374855E-04
    0    5    0  -0.000000000   4.686936647  -0.231590E-16   0.374855E-04
   -5    0    0  -4.686936647   0.000000000   0.126604E-17   0.374855E-04
    4   -3    0   3.749549317  -2.812161988  -0.367430E-01  -0.102461E-03
   -3   -4    0  -2.812161988  -3.749549317   0.135751E-16   0.366405E-01
    4    3    0   3.749549317   2.812161988   0.367430E-01  -0.102461E-03
   -4   -3    0  -3.749549317  -2.812161988   0.367430E-01  -0.102461E-03
   -4    3    0  -3.749549317   2.812161988  -0.367430E-01  -0.102461E-03
    3    4    0   2.812161988   3.749549317   0.134551E-16  -0.368454E-01
    3   -4    0   2.812161988  -3.749549317   0.258362E-16   0.366405E-01
   -3    4    0  -2.812161988   3.749549317   0.257162E-16  -0.368454E-01
    1   -5    0   0.937387329  -4.686936647   0.341170E-04  -0.204303E-01
    5   -1    0   4.686936647  -0.937387329   0.341170E-04  -0.204303E-01
   -1    5    0  -0.937387329   4.686936647  -0.341170E-04   0.204303E-01
   -1   -5    0  -0.937387329  -4.686936647  -0.341170E-04   0.204303E-01
    1    5    0   0.937387329   4.686936647   0.341170E-04  -0.204303E-01
    5    1    0   4.686936647   0.937387329   0.341170E-04  -0.204303E-01
   -5    1    0  -4.686936647   0.937387329  -0.341170E-04   0.204303E-01
   -5   -1    0  -4.686936647  -0.937387329  -0.341170E-04   0.204303E-01
   -2   -5    0  -1.874774659  -4.686936647  -0.463629E-01  -0.909415E-04
   -5    2    0  -4.686936647   1.874774659   0.271849E-17   0.462719E-01
    5   -2    0   4.686936647  -1.874774659   0.276094E-17  -0.464538E-01
    2    5    0   1.874774659   4.686936647  -0.463629E-01  -0.909415E-04
    5    2    0   4.686936647   1.874774659  -0.762323E-16   0.462719E-01
   -2    5    0  -1.874774659   4.686936647   0.463629E-01  -0.909415E-04
    2   -5    0   1.874774659  -4.686936647   0.463629E-01  -0.909415E-04
   -5   -2    0  -4.686936647  -1.874774659  -0.761899E-16  -0.464538E-01
    4    4    0   3.749549317   3.749549317  -0.139686E-01  -0.496269E-04
    4   -4    0   3.749549317  -3.749549317  -0.139686E-01  -0.496269E-04
   -4   -4    0  -3.749549317  -3.749549317  -0.139686E-01  -0.496269E-04
   -4    4    0  -3.749549317   3.749549317  -0.139686E-01  -0.496269E-04
   -3    5    0  -2.812161988   4.686936647  -0.150318E-16   0.886714E-03
    5    3    0   4.686936647   2.812161988  -0.440568E-16   0.886714E-03
   -5   -3    0  -4.686936647  -2.812161988  -0.437161E-16  -0.836735E-03
    3   -5    0   2.812161988  -4.686936647  -0.146911E-16  -0.836735E-03
    5   -3    0   4.686936647  -2.812161988   0.115466E-16   0.886714E-03
   -3   -5    0  -2.812161988  -4.686936647   0.124063E-16   0.886714E-03
   -5    3    0  -4.686936647   2.812161988   0.118873E-16  -0.836735E-03
    3    5    0   2.812161988   4.686936647   0.127470E-16  -0.836735E-03
    6    0    0   5.624323976  -0.000000000  -0.277115E-16  -0.496914E-04
    0    6    0  -0.000000000   5.624323976   0.149801E-16  -0.496914E-04
    0   -6    0   0.000000000  -5.624323976   0.149801E-16  -0.496914E-04
   -6    0    0  -5.624323976   0.000000000  -0.277115E-16  -0.496914E-04
    1    6    0   0.937387329   5.624323976  -0.215977E-17  -0.355032E-01
   -6   -1    0  -5.624323976  -0.937387329   0.356122E-01   0.109043E-03
   -1    6    0  -0.937387329   5.624323976  -0.820027E-17  -0.355032E-01
   -1   -6    0  -0.937387329  -5.624323976  -0.224570E-17   0.357213E-01
   -6    1    0  -5.624323976   0.937387329  -0.356122E-01   0.109043E-03
    6   -1    0   5.624323976  -0.937387329  -0.356122E-01   0.109043E-03
    6    1    0   5.624323976   0.937387329   0.356122E-01   0.109043E-03
    1   -6    0   0.937387329  -5.624323976  -0.828620E-17   0.357213E-01
   -2   -6    0  -1.874774659  -5.624323976  -0.648417E-02   0.340670E-05
    2    6    0   1.874774659   5.624323976  -0.648417E-02   0.340670E-05
    6    2    0   5.624323976   1.874774659  -0.648417E-02   0.340670E-05
    6   -2    0   5.624323976  -1.874774659  -0.648417E-02   0.340670E-05
   -6   -2    0  -5.624323976  -1.874774659  -0.648417E-02   0.340670E-05
   -2    6    0  -1.874774659   5.624323976  -0.648417E-02   0.340670E-05
    2   -6    0   1.874774659  -5.624323976  -0.648417E-02   0.340670E-05
   -6    2    0  -5.624323976   1.874774659  -0.648417E-02   0.340670E-05
    4   -5    0   3.749549317  -4.686936647  -0.415805E-02   0.219322E-04
    5    4    0   4.686936647   3.749549317   0.714601E-17   0.417998E-02
   -4   -5    0  -3.749549317  -4.686936647   0.415805E-02   0.219322E-04
   -4    5    0  -3.749549317   4.686936647  -0.415805E-02   0.219322E-04
   -5   -4    0  -4.686936647  -3.749549317   0.678234E-17  -0.413612E-02
    4    5    0   3.749549317   4.686936647   0.415805E-02   0.219322E-04
   -5    4    0  -4.686936647   3.749549317   0.386666E-16   0.417998E-02
    5   -4    0   4.686936647  -3.749549317   0.383030E-16  -0.413612E-02
   -6   -3    0  -5.624323976  -2.812161988  -0.230654E-01  -0.590354E-04
    6    3    0   5.624323976   2.812161988  -0.230654E-01  -0.590354E-04
    6   -3    0   5.624323976  -2.812161988   0.230654E-01  -0.590354E-04
    3    6    0   2.812161988   5.624323976  -0.214904E-16  -0.231244E-01
   -6    3    0  -5.624323976   2.812161988   0.230654E-01  -0.590354E-04
   -3    6    0  -2.812161988   5.624323976   0.100565E-16  -0.231244E-01
   -3   -6    0  -2.812161988  -5.624323976  -0.216285E-16   0.230064E-01
    3   -6    0   2.812161988  -5.624323976   0.991841E-17   0.230064E-01
   -7    0    0  -6.561711305   0.000000000  -0.233295E-16  -0.343221E-05
    7    0    0   6.561711305  -0.000000000  -0.233295E-16  -0.343221E-05
    0   -7    0   0.000000000  -6.561711305   0.160737E-17  -0.343221E-05
    0    7    0  -0.000000000   6.561711305   0.160737E-17  -0.343221E-05
   -1    7    0  -0.937387329   6.561711305   0.114774E-03  -0.539855E-02
    7   -1    0   6.561711305  -0.937387329   0.114774E-03  -0.539855E-02
    1   -7    0   0.937387329  -6.561711305  -0.114774E-03   0.539855E-02
    7    1    0   6.561711305   0.937387329   0.114774E-03  -0.539855E-02
   -1   -7    0  -0.937387329  -6.561711305   0.114774E-03  -0.539855E-02
    1    7    0   0.937387329   6.561711305  -0.114774E-03   0.539855E-02
   -7   -1    0  -6.561711305  -0.937387329  -0.114774E-03   0.539855E-02
   -7    1    0  -6.561711305   0.937387329  -0.114774E-03   0.539855E-02
    5   -5    0   4.686936647  -4.686936647  -0.116218E-03   0.384495E-01
   -5   -5    0  -4.686936647  -4.686936647   0.116218E-03  -0.384495E-01
    5    5    0   4.686936647   4.686936647  -0.116218E-03   0.384495E-01
   -5    5    0  -4.686936647   4.686936647   0.116218E-03  -0.384495E-01
    4    6    0   3.749549317   5.624323976  -0.484451E-02   0.211439E-17
   -4   -6    0  -3.749549317  -5.624323976  -0.484451E-02  -0.292028E-17
    6   -4    0   5.624323976  -3.749549317   0.471755E-02   0.625841E-17
   -6    4    0  -5.624323976   3.749549317   0.471755E-02  -0.706429E-17
    4   -6    0   3.749549317  -5.624323976  -0.484451E-02  -0.870705E-17
   -4    6    0  -3.749549317   5.624323976  -0.484451E-02   0.790116E-17
    6    4    0   5.624323976   3.749549317   0.471755E-02  -0.431616E-16
   -6   -4    0  -5.624323976  -3.749549317   0.471755E-02   0.423557E-16
   -2    7    0  -1.874774659   6.561711305   0.233450E-01   0.975461E-04
    2   -7    0   1.874774659  -6.561711305   0.233450E-01   0.975461E-04
    2    7    0   1.874774659   6.561711305  -0.233450E-01   0.975461E-04
   -2   -7    0  -1.874774659  -6.561711305  -0.233450E-01   0.975461E-04
   -7    2    0  -6.561711305   1.874774659  -0.744677E-16  -0.232475E-01
    7    2    0   6.561711305   1.874774659   0.191038E-16  -0.232475E-01
    7   -2    0   6.561711305  -1.874774659  -0.742554E-16   0.234426E-01
   -7   -2    0  -6.561711305  -1.874774659   0.193161E-16   0.234426E-01
   -3    7    0  -2.812161988   6.561711305   0.355525E-04  -0.148512E-01
    3    7    0   2.812161988   6.561711305  -0.355525E-04   0.148512E-01
   -7   -3    0  -6.561711305  -2.812161988   0.355525E-04  -0.148512E-01
    7   -3    0   6.561711305  -2.812161988  -0.355525E-04   0.148512E-01
   -3   -7    0  -2.812161988  -6.561711305   0.355525E-04  -0.148512E-01
   -7    3    0  -6.561711305   2.812161988   0.355525E-04  -0.148512E-01
    7    3    0   6.561711305   2.812161988  -0.355525E-04   0.148512E-01
    3   -7    0   2.812161988  -6.561711305  -0.355525E-04   0.148512E-01
   -5    6    0  -4.686936647   5.624323976  -0.123189E-03   0.315736E-01
    5   -6    0   4.686936647  -5.624323976   0.123189E-03  -0.315736E-01
   -5   -6    0  -4.686936647  -5.624323976   0.123189E-03  -0.315736E-01
    6   -5    0   5.624323976  -4.686936647   0.314504E-01   0.598228E-16
    6    5    0   5.624323976   4.686936647  -0.316968E-01   0.195680E-17
   -6    5    0  -5.624323976   4.686936647   0.314504E-01  -0.594628E-16
   -6   -5    0  -5.624323976  -4.686936647  -0.316968E-01  -0.159676E-17
    5    6    0   4.686936647   5.624323976  -0.123189E-03   0.315736E-01
    8    0    0   7.499098635  -0.000000000  -0.164413E-01  -0.392058E-04
    0   -8    0   0.000000000  -7.499098635  -0.164413E-01  -0.392058E-04
   -8    0    0  -7.499098635   0.000000000  -0.164413E-01  -0.392058E-04
    0    8    0  -0.000000000   7.499098635  -0.164413E-01  -0.392058E-04
   -7    4    0  -6.561711305   3.749549317   0.218340E-17   0.385888E-02
    4    7    0   3.749549317   6.561711305  -0.383497E-02   0.239088E-04
   -7   -4    0  -6.561711305  -3.749549317  -0.786792E-17  -0.381106E-02
    7   -4    0   6.561711305  -3.749549317   0.242097E-17  -0.381106E-02
    4   -7    0   3.749549317  -6.561711305   0.383497E-02   0.239088E-04
    7    4    0   6.561711305   3.749549317  -0.810550E-17   0.385888E-02
   -4    7    0  -3.749549317   6.561711305   0.383497E-02   0.239088E-04
   -4   -7    0  -3.749549317  -6.561711305  -0.383497E-02   0.239088E-04
    1    8    0   0.937387329   7.499098635  -0.584947E-04   0.155706E-01
   -1    8    0  -0.937387329   7.499098635  -0.584947E-04   0.155706E-01
   -8    1    0  -7.499098635   0.937387329  -0.156291E-01  -0.409551E-17
    8    1    0   7.499098635   0.937387329   0.155121E-01   0.195148E-16
   -8   -1    0  -7.499098635  -0.937387329   0.155121E-01  -0.195295E-16
    1   -8    0   0.937387329  -7.499098635   0.584947E-04  -0.155706E-01
    8   -1    0   7.499098635  -0.937387329  -0.156291E-01   0.408076E-17
   -1   -8    0  -0.937387329  -7.499098635   0.584947E-04  -0.155706E-01
    2    8    0   1.874774659   7.499098635   0.237153E-01   0.106857E-03
   -2    8    0  -1.874774659   7.499098635   0.237153E-01   0.106857E-03
    8    2    0   7.499098635   1.874774659  -0.237153E-01   0.106857E-03
   -8   -2    0  -7.499098635  -1.874774659  -0.237153E-01   0.106857E-03
   -2   -8    0  -1.874774659  -7.499098635   0.237153E-01   0.106857E-03
   -8    2    0  -7.499098635   1.874774659  -0.237153E-01   0.106857E-03
    8   -2    0   7.499098635  -1.874774659  -0.237153E-01   0.106857E-03
    2   -8    0   1.874774659  -7.499098635   0.237153E-01   0.106857E-03
   -6   -6    0  -5.624323976  -5.624323976   0.840886E-02   0.762207E-05
    6   -6    0   5.624323976  -5.624323976   0.840886E-02   0.762207E-05
    6    6    0   5.624323976   5.624323976   0.840886E-02   0.762207E-05
   -6    6    0  -5.624323976   5.624323976   0.840886E-02   0.762207E-05
    8   -3    0   7.499098635  -2.812161988  -0.186772E-01  -0.832883E-04
   -8    3    0  -7.499098635   2.812161988  -0.186772E-01  -0.832883E-04
   -8   -3    0  -7.499098635  -2.812161988   0.186772E-01  -0.832883E-04
    3    8    0   2.812161988   7.499098635   0.688619E-18  -0.187605E-01
    8    3    0   7.499098635   2.812161988   0.186772E-01  -0.832883E-04
    3   -8    0   2.812161988  -7.499098635   0.809205E-17   0.185939E-01
   -3    8    0  -2.812161988   7.499098635   0.802153E-17  -0.187605E-01
   -3   -8    0  -2.812161988  -7.499098635   0.759136E-18   0.185939E-01
   -7   -5    0  -6.561711305  -4.686936647   0.100445E-03  -0.185061E-01
   -5    7    0  -4.686936647   6.561711305  -0.100445E-03   0.185061E-01
   -5   -7    0  -4.686936647  -6.561711305  -0.100445E-03   0.185061E-01
   -7    5    0  -6.561711305   4.686936647   0.100445E-03  -0.185061E-01
    7   -5    0   6.561711305  -4.686936647  -0.100445E-03   0.185061E-01
    7    5    0   6.561711305   4.686936647  -0.100445E-03   0.185061E-01
    5   -7    0   4.686936647  -6.561711305   0.100445E-03  -0.185061E-01
    5    7    0   4.686936647   6.561711305   0.100445E-03  -0.185061E-01
   -8   -4    0  -7.499098635  -3.749549317   0.121275E-01   0.623748E-04
    8   -4    0   7.499098635  -3.749549317   0.121275E-01   0.623748E-04
    8    4    0   7.499098635   3.749549317   0.121275E-01   0.623748E-04
    4    8    0   3.749549317   7.499098635   0.121275E-01   0.623748E-04
   -8    4    0  -7.499098635   3.749549317   0.121275E-01   0.623748E-04
    4   -8    0   3.749549317  -7.499098635   0.121275E-01   0.623748E-04
   -4    8    0  -3.749549317   7.499098635   0.121275E-01   0.623748E-04
   -4   -8    0  -3.749549317  -7.499098635   0.121275E-01   0.623748E-04
   -9    0    0  -8.436485964   0.000000000  -0.469988E-04  -0.456600E-17
    0   -9    0   0.000000000  -8.436485964  -0.469988E-04  -0.144394E-16
    9    0    0   8.436485964  -0.000000000  -0.469988E-04   0.308438E-17
    0    9    0  -0.000000000   8.436485964  -0.469988E-04   0.129578E-16
    9    1    0   8.436485964   0.937387329   0.979118E-04  -0.144910E-01
    1    9    0   0.937387329   8.436485964   0.979118E-04  -0.144910E-01
   -1   -9    0  -0.937387329  -8.436485964  -0.979118E-04   0.144910E-01
   -9    1    0  -8.436485964   0.937387329  -0.979118E-04   0.144910E-01
   -1    9    0  -0.937387329   8.436485964  -0.979118E-04   0.144910E-01
   -9   -1    0  -8.436485964  -0.937387329  -0.979118E-04   0.144910E-01
    9   -1    0   8.436485964  -0.937387329   0.979118E-04  -0.144910E-01
    1   -9    0   0.937387329  -8.436485964   0.979118E-04  -0.144910E-01
   -2    9    0  -1.874774659   8.436485964  -0.149434E-01  -0.728856E-04
   -7   -6    0  -6.561711305  -5.624323976  -0.822569E-04   0.127874E-01
   -9   -2    0  -8.436485964  -1.874774659  -0.503054E-17   0.148705E-01
    7    6    0   6.561711305   5.624323976   0.822569E-04  -0.127874E-01
    6    7    0   5.624323976   6.561711305  -0.128697E-01   0.436570E-17
   -6    7    0  -5.624323976   6.561711305   0.127051E-01  -0.127091E-16
   -7    6    0  -6.561711305   5.624323976   0.822569E-04  -0.127874E-01
   -2   -9    0  -1.874774659  -8.436485964   0.149434E-01  -0.728856E-04
    7   -6    0   6.561711305  -5.624323976  -0.822569E-04   0.127874E-01
   -6   -7    0  -5.624323976  -6.561711305  -0.128697E-01  -0.358331E-17
    2   -9    0   1.874774659  -8.436485964  -0.149434E-01  -0.728856E-04
    6   -7    0   5.624323976  -6.561711305   0.127051E-01   0.134915E-16
    9   -2    0   8.436485964  -1.874774659   0.343923E-16   0.148705E-01
    9    2    0   8.436485964   1.874774659  -0.488906E-17  -0.150163E-01
   -9    2    0  -8.436485964   1.874774659   0.345338E-16  -0.150163E-01
    2    9    0   1.874774659   8.436485964   0.149434E-01  -0.728856E-04
    8   -5    0   7.499098635  -4.686936647  -0.336328E-02  -0.120346E-16
    8    5    0   7.499098635   4.686936647   0.327603E-02  -0.385335E-16
    5    8    0   4.686936647   7.499098635  -0.436281E-04   0.331966E-02
   -8    5    0  -7.499098635   4.686936647  -0.336328E-02   0.125586E-16
    5   -8    0   4.686936647  -7.499098635   0.436281E-04  -0.331966E-02
   -8   -5    0  -7.499098635  -4.686936647   0.327603E-02   0.390574E-16
   -5    8    0  -4.686936647   7.499098635  -0.436281E-04   0.331966E-02
   -5   -8    0  -4.686936647  -7.499098635   0.436281E-04  -0.331966E-02
    9   -3    0   8.436485964  -2.812161988  -0.115668E-04   0.143170E-02
   -9    3    0  -8.436485964   2.812161988   0.115668E-04  -0.143170E-02
   -3   -9    0  -2.812161988  -8.436485964  -0.115668E-04   0.143170E-02
   -3    9    0  -2.812161988   8.436485964  -0.115668E-04   0.143170E-02
    3   -9    0   2.812161988  -8.436485964   0.115668E-04  -0.143170E-02
   -9   -3    0  -8.436485964  -2.812161988   0.115668E-04  -0.143170E-02
    9    3    0   8.436485964   2.812161988  -0.115668E-04   0.143170E-02
    3    9    0   2.812161988   8.436485964   0.115668E-04  -0.143170E-02
    4   -9    0   3.749549317  -8.436485964  -0.209976E-01  -0.916803E-04
   -9   -4    0  -8.436485964  -3.749549317  -0.100706E-17  -0.210892E-01
   -9    4    0  -8.436485964   3.749549317  -0.115973E-16   0.209059E-01
   -4   -9    0  -3.749549317  -8.436485964   0.209976E-01  -0.916803E-04
    9   -4    0   8.436485964  -3.749549317  -0.115930E-16  -0.210892E-01
   -4    9    0  -3.749549317   8.436485964  -0.209976E-01  -0.916803E-04
    9    4    0   8.436485964   3.749549317  -0.101128E-17   0.209059E-01
    4    9    0   3.749549317   8.436485964   0.209976E-01  -0.916803E-04
   -7   -7    0  -6.561711305  -6.561711305  -0.107648E-03   0.186494E-01
    7    7    0   6.561711305   6.561711305   0.107648E-03  -0.186494E-01
    7   -7    0   6.561711305  -6.561711305   0.107648E-03  -0.186494E-01
   -7    7    0  -6.561711305   6.561711305  -0.107648E-03   0.186494E-01
    0  -10    0   0.000000000  -9.373873294  -0.169729E-16  -0.454481E-04
    0   10    0  -0.000000000   9.373873294  -0.169729E-16  -0.454481E-04
   10    0    0   9.373873294  -0.000000000  -0.134810E-16  -0.454481E-04
  -10    0    0  -9.373873294   0.000000000  -0.134810E-16  -0.454481E-04
   -6    8    0  -5.624323976   7.499098635  -0.353531E-02   0.436720E-04
    6   -8    0   5.624323976  -7.499098635  -0.353531E-02   0.436720E-04
   -6   -8    0  -5.624323976  -7.499098635  -0.353531E-02   0.436720E-04
   -8    6    0  -7.499098635   5.624323976   0.353531E-02   0.436720E-04
    6    8    0   5.624323976   7.499098635  -0.353531E-02   0.436720E-04
   -8   -6    0  -7.499098635  -5.624323976   0.353531E-02   0.436720E-04
    8    6    0   7.499098635   5.624323976   0.353531E-02   0.436720E-04
    8   -6    0   7.499098635  -5.624323976   0.353531E-02   0.436720E-04
    1  -10    0   0.937387329  -9.373873294  -0.758076E-17  -0.119148E-01
  -10   -1    0  -9.373873294  -0.937387329  -0.118489E-01  -0.659264E-04
   -1   10    0  -0.937387329   9.373873294  -0.756357E-17   0.117830E-01
   10   -1    0   9.373873294  -0.937387329   0.118489E-01  -0.659264E-04
  -10    1    0  -9.373873294   0.937387329   0.118489E-01  -0.659264E-04
   -1  -10    0  -0.937387329  -9.373873294  -0.420930E-16  -0.119148E-01
   10    1    0   9.373873294   0.937387329  -0.118489E-01  -0.659264E-04
    1   10    0   0.937387329   9.373873294  -0.420758E-16   0.117830E-01
   -2   10    0  -1.874774659   9.373873294   0.796886E-02   0.570856E-04
   10   -2    0   9.373873294  -1.874774659   0.796886E-02   0.570856E-04
   -2  -10    0  -1.874774659  -9.373873294   0.796886E-02   0.570856E-04
   10    2    0   9.373873294   1.874774659   0.796886E-02   0.570856E-04
    2  -10    0   1.874774659  -9.373873294   0.796886E-02   0.570856E-04
  -10   -2    0  -9.373873294  -1.874774659   0.796886E-02   0.570856E-04
  -10    2    0  -9.373873294   1.874774659   0.796886E-02   0.570856E-04
    2   10    0   1.874774659   9.373873294   0.796886E-02   0.570856E-04
   -9    5    0  -8.436485964   4.686936647   0.488751E-17   0.535711E-02
   -5   -9    0  -4.686936647  -8.436485964  -0.368624E-16   0.535711E-02
   -5    9    0  -4.686936647   8.436485964   0.382911E-16   0.535711E-02
    9   -5    0   8.436485964  -4.686936647   0.516369E-17  -0.515449E-02
    5    9    0   4.686936647   8.436485964  -0.365862E-16  -0.515449E-02
   -9   -5    0  -8.436485964  -4.686936647  -0.410196E-17   0.535711E-02
    9    5    0   8.436485964   4.686936647  -0.382578E-17  -0.515449E-02
    5   -9    0   4.686936647  -8.436485964   0.385673E-16  -0.515449E-02
  -10   -3    0  -9.373873294  -2.812161988   0.133229E-01   0.541134E-04
    3  -10    0   2.812161988  -9.373873294  -0.505160E-16  -0.132688E-01
  -10    3    0  -9.373873294   2.812161988  -0.133229E-01   0.541134E-04
   -3   10    0  -2.812161988   9.373873294  -0.500614E-16   0.133770E-01
   -3  -10    0  -2.812161988  -9.373873294  -0.122015E-16  -0.132688E-01
    3   10    0   2.812161988   9.373873294  -0.117469E-16   0.133770E-01
   10   -3    0   9.373873294  -2.812161988  -0.133229E-01   0.541134E-04
   10    3    0   9.373873294   2.812161988   0.133229E-01   0.541134E-04
   -8    7    0  -7.499098635   6.561711305  -0.313011E-02   0.505424E-04
    8   -7    0   7.499098635  -6.561711305  -0.313011E-02   0.505424E-04
   -8   -7    0  -7.499098635  -6.561711305   0.313011E-02   0.505424E-04
   -7    8    0  -6.561711305   7.499098635  -0.102622E-16  -0.307956E-02
    7   -8    0   6.561711305  -7.499098635  -0.859592E-17   0.318065E-02
    7    8    0   6.561711305   7.499098635  -0.645527E-17  -0.307956E-02
    8    7    0   7.499098635   6.561711305   0.313011E-02   0.505424E-04
   -7   -8    0  -6.561711305  -7.499098635  -0.478894E-17   0.318065E-02
   10    4    0   9.373873294   3.749549317   0.153884E-01   0.994761E-04
    4   10    0   3.749549317   9.373873294  -0.153884E-01   0.994761E-04
   -4  -10    0  -3.749549317  -9.373873294  -0.153884E-01   0.994761E-04
   10   -4    0   9.373873294  -3.749549317   0.153884E-01   0.994761E-04
  -10   -4    0  -9.373873294  -3.749549317   0.153884E-01   0.994761E-04
    4  -10    0   3.749549317  -9.373873294  -0.153884E-01   0.994761E-04
  -10    4    0  -9.373873294   3.749549317   0.153884E-01   0.994761E-04
   -4   10    0  -3.749549317   9.373873294  -0.153884E-01   0.994761E-04
   -9   -6    0  -8.436485964  -5.624323976   0.490677E-04  -0.836453E-02
   -9    6    0  -8.436485964   5.624323976  -0.490677E-04   0.836453E-02
   -6   -9    0  -5.624323976  -8.436485964  -0.841359E-02  -0.169252E-16
   -6    9    0  -5.624323976   8.436485964   0.831546E-02  -0.145658E-16
    6    9    0   5.624323976   8.436485964  -0.841359E-02   0.165299E-16
    9   -6    0   8.436485964  -5.624323976   0.490677E-04  -0.836453E-02
    6   -9    0   5.624323976  -8.436485964   0.831546E-02   0.141706E-16
    9    6    0   8.436485964   5.624323976  -0.490677E-04   0.836453E-02
   11    0    0  10.311260623  -0.000000000   0.435567E-04  -0.147243E-16
  -11    0    0 -10.311260623   0.000000000   0.435567E-04   0.140177E-16
    0  -11    0   0.000000000 -10.311260623   0.435567E-04  -0.916374E-17
    0   11    0  -0.000000000  10.311260623   0.435567E-04   0.845718E-17
   -1   11    0  -0.937387329  10.311260623  -0.634898E-04   0.128072E-01
   11   -1    0  10.311260623  -0.937387329  -0.634898E-04   0.128072E-01
    1  -11    0   0.937387329 -10.311260623   0.634898E-04  -0.128072E-01
  -11    1    0 -10.311260623   0.937387329   0.634898E-04  -0.128072E-01
   -1  -11    0  -0.937387329 -10.311260623  -0.634898E-04   0.128072E-01
  -11   -1    0 -10.311260623  -0.937387329   0.634898E-04  -0.128072E-01
   11    1    0  10.311260623   0.937387329  -0.634898E-04   0.128072E-01
    1   11    0   0.937387329  10.311260623   0.634898E-04  -0.128072E-01
    2   11    0   1.874774659  10.311260623  -0.280861E-02  -0.607681E-04
    5  -10    0   4.686936647  -9.373873294   0.140283E-04  -0.155350E-02
   11    2    0  10.311260623   1.874774659   0.149915E-16  -0.286938E-02
    2  -11    0   1.874774659 -10.311260623   0.280861E-02  -0.607681E-04
   -5   10    0  -4.686936647   9.373873294  -0.140283E-04   0.155350E-02
   -2  -11    0  -1.874774659 -10.311260623  -0.280861E-02  -0.607681E-04
   -5  -10    0  -4.686936647  -9.373873294   0.140283E-04  -0.155350E-02
  -11    2    0 -10.311260623   1.874774659   0.801033E-17  -0.286938E-02
   -2   11    0  -1.874774659  10.311260623   0.280861E-02  -0.607681E-04
  -10   -5    0  -9.373873294  -4.686936647  -0.156753E-02  -0.369996E-18
   11   -2    0  10.311260623  -1.874774659   0.735856E-17   0.274784E-02
  -10    5    0  -9.373873294   4.686936647   0.153947E-02   0.707242E-17
   10   -5    0   9.373873294  -4.686936647   0.153947E-02  -0.712999E-17
   10    5    0   9.373873294   4.686936647  -0.156753E-02   0.312428E-18
    5   10    0   4.686936647   9.373873294  -0.140283E-04   0.155350E-02
  -11   -2    0 -10.311260623  -1.874774659   0.143398E-16   0.274784E-02
   -8    8    0  -7.499098635   7.499098635  -0.169556E-02   0.301067E-04
    8    8    0   7.499098635   7.499098635  -0.169556E-02   0.301067E-04
    8   -8    0   7.499098635  -7.499098635  -0.169556E-02   0.301067E-04
   -8   -8    0  -7.499098635  -7.499098635  -0.169556E-02   0.301067E-04
  -11   -3    0 -10.311260623  -2.812161988   0.845565E-04  -0.121365E-01
    3  -11    0   2.812161988 -10.311260623  -0.845565E-04   0.121365E-01
   -3  -11    0  -2.812161988 -10.311260623   0.845565E-04  -0.121365E-01
   11   -3    0  10.311260623  -2.812161988  -0.845565E-04   0.121365E-01
   11    3    0  10.311260623   2.812161988  -0.845565E-04   0.121365E-01
   -3   11    0  -2.812161988  10.311260623   0.845565E-04  -0.121365E-01
  -11    3    0 -10.311260623   2.812161988   0.845565E-04  -0.121365E-01
    3   11    0   2.812161988  10.311260623  -0.845565E-04   0.121365E-01
    7   -9    0   6.561711305  -8.436485964  -0.114052E-16  -0.458098E-02
    9    7    0   8.436485964   6.561711305   0.858427E-17   0.446509E-02
   -7    9    0  -6.561711305   8.436485964  -0.122787E-16   0.446509E-02
   -7   -9    0  -6.561711305  -8.436485964   0.245531E-16   0.446509E-02
    9   -7    0   8.436485964  -6.561711305   0.992103E-17   0.446509E-02
   -9   -7    0  -8.436485964  -6.561711305   0.945780E-17  -0.458098E-02
    7    9    0   6.561711305   8.436485964   0.254267E-16  -0.458098E-02
   -9    7    0  -8.436485964   6.561711305   0.107946E-16  -0.458098E-02
  -10   -6    0  -9.373873294  -5.624323976   0.524716E-03   0.137245E-04
   -6   10    0  -5.624323976   9.373873294   0.524716E-03   0.137245E-04
   10   -6    0   9.373873294  -5.624323976   0.524716E-03   0.137245E-04
  -10    6    0  -9.373873294   5.624323976   0.524716E-03   0.137245E-04
   10    6    0   9.373873294   5.624323976   0.524716E-03   0.137245E-04
    6  -10    0   5.624323976  -9.373873294   0.524716E-03   0.137245E-04
    6   10    0   5.624323976   9.373873294   0.524716E-03   0.137245E-04
   -6  -10    0  -5.624323976  -9.373873294   0.524716E-03   0.137245E-04
    4   11    0   3.749549317  10.311260623   0.980179E-02   0.503933E-04
   11   -4    0  10.311260623  -3.749549317  -0.691613E-16   0.985219E-02
    4  -11    0   3.749549317 -10.311260623  -0.980179E-02   0.503933E-04
  -11    4    0 -10.311260623   3.749549317  -0.686827E-16  -0.975140E-02
   -4  -11    0  -3.749549317 -10.311260623   0.980179E-02   0.503933E-04
   -4   11    0  -3.749549317  10.311260623  -0.980179E-02   0.503933E-04
   11    4    0  10.311260623   3.749549317   0.356035E-17  -0.975140E-02
  -11   -4    0 -10.311260623  -3.749549317   0.308180E-17   0.985219E-02
    0  -12    0   0.000000000 -11.248647952  -0.255102E-01  -0.201925E-03
    0   12    0  -0.000000000  11.248647952  -0.255102E-01  -0.201925E-03
  -12    0    0 -11.248647952   0.000000000  -0.255102E-01  -0.201925E-03
   12    0    0  11.248647952  -0.000000000  -0.255102E-01  -0.201925E-03
   12   -1    0  11.248647952  -0.937387329  -0.764411E-03  -0.623754E-17
    9   -8    0   8.436485964  -7.499098635   0.181171E-17  -0.702958E-02
  -12   -1    0 -11.248647952  -0.937387329   0.764411E-03   0.188668E-16
   -1  -12    0  -0.937387329 -11.248647952  -0.141116E-16  -0.764411E-03
    8   -9    0   7.499098635  -8.436485964  -0.696839E-02  -0.611815E-04
   -8   -9    0  -7.499098635  -8.436485964   0.696839E-02  -0.611815E-04
    1  -12    0   0.937387329 -11.248647952   0.148636E-16  -0.764411E-03
   -1   12    0  -0.937387329  11.248647952   0.149189E-16   0.764411E-03
    9    8    0   8.436485964   7.499098635  -0.539185E-17   0.690721E-02
   -9   -8    0  -8.436485964  -7.499098635  -0.547107E-17  -0.702958E-02
    8    9    0   7.499098635   8.436485964   0.696839E-02  -0.611815E-04
   -9    8    0  -8.436485964   7.499098635   0.189093E-17   0.690721E-02
    1   12    0   0.937387329  11.248647952  -0.140563E-16   0.764411E-03
   12    1    0  11.248647952   0.937387329   0.764411E-03  -0.184069E-16
  -12    1    0 -11.248647952   0.937387329  -0.764411E-03   0.669741E-17
   -8    9    0  -7.499098635   8.436485964  -0.696839E-02  -0.611815E-04
    5  -11    0   4.686936647 -10.311260623  -0.472052E-04   0.800039E-02
  -11    5    0 -10.311260623   4.686936647  -0.472052E-04   0.800039E-02
   -5   11    0  -4.686936647  10.311260623   0.472052E-04  -0.800039E-02
   -5  -11    0  -4.686936647 -10.311260623   0.472052E-04  -0.800039E-02
   11   -5    0  10.311260623  -4.686936647   0.472052E-04  -0.800039E-02
   11    5    0  10.311260623   4.686936647   0.472052E-04  -0.800039E-02
  -11   -5    0 -10.311260623  -4.686936647  -0.472052E-04   0.800039E-02
    5   11    0   4.686936647  10.311260623  -0.472052E-04   0.800039E-02
   12    2    0  11.248647952   1.874774659   0.413656E-03  -0.455242E-17
    2  -12    0   1.874774659 -11.248647952  -0.460543E-03   0.584366E-17
  -12    2    0 -11.248647952   1.874774659   0.413656E-03   0.169947E-17
  -12   -2    0 -11.248647952  -1.874774659   0.413656E-03   0.396742E-17
   12   -2    0  11.248647952  -1.874774659   0.413656E-03  -0.228447E-17
   -2  -12    0  -1.874774659 -11.248647952  -0.460543E-03   0.895841E-17
   -2   12    0  -1.874774659  11.248647952  -0.460543E-03  -0.642866E-17
    2   12    0   1.874774659  11.248647952  -0.460543E-03  -0.954341E-17
   -7  -10    0  -6.561711305  -9.373873294  -0.649998E-04   0.112443E-01
   10    7    0   9.373873294   6.561711305  -0.113093E-01  -0.141068E-16
   -7   10    0  -6.561711305   9.373873294   0.649998E-04  -0.112443E-01
   10   -7    0   9.373873294  -6.561711305   0.111793E-01   0.312118E-16
    7  -10    0   6.561711305  -9.373873294  -0.649998E-04   0.112443E-01
  -10   -7    0  -9.373873294  -6.561711305  -0.113093E-01   0.147352E-16
    7   10    0   6.561711305   9.373873294   0.649998E-04  -0.112443E-01
  -10    7    0  -9.373873294   6.561711305   0.111793E-01  -0.305835E-16
   -3  -12    0  -2.812161988 -11.248647952   0.550427E-17  -0.249386E-02
   12    3    0  11.248647952   2.812161988  -0.247740E-02  -0.164621E-04
    3   12    0   2.812161988  11.248647952   0.482660E-17   0.246094E-02
    3  -12    0   2.812161988 -11.248647952   0.530530E-17  -0.249386E-02
  -12    3    0 -11.248647952   2.812161988   0.247740E-02  -0.164621E-04
   12   -3    0  11.248647952  -2.812161988   0.247740E-02  -0.164621E-04
  -12   -3    0 -11.248647952  -2.812161988  -0.247740E-02  -0.164621E-04
   -3   12    0  -2.812161988  11.248647952   0.462763E-17   0.246094E-02
  -11    6    0 -10.311260623   5.624323976  -0.126509E-03   0.165178E-01
  -11   -6    0 -10.311260623  -5.624323976   0.126509E-03  -0.165178E-01
   11   -6    0  10.311260623  -5.624323976   0.126509E-03  -0.165178E-01
    6   11    0   5.624323976  10.311260623   0.163913E-01   0.213644E-16
    6  -11    0   5.624323976 -10.311260623  -0.166443E-01  -0.229112E-16
   11    6    0  10.311260623   5.624323976  -0.126509E-03   0.165178E-01
   -6   11    0  -5.624323976  10.311260623  -0.166443E-01   0.235332E-16
   -6  -11    0  -5.624323976 -10.311260623   0.163913E-01  -0.207424E-16
   -4  -12    0  -3.749549317 -11.248647952   0.185843E-02  -0.195422E-04
   12   -4    0  11.248647952  -3.749549317   0.185843E-02  -0.195422E-04
  -12   -4    0 -11.248647952  -3.749549317   0.185843E-02  -0.195422E-04
   -4   12    0  -3.749549317  11.248647952   0.185843E-02  -0.195422E-04
   12    4    0  11.248647952   3.749549317   0.185843E-02  -0.195422E-04
    4  -12    0   3.749549317 -11.248647952   0.185843E-02  -0.195422E-04
  -12    4    0 -11.248647952   3.749549317   0.185843E-02  -0.195422E-04
    4   12    0   3.749549317  11.248647952   0.185843E-02  -0.195422E-04
   -9    9    0  -8.436485964   8.436485964  -0.258795E-04   0.242792E-02
    9   -9    0   8.436485964  -8.436485964   0.258795E-04  -0.242792E-02
    9    9    0   8.436485964   8.436485964   0.258795E-04  -0.242792E-02
   -9   -9    0  -8.436485964  -8.436485964  -0.258795E-04   0.242792E-02
    8  -10    0   7.499098635  -9.373873294   0.142308E-01   0.115542E-03
   -8   10    0  -7.499098635   9.373873294   0.142308E-01   0.115542E-03
  -10   -8    0  -9.373873294  -7.499098635  -0.142308E-01   0.115542E-03
   10   -8    0   9.373873294  -7.499098635  -0.142308E-01   0.115542E-03
  -10    8    0  -9.373873294   7.499098635  -0.142308E-01   0.115542E-03
   10    8    0   9.373873294   7.499098635  -0.142308E-01   0.115542E-03
   -8  -10    0  -7.499098635  -9.373873294   0.142308E-01   0.115542E-03
    8   10    0   7.499098635   9.373873294   0.142308E-01   0.115542E-03
  -13    0    0 -12.186035282   0.000000000   0.256054E-16  -0.327069E-05
    0  -13    0   0.000000000 -12.186035282   0.155276E-16  -0.327069E-05
   13    0    0  12.186035282  -0.000000000   0.256054E-16  -0.327069E-05
    0   13    0  -0.000000000  12.186035282   0.155276E-16  -0.327069E-05
   -5  -12    0  -4.686936647 -11.248647952  -0.158031E-04   0.155681E-03
   12   -5    0  11.248647952  -4.686936647   0.139878E-03   0.410465E-17
   -5   12    0  -4.686936647  11.248647952   0.158031E-04  -0.155681E-03
  -12    5    0 -11.248647952   4.686936647   0.139878E-03  -0.471292E-17
    5  -12    0   4.686936647 -11.248647952  -0.158031E-04   0.155681E-03
    5   12    0   4.686936647  11.248647952   0.158031E-04  -0.155681E-03
   12    5    0  11.248647952   4.686936647  -0.171484E-03   0.202282E-17
  -12   -5    0 -11.248647952  -4.686936647  -0.171484E-03  -0.263109E-17
   11    7    0  10.311260623   6.561711305   0.195170E-16  -0.606484E-03
    7  -11    0   6.561711305 -10.311260623   0.348591E-16  -0.606484E-03
   11   -7    0  10.311260623  -6.561711305  -0.415833E-16  -0.606484E-03
   -7   11    0  -6.561711305  10.311260623   0.350714E-16   0.546158E-03
  -11    7    0 -10.311260623   6.561711305  -0.413710E-16   0.546158E-03
    7   11    0   6.561711305  10.311260623  -0.102470E-16  -0.606484E-03
  -11   -7    0 -10.311260623  -6.561711305   0.197294E-16   0.546158E-03
   -7  -11    0  -6.561711305 -10.311260623  -0.100347E-16   0.546158E-03
   -1  -13    0  -0.937387329 -12.186035282   0.615522E-05   0.126472E-02
    1  -13    0   0.937387329 -12.186035282  -0.615522E-05  -0.126472E-02
   13    1    0  12.186035282   0.937387329  -0.615522E-05  -0.126472E-02
   13   -1    0  12.186035282  -0.937387329  -0.615522E-05  -0.126472E-02
  -13   -1    0 -12.186035282  -0.937387329   0.615522E-05   0.126472E-02
  -13    1    0 -12.186035282   0.937387329   0.615522E-05   0.126472E-02
    1   13    0   0.937387329  12.186035282  -0.615522E-05  -0.126472E-02
   -1   13    0  -0.937387329  12.186035282   0.615522E-05   0.126472E-02
  -13   -2    0 -12.186035282  -1.874774659  -0.587003E-04   0.872302E-02
   -2   13    0  -1.874774659  12.186035282  -0.878172E-02  -0.112499E-16
    2   13    0   1.874774659  12.186035282   0.866432E-02  -0.673310E-18
   -2  -13    0  -1.874774659 -12.186035282   0.866432E-02   0.109408E-17
    2  -13    0   1.874774659 -12.186035282  -0.878172E-02   0.116707E-16
   13    2    0  12.186035282   1.874774659   0.587003E-04  -0.872302E-02
  -13    2    0 -12.186035282   1.874774659   0.587003E-04  -0.872302E-02
   13   -2    0  12.186035282  -1.874774659  -0.587003E-04   0.872302E-02
  -13   -3    0 -12.186035282  -2.812161988  -0.979765E-04   0.909962E-02
   13   -3    0  12.186035282  -2.812161988   0.979765E-04  -0.909962E-02
   13    3    0  12.186035282   2.812161988   0.979765E-04  -0.909962E-02
    3  -13    0   2.812161988 -12.186035282  -0.979765E-04   0.909962E-02
   -3   13    0  -2.812161988  12.186035282   0.979765E-04  -0.909962E-02
    3   13    0   2.812161988  12.186035282  -0.979765E-04   0.909962E-02
   -3  -13    0  -2.812161988 -12.186035282   0.979765E-04  -0.909962E-02
  -13    3    0 -12.186035282   2.812161988  -0.979765E-04   0.909962E-02
  -12   -6    0 -11.248647952  -5.624323976  -0.421689E-04   0.153713E-16
    6   12    0   5.624323976  11.248647952   0.107793E-03  -0.483152E-17
   12    6    0  11.248647952   5.624323976  -0.421689E-04  -0.145739E-16
  -12    6    0 -11.248647952   5.624323976  -0.421689E-04  -0.176096E-16
    6  -12    0   5.624323976 -11.248647952   0.107793E-03   0.451099E-17
   12   -6    0  11.248647952  -5.624323976  -0.421689E-04   0.184071E-16
   -6  -12    0  -5.624323976 -11.248647952   0.107793E-03   0.562900E-17
   -6   12    0  -5.624323976  11.248647952   0.107793E-03  -0.371351E-17
   10   -9    0   9.373873294  -8.436485964  -0.796225E-02  -0.641647E-04
  -10   -9    0  -9.373873294  -8.436485964   0.796225E-02  -0.641647E-04
   -9   10    0  -8.436485964   9.373873294   0.118934E-16  -0.802642E-02
    9   10    0   8.436485964   9.373873294  -0.525603E-16  -0.802642E-02
    9  -10    0   8.436485964  -9.373873294   0.122940E-16   0.789809E-02
  -10    9    0  -9.373873294   8.436485964  -0.796225E-02  -0.641647E-04
   10    9    0   9.373873294   8.436485964   0.796225E-02  -0.641647E-04
   -9  -10    0  -8.436485964  -9.373873294  -0.521597E-16   0.789809E-02
    8   11    0   7.499098635  10.311260623   0.290417E-02  -0.794923E-04
   -8  -11    0  -7.499098635 -10.311260623   0.290417E-02  -0.794923E-04
   11    8    0  10.311260623   7.499098635   0.606491E-16  -0.298366E-02
  -11    8    0 -10.311260623   7.499098635   0.236397E-16  -0.298366E-02
   -8   11    0  -7.499098635  10.311260623  -0.290417E-02  -0.794923E-04
    8  -11    0   7.499098635 -10.311260623  -0.290417E-02  -0.794923E-04
   11   -8    0  10.311260623  -7.499098635   0.247078E-16   0.282468E-02
  -11   -8    0 -10.311260623  -7.499098635   0.617171E-16   0.282468E-02
  -13    4    0 -12.186035282   3.749549317   0.842540E-04  -0.100483E-01
   13    4    0  12.186035282   3.749549317   0.842540E-04  -0.100483E-01
  -13   -4    0 -12.186035282  -3.749549317  -0.842540E-04   0.100483E-01
    4  -13    0   3.749549317 -12.186035282   0.996408E-02  -0.201155E-16
   13   -4    0  12.186035282  -3.749549317  -0.842540E-04   0.100483E-01
    4   13    0   3.749549317  12.186035282  -0.101326E-01  -0.237613E-16
   -4   13    0  -3.749549317  12.186035282   0.996408E-02   0.212513E-16
   -4  -13    0  -3.749549317 -12.186035282  -0.101326E-01   0.248970E-16
   12    7    0  11.248647952   6.561711305   0.196338E-02   0.337339E-17
  -12   -7    0 -11.248647952  -6.561711305   0.196338E-02  -0.360969E-17
    7  -12    0   6.561711305 -11.248647952  -0.290041E-04   0.199239E-02
   -7   12    0  -6.561711305  11.248647952   0.290041E-04  -0.199239E-02
  -12    7    0 -11.248647952   6.561711305  -0.202139E-02  -0.245442E-16
    7   12    0   6.561711305  11.248647952   0.290041E-04  -0.199239E-02
   -7  -12    0  -6.561711305 -11.248647952  -0.290041E-04   0.199239E-02
   12   -7    0  11.248647952  -6.561711305  -0.202139E-02   0.243079E-16
  -13    5    0 -12.186035282   4.686936647  -0.259907E-16   0.761790E-03
   13    5    0  12.186035282   4.686936647  -0.721142E-17  -0.761790E-03
    5  -13    0   4.686936647 -12.186035282  -0.121195E-16  -0.761790E-03
   -5   13    0  -4.686936647  12.186035282  -0.121147E-16   0.761790E-03
    5   13    0   4.686936647  12.186035282   0.173059E-16  -0.761790E-03
   13   -5    0  12.186035282  -4.686936647  -0.259955E-16  -0.761790E-03
  -13   -5    0 -12.186035282  -4.686936647  -0.720666E-17   0.761790E-03
   -5  -13    0  -4.686936647 -12.186035282   0.173106E-16   0.761790E-03
    0  -14    0   0.000000000 -13.123422611   0.176172E-16   0.157283E-04
    0   14    0  -0.000000000  13.123422611   0.176172E-16   0.157283E-04
  -14    0    0 -13.123422611   0.000000000   0.266427E-16   0.157283E-04
   14    0    0  13.123422611  -0.000000000   0.266427E-16   0.157283E-04
  -14    1    0 -13.123422611   0.937387329  -0.406559E-02   0.701398E-17
   -1   14    0  -0.937387329  13.123422611   0.711036E-04  -0.399448E-02
   14   -1    0  13.123422611  -0.937387329  -0.406559E-02  -0.837895E-17
  -14   -1    0 -13.123422611  -0.937387329   0.392338E-02  -0.253727E-16
   14    1    0  13.123422611   0.937387329   0.392338E-02   0.240077E-16
   -1  -14    0  -0.937387329 -13.123422611  -0.711036E-04   0.399448E-02
    1   14    0   0.937387329  13.123422611   0.711036E-04  -0.399448E-02
    1  -14    0   0.937387329 -13.123422611  -0.711036E-04   0.399448E-02
    2  -14    0   1.874774659 -13.123422611   0.703976E-02   0.431237E-04
   14   -2    0  13.123422611  -1.874774659   0.703976E-02   0.431237E-04
   14    2    0  13.123422611   1.874774659   0.703976E-02   0.431237E-04
  -14    2    0 -13.123422611   1.874774659   0.703976E-02   0.431237E-04
   -2   14    0  -1.874774659  13.123422611   0.703976E-02   0.431237E-04
  -14   -2    0 -13.123422611  -1.874774659   0.703976E-02   0.431237E-04
    2   14    0   1.874774659  13.123422611   0.703976E-02   0.431237E-04
   -2  -14    0  -1.874774659 -13.123422611   0.703976E-02   0.431237E-04
   10  -10    0   9.373873294  -9.373873294  -0.645254E-02  -0.638923E-04
  -10  -10    0  -9.373873294  -9.373873294  -0.645254E-02  -0.638923E-04
  -10   10    0  -9.373873294   9.373873294  -0.645254E-02  -0.638923E-04
   10   10    0   9.373873294   9.373873294  -0.645254E-02  -0.638923E-04
  -11    9    0 -10.311260623   8.436485964  -0.868233E-04   0.104166E-01
   -9   11    0  -8.436485964  10.311260623   0.868233E-04  -0.104166E-01
   11   -9    0  10.311260623  -8.436485964   0.868233E-04  -0.104166E-01
   -9  -11    0  -8.436485964 -10.311260623   0.868233E-04  -0.104166E-01
    9  -11    0   8.436485964 -10.311260623  -0.868233E-04   0.104166E-01
  -11   -9    0 -10.311260623  -8.436485964  -0.868233E-04   0.104166E-01
    9   11    0   8.436485964  10.311260623  -0.868233E-04   0.104166E-01
   11    9    0  10.311260623   8.436485964   0.868233E-04  -0.104166E-01
   -3   14    0  -2.812161988  13.123422611   0.820806E-04  -0.437166E-02
  -14   -3    0 -13.123422611  -2.812161988  -0.445374E-02   0.394584E-17
   -3  -14    0  -2.812161988 -13.123422611  -0.820806E-04   0.437166E-02
  -14    3    0 -13.123422611   2.812161988   0.428958E-02  -0.166163E-17
   14   -3    0  13.123422611  -2.812161988   0.428958E-02   0.145906E-17
    3   14    0   2.812161988  13.123422611   0.820806E-04  -0.437166E-02
   14    3    0  13.123422611   2.812161988  -0.445374E-02  -0.414841E-17
    3  -14    0   2.812161988 -13.123422611  -0.820806E-04   0.437166E-02
   13   -6    0  12.186035282  -5.624323976   0.832801E-04  -0.463370E-02
  -13   -6    0 -12.186035282  -5.624323976   0.832801E-04  -0.463370E-02
    6   13    0   5.624323976  12.186035282  -0.471699E-02   0.702693E-17
  -13    6    0 -12.186035282   5.624323976  -0.832801E-04   0.463370E-02
    6  -13    0   5.624323976 -12.186035282   0.455042E-02  -0.221858E-16
   -6  -13    0  -5.624323976 -12.186035282  -0.471699E-02  -0.676821E-17
   -6   13    0  -5.624323976  12.186035282   0.455042E-02   0.224445E-16
   13    6    0  12.186035282   5.624323976  -0.832801E-04   0.463370E-02
   -8  -12    0  -7.499098635 -11.248647952  -0.218058E-03  -0.701773E-04
   12   -8    0  11.248647952  -7.499098635  -0.218058E-03  -0.701773E-04
    8  -12    0   7.499098635 -11.248647952  -0.218058E-03  -0.701773E-04
    8   12    0   7.499098635  11.248647952  -0.218058E-03  -0.701773E-04
   -8   12    0  -7.499098635  11.248647952  -0.218058E-03  -0.701773E-04
   12    8    0  11.248647952   7.499098635  -0.218058E-03  -0.701773E-04
  -12    8    0 -11.248647952   7.499098635  -0.218058E-03  -0.701773E-04
  -12   -8    0 -11.248647952  -7.499098635  -0.218058E-03  -0.701773E-04
  -14   -4    0 -13.123422611  -3.749549317   0.614926E-02   0.590408E-04
  -14    4    0 -13.123422611   3.749549317   0.614926E-02   0.590408E-04
    4  -14    0   3.749549317 -13.123422611  -0.614926E-02   0.590408E-04
   -4   14    0  -3.749549317  13.123422611  -0.614926E-02   0.590408E-04
   14   -4    0  13.123422611  -3.749549317   0.614926E-02   0.590408E-04
   14    4    0  13.123422611   3.749549317   0.614926E-02   0.590408E-04
    4   14    0   3.749549317  13.123422611  -0.614926E-02   0.590408E-04
   -4  -14    0  -3.749549317 -13.123422611  -0.614926E-02   0.590408E-04
   -7   13    0  -6.561711305  12.186035282  -0.593485E-04  -0.557952E-03
   -7  -13    0  -6.561711305 -12.186035282  -0.593485E-04  -0.557952E-03
  -13    7    0 -12.186035282   6.561711305   0.593485E-04   0.557952E-03
    7   13    0   6.561711305  12.186035282   0.593485E-04   0.557952E-03
    7  -13    0   6.561711305 -12.186035282   0.593485E-04   0.557952E-03
  -13   -7    0 -12.186035282  -6.561711305   0.593485E-04   0.557952E-03
   13    7    0  12.186035282   6.561711305  -0.593485E-04  -0.557952E-03
   13   -7    0  12.186035282  -6.561711305  -0.593485E-04  -0.557952E-03
  -11   10    0 -10.311260623   9.373873294   0.608953E-04  -0.720234E-02
   -5  -14    0  -4.686936647 -13.123422611  -0.102642E-03   0.112843E-01
   11  -10    0  10.311260623  -9.373873294  -0.608953E-04   0.720234E-02
  -14    5    0 -13.123422611   4.686936647  -0.113870E-01   0.362358E-16
  -14   -5    0 -13.123422611  -4.686936647   0.111817E-01  -0.698839E-16
   10  -11    0   9.373873294 -10.311260623   0.714145E-02  -0.771991E-17
   14    5    0  13.123422611   4.686936647   0.111817E-01   0.706813E-16
    5   14    0   4.686936647  13.123422611   0.102642E-03  -0.112843E-01
   -5   14    0  -4.686936647  13.123422611   0.102642E-03  -0.112843E-01
   14   -5    0  13.123422611  -4.686936647  -0.113870E-01  -0.354384E-16
  -10   11    0  -9.373873294  10.311260623   0.714145E-02   0.814472E-17
   11   10    0  10.311260623   9.373873294   0.608953E-04  -0.720234E-02
  -10  -11    0  -9.373873294 -10.311260623  -0.726324E-02   0.414022E-16
   10   11    0   9.373873294  10.311260623  -0.726324E-02  -0.409773E-16
  -11  -10    0 -10.311260623  -9.373873294  -0.608953E-04   0.720234E-02
    5  -14    0   4.686936647 -13.123422611  -0.102642E-03   0.112843E-01
   12   -9    0  11.248647952  -8.436485964   0.554133E-02  -0.607098E-04
   -9  -12    0  -8.436485964 -11.248647952   0.299718E-16   0.548062E-02
  -12   -9    0 -11.248647952  -8.436485964  -0.554133E-02  -0.607098E-04
   12    9    0  11.248647952   8.436485964  -0.554133E-02  -0.607098E-04
   -9   12    0  -8.436485964  11.248647952   0.189734E-16  -0.560204E-02
    9   12    0   8.436485964  11.248647952   0.300114E-16  -0.560204E-02
  -12    9    0 -11.248647952   8.436485964   0.554133E-02  -0.607098E-04
    9  -12    0   8.436485964 -11.248647952   0.189338E-16   0.548062E-02
   14   -6    0  13.123422611  -5.624323976  -0.448578E-02  -0.179411E-16
  -14   -6    0 -13.123422611  -5.624323976  -0.448578E-02  -0.136570E-16
   -6   14    0  -5.624323976  13.123422611  -0.448578E-02   0.324377E-16
    6  -14    0   5.624323976 -13.123422611  -0.448578E-02  -0.327035E-16
  -14    6    0 -13.123422611   5.624323976  -0.448578E-02   0.176753E-16
   14    6    0  13.123422611   5.624323976  -0.448578E-02   0.133912E-16
   -6  -14    0  -5.624323976 -13.123422611  -0.448578E-02  -0.238451E-16
    6   14    0   5.624323976  13.123422611  -0.448578E-02   0.235793E-16
   -8  -13    0  -7.499098635 -12.186035282  -0.616197E-02  -0.642297E-04
  -13   -8    0 -12.186035282  -7.499098635   0.136245E-16   0.609774E-02
   13    8    0  12.186035282   7.499098635   0.135287E-16  -0.622620E-02
    8  -13    0   7.499098635 -12.186035282   0.616197E-02  -0.642297E-04
   13   -8    0  12.186035282  -7.499098635  -0.455090E-16   0.609774E-02
   -8   13    0  -7.499098635  12.186035282   0.616197E-02  -0.642297E-04
    8   13    0   7.499098635  12.186035282  -0.616197E-02  -0.642297E-04
  -13    8    0 -12.186035282   7.499098635  -0.456049E-16  -0.622620E-02
   11  -11    0  10.311260623 -10.311260623   0.713766E-04  -0.685784E-02
  -11  -11    0 -10.311260623 -10.311260623  -0.713766E-04   0.685784E-02
   11   11    0  10.311260623  10.311260623   0.713766E-04  -0.685784E-02
  -11   11    0 -10.311260623  10.311260623  -0.713766E-04   0.685784E-02
  -10   12    0  -9.373873294  11.248647952   0.279098E-03   0.111531E-16
  -12   10    0 -11.248647952   9.373873294  -0.412642E-03  -0.640368E-17
  -12  -10    0 -11.248647952  -9.373873294  -0.412642E-03  -0.147416E-16
   12   10    0  11.248647952   9.373873294  -0.412642E-03   0.138761E-16
  -10  -12    0  -9.373873294 -11.248647952   0.279098E-03  -0.212322E-16
   10   12    0   9.373873294  11.248647952   0.279098E-03   0.203668E-16
   10  -12    0   9.373873294 -11.248647952   0.279098E-03  -0.120185E-16
   12  -10    0  11.248647952  -9.373873294  -0.412642E-03   0.553824E-17
  -14   -7    0 -13.123422611  -6.561711305   0.110633E-01   0.115377E-03
    7   14    0   6.561711305  13.123422611  -0.253019E-16   0.111787E-01
   -7   14    0  -6.561711305  13.123422611   0.696711E-16   0.111787E-01
   14    7    0  13.123422611   6.561711305   0.110633E-01   0.115377E-03
   -7  -14    0  -6.561711305 -13.123422611  -0.264460E-16  -0.109479E-01
  -14    7    0 -13.123422611   6.561711305  -0.110633E-01   0.115377E-03
   14   -7    0  13.123422611  -6.561711305  -0.110633E-01   0.115377E-03
    7  -14    0   6.561711305 -13.123422611   0.685270E-16  -0.109479E-01
    9  -13    0   8.436485964 -12.186035282  -0.100243E-03   0.932117E-02
  -13   -9    0 -12.186035282  -8.436485964   0.100243E-03  -0.932117E-02
   -9   13    0  -8.436485964  12.186035282   0.100243E-03  -0.932117E-02
   13    9    0  12.186035282   8.436485964  -0.100243E-03   0.932117E-02
   13   -9    0  12.186035282  -8.436485964  -0.100243E-03   0.932117E-02
  -13    9    0 -12.186035282   8.436485964   0.100243E-03  -0.932117E-02
    9   13    0   8.436485964  12.186035282  -0.100243E-03   0.932117E-02
   -9  -13    0  -8.436485964 -12.186035282   0.100243E-03  -0.932117E-02
   -8   14    0  -7.499098635  13.123422611   0.628344E-02   0.690410E-04
  -14    8    0 -13.123422611   7.499098635  -0.628344E-02   0.690410E-04
   14   -8    0  13.123422611  -7.499098635  -0.628344E-02   0.690410E-04
   -8  -14    0  -7.499098635 -13.123422611   0.628344E-02   0.690410E-04
   14    8    0  13.123422611   7.499098635  -0.628344E-02   0.690410E-04
  -14   -8    0 -13.123422611  -7.499098635  -0.628344E-02   0.690410E-04
    8  -14    0   7.499098635 -13.123422611   0.628344E-02   0.690410E-04
    8   14    0   7.499098635  13.123422611   0.628344E-02   0.690410E-04
  -12   11    0 -11.248647952  10.311260623   0.315038E-02  -0.498826E-04
   11   12    0  10.311260623  11.248647952   0.427581E-16   0.310049E-02
  -11  -12    0 -10.311260623 -11.248647952   0.431286E-16  -0.320026E-02
   12  -11    0  11.248647952 -10.311260623   0.315038E-02  -0.498826E-04
   11  -12    0  10.311260623 -11.248647952   0.728511E-16  -0.320026E-02
  -11   12    0 -10.311260623  11.248647952   0.724806E-16   0.310049E-02
  -12  -11    0 -11.248647952 -10.311260623  -0.315038E-02  -0.498826E-04
   12   11    0  11.248647952  10.311260623  -0.315038E-02  -0.498826E-04
  -13   10    0 -12.186035282   9.373873294  -0.349358E-16  -0.171542E-02
  -13  -10    0 -12.186035282  -9.373873294  -0.898915E-17   0.175133E-02
   13  -10    0  12.186035282  -9.373873294  -0.348619E-16   0.175133E-02
  -10   13    0  -9.373873294  12.186035282  -0.173337E-02   0.179541E-04
   10  -13    0   9.373873294 -12.186035282  -0.173337E-02   0.179541E-04
   10   13    0   9.373873294  12.186035282   0.173337E-02   0.179541E-04
   13   10    0  12.186035282   9.373873294  -0.906306E-17  -0.171542E-02
  -10  -13    0  -9.373873294 -12.186035282   0.173337E-02   0.179541E-04
   14   -9    0  13.123422611  -8.436485964   0.630022E-02   0.681662E-04
  -14    9    0 -13.123422611   8.436485964   0.630022E-02   0.681662E-04
    9  -14    0   8.436485964 -13.123422611  -0.148288E-16  -0.623206E-02
   -9   14    0  -8.436485964  13.123422611  -0.148021E-16   0.636839E-02
   14    9    0  13.123422611   8.436485964  -0.630022E-02   0.681662E-04
   -9  -14    0  -8.436485964 -13.123422611  -0.632984E-17  -0.623206E-02
  -14   -9    0 -13.123422611  -8.436485964  -0.630022E-02   0.681662E-04
    9   14    0   8.436485964  13.123422611  -0.630320E-17   0.636839E-02
   12   12    0  11.248647952  11.248647952   0.170978E-01   0.187936E-03
   12  -12    0  11.248647952 -11.248647952   0.170978E-01   0.187936E-03
  -12  -12    0 -11.248647952 -11.248647952   0.170978E-01   0.187936E-03
  -12   12    0 -11.248647952  11.248647952   0.170978E-01   0.187936E-03
   11   13    0  10.311260623  12.186035282   0.231211E-04  -0.128165E-02
  -13  -11    0 -12.186035282 -10.311260623   0.231211E-04  -0.128165E-02
  -11  -13    0 -10.311260623 -12.186035282  -0.231211E-04   0.128165E-02
  -13   11    0 -12.186035282  10.311260623   0.231211E-04  -0.128165E-02
  -11   13    0 -10.311260623  12.186035282  -0.231211E-04   0.128165E-02
   11  -13    0  10.311260623 -12.186035282   0.231211E-04  -0.128165E-02
   13  -11    0  12.186035282 -10.311260623  -0.231211E-04   0.128165E-02
   13   11    0  12.186035282  10.311260623  -0.231211E-04   0.128165E-02
  -14   10    0 -13.123422611   9.373873294  -0.449710E-02  -0.169911E-04
  -14  -10    0 -13.123422611  -9.373873294  -0.449710E-02  -0.169911E-04
   10  -14    0   9.373873294 -13.123422611  -0.449710E-02  -0.169911E-04
   14  -10    0  13.123422611  -9.373873294  -0.449710E-02  -0.169911E-04
   14   10    0  13.123422611   9.373873294  -0.449710E-02  -0.169911E-04
  -10  -14    0  -9.373873294 -13.123422611  -0.449710E-02  -0.169911E-04
  -10   14    0  -9.373873294  13.123422611  -0.449710E-02  -0.169911E-04
   10   14    0   9.373873294  13.123422611  -0.449710E-02  -0.169911E-04
  -12  -13    0 -11.248647952 -12.186035282   0.255664E-02  -0.800817E-17
   12  -13    0  11.248647952 -12.186035282  -0.258695E-02  -0.933539E-18
  -13   12    0 -12.186035282  11.248647952  -0.151534E-04   0.257180E-02
  -13  -12    0 -12.186035282 -11.248647952   0.151534E-04  -0.257180E-02
   13   12    0  12.186035282  11.248647952  -0.151534E-04   0.257180E-02
  -12   13    0 -11.248647952  12.186035282  -0.258695E-02   0.104415E-17
   12   13    0  11.248647952  12.186035282   0.255664E-02   0.811878E-17
   13  -12    0  12.186035282 -11.248647952   0.151534E-04  -0.257180E-02
   11  -14    0  10.311260623 -13.123422611   0.667766E-17  -0.146478E-02
  -11   14    0 -10.311260623  13.123422611   0.680839E-17   0.149720E-02
  -14  -11    0 -13.123422611 -10.311260623   0.148099E-02   0.162088E-04
  -14   11    0 -13.123422611  10.311260623  -0.148099E-02   0.162088E-04
  -11  -14    0 -10.311260623 -13.123422611   0.258951E-16  -0.146478E-02
   14  -11    0  13.123422611 -10.311260623  -0.148099E-02   0.162088E-04
   11   14    0  10.311260623  13.123422611   0.260258E-16   0.149720E-02
   14   11    0  13.123422611  10.311260623   0.148099E-02   0.162088E-04
  -13   13    0 -12.186035282  12.186035282  -0.836103E-05  -0.897778E-03
   13   13    0  12.186035282  12.186035282   0.836103E-05   0.897778E-03
  -13  -13    0 -12.186035282 -12.186035282  -0.836103E-05  -0.897778E-03
   13  -13    0  12.186035282 -12.186035282   0.836103E-05   0.897778E-03
   14  -12    0  13.123422611 -11.248647952   0.247115E-03   0.108357E-16
  -12  -14    0 -11.248647952 -13.123422611  -0.857472E-04  -0.586697E-17
   14   12    0  13.123422611  11.248647952   0.247115E-03  -0.157110E-16
   12  -14    0  11.248647952 -13.123422611  -0.857472E-04   0.340078E-17
   12   14    0  11.248647952  13.123422611  -0.857472E-04   0.674460E-17
  -14  -12    0 -13.123422611 -11.248647952   0.247115E-03   0.165887E-16
  -12   14    0 -11.248647952  13.123422611  -0.857472E-04  -0.252315E-17
  -14   12    0 -13.123422611  11.248647952   0.247115E-03  -0.995802E-17
  -14  -13    0 -13.123422611 -12.186035282  -0.343788E-02   0.687864E-17
   14   13    0  13.123422611  12.186035282  -0.343788E-02  -0.775520E-17
  -13  -14    0 -12.186035282 -13.123422611   0.402016E-04  -0.339768E-02
  -13   14    0 -12.186035282  13.123422611  -0.402016E-04   0.339768E-02
   14  -13    0  13.123422611 -12.186035282   0.335748E-02   0.474961E-17
   13   14    0  12.186035282  13.123422611  -0.402016E-04   0.339768E-02
   13  -14    0  12.186035282 -13.123422611   0.402016E-04  -0.339768E-02
  -14   13    0 -13.123422611  12.186035282   0.335748E-02  -0.562617E-17
  -14   14    0 -13.123422611  13.123422611   0.104056E-02  -0.597744E-17
   14  -14    0  13.123422611 -13.123422611   0.104056E-02   0.708671E-17
  -14  -14    0 -13.123422611 -13.123422611   0.104056E-02  -0.386771E-17
   14   14    0  13.123422611  13.123422611   0.104056E-02   0.497698E-17
