238900
126206
27175
250621
93490
21954
173765
262670
188797
261708
92042
261861
251140
192339
51809
410770
154087
184765
412046
194977
121151
101275
180660
257043
45740
59926
132255
247839
268018
167584
118333
153344
189003
236948
432569
37289
38201
33694
25457
248622
152464
421891
246740
123490
257861
181736
155752
155540
188705
33358
143966
260182
252363
167998
290749
156960
146956
97944
247874
5251
189111
160025
148765
170155
70218
159045
110315
258518
36773
117887
121221
94512
261237
90324
169757
47821
85062
172696
54229
118335
183703
19622
96174
433278
37488
237887
169413
191556
57768
247029
249423
166655
262553
47486
267274
42364
44284
260524
195992
419069
257385
37512
244162
192990
47822
63888
427639
157677
89977
35905
90484
138132
144832
119378
237612
290014
261218
95395
181238
162355
152216
186227
119110
160035
258773
259320
230280
156617
262667
161338
6050
45266
431970
94997
172703
5547
36665
5537
113349
262664
230431
32340
132254
93632
186478
253786
422394
145292
107088
259710
162727
180664
187287
19848
262764
14788
257797
247532
254295
290005
154416
185403
21790
163437
172309
147390
160091
252219
243658
238338
128532
8624
116270
55728
249177
238804
416531
170623
153739
181686
135826
156306
51734
47813
252132
93771
423637
237969
150344
112461
5541
6006
51389
189846
188878
193174
248929
155228
143700
83730
257041
417499
113002
193897
117136
33444
190431
35159
14728
144983
409551
116665
291028
418849
161506
159046
239298
261865
19899
253479
120972
118238
120100
236002
25857
190469
280547
159156
101765
94899
281413
291149
422804
415196
160061
130353
118442
238999
118602
230780
77890
113297
98892
290908
239635
93814
258176
137413
238899
185236
173820
759690
11913
130075
261810
32364
380509
166796
412294
245496
98285
184315
162397
247458
258735
185099
137967
260269
186273
173189
167950
64209
426370
172083
431052
99061
246099
191467
170949
252211
7776
51791
163415
249004
168104
184597
230408
98359
433235
290327
109418
246226
154824
151587
263032
141709
181522
759799
259860
128193
132339
111970
137411
188126
120129
188166
190056
101870
424636
98896
146459
431967
96981
239058
142497
19275
262671
103745
95899
144461
190492
24436
99608
118553
136507
238908
241413
51692
160967
152212
26314
167714
253100
51418
262788
8821
434088
169699
34266
124235
162593
241841
230128
409614
128165
147293
168139
162648
151556
184589
138930
249426
164958
188360
44380
413988
241389
143277
154933
248179
262848
246017
70170
141710
191334
126037
262680
93772
258256
245495
432208
159732
122308
145955
42719
135824
145254
194802
154934
237141
97015
164758
159189
248148
10738
184954
90716
291141
193969
95321
98963
70169
144071
252932
138935
248628
140985
125402
260532
260198
115740
117585
159158
153053
253321
169982
18510
247238
94342
254215
429179
189004
247015
99626
122957
156406
149032
253695
8622
258061
185234
421823
46841
64444
12706
34148
70762
417039
133437
48881
290958
169342
144313
35020
242112
428519
185204
154932
123856
245308
195245
124236
98024
132774
254061
127855
35874
157906
165873
194734
180650
29667
418699
420934
173791
144676
171112
11786
153747
136576
193502
247526
180193
234588
114313
120022
261621
429406
412376
160154
131579
250093
249825
290939
11798
235743
138557
94759
290364
14883
194061
291256
230377
119263
91053
173198
113358
120578
155550
149126
91820
14795
128320
121050
237404
11656
427928
162039
257394
134081
187094
31452
235897
156013
35848
164568
243951
148743
260984
185195
33403
246447
153724
180667
149149
171473
193509
174580
11050
153741
141318
158226
188984
185205
249807
166789
237087
43858
411022
85056
99511
258550
147681
162364
186526
107081
243366
146123
42083
39198
253195
236268
136798
141882
190494
290984
424888
126016
182194
237848
5528
258557
97403
416405
158213
230587
180668
162958
188293
252327
35027
257838
409930
180688
125152
430927
411976
159444
290116
193863
185141
153347
64067
152797
259260
55484
261174
85245
145345
245497
138089
111839
250629
39034
109376
251516
111084
38159
148320
161577
159162
144674
259413
430697
251692
154526
290989
245811
119313
130387
127511
128292
191046
148367
183748
183750
186593
193626
36970
192796
163883
423107
94960
415596
5527
380389
122300
430751
156585
161396
38862
172702
48382
29691
93818
166924
96933
417905
237319
158839
266258
252698
97908
64210
167607
120019
257214
422396
47650
172094
90040
138703
234595
166349
115719
254636
417829
157871
98286
126317
118724
245000
185933
8694
137733
155596
26316
262658
230351
152717
171589
163884
192160
30303
34777
155224
161318
168857
263521
181397
426407
118723
185866
113004
5649
403509
230352
119321
91839
97552
246166
96108
93547
189220
99081
12850
148418
185287
172025
262657
35849
113922
262190
37546
246100
189368
160033
93813
238605
99984
93827
96166
34084
191122
252009
167972
138987
759649
99981
258101
121051
146779
48901
247001
17801
246522
237343
257875
290913
181911
244240
90005
122198
230350
257933
172678
417455
424583
194755
189912
40805
10625
262935
54594
190490
147484
117525
261495
94392
426859
411557
195204
423646
107576
151706
189927
422654
150915
267201
185867
36682
118600
241406
261548
185139
125153
257316
249910
21929
138774
154936
29475
143871
125799
130417
259035
135718
230248
127044
120024
33337
149270
245092
236144
187278
290631
411442
51911
173197
261220
261222
155719
237860
261684
163197
167582
93254
238977
182147
428429
262197
155649
263090
174270
5569
43082
183616
172650
263107
117884
145290
121053
97927
235803
409832
90618
189008
168137
260492
427597
180577
136301
173590
189532
96001
35822
98469
98170
164981
418457
241407
155276
167576
291433
145288
99368
239446
131609
161734
183351
116003
258556
196326
168383
247950
253765
248659
164636
281735
52085
167267
760464
413105
90841
98884
430187
98165
239281
240665
133286
230251
32223
249818
155216
90512
139049
143021
90669
181241
110312
237730
188164
252362
152214
418008
153510
172371
194311
189491
391184
194761
55478
280760
416993
184034
185138
262501
425844
184234
120971
290379
261044
253951
234589
262191
151522
423254
194981
147397
157054
184316
190052
181233
166226
93727
77259
51693
54231
138131
230762
244041
44472
101256
248809
12639
118001
36925
125944
38875
432538
417215
152251
172308
147820
191117
267270
171241
234590
245807
230316
254046
160467
114296
188095
153419
113299
257122
230043
250840
51289
180927
195070
90988
136394
291270
184165
123156
429311
48875
97095
258912
152455
45267
291636
99913
140546
29812
42103
84231
186924
36771
4796
250658
894
120575
54226
138130
145383
412047
146063
428028
429512
421552
147291
188443
260488
412841
159728
184972
189014
246739
253390
290129
98883
174015
6065
261860
421960
96318
194220
49861
259167
126205
19678
121145
52076
127968
193107
157563
237748
254057
37500
241425
154481
153720
251498
195215
37125
417382
433594
418691
141683
11639
259072
250795
247502
167030
174409
193408
149050
409735
430698
8838
121049
260924
115813
29911
257470
167031
247866
261497
230634
118125
171119
111346
290003
160013
420114
170674
144672
433136
122355
248794
193164
148764
5538
137220
186454
33442
131827
11916
118841
413697
168105
149216
186871
107245
245335
55727
759797
192956
290324
187851
180867
254071
17633
171111
193363
145346
119418
170868
148779
290383
160024
196218
289991
33404
181043
144675
115749
391131
411505
118514
264759
158312
49830
147425
125669
32604
166790
22452
230375
238562
242099
169998
433907
168143
145289
64151
163388
38216
42999
151558
261604
414558
230274
280879
14803
148767
409480
246499
191150
46849
150810
160887
196528
138696
5620
248185
98188
119336
124244
14882
155368
117658
153240
32336
153208
250654
8336
113108
148742
432203
148770
137482
153405
191328
190055
239416
143039
160194
150824
173535
251488
417684
412779
161345
190615
117550
94420
96103
173344
131550
188307
171482
433517
136223
120110
247016
157051
47622
291127
162266
424717
186781
173352
409469
417516
96194
117880
48902
258476
411448
22457
131606
45571
245866
291459
122934
421959
185239
62705
195923
127994
97589
245608
14684
32603
413298
93402
417697
414361
428060
187281
135905
261607
290811
160034
147295
63894
409630
247093
433244
50225
244042
123109
186883
432199
430978
259806
115810
245793
194594
258468
55730
148033
98501
168362
115751
96141
230244
710036
147393
137412
258904
147660
191566
189123
185144
237493
409655
159767
194064
136506
168141
260565
250835
416746
262460
55742
290363
35913
186541
145186
291258
139004
118332
164697
51815
122045
38160
167141
409604
171114
163410
27606
154403
149277
63889
90446
260688
169751
126090
95301
5299
261551
98947
122039
5748
134084
182933
162229
261566
250620
173672
187479
187852
169026
45923
165168
174295
194389
154914
238872
253248
759364
259381
159294
146138
117758
186479
55872
128177
111098
136300
240015
161426
151467
111094
147387
290895
251601
120559
166155
55456
37659
157317
54704
29877
173531
193016
421179
237889
180678
188321
118536
120083
18511
429397
171481
133314
250114
150464
170666
42261
244186
153688
120974
14954
241845
155740
8610
262244
182771
168215
35601
91901
236562
127002
153972
167010
38156
173822
239830
153715
196120
191558
434089
255643
37526
145300
161432
290367
253487
152479
230506
34294
136224
230539
12010
164445
95318
419526
187925
28414
99623
191134
182554
237966
26306
167250
432680
262284
234591
194752
155600
186307
131549
249157
156982
57740
291460
258065
238319
29664
37481
186670
126222
6317
39156
165701
147356
192154
156426
230409
34001
261274
189349
117703
265592
94951
188912
254166
169935
126073
138971
149263
421988
97717
259117
9175
145822
48880
194645
39018
16100
240476
415950
126021
238883
258554
186807
167157
171404
426760
196112
19132
252085
99996
144406
236006
193134
414354
155321
163427
182040
162743
412839
152785
245084
70089
117551
247239
419797
252011
11792
4680
138724
11730
27177
99964
117534
36915
162101
157750
118623
187880
230116
156384
194375
418130
91531
19355
245540
152796
147292
238112
155469
165898
240666
136838
253762
154391
172889
37698
290043
261960
247022
192348
147228
252931
186780
133892
95563
426759
123152
171029
145865
230631
11654
163215
96957
132421
245174
252137
141493
93687
22995
116235
116079
249420
73671
12974
188790
191332
192358
425694
162959
192349
14669
238216
236865
257313
8521
249021
164233
239630
181732
258553
254177
170159
163396
51496
90200
416920
56231
192362
157407
139056
426729
169381
120654
160011
173816
188788
253478
163438
432257
184988
430975
185192
144803
420846
157561
118736
249826
251027
196475
119266
11646
409928
41743
258275
193362
159171
46828
420192
244196
186594
171118
162403
413129
34948
236864
163391
167996
239629
5488
113508
99723
4679
155302
173480
190348
147507
120080
193526
247019
180746
22269
16195
153896
230178
263101
196116
155551
14798
253011
417540
291106
184231
51487
90320
55225
98934
422795
181228
259032
172079
247533
247393
143767
37660
172277
193970
97553
126210
248975
14822
56233
249813
236259
239663
12707
260147
165899
159104
186977
182402
90718
171678
258376
416985
172090
281455
59749
409846
187802
187614
101277
172276
248893
169544
190644
416742
152453
37473
252949
250280
86005
185477
131348
118626
434767
409849
253567
249832
157384
115524
34797
409511
415605
290988
193404
154320
37477
426870
251024
171000
416963
105728
45746
196325
167893
90721
147391
411204
111104
434329
417048
12005
258477
37483
11787
167158
413528
34841
194388
699
185907
191757
153333
154252
34378
235842
148489
246217
167705
37652
19659
157965
96497
194736
191047
430603
181211
128293
118011
173797
37485
117202
168888
70797
90714
160126
134080
172305
11914
115721
163485
144825
147498
165422
193645
114309
126089
263092
247050
11642
162354
230382
148498
156984
63901
422264
429404
181470
192499
413825
249991
157674
259787
73678
98429
259947
187516
163668
423640
257174
136495
259437
117619
249634
182970
146597
128295
194498
193175
147911
188364
196222
194390
148755
62626
184076
142766
34129
189348
117183
259824
195169
230586
145343
427458
70254
243497
427784
257525
194431
117203
168005
190058
93363
2997
70216
409833
186562
161905
122037
168342
191650
196181
238817
126084
253389
427388
188359
252008
30302
194344
91822
96002
168859
180925
195243
429875
189227
260427
145293
21355
260493
168142
257399
160720
417519
145715
258951
195401
264478
257904
258519
36744
186810
66931
180037
110022
63916
257175
90018
413731
188294
252700
91876
422752
260310
98882
32271
251600
236056
90425
35531
190808
118719
247584
160445
113740
173788
257386
230215
173228
94999
125368
38831
115523
59581
260689
99985
64217
121998
160162
193562
185115
416922
37510
421271
257829
415604
174196
156537
97386
235990
118807
45561
237111
160444
166712
11801
239360
421290
263778
193505
428427
279579
230173
19743
32374
249882
415487
70351
9177
238880
95315
157400
290281
413495
145442
184978
291602
122386
118336
190929
70081
419741
183332
180675
149147
38829
416924
195592
237258
138548
251625
192631
160009
412494
185110
415027
55707
150315
95402
109468
258656
241658
155909
426112
156420
243799
152207
187342
187692
247828
144668
291638
165775
8573
183090
96140
262656
51790
145291
253952
163926
123491
85407
156183
429192
180681
126062
195827
116001
259004
70349
133279
195122
166452
98273
281498
117813
168468
181742
281679
13511
182423
34442
42983
93392
19758
91675
128409
130633
189921
243922
154479
99442
181696
185137
280370
243411
133372
186215
5670
252047
12810
261762
43117
186862
254013
244010
416655
161146
160415
90317
430574
188725
171592
248545
6319
155215
47590
107084
291573
246521
426554
7789
423267
415249
126192
118650
190347
162752
235941
135001
246410
120555
423255
5967
281499
116608
45945
96735
164830
290624
5614
195807
94963
412257
173730
174079
291160
18231
138727
416914
249425
248048
416275
188373
174635
14552
76690
247720
169619
230254
126023
258224
14791
261569
258115
172633
147231
115731
133338
251869
431581
117725
760019
94456
425581
136569
247192
8522
99043
259076
91708
66907
168427
280551
93989
96163
192321
29917
426588
161669
158209
117201
193364
193818
238638
257332
59831
193171
246404
64142
181515
14615
260530
184169
153245
143989
19636
97072
181520
21476
252623
236260
259623
423422
192883
230419
152452
37509
18580
89907
239290
162221
416631
260860
126069
187650
194803
195990
239056
21884
140784
136497
189119
181218
194750
243929
48576
154147
419528
264458
184973
289994
128227
245355
172645
184314
253855
246051
33402
423660
237888
186252
90651
101869
147780
125369
183111
260947
11261
290627
250834
35609
160090
180744
57060
92211
181206
433268
168855
248149
118124
126293
759451
259186
45745
230361
153349
93803
158185
139001
230337
183841
51821
191567
186605
112455
116120
264215
190434
195995
118449
181839
264720
235805
182303
251658
251639
162394
153742
94378
134964
245835
70219
127979
46128
159264
159698
253066
170687
253488
137568
169842
418176
96190
280322
257040
147825
33999
281412
23494
126344
193530
188624
124999
41073
432206
247525
45743
125150
259119
33035
59930
47540
194381
117723
64443
8621
417452
185474
391173
189384
247509
192409
172095
196113
163279
247303
251026
51344
180647
248046
192577
416998
291327
195154
248553
185359
19173
258274
249811
32873
5209
421270
137563
244249
238806
180838
54793
33468
419529
29681
425546
257042
245557
194768
97904
92501
422572
17731
261859
119338
19746
91078
196053
433078
91169
160020
423444
32298
245291
139000
230362
168595
33176
194518
54725
424889
99443
253000
423424
163885
193622
33183
230976
190435
70888
97822
196473
14670
93364
97012
185244
191604
195972
419626
108780
126097
163941
5934
153867
32369
418501
249880
253395
194162
257867
134309
145299
235854
183223
99044
249720
193228
146922
257220
144314
57782
191118
163147
113504
59212
192351
429224
255805
191333
241423
261858
261494
156012
138808
409808
187283
29766
424861
236947
418862
5555
417381
33422
189044
159163
155916
138215
193524
184167
194345
39022
193561
173639
30963
167890
253770
173451
196110
125742
145039
262050
165804
195259
149128
135104
257770
411000
187413
196256
170146
90894
422343
5250
5964
131826
230441
143985
91875
99478
246050
54868
128168
428778
172690
11793
183221
170911
429205
38959
81950
134171
259351
64415
98890
417456
249081
166873
434617
98669
132424
188940
252273
259774
191561
248620
174576
258719
8851
416463
246408
36942
155597
154525
186174
32354
173831
414356
48899
153874
172652
155576
429879
151830
192573
257840
92195
195531
172209
125259
259203
250653
169728
70799
107006
195123
41028
261057
136570
167642
168052
417679
255579
191045
138800
181840
186733
260526
142499
14610
107216
230045
262841
246216
246741
117894
246501
251842
91676
413251
417738
14777
11618
153072
132366
185185
194138
418659
190691
253948
37490
258174
118402
186209
145273
144958
149183
96746
14618
119328
247870
143771
238909
93900
412838
259355
48170
409929
250252
181400
171534
259735
152343
419226
260135
193114
180988
118601
124890
253919
259737
184969
97824
192909
119366
258516
418499
240007
84228
7768
195271
118190
97070
180673
259073
119552
171535
149085
246575
426726
416174
246092
118855
136503
191990
159170
427957
257116
147357
260486
158566
112292
195172
230218
193091
12807
18224
380388
51667
417380
195438
163976
429877
37823
183330
115715
184987
124240
192159
12633
89938
418258
252425
37507
31478
144804
160709
161431
47508
161481
126056
151535
249820
244279
118538
166347
5588
136670
249003
119159
47487
164096
93393
134381
14761
98095
172539
258710
247243
164583
241006
112124
159431
124572
189204
36681
261711
38964
182922
147497
418908
291114
194974
237712
281088
63896
259744
132728
417694
415247
252087
45739
415567
143773
91946
93476
168919
258175
92334
161651
192211
251318
96976
419066
91572
257398
99979
11637
46312
425260
43119
759637
240164
155619
137256
96956
96191
125397
118388
194422
433625
260516
154940
11917
154316
186251
140497
91803
173048
59763
125583
426406
239579
250836
188794
116135
130101
14671
409932
6074
120020
97437
136200
119447
192084
126190
139202
29700
185151
173479
165771
422794
161355
196398
196329
416124
196476
182041
125745
425657
33171
189369
189967
55664
45703
134511
247583
124995
93489
180277
98098
238896
236863
186481
125747
6521
118403
186535
163373
191131
186712
35078
145304
281680
27605
8900
253377
239184
182304
115520
191696
172365
262016
70348
35928
253949
90506
116405
194248
260487
189520
36770
70347
116660
169343
18807
136239
173855
99629
32834
421131
247975
422340
181229
246011
257329
246967
245937
76685
261221
183231
124122
147395
123825
290029
183464
70661
160945
163880
193529
154463
19999
260506
147938
180842
156010
238217
239653
192294
165169
51607
291288
3056
230245
248623
137103
230249
133287
22456
17712
255825
151610
160966
93856
8749
413698
38732
240568
187289
168361
290006
93973
184329
262990
187926
252677
187673
156534
12811
247786
128064
159692
90006
133345
91294
193422
236066
172657
120576
180643
34137
36741
258236
261716
147421
91084
183116
193172
118729
254294
249073
48331
124721
431186
425440
5647
118191
261643
122042
144134
185410
250502
138972
29767
46105
93872
96993
194599
191324
185297
98162
180034
239826
34144
145181
113474
155393
261901
760259
131828
172660
172672
148786
128195
115720
115463
248050
164006
184317
151828
253777
410999
759458
148788
258936
236269
192794
12959
249079
160645
291301
155539
187339
37530
191562
153738
237283
191140
257044
291562
153108
172515
261417
5333
426405
171823
127042
122961
181748
195192
185393
259108
248277
157836
55695
160012
38753
34188
260608
259969
156091
37475
410814
11052
418210
154756
255578
174151
101655
192808
29811
174450
92612
241390
138625
113923
391425
193534
146600
93844
163944
97458
420113
128360
248921
259159
115521
196115
135205
122663
49597
420226
189847
153244
425202
421274
291260
29758
119376
230013
47587
186659
195398
14790
22453
142222
258737
425122
291144
146140
191119
253485
185848
145954
47617
171597
236003
196235
291576
151544
183017
160026
409605
133436
238954
246219
261644
182421
137977
54599
158247
131074
161578
184980
31940
138654
260051
260244
140082
186220
157533
11635
421917
195829
97776
186737
280301
149092
96558
137782
249988
195862
46989
162393
243659
32230
258718
154664
138192
48876
169934
181841
48785
253367
137958
247500
235855
161855
107086
159875
120478
240037
235857
162102
43832
193358
185617
132731
250357
99164
117661
180745
126049
59881
431555
167581
185901
185589
155595
148497
149272
188162
250656
42113
196419
238373
70238
42718
432215
266878
196179
424715
152798
168654
186447
195048
244303
259049
195045
415224
245138
107097
33177
138810
431353
237177
144166
194382
153077
237281
196330
248469
14813
137132
153723
158198
119553
162356
260533
117885
127953
41690
51666
14793
12170
260928
161670
798
187876
165728
11645
247538
25856
243499
55950
192013
235940
426372
238903
259206
125400
97071
165036
290894
164760
119572
422549
183617
267276
194647
195991
422044
54614
134106
253784
19965
239118
153345
181231
235900
237751
153274
258218
159696
433277
403298
46110
85986
138211
128237
187280
172905
193560
135181
171595
253099
152661
32236
153977
156581
33476
260070
165932
169876
168633
134602
248551
34389
147443
291266
190730
171590
409647
160999
144852
22990
51390
98289
173183
230190
123782
244206
7846
190043
239717
183614
167156
35915
230927
186250
434079
180742
170775
415888
249320
260700
18413
245032
254213
186729
261560
281746
185326
253781
192011
34175
173204
92536
230188
12474
247871
261935
194378
158157
251886
251566
243376
136354
247389
257330
192946
54596
419613
260243
413732
230691
174575
147567
421130
138803
188441
188833
431966
259771
152283
97778
141314
173068
169937
96233
194967
184201
189799
16131
70798
45632
145252
230037
189902
258905
247869
188623
155277
157610
193099
260150
188795
261400
160387
120973
121972
247394
112296
418257
263096
155032
167835
290626
235989
188735
138133
246397
426098
126074
22994
126078
51910
247021
240748
174135
183113
240917
149164
237928
171484
257182
172709
239048
154716
415803
258146
192352
95999
247579
64416
151842
432202
238382
261687
253193
162654
186525
421548
181571
164372
62633
186662
248115
433238
173673
94314
174197
47921
161827
259789
59215
139193
128347
14801
162007
112294
144599
196236
155303
38841
254301
248401
154937
416815
138196
173341
46852
94760
192591
11090
93399
421478
153230
242111
144585
109467
97013
91702
182434
142223
90438
237858
160753
5288
230633
36935
157351
190832
291470
173186
793
194222
409848
261416
245195
124043
418744
164907
195273
261043
137422
189058
143988
99353
250911
174338
163487
261606
168425
291631
413109
118871
19193
194322
247020
18843
45044
190828
259249
194763
31931
194053
8537
196399
46978
166832
188047
411862
245663
174322
29708
38965
29668
184564
183033
290983
412159
38749
280549
92223
193625
264191
89941
146770
257768
247047
183089
249160
172710
163940
98221
51820
29687
59696
409993
33296
181480
143990
8380
187888
159188
172677
153716
98220
149271
14748
250163
192887
426862
195436
187285
125969
36713
413086
45589
153808
244026
238876
183104
105140
290122
130643
235806
123587
130021
112381
245173
411800
247328
155601
249075
260779
22455
192315
155741
185198
415957
426168
8669
147555
187223
429967
252696
133282
31794
260999
196178
152636
45676
187998
427870
8849
19316
237405
153348
253365
417046
413699
180924
136488
172671
158105
259788
173533
280513
188303
172704
173592
261547
117623
422547
85028
122034
7221
51880
259766
36940
431389
180646
247025
240107
196397
237114
125396
261846
240328
37709
257905
34182
192957
433627
413388
195989
132000
162365
192209
192341
240038
105828
183108
93258
257048
249071
156994
230358
230569
155562
118307
170227
422573
181237
169417
51681
173729
185712
240245
152795
259907
144838
417691
119446
194618
185929
153895
291591
259783
241010
157672
119377
413983
161387
186213
64147
262091
39059
127510
184579
90134
161157
147067
118619
155908
167317
264460
152454
180535
134496
259798
152655
145867
237402
12814
64214
11802
144082
136073
120565
261841
291126
170584
193746
145286
239246
187067
63890
246965
55736
258731
35541
169756
267271
194343
59764
230609
156963
146033
244163
165719
97478
38214
98099
194767
145180
134374
180679
36357
183811
192885
17789
247332
259363
172302
190002
14789
49874
33356
195758
237711
64212
171593
421373
137477
157779
190225
186272
194385
19827
32232
136790
31806
257466
253673
253549
162645
169849
193150
153722
122295
194386
156385
194648
154464
153975
119443
39192
248150
259663
16089
415890
17489
52122
184085
149031
117410
248662
12006
191329
127751
34150
32275
172680
132225
34761
411923
97206
70813
416917
84124
422533
156310
152036
429520
130254
148399
161877
164216
149088
188792
262625
423147
32380
183810
411065
291151
191335
36745
180363
5535
111101
238886
156185
230635
183700
243862
34754
170568
92553
193454
418096
262078
8623
126266
70902
261533
97388
150445
113302
251827
246098
29683
19281
122852
97514
235841
118741
414357
195760
121146
70794
416601
189898
250867
418645
35610
191574
98599
158227
185096
189261
145149
147211
159652
193668
166797
154453
121970
10672
73682
153411
254179
237143
416918
236296
94998
163772
9118
64066
248056
426868
118279
246214
412842
280793
156015
125148
247266
120107
118506
189945
266259
171109
432207
253422
96125
134601
259169
258475
428540
290722
234597
29900
126052
248230
190177
120577
195251
172632
195823
145256
260921
145359
189793
759643
165931
253959
146064
169042
91785
64071
195182
180743
51586
262660
884
153686
195987
248920
94839
419048
257765
259770
237175
159187
173191
422288
165667
230516
116667
144670
238367
186732
418095
260027
84194
19759
185604
418993
412496
155753
237162
190727
172719
37581
86019
157145
31927
19512
431617
426866
236332
145119
158998
259354
193132
193166
429191
37506
36929
261867
91287
99912
149150
291143
249828
180470
51819
195417
25858
117186
257219
191430
98183
145185
184339
133348
409758
172654
70346
421480
185052
192558
58521
189897
258478
118858
249098
149083
183702
11515
420371
182045
156407
254069
188640
122296
19144
248499
187275
183115
136811
182467
159873
258895
193624
230428
111968
433121
188093
126055
253001
46162
162357
112257
420193
183749
42101
253772
415195
123158
257631
160697
155447
98618
31438
189920
18513
32565
99300
434090
47541
187279
127154
192359
247329
117984
31803
238892
246097
32828
415716
97503
253378
195437
117583
230560
184446
418090
99055
422476
157140
34131
188444
182923
430556
148700
291563
155874
423919
146598
116077
148918
249100
70653
51264
253375
180038
170748
153528
39023
710060
253568
180665
5749
248663
51343
12476
116082
160866
230535
187345
172644
259704
115753
184933
264461
173041
173201
239299
238372
182663
186860
7394
97937
181509
173229
125399
118222
32278
247580
112391
189238
85066
188351
113917
187071
120130
290872
166158
291353
248884
236333
418688
244298
195197
33453
123356
162350
38764
164140
247294
157679
148773
230505
170907
55951
93898
164667
45741
253792
238725
8379
180741
188880
63904
181467
122936
133375
239580
182184
172682
259241
185246
416321
55725
291577
267402
167504
122739
19966
155464
166709
239432
122734
247407
147824
123153
164581
122962
33313
117663
42237
121052
238902
168343
8881
174642
91170
250282
38861
26112
403511
110309
155977
241417
42766
259250
166919
195272
432249
159422
162226
43081
163439
241978
159233
188101
97502
185899
70168
259346
250368
257531
430576
420672
143768
154469
90064
248892
409566
99064
148715
55227
90318
230973
17193
169460
155907
240668
245649
169380
99916
189122
31598
421918
182191
416916
254188
51441
189131
160023
113357
194744
172278
137136
138699
172687
239060
148751
419162
258565
241843
243405
409743
22959
11791
122963
124120
159646
99627
257158
183733
257384
98096
426703
194159
97336
380295
259820
162358
417687
188398
173452
136198
28431
153746
253424
119204
430974
93773
51427
160661
251941
164366
241844
169753
419625
181671
8700
54179
430971
291593
118511
145082
230053
13326
99718
253364
44389
188125
173170
137484
160875
124889
125990
148421
128239
421217
417049
237150
119362
119361
135187
192208
428533
133281
163389
431388
111082
167948
104710
266726
189931
257256
173062
144946
117417
280554
141395
9172
157417
96295
254308
146122
251657
11660
63892
152784
184414
195594
259764
8523
163251
429966
230591
250619
90987
248272
230118
267403
126215
429314
70230
192323
159651
149084
247027
408970
249354
140255
163797
426373
93938
193499
160290
253869
166156
152767
137853
125337
32266
131607
194419
85237
425066
33170
158197
170295
192475
260771
5550
262596
118522
14930
430630
183296
257727
187922
4658
230778
251135
155599
47593
171533
419208
133333
162886
61080
121991
412045
7829
73680
9513
259769
187486
115744
115196
32337
154146
430972
141580
168705
257487
161339
144648
14738
169482
193633
99631
168255
262285
193569
190636
183453
90171
419210
252326
262348
250909
192229
95602
169862
414259
168117
251598
113736
148761
181223
97676
128166
147739
247237
159426
136832
36719
172024
193177
230589
11550
186171
415246
196471
33467
180943
122960
184086
431390
157669
190813
429812
142385
180810
37603
247545
125746
418737
118776
144651
242037
136935
122197
172210
96561
191844
90668
169078
244149
260503
192590
45260
417777
90717
192338
29746
245868
155323
166650
191431
415887
184202
237191
136566
187585
184977
94870
415603
144913
238858
188546
11841
115718
33221
247265
134999
244047
155593
38095
189899
119265
19145
421479
118445
193046
19623
248559
12812
422796
173663
409710
425125
422380
13019
8668
51469
230285
417038
189893
152807
96936
173185
164955
257167
138549
290041
419334
423941
9438
136199
173353
195265
182076
181523
190175
426552
291630
152260
266646
160161
11649
291614
55475
33426
170263
63870
230189
89942
243598
259385
258692
154462
29906
165423
418267
867
132220
164228
47411
411861
131825
167506
192019
425659
127488
411925
124997
115741
147598
433312
159443
172630
187882
54234
153614
99983
432205
165702
433626
36636
290124
246251
419631
98893
92910
37482
193357
427991
189221
168703
237164
247014
241362
157369
190769
257381
98428
64218
193090
98977
29909
421821
257333
118710
174191
37656
240339
91465
290260
257221
241561
260341
160042
280390
145255
152253
280304
237400
104625
261718
164699
185368
91339
111732
249102
258271
248173
245688
91821
95316
187823
290809
95788
181569
192155
169755
169559
112007
157905
143872
11254
247190
97781
144745
252999
148769
246213
194420
196515
37687
94011
425444
93986
173188
6030
160281
260871
145810
243387
162576
34992
161346
94341
147420
118849
95876
125917
260912
38859
5321
120574
70258
155575
162953
291634
412998
259283
188751
196284
185146
257872
247639
163744
153229
430364
36193
258775
427985
171540
189060
124246
183301
128051
96527
156574
191563
260633
259349
255842
127642
238606
253761
172693
155594
55224
248723
162731
147686
427685
240014
417696
230592
423443
257728
91704
145274
93475
171115
70911
149099
249089
194418
169455
187923
14763
95559
164403
172681
9936
417690
291281
105982
253103
420131
165896
163042
415223
182666
146062
98505
245029
116136
168424
173793
117957
190047
190633
189206
17636
417101
14762
195865
117812
290007
5261
135071
258748
95478
412777
34166
237139
167606
139050
127960
119380
160041
160054
180860
151853
173064
257746
433313
191677
149052
54878
415735
291146
253067
59762
37699
124790
115516
19744
185274
130885
184974
5152
171485
141035
174555
153211
55713
145377
156978
55482
158210
421880
143870
186926
188405
99721
55749
191509
186595
154412
123278
414644
173620
185189
259074
433308
144673
167973
181230
48174
76704
126025
180655
181521
117790
56244
122038
156366
243381
260504
290982
430593
280609
37388
141256
252090
290285
191551
115742
182527
257882
171113
164831
59808
235800
24965
58460
416443
252134
157184
429405
97942
193507
187068
427181
237861
237676
247581
22970
99262
237200
243500
189124
125970
238894
153740
185473
115565
194966
188787
256037
59614
187221
158486
19970
118179
89948
280400
125590
127835
238502
237778
239050
159265
252538
409903
126068
180865
98140
19989
92197
261134
188708
90703
418601
147212
189968
5645
180462
123147
183034
123459
184077
411063
21939
253909
189969
163416
172697
98782
125739
54227
230378
47489
159649
70214
425458
172688
193486
172372
194163
157784
121534
190743
194969
181653
127430
163862
241393
419802
290027
189125
17800
38202
118010
118775
95820
162575
257467
154758
236088
125540
145429
185931
185112
89939
415883
230314
252695
29813
182338
130082
184013
258110
417044
117608
136388
150238
253386
58924
235858
230600
196238
416921
187801
432537
160704
261897
237849
134598
260282
280825
174150
248219
36678
187670
37576
156980
246225
173196
413984
45725
99445
243385
249823
252428
431971
185109
253937
257689
259201
249817
189905
433307
112057
162223
32499
32234
249158
412144
180033
159445
35543
190748
154060
151826
193043
153909
195405
54214
153243
37543
154142
183768
189942
161853
253946
248549
422849
164455
257407
120561
155018
99346
182953
56199
183663
290131
266973
153351
260531
261572
7392
180172
156381
253766
161772
189889
92391
245362
252391
169725
17339
185371
239449
29910
185475
195164
4849
254925
124245
194196
153055
58463
180671
96168
38716
151537
55741
189201
11797
171599
167041
170897
96162
161427
759444
90132
156464
154056
427232
17666
159103
413539
413339
182768
123791
260100
142336
33400
22991
96568
11658
92794
195396
258503
124614
58917
51403
21937
154759
248183
253844
104615
243642
157678
245196
257687
29771
156003
133280
181151
161348
58914
291314
17619
11650
291030
194785
188704
171683
290040
145298
97438
257164
253785
290125
145310
256677
245366
249065
190495
182766
172517
174633
163395
107251
48358
127152
263768
124238
97936
121165
244025
421903
113301
14667
118860
117192
240958
107092
259976
259667
126054
155068
241476
172615
170289
91037
117426
415226
230413
290750
143040
159239
427560
156011
412048
125410
290986
93116
243383
252634
105976
126015
247011
290283
237693
142730
109419
186665
261862
38847
262678
121263
116677
180534
36679
249229
429312
133344
95877
187729
185187
26113
182466
155864
249827
35611
119444
156064
155720
423306
92213
172647
259424
161349
59768
189887
156065
119324
415227
190400
230412
194740
14668
118722
415248
195418
431028
113417
260101
180659
183043
193030
248734
416910
235902
117811
64216
250794
136067
433247
169469
160392
260867
257397
172281
5963
239053
248661
120663
252950
134031
145038
110318
192857
98495
193535
162366
237964
252013
230354
290981
131836
19134
38990
186711
155827
160707
94546
184072
35927
37697
94890
11918
138591
120560
191111
8418
51818
98217
248014
145387
258111
186776
117649
243656
250723
237575
156096
238607
14797
182328
117886
118554
118852
173534
19229
173049
157780
191845
192784
253101
97674
260927
14746
38611
144655
8632
182305
5982
237910
37604
253780
18577
195346
420480
170035
125981
260515
257932
254060
291520
258838
238745
419228
154680
183634
251515
417412
17632
29689
147682
416679
195485
172231
259141
36662
192987
192210
195269
154062
257486
159668
250624
144104
416814
252965
4660
144679
31409
119365
253993
434621
131343
97028
155315
154778
96234
188491
194499
38874
162395
161400
261686
134256
122304
115746
184985
422798
167046
248555
172629
391189
240477
145311
94779
33244
141315
115737
172092
125743
149161
431008
190927
239055
151546
136271
148701
11915
149280
155929
290455
163397
136069
415885
187338
98214
254393
38876
418994
21321
126221
430616
7218
187344
38628
45742
180370
167994
187783
183632
13968
263091
98547
144660
290991
291140
145863
96744
188160
246054
258459
191048
51301
248097
38771
431391
251025
267741
147658
138712
9176
174471
249947
243657
32276
259118
187726
246500
191327
127828
246212
194461
17320
141222
166923
165449
237558
145264
154891
190837
136396
138693
259071
193759
193619
414363
262973
156115
420154
180755
164373
237318
8673
110042
186599
157340
237674
195191
29710
181044
193329
189045
158586
55729
93448
5585
419839
117425
117580
250842
29904
93821
264712
260340
187649
252938
260535
161027
14799
99141
11599
253787
117757
47538
92392
97501
161323
194735
163394
153744
115566
261856
37474
118189
97938
180168
159712
186500
90319
12972
96765
160019
164582
151638
434514
90663
64080
90713
259001
195261
158218
163733
259700
166287
17661
165410
34822
183823
264486
109466
250541
32035
37624
144664
164633
262659
156776
244674
181698
243382
185501
118813
119290
257830
137784
33365
93762
89905
257769
143967
185194
235802
258990
380356
195825
45770
193510
237543
262602
169013
146356
239054
143961
137850
230699
122931
186050
237407
259350
195395
156593
429207
418736
192176
241330
149215
252933
160657
185401
106938
119497
191284
193646
127919
184084
180028
193511
117532
45982
125412
172642
111097
186051
29674
154066
137732
92214
248353
188456
55726
36936
193193
5554
230340
122831
425767
150241
250626
246971
238898
185209
5119
159656
120105
193868
13667
249086
192566
142248
185273
421645
37724
136225
239718
5529
237174
189043
247519
759688
152886
89943
257468
236439
259211
120101
230101
156230
427183
259734
126086
157144
96171
260136
195591
266647
423854
230407
193864
247527
196531
32270
5539
195586
154387
192783
166653
96170
409716
110082
237146
70256
97620
262715
247873
172514
180187
116078
32008
160018
159770
415245
237960
257877
160195
245031
257161
181234
185247
252089
162227
257866
95609
172646
187202
98499
258596
237819
164624
132491
143360
230110
98470
257688
139063
122937
254407
94906
145838
183011
409796
257178
422691
193862
169366
281456
252083
99935
183022
411553
137879
180816
142741
92396
113000
174551
236067
143972
181659
116083
184198
253266
154373
192317
153225
144475
246517
241410
249424
107498
237277
134713
125411
4662
193512
421178
34988
421817
153251
421287
159630
249228
247244
163492
168358
12808
153342
252128
99054
126071
182280
144979
159247
17631
97998
149132
119329
114258
230103
51471
94873
161424
238222
38963
263034
237862
107574
426863
260695
280622
266272
126087
247667
416886
32272
430247
153242
113737
55477
168426
98218
125326
31670
171544
93382
172160
37570
163484
190197
160927
70535
181699
134883
418488
168256
120556
163984
403510
34883
37580
423425
104669
141919
194775
34900
11803
241405
107222
180672
411062
290457
73674
430132
281757
260920
51736
414264
171594
119082
262998
12144
91103
195756
142167
29618
174610
128016
261133
238196
433079
239761
160442
247723
261251
160014
5584
245024
111348
429811
416994
148772
125986
191569
168706
247838
18749
190747
180966
249809
18579
98952
145309
165053
245806
159693
95036
189359
37478
144325
260926
172014
91691
171536
90728
155230
186305
258466
258849
164378
244077
12095
51816
193902
192807
257390
157668
31777
111095
142744
183704
246096
128080
147083
416990
161643
188653
118828
416715
116515
168100
247273
427635
181655
173588
170581
409616
248733
194225
184131
90487
55743
48347
168114
127513
180164
95052
230346
168501
183091
143474
42128
32836
433311
186182
150803
423409
91703
37584
168257
412375
152254
194754
172706
145297
84188
37691
146146
419441
249909
230945
99048
159159
180174
237153
239109
425682
34140
19998
94454
98879
167891
93400
152450
246498
152396
22454
154939
192787
250284
247398
5533
230263
172663
252996
424342
124786
760463
252084
125582
247465
230284
55737
38123
92394
186480
262261
194979
5304
421822
37658
8667
94422
96315
182976
244204
153905
291326
237961
259270
170052
90607
33364
117858
240763
91784
118791
11638
49832
160373
118728
45665
172513
146771
154058
182627
90650
33324
154517
258842
249814
234587
186713
189928
126100
148766
54178
5543
409561
420031
260490
91253
126312
41725
121753
118551
90510
252324
246729
237140
169535
181045
35808
188621
162396
161653
143810
95830
5565
4816
432904
93491
5619
258299
433080
259762
185183
194650
185248
416132
238878
166111
174378
186897
114010
411758
123148
253024
187225
414536
94519
414557
187340
99073
181912
104645
150097
238875
29918
260925
133313
168423
121997
250356
237854
173766
180654
418693
151780
36937
49598
885
37822
90323
163939
185136
70807
126304
145189
181239
39031
37651
152397
291284
410992
115745
258272
32338
112536
185238
260025
136279
12092
158214
187613
239361
235807
253779
93725
421716
290042
91690
159150
168422
193968
167116
184166
125403
91745
391133
257376
123354
152786
85010
257173
185100
119344
147426
116352
263103
118236
32212
246731
159123
255641
188639
427235
118366
25981
417781
291102
163731
99710
172651
248840
159592
171715
48339
250600
92224
253418
97097
184075
126080
759449
194462
186453
107419
237201
97777
258567
174631
193504
125404
194738
430696
172689
252043
245499
118733
94344
189166
760467
93726
173767
161854
189911
63897
429734
45041
31511
186592
36748
194433
5590
55226
189917
138561
112005
152456
420823
188796
169863
249049
42764
152556
95913
230181
424151
37508
38625
267198
99617
138363
42767
250800
251452
246824
190048
171596
154089
148757
261704
162224
187064
166114
133133
31760
139297
253237
290886
154480
253768
253356
159313
55069
137481
193506
172639
95608
60458
159760
431021
251847
171491
181021
160010
235942
157777
29908
262427
411795
180662
247399
122930
151695
411820
160443
36694
163486
116407
119270
148717
172367
70217
29894
12809
190331
143885
98796
253197
182426
247092
14678
174148
145251
95900
238552
267199
412780
173061
32233
38962
64146
98023
24927
246357
258619
32874
180151
37582
97068
191559
239564
117786
126216
423939
138831
162937
174446
122804
151768
189530
247240
146117
260498
173703
106939
123596
124973
280374
115747
8385
172714
156616
165897
180690
417324
116076
70133
132222
186527
180597
55115
185864
42765
136045
163722
14811
257839
137851
99100
171565
170293
246227
22955
124717
259666
42102
39060
181240
412778
138684
172378
153897
759445
154689
257312
154086
107481
259209
111385
159425
256319
170261
258112
239801
30304
411218
250863
155622
239721
186767
241008
151903
291635
55479
192350
156124
94421
8620
158231
252422
434696
153872
248189
96773
154145
237752
230130
192324
126017
426871
54777
415707
80951
158211
238976
8750
411554
184232
280946
290882
137483
13417
419798
160151
262624
172711
194403
118859
425958
135180
128231
261570
32605
152459
168115
120551
162360
417047
92444
97056
51620
182567
241847
132013
149082
14792
38872
432041
92973
51621
94455
42360
11265
5549
253791
417685
117814
422690
153246
158841
187924
136212
148754
250659
172659
188793
92216
91130
195822
423638
119243
413389
262174
161987
154386
243863
182431
96193
153228
156489
253387
432947
190536
173176
137231
246968
173195
421284
237926
93886
196183
23459
409537
21930
42734
130416
195397
267962
144980
182770
121966
70531
181011
119384
91080
107087
134379
182694
252427
161000
188643
248883
147424
248882
70092
146502
185233
52070
8782
34984
195267
93742
427596
130173
257713
167702
289986
144943
92301
153968
89932
257159
153402
46136
247049
194743
263095
193227
22972
432042
184586
8726
169452
147485
76104
163771
193411
252791
54877
190829
154986
138779
418185
236083
166157
31802
417940
238907
253566
45261
93500
8752
260501
236007
230112
156961
190496
134645
246266
162829
172093
432258
180448
36711
128228
93819
33232
192630
119368
189005
170628
420420
260339
145294
425725
97613
413391
120558
126077
257408
132538
55033
70251
122035
185235
262592
48898
144944
242280
157053
117180
230585
95127
126214
132718
194749
239782
258632
134380
173731
280996
185619
190181
247302
37657
145645
230636
136041
91706
257157
155743
154460
247017
144587
237272
418743
431022
192788
12009
417517
11511
246402
122041
131358
5559
55319
126211
76706
183731
161359
152053
280997
427745
70592
426381
92220
251077
261012
174408
261624
423736
261710
172082
182767
190328
249636
243410
111347
152609
238879
163281
195450
151980
155546
59907
173682
147430
195268
138683
291104
191577
120089
195155
34198
418183
195156
247010
41719
143868
167742
24580
194379
12819
70793
238612
195668
5531
138468
188158
18509
107085
236014
160470
417680
6028
428097
262262
248740
164377
259343
250091
131630
243406
191652
137880
246966
291162
113153
185135
14802
194223
11784
172668
9103
48333
91224
247170
5526
103738
421488
99444
421824
195408
159289
5970
190176
38985
413193
159424
156500
109897
259342
181693
196180
258590
180982
419612
189225
168096
162143
195864
431916
123150
125267
427670
417699
419421
417515
432615
34799
127852
153527
121224
238881
189907
237965
151734
128361
51817
259748
181510
46830
171538
162187
29903
186959
14989
258709
5577
152563
249722
145301
187504
280849
33165
168704
145707
120082
154890
183873
240247
154721
138636
258764
187069
245360
192471
264723
258173
180946
155322
170784
418436
167503
158764
157891
48957
291561
250212
259023
135000
91076
425845
14708
166058
98894
236012
32671
260690
426308
411326
417037
188094
128052
258597
252360
151922
245650
167039
267194
420224
432250
243386
169461
156409
247521
169877
93588
90427
409530
181697
154465
160705
121721
101696
246981
124344
187422
180926
29905
250503
413185
237406
243380
157782
248571
89935
259765
76691
98097
148362
194649
142007
164481
11641
238046
141255
185196
418850
183226
96687
427107
247641
415714
145306
115221
430602
166139
118850
163393
134214
240531
260026
154467
230014
25980
246958
14554
126306
190046
170882
163759
262098
433818
413854
244521
14727
94900
142165
32221
194772
126310
194999
142964
92913
182020
180640
166666
194515
429182
188295
291545
421476
183769
115805
195355
415486
281497
170322
70936
188727
419799
11555
261559
237408
759423
230224
93628
248945
163493
171585
167159
290992
238495
147396
426543
23158
171237
428096
391174
420476
409936
194514
165777
91763
47488
414342
95956
236637
33366
430970
250183
182558
137849
418268
96526
196114
112039
143881
121812
236072
156017
415293
236263
133965
184266
5576
237192
191848
151852
142246
36697
262756
31804
32563
422540
192034
98885
148741
253675
194758
154687
236052
423410
29712
172695
147727
243916
247578
181749
173823
126193
34836
70525
38999
230120
99923
141499
57127
36358
238905
126072
237576
417425
8751
187286
99758
17097
426383
121226
246221
120025
187222
126305
145305
251589
190000
22451
172801
194506
189208
126036
120122
411863
230223
190091
190488
431392
148756
17714
147662
118334
188789
163660
260517
95403
152488
125597
91081
416919
164616
238214
153224
418947
254059
5306
409596
137236
136936
119348
189209
32381
181235
34197
168889
19993
194737
128297
151561
415028
188753
94874
261926
148790
186956
42202
147675
171972
11655
230436
250796
185200
290706
167970
247396
230349
12169
429519
172283
11259
144794
258690
147347
252465
159238
145843
260507
152460
110316
120968
260311
183789
243377
169810
76705
190745
247410
34964
247642
6045
152887
190482
171242
145272
123330
46127
153714
59197
252274
18581
258615
180576
192782
417453
192004
93439
134203
157399
166346
32269
258738
248891
91530
196111
54706
180841
423636
167578
172300
132921
246255
38155
164227
257504
186667
3909
138847
230213
230044
182693
182071
168469
431358
422859
160173
262941
149134
266257
257550
416420
230466
168098
260772
415498
261712
246165
51488
59767
180691
126118
154150
147188
413297
149081
85036
249881
183827
58470
190833
147220
111971
143994
94952
427579
90637
38852
148699
192896
128296
257387
153399
249110
174634
431357
155229
279580
171108
171120
35843
96165
160646
187637
5515
164370
94307
253366
153070
135827
193194
12813
263108
117522
125146
126081
239627
38738
760465
29673
259352
258230
34132
17709
36993
143278
421272
95639
190329
247949
153025
97069
258909
5525
418265
415565
247193
90672
121147
194751
128244
117197
137567
94995
14854
249074
194421
238723
64073
145321
118808
187498
190330
14787
157676
114246
265024
161576
145347
152259
188799
33305
19667
192360
180035
138819
230313
253062
155548
184162
237857
189531
171498
186483
142220
192015
120092
127951
160163
245659
125991
119417
111247
147428
237326
54855
98027
262228
59655
230327
156119
138813
164996
290477
250211
238890
138975
236624
253775
172669
167740
5616
5650
188363
157397
162353
33478
111474
193995
418657
411415
246043
138900
421376
136504
172712
59743
163269
18578
193866
259888
124370
157367
257388
92795
190045
156341
153461
193410
45734
415568
14764
141883
98984
160030
121690
91337
180814
180638
262017
253774
258504
153250
262082
245358
153719
194635
413498
195435
156067
131886
189205
192158
190092
418177
142170
98783
181152
101867
118763
153462
155394
94088
252088
5586
57017
195028
186768
111384
252934
7396
182425
245294
190327
240102
239051
236330
168113
432611
167738
42356
253918
145220
415197
237199
54233
45986
91082
418745
90131
251599
49856
171472
243789
192589
246218
237909
258772
172522
96059
155335
416991
195824
138176
262426
133134
128238
241872
191136
93987
49147
155226
260518
97714
64079
143458
172717
189890
38981
290123
96573
92577
155742
195159
162191
156578
160889
184598
196220
253236
172382
144663
195344
252856
42973
6040
248608
121781
148063
248563
192789
166153
243749
194753
136565
415886
63924
29915
126189
230388
153466
193124
142436
189800
261953
172511
194376
33178
419803
120079
132221
426316
247524
35823
250283
98798
156535
259906
238691
172715
186152
148905
11729
252632
409865
249810
54222
124322
11651
117423
171586
173194
90665
188369
11517
156577
133438
6003
193682
137293
99963
183219
124996
194342
191110
259775
184117
186663
165900
7788
118016
415050
98985
192183
181744
59761
417941
51810
189892
415198
416995
171110
93871
253916
257155
124461
173819
119538
32273
429631
417682
136352
411024
37661
281501
133111
248889
188356
158537
101868
38203
153424
194762
149165
167971
12475
180669
138974
290038
183086
230405
140200
150093
263104
186973
240012
122264
119008
167997
93398
257934
195954
185397
192316
184265
141775
5338
263094
34127
419736
188446
185471
22936
112392
245085
259242
169037
38750
98507
38851
154991
240155
168116
148698
195500
159854
254302
418164
98911
252015
160097
194424
38731
119322
27026
131629
248175
246183
5651
38854
144319
429033
59214
186597
248546
230580
159926
132420
192365
429309
154692
239445
91689
189461
5746
51735
101819
119369
131263
190635
154935
185101
64070
195262
66908
421902
419213
158232
169984
173187
110134
191843
161656
150458
135822
155586
151494
151528
116653
101191
291105
22993
156985
186052
91877
152215
250354
37571
416528
168799
181212
164548
431968
17081
261576
154388
97472
37461
256219
90483
421210
171566
55223
230363
156423
162400
421066
391186
148762
194972
142221
93026
431464
124896
187273
230537
54228
253769
431038
49093
124525
409698
417678
427684
426029
95072
191203
43120
166991
159312
144788
118595
180642
51915
257309
163938
47542
391280
423920
91171
121222
417953
251478
413184
118785
156993
162081
290755
262653
57780
239583
412044
125325
187224
420132
257146
243498
91468
11790
423423
180039
98569
11048
118598
258840
188371
235712
36774
160469
257163
243404
157834
260514
47856
118390
251825
85951
91286
241850
247331
190057
418690
96945
186495
172571
291510
45622
120573
132214
182044
184979
70800
159160
120010
34773
195633
186884
422548
262936
190346
37625
144945
165455
249094
422433
138815
238220
125147
36313
45248
254044
117412
153465
191330
63891
252228
411801
70814
181314
150092
117190
5213
194816
193527
190493
165772
164431
189848
240594
247390
160038
291103
195486
120563
257395
134958
189909
192353
262933
36714
262765
261945
145835
258713
51690
96939
181219
259344
190830
430695
22937
184986
432198
98277
157313
154411
142496
164365
150095
107094
194139
98502
172304
145188
243645
130644
36710
91549
173858
245061
194404
250281
136854
98888
32193
262996
235898
131976
98216
113354
98288
248627
131885
181215
95398
189364
162929
421246
187476
116671
165062
18515
141317
189347
92102
138692
97480
186811
164759
21938
156469
180119
421277
411975
194161
159645
136202
432906
230417
247051
120094
187887
247799
243948
413127
257527
137619
160062
11783
186434
249721
291637
144656
159396
157052
192597
33477
157863
237494
150807
94903
246211
134167
250866
180975
30301
238549
143968
25063
164810
434092
25859
35938
33032
116290
163462
43116
182935
291432
37463
152248
165064
421545
245541
243643
166642
96730
290628
250657
187282
5553
32566
260649
133429
165803
167921
174553
240199
119320
247827
119271
238001
33428
154073
189040
154679
162401
244199
185119
142639
92393
159793
195153
173057
46310
416986
188296
155056
261855
428532
189115
8677
249140
5671
36944
125595
36696
254049
281675
145360
21936
156154
281754
123489
183590
189796
158372
38825
241408
237290
258057
421825
429310
258368
95450
184199
14564
186730
255719
150760
186864
166892
190634
117669
31407
280999
173199
252564
8422
111085
241481
172694
267277
151621
192207
196182
136839
122298
154064
248735
253764
195152
164982
250864
166827
38760
131608
281082
193994
291325
426125
145283
183870
251590
243615
252075
156575
191322
70350
259068
45587
759639
420444
37653
165700
152345
180578
168749
73675
5297
162122
12143
13774
11551
189961
153971
117424
261707
153099
253023
193891
45040
185822
12049
106924
415228
16078
380227
159246
111131
33168
243864
238884
158587
180040
182924
159852
163566
33686
125740
120108
409837
237927
98475
92770
411280
95417
142337
249088
161002
196118
173814
150240
117876
261942
146780
186233
56170
126075
413497
33304
247868
245034
33355
118582
38960
14794
163799
95401
32371
169231
172028
37654
259702
185237
186477
257876
62634
250278
247395
37489
246042
253767
187288
238916
138390
267273
151756
166137
241365
145190
710067
180942
37484
147427
37820
138553
252270
241241
11919
261571
183224
94518
47490
420847
243644
157035
281083
187013
94891
124900
157907
98366
64167
253423
113918
169077
165408
130794
44470
237148
191510
243379
49497
431823
119415
171471
99459
291136
182951
262999
171483
409854
249002
246999
429501
257764
96958
195180
188802
230355
180682
230581
243724
8399
7833
127712
183331
119269
427686
24358
5536
409467
144093
74587
185930
181046
161560
259161
230108
64148
157339
140986
118620
169536
192554
160505
63920
243661
159694
421620
44429
163675
186142
29685
34767
291313
186581
151290
184170
35872
419734
181154
55485
95697
96195
73683
155588
9150
96061
237495
148208
38961
92768
184340
417454
235184
147490
194773
169601
148688
259751
8755
194335
259695
95916
279594
259165
97940
38763
258552
264711
260686
122040
246528
291324
251078
163927
166989
190476
14709
181125
168734
147822
253910
94889
189772
111109
167144
174013
166677
145183
170163
422884
93826
193853
183085
45946
136351
138544
418735
64447
165417
416923
192979
152217
196494
239448
123598
153026
260004
163882
174613
252619
172698
249095
119367
192988
189970
421820
247530
154981
230214
155573
137848
418726
152208
260389
257873
186969
185616
185846
416913
51402
127980
247543
181670
166196
418687
432380
418271
117787
759462
259297
93401
418765
258922
249064
251716
124998
22957
237128
154457
154249
9174
142245
193681
246970
248236
125916
54605
136395
419782
117618
125907
194501
14696
4661
5965
251506
253763
11640
195970
128180
93383
253239
107036
257331
253029
93690
35528
257156
7844
259436
242113
173190
174445
184145
92299
107273
180639
194668
11269
90702
138595
9178
160447
252035
418500
186326
44412
230175
247640
188835
118414
54918
150099
422011
96192
253102
34411
138811
230384
182773
174311
190926
113874
434188
46126
428699
195745
195249
96955
248049
181745
112390
137847
167999
169610
93815
260510
170464
236032
161397
125336
19757
174189
194260
132732
55740
230217
160027
101872
196117
411541
259749
412667
122958
154686
416925
142740
106937
146103
182618
238906
249989
159729
148778
259773
94872
260520
29768
280398
416157
112165
185181
195124
258546
17710
424822
117088
415789
29701
230404
90436
235387
173103
421279
253843
155382
99722
151447
153398
163192
118856
124276
98795
426094
189783
422397
160093
424343
247259
261623
191109
184200
418045
244300
391088
195757
147221
240907
259116
146066
160289
70090
131349
153501
93959
122384
165773
159908
237297
119339
193484
259070
152936
230264
173329
195851
262045
186709
64065
154088
173787
6017
38853
126098
48242
38755
142335
190986
262081
131604
243416
193178
252086
39061
237065
251826
237967
121950
164374
262766
3302
7393
237582
98287
246401
230329
93883
5594
162760
141254
423136
121105
246358
35135
126051
13510
164640
243946
137051
257379
147505
194224
239283
163671
253696
248350
45265
188964
138129
144677
190535
70620
187341
152255
237115
135032
413700
94959
117560
253264
135823
169341
120120
241852
245870
250400
242110
280725
38856
237193
146505
244108
162606
93047
259742
111096
413390
246101
194741
291300
76701
126066
263102
45747
230941
187800
117785
76103
137893
262665
247247
184730
117530
190746
245293
182252
155030
117200
168442
136498
230779
153687
93558
174632
423653
183087
51425
258901
11795
411462
121968
157532
429878
238889
134509
162806
138967
261139
136240
189374
44474
280190
162402
183613
186145
246094
257396
195165
260195
172662
249812
90397
150367
260241
415563
116531
146105
118507
84425
19133
426758
156531
162351
161430
194160
38857
192596
185203
418016
248894
237282
147232
260770
416997
245111
54235
118618
171598
126076
189929
64068
154723
98508
182950
291150
115716
137410
169545
47589
260923
117415
422137
255718
93983
190590
417514
190044
426404
247635
249067
416710
156583
95379
183014
153350
155067
243319
168106
23497
247242
157741
415294
173503
154385
264522
421483
51737
31019
123110
422587
415695
93964
230012
291286
248262
92397
19178
427047
159600
252126
54810
174444
55442
262446
257389
144826
151693
257485
248560
52087
150096
267203
192797
99926
84219
154396
236262
245786
416915
247412
161398
39037
257862
291142
163801
187615
155116
267202
155930
14807
89936
252358
95615
258631
152213
34142
122798
148771
187323
145265
157416
181680
260496
290630
426096
112398
161856
163278
256222
246487
250534
172183
183467
243725
89940
164771
180737
237145
157368
36729
253586
48348
85030
157138
70536
128421
237176
147210
412003
173796
261568
47293
173977
281563
291575
156992
188368
240092
112006
248547
8626
19741
143274
148760
260778
254635
167255
158219
258564
230255
187428
133288
188959
35546
237116
290994
38227
240669
94391
63900
99622
153386
123488
191350
189006
95528
180686
22988
110311
43118
93908
195416
113913
183633
235838
421470
241154
95378
5615
259708
238551
11920
169340
255807
186734
97921
250910
12708
14778
45051
195256
119493
186279
19820
246957
90715
55871
261766
31510
22983
184217
48756
156579
33175
183500
181127
168145
280417
7391
160876
29477
112172
38762
164586
22956
32268
158843
127713
165665
429416
159153
183225
418207
185541
258450
93901
423426
418455
188374
259957
191323
119264
19198
418600
152347
136227
237925
168887
415029
117756
22938
253238
238005
252393
51685
22465
414174
89944
18587
429495
93630
5562
152866
186170
116091
253412
192354
240749
195239
250908
70887
170148
411476
188310
119330
236353
32498
264760
252325
173752
260631
63922
183819
5524
422524
113924
5253
262499
234557
32564
262410
172076
189910
126309
180644
433370
249342
133315
259166
136207
151732
5567
25058
189918
417424
248482
152461
156991
125977
163270
248015
261778
244040
262837
120081
236387
181399
247026
70900
19204
248177
24268
93820
195404
138809
170908
181213
196530
230262
11653
257744
240094
5546
158220
191849
240711
259340
411804
125976
291192
171030
93822
425843
161357
230548
42755
99489
240775
117189
131848
12848
85070
143661
145302
5672
152346
161352
113920
173342
237944
380384
147394
169454
261319
146121
427393
174289
94390
244027
174573
238685
7811
172762
18514
37662
195064
138848
182952
33297
133724
34376
430928
247236
194759
125151
118788
42975
98462
409615
64203
253385
159135
186898
422395
138194
29912
251015
262058
413224
90647
70660
94504
159691
195345
118278
247235
92538
252697
425945
433371
194745
183106
14955
191019
153039
186406
89946
416260
190954
194742
150366
34120
259005
51805
96169
93816
157284
259018
182532
252247
138812
425443
429169
259887
109012
290829
166794
99621
113300
253788
240920
126085
141699
262672
238761
252997
160115
192356
195988
55649
151557
121754
257931
290953
417695
258517
103771
410925
55734
149160
51426
423177
416987
183920
163909
193670
433241
118470
230311
11788
195130
254261
151827
433217
169419
258911
251034
33363
151559
118237
138480
246234
5552
148358
18586
152348
258242
4835
167177
95915
415602
416713
164005
192452
241873
254296
248000
113152
192981
5961
428908
183031
183730
426869
131075
156008
759450
380510
248808
240860
186778
167256
154757
160452
238893
124234
171547
260801
91241
11659
247787
243822
257489
14928
148490
132722
90447
163306
158570
159647
185912
150236
99604
290462
183020
254072
130415
290884
111105
169434
155730
118416
195190
259805
166241
254048
259743
33687
191519
244743
196420
131580
169548
291109
120091
89945
133430
166285
27141
412390
173967
184342
247522
163195
419747
259800
128422
246488
430926
93823
142562
125995
194221
180657
152462
419065
32611
180645
132785
19720
416709
237585
196332
34775
391177
141221
51391
98496
96771
186169
10623
112389
188837
429308
44441
185218
112264
97096
159291
266644
143974
155666
17635
236065
126091
188399
64445
423252
180747
19756
92963
95323
172656
180692
421209
165874
193355
136242
161018
131884
159655
119332
156135
95130
253379
126092
250802
416743
17711
169754
159695
122932
433232
251602
431352
415342
173794
159149
43095
118846
182918
158196
182433
8847
188322
190742
24961
417372
239220
258740
90448
248132
125406
99915
194925
48897
174556
113912
245154
248660
194245
152880
5574
155386
15656
165901
48878
260239
159448
119383
118875
188707
195181
258723
191576
134032
180157
185928
55476
248973
290456
194640
180036
39062
247797
112309
193402
42964
243915
238877
36775
34154
118851
90199
252421
132584
259075
194383
182530
90649
161319
188147
39032
391181
244142
193409
36740
38869
117523
247023
107215
19637
431355
237379
257488
290119
126099
37462
426338
159157
106936
117883
126213
117195
146456
48622
245792
409850
183105
14675
128242
46285
32700
186270
170906
230411
121225
158221
155602
185476
190689
94992
252633
188423
418272
433183
138814
245785
257528
136677
418007
36691
12051
5542
133399
252537
4659
161343
99291
422574
180663
161399
174337
156184
759800
157185
160017
165411
18512
99187
234586
161654
250839
24959
241562
252989
136071
193407
419739
118806
257702
237962
94924
64219
70196
133374
47588
11800
125324
98494
134647
6048
112527
160928
172096
27176
98402
194878
145312
291254
29588
76697
147316
257375
183220
236011
240954
291116
262085
241242
81437
184975
416711
182898
235907
230036
247000
196228
38751
244194
291312
252186
126263
98473
127853
258024
114038
159794
25062
241123
191614
142745
431969
143275
161570
251939
245326
168445
253271
189795
143869
37579
186960
263022
260500
47428
280768
413530
14957
113006
184160
31805
38979
182921
194052
235840
431580
146067
160114
262365
248806
122933
11144
414358
38855
35930
193865
47591
250640
170946
425442
11636
239231
169035
189346
188100
121819
35160
259606
138689
45264
188803
195759
99457
162891
131226
418502
257767
157670
191351
126217
38733
89294
164765
36943
429497
193109
187066
9980
291613
403414
155111
183635
122265
48238
22459
259736
152218
428956
89726
157560
429907
144326
99056
257634
145866
172059
98460
96931
118223
193993
252998
258720
259709
14677
128240
181683
122789
433122
249050
47445
132219
230432
290118
99290
37694
115522
141885
57988
162222
253936
416926
189300
122371
126191
126174
70659
187997
157671
91528
185240
165704
258062
180533
419440
19688
186983
174298
116882
109553
236258
192886
391089
192451
144684
148789
85064
411483
64069
262419
267272
89840
264139
156309
251347
261098
192991
133764
181227
116269
424155
168360
138389
159167
158225
85038
147552
93903
239119
189007
114250
168094
161415
116234
417501
110021
260529
90727
70232
154454
123149
119385
258378
258843
112462
138685
245716
259665
195149
171116
54223
188370
237050
196286
281375
236638
290629
196176
195189
114310
245498
94520
186806
182830
191989
194765
6072
122385
117622
97939
247542
21928
125496
230690
18839
147527
166201
188361
194430
188366
146104
165452
104648
260866
413255
154942
159654
70087
259706
90724
161423
118535
5973
145362
165421
153467
126316
114003
36950
91086
161001
149241
250710
187263
259345
138556
119331
180653
155647
93421
236724
163282
194739
98039
158584
55662
290132
246385
230464
172306
251138
230662
57739
194976
155559
242122
107504
417700
51252
259160
70345
261565
253267
8296
291112
154928
152250
98739
160187
136574
260489
249090
117531
182982
51600
160060
128186
142094
190474
107271
165664
117548
189965
249097
230345
258771
163745
154915
110081
14666
134497
186952
139311
262092
29672
24964
47543
114245
47944
245732
257285
151843
253759
155336
33436
426731
173684
162146
195399
421484
57895
239305
90662
48900
412840
35031
134082
156357
182464
230942
191653
149175
132365
188124
29665
252014
183697
257493
114314
426095
255853
120553
93502
418269
33325
253098
128410
160040
244048
171537
164580
188936
195263
188323
92387
45555
238004
93396
184073
99129
247241
236276
138805
173232
409912
46314
85009
54232
433119
162367
414602
180591
403512
236045
237409
190752
63349
193173
125915
258681
137786
172297
192032
418658
170465
95917
238865
153505
180030
96530
230940
152270
195854
37692
420370
148758
173857
70539
417045
249318
194757
237692
237259
258952
159421
153728
92920
5632
180858
12007
189199
136575
170198
134498
21931
238688
126101
98497
126063
131829
185354
180649
189944
253394
37627
138402
253320
261689
154980
191512
192228
257464
156962
243407
55699
160021
136222
128348
425123
254293
188851
156014
433182
131345
234596
19129
29772
237202
159262
51893
70913
32851
190399
413257
51342
155280
249941
252359
95317
163769
188983
98500
160436
243409
193950
230410
154189
238335
257234
260022
157886
118318
148753
171986
193433
5573
252563
97997
181824
63893
97590
161428
134308
425545
35912
196260
118617
118092
48359
239221
142807
432201
424863
186967
35926
38754
244198
419454
173751
158216
247867
131528
418689
151854
186671
240573
161422
189901
186494
172097
117191
128243
143811
180041
5966
98617
193121
193360
181217
99456
8678
136386
290458
169023
257310
45045
155587
120937
163280
234592
263121
173327
144661
411240
186651
423113
191049
5324
290812
122387
39191
148472
253950
230179
429725
185369
8897
117998
162123
43083
193532
189113
35916
250833
181689
33443
262500
159451
249068
45053
237519
37476
160648
9443
51733
180464
133132
428177
99053
249076
172649
38837
162359
98936
153420
430821
413824
411025
185106
710030
119170
33362
146844
163459
194815
265063
76687
92922
99628
37290
5544
149051
159164
91168
241409
424887
181511
190101
160468
11921
153241
430571
141223
154466
241391
181519
416744
431463
163741
155598
419800
96495
184758
416276
245011
172285
426340
159420
412495
263099
421278
242200
153898
166922
250277
171543
426371
96185
290632
258610
258614
156532
248261
190385
262663
115942
195860
36667
174609
261550
172077
163392
230766
185241
251139
99062
258598
159450
119379
171463
380383
253196
192781
195914
172664
5521
13990
19282
290999
249105
246980
70301
157484
127047
261552
426030
165494
112397
96319
138761
19646
162363
38824
432333
169846
171191
258551
146778
249830
54597
174171
159154
163470
8753
237403
247722
159287
11081
167040
428541
97087
187999
38190
194432
180684
186669
261578
191841
185923
196334
193093
230747
247391
133890
243848
195977
253376
247018
173325
2994
116080
90002
192292
259033
54552
261020
238287
186882
189350
6020
164551
160088
184103
111840
42738
259786
182432
248629
414359
185284
429034
186269
159169
236866
185243
239151
118178
151845
55660
99938
418014
99051
117795
189924
133285
90426
190831
246081
34170
237461
165419
64408
247411
64145
418270
183092
248720
38860
237361
189210
230975
35850
19853
29587
45562
37472
182188
249083
183732
416461
31040
421555
160434
133346
290751
241657
261709
245010
168101
98962
236626
260523
138702
109465
161999
170291
432978
236758
122036
183465
96164
246013
112987
43084
241372
115461
252276
48559
418567
251137
5602
156584
258921
261706
261771
160628
127824
91837
157333
190053
155761
160394
125598
91254
161401
196221
280736
99986
29893
413823
153056
121223
99719
173732
230379
244567
257405
91518
253790
42266
155019
96745
194051
22472
112394
190003
417962
424862
134207
195168
35917
132102
93112
249072
93985
192560
180008
174149
46796
261964
131999
49498
185108
263035
181209
174644
120023
186278
181433
21941
147910
54180
239728
159423
96062
189042
81242
121951
138978
46331
14553
291113
262846
194642
290421
261769
418413
255640
161258
42741
99455
158228
155295
51614
237142
415825
159447
416714
258712
163461
249635
291161
98951
260509
422653
126204
165776
76707
261719
165415
252372
5269
127061
426867
126156
119416
38761
134495
125608
262847
187065
186896
13512
39066
126212
186736
191655
37514
188703
184981
245121
94780
17778
249816
190478
186726
166654
247048
191151
145222
156983
51497
190433
12816
409852
248550
230637
235804
49090
44462
150233
230783
154090
253793
251561
147380
248255
426551
51909
156125
180840
255447
90322
188403
431393
118616
183770
195047
93743
91285
97970
29907
45263
192226
241388
157027
244305
99982
8384
259607
142498
380386
55731
192793
155779
165416
230416
193123
29914
187284
424921
418861
45983
95817
152262
145868
239224
19992
93882
19740
122832
152257
115722
416912
153421
185372
189114
236073
14752
258852
257730
135348
122738
238550
409539
412258
97743
419664
191601
92300
134213
172016
138976
156775
118840
32613
93899
193623
99547
118721
138576
42725
240534
124119
185849
19270
159152
250279
142742
412238
99720
119310
267197
194334
95234
260769
195160
290944
258566
143973
29770
119277
190491
63902
37821
34167
190827
186482
192355
156307
191564
12820
248278
169338
180666
155636
119345
192523
99298
259115
91226
411860
149130
254451
138937
427049
415804
11785
181668
419804
34086
35952
248552
118599
172675
161459
194756
248181
118597
189223
403366
98887
143173
37689
46851
4691
415944
145382
126308
167903
140987
161758
230180
139055
120106
153748
241385
251567
415997
190497
262367
281753
113734
162777
426375
189906
245606
63921
254472
91783
160893
155388
47614
158224
33185
134961
121055
250246
169564
37291
195151
137173
237110
136568
7843
141293
30141
24889
136489
34155
25442
70259
55693
94954
290130
163879
249080
128294
183615
160112
194186
419805
420706
137569
195993
113890
196529
230782
6025
239052
192278
133373
249048
92227
110590
64075
164376
180949
409465
161028
245201
91898
147296
46135
14765
163441
5747
138513
126019
243923
172516
121530
136303
184343
418545
182035
188354
94898
257377
254018
54664
138195
247234
97992
159673
237579
171546
255446
11053
188297
185590
427184
251942
95494
166286
182424
235903
96137
166798
167009
173889
189900
165413
162761
144681
194251
165918
85031
250367
235808
125988
253486
235186
421109
124239
194254
153340
188358
190826
173812
119554
250401
154938
431356
245186
89844
115219
99625
249103
84218
427042
238218
257530
173094
130782
236010
153727
113369
113151
45947
146141
434437
136347
416357
155606
241011
187429
241789
98935
429190
48883
426169
147066
413500
172653
425726
247013
133136
416586
230514
92226
259745
419067
134875
259763
244046
290117
163607
173826
290126
245370
70658
34885
759689
194764
151533
154228
238564
188195
97504
417951
426550
164471
112293
190224
184312
184952
70910
180661
260262
111838
421289
99057
173095
95623
161407
89841
144831
109464
245655
14784
172692
125898
245025
415696
155993
187927
260775
190468
126260
185140
264699
425873
98948
241790
73677
51895
254068
238948
193473
250623
291311
194766
422083
185370
34980
42970
173591
185003
147389
125323
45591
259622
193620
260134
95320
185116
162352
185097
281758
189120
134523
259238
188159
112338
162220
92986
245747
194771
434438
186456
235901
141711
135030
185542
422523
186668
257380
22460
235899
188641
248237
163276
156528
192884
14683
259408
165774
4640
192035
48879
153511
150759
252699
193113
107007
165061
159286
145282
417703
237809
429181
70521
38858
134310
423773
29671
119485
117204
261622
109460
183600
149265
291264
236004
172162
415064
181220
32324
159288
143359
96145
191568
241115
122297
238219
155621
117407
189807
154459
434093
33401
91261
258568
182039
429313
252010
230011
153974
230049
89964
163850
250806
257630
241475
258548
152263
236008
194466
430133
428744
153967
166791
180086
196474
141313
163698
133284
162287
230462
230348
230174
188798
55831
239725
107083
250535
186708
97782
415518
152038
428738
124233
194065
132425
105989
189017
117533
248807
251565
428098
5580
243542
144508
123348
37585
169983
144509
157544
173792
246000
180579
166136
119364
5530
189203
4639
32274
17803
9145
122290
187731
410838
184585
46286
238153
258937
54595
243616
230277
420139
156002
144756
250837
248621
159428
31501
12171
290810
185591
257465
22819
261685
191694
180658
97905
180687
54681
258470
138193
237929
94783
121149
162145
95413
138092
429189
38850
429876
422652
190928
249723
153425
5558
259003
196333
291483
427095
133439
434419
170150
163355
191112
163913
159658
122959
119382
266645
43008
245033
120554
187836
159395
123353
123154
47288
189794
243838
182528
426509
185094
192033
258853
19356
431964
118412
261688
166836
70801
70260
239244
260132
254050
150808
180683
421273
155443
164231
181232
136577
158863
143928
172676
158212
193100
172674
134646
35821
173392
51812
189903
290860
230583
94953
135345
412508
262621
186539
260508
241869
133690
98950
110041
418266
160435
193676
161648
426097
152221
237378
182001
112498
189792
132223
185524
101764
98897
99630
121103
247721
38966
172701
417251
4663
25445
239452
45052
418685
164449
192595
189383
291132
174574
48560
429178
156986
91049
237694
32612
151890
51808
97551
158195
118625
49124
165418
180839
45042
159699
136571
99533
154455
192109
193789
119323
243958
138973
280998
59928
245353
431354
138558
123157
35853
163148
258613
173184
159659
110083
416911
151639
18516
142166
167641
195484
58933
417701
181301
93260
126169
186819
161574
235939
189212
230380
250625
156576
117196
239397
143291
238996
291139
180652
117418
163774
257529
193179
115220
134513
162361
125989
411239
237163
186275
194158
63919
117648
148051
148768
152816
143273
36666
194257
430564
414343
250276
121155
230414
262997
186276
183881
32840
158567
186598
157534
5962
160031
19831
257636
38832
5646
35025
172643
420509
180026
418686
134671
147229
234594
422797
70622
119337
152211
264721
245869
154250
165409
184082
186540
183812
184729
111969
185539
259767
252940
137409
246972
90666
426861
113914
184447
252394
281674
181682
191146
419479
51806
164683
172635
194377
92390
189202
118007
29586
92793
182769
5557
151548
131078
37626
33388
185391
416996
10697
194417
182043
117194
193503
258258
237805
173054
240128
5610
253773
196149
159874
92034
196237
124277
183686
54707
259912
150094
149278
260525
250622
193647
425441
21933
94424
93252
184696
291282
142801
94902
105141
127153
154941
160647
422858
181207
180458
189923
25895
64590
160008
7941
238891
883
420824
195971
170675
291639
97554
254214
109375
230415
428745
59920
128229
98498
133135
97533
97898
413696
419212
155370
37529
252595
257709
426376
158585
173237
117719
193434
425681
169936
238303
41782
257383
195407
141510
419774
247523
25291
155620
187730
257166
189922
142164
136241
51813
169415
147065
261558
192340
257217
163271
290287
42971
192275
160498
154468
239359
237113
181701
171117
119363
416989
36772
183612
146375
119267
166792
188099
415889
125987
70901
117859
391172
185358
195532
51731
172718
235988
419740
416908
64077
280735
172658
185710
172303
182531
98898
248624
182079
189943
189207
96172
21934
239781
251564
239240
263106
258515
238544
255576
420818
98284
186455
258370
160371
45043
19975
251068
120144
99340
414360
103758
117416
159583
51587
11042
63923
251023
431027
193931
131344
280553
147823
187404
290127
151696
13418
51807
193353
138951
150314
230226
258910
241842
155122
122000
37655
136280
121227
182891
172012
431965
93256
168444
138698
138817
171478
181226
172640
256603
131152
96522
188754
182920
188407
167669
98664
261575
193031
95930
138707
55663
48704
246193
291026
95322
25066
117621
162957
172735
250210
5648
92547
8378
180948
432200
111083
131529
193861
35032
188827
168097
159044
158568
230252
41694
128079
147444
155637
191842
150234
186664
249821
258102
86501
109389
51340
237808
32315
51470
281066
155123
55229
254003
191542
120109
156092
433384
186258
262095
413496
180029
259624
421628
94871
115567
254045
180162
413503
238304
113337
167032
24936
193867
235285
258711
432353
195247
97479
188442
191570
419807
93391
195845
264138
244299
145307
96501
113509
182919
111841
145713
237930
94922
180173
113001
191565
415337
25064
760317
6639
169024
189951
184330
35914
239664
187621
154384
17804
156308
121195
166206
236046
121250
158870
120275
90722
146599
29920
230315
412639
8727
101279
419227
126070
417739
189891
186217
249419
423442
55483
160448
258534
188372
239652
137618
47419
165980
250797
421826
252608
144678
13888
290387
143485
98881
14679
115991
8675
5540
248139
138700
54917
98975
240903
152457
152210
243413
248804
138562
64290
161852
414365
254024
258103
19131
254181
261022
261357
8655
249129
158230
51596
118280
138682
291285
118399
49860
280418
95603
420475
131974
170668
173109
172708
430979
48882
182036
411756
290746
252951
90449
47776
155278
123355
156295
190540
189908
187860
246311
11731
192955
173200
8820
29709
19745
246400
150198
239061
255854
121228
159769
713
13513
239712
759461
190825
413809
249169
160865
160007
155585
183112
109556
290808
98895
260777
91838
230420
192791
124121
237963
181398
257745
253912
414364
117882
248171
191132
253319
139060
418456
157139
48332
91823
423608
118277
160036
42322
258113
156353
380390
236005
147373
249066
173169
241849
99980
240929
163424
138925
247520
12818
239438
260494
12817
127952
142743
127661
54181
236625
162225
186735
237766
111081
169456
194243
188622
237859
97943
195166
174527
236867
254007
150806
187822
159446
160888
249996
58913
290120
424496
38982
236013
130015
193500
185179
415225
134217
290978
186580
258808
419527
181691
183222
140989
144786
194770
189797
