173066
165494
162959
172642
123078
420192
240954
153725
258849
250183
250252
116134
429878
45946
133764
123459
136353
257579
421278
144599
419528
165702
163388
240665
433337
252862
238817
245294
291026
259363
94759
31760
264192
257164
253029
93819
290939
415604
36943
391475
415563
181659
187928
253485
194466
146063
46105
70170
238382
261926
96501
192183
156617
235801
246400
414360
125325
249065
5590
257315
237087
90711
183467
230505
426543
186250
431957
191652
258610
144673
157368
260866
127952
160415
188360
184086
187996
38872
17081
430681
171678
126074
36940
93900
147525
166655
424583
189461
152559
189210
429178
241154
164407
122038
155224
93871
430564
5651
258550
33470
138703
95877
246970
145097
169983
257764
413174
260528
237150
134370
248230
260136
145272
186272
33477
110040
267278
423131
433221
188641
156407
412045
116076
143413
168426
11642
17633
237849
180925
249177
171478
181689
180448
189221
157863
246217
90988
161644
189891
29908
418456
169755
159238
193434
51470
183769
124229
415028
29771
32874
250792
76701
144786
247092
152797
95609
174151
290007
196335
91690
241006
248945
124246
95615
420823
258236
247395
32237
249079
236625
251026
107251
137236
409539
123154
195418
156064
230252
258177
165423
193508
414355
96316
252391
185539
144509
98798
155906
54595
168100
127544
188447
415888
423940
192034
167705
91078
251842
125981
39060
168442
190769
99047
121225
236045
5598
125744
241481
16100
45587
51391
238888
99926
184977
248546
240476
70348
246731
93771
190176
172697
152786
174139
174197
37694
162886
119008
131549
84229
191576
291283
236626
49090
160390
155229
90384
257525
230262
193624
145360
238552
429875
110318
260390
172652
43008
11792
94779
430132
242122
153125
230560
249103
167738
162402
130645
45266
138978
120079
154775
421271
248050
165062
195821
130643
144980
127639
173325
172024
245031
189120
194768
188802
421210
235938
190331
5562
244042
126221
181217
99053
166287
47650
190330
230436
263021
54777
421066
38981
260700
247029
259751
93383
183043
19530
115813
245174
190057
7392
259665
120554
12707
247302
188162
429190
264722
91784
254201
97069
154680
255640
32873
258848
166111
162266
255719
137256
157750
145308
174446
117429
422397
230462
183697
194878
96111
195256
417519
85037
248658
14928
230432
258275
5536
180193
261864
173327
29913
421290
183616
137958
185476
195169
185326
136303
246311
423646
174147
99622
117791
173818
136798
252213
248740
260721
290014
230431
41694
260801
420139
240107
258723
428956
164583
426862
248560
170227
165728
51725
97936
257688
181515
290130
191844
35843
267273
280374
64213
148718
169035
243929
154716
238335
8536
391189
196473
148490
51694
132637
115737
248628
230218
136671
181154
144913
14954
146599
123151
163276
45267
143275
95528
250840
195267
118404
173189
190747
118597
262244
34773
10624
29712
188161
91468
192175
46312
237693
181227
245355
187783
245867
114309
11794
174612
267270
418007
159731
192008
8753
145345
188964
134645
251135
118507
413109
184313
243848
189931
417517
230130
121950
244041
262840
37604
166922
180982
255643
96174
51586
243957
90663
98494
119366
247723
248723
162229
409832
185201
192784
160863
119267
130075
152220
426112
154412
34001
257331
192857
181509
36773
412238
415886
90637
38942
432978
244279
171498
259907
90702
258911
94392
172302
160387
260871
153333
148779
252936
432333
240166
196529
261220
184076
415889
421376
164810
183588
160371
49859
95459
154252
380390
267194
107481
131343
246355
14763
156002
416405
247500
184444
237909
145344
245732
146103
172377
121195
409848
419048
173684
32270
155215
194753
121049
413193
189919
182069
434090
433122
119538
123825
140987
169984
250907
254069
124887
159444
148688
70345
93961
247975
55663
99721
266257
185373
19766
421917
188095
169619
147188
150239
147490
195172
149216
89840
38761
155827
118178
92301
160647
188100
163722
259976
119274
249021
6521
90134
122930
147499
182830
153871
184235
174610
155562
138625
44284
142007
257174
120083
45046
38628
164582
260631
181679
427685
166651
158227
149086
191696
421287
163271
70660
230414
237065
33355
420131
172647
253193
104645
194379
122295
259348
190178
258692
184696
141710
415696
125403
434438
139049
162761
192523
159651
134084
98473
37472
122937
109375
186806
181839
237947
230408
181043
122739
107092
5537
164759
92394
421555
180672
191132
251488
260772
92211
193362
155586
123155
149150
417905
90713
250839
241393
93985
5967
31417
51343
411859
171535
256319
111732
125407
417382
180645
253950
145310
156426
149126
156982
99110
35872
63920
145186
32846
167684
244010
66908
194433
249140
416631
254166
246042
417516
154481
157351
241410
426588
236638
172659
426865
97072
156464
155368
45591
117580
156528
113366
237143
147291
98886
182079
99478
185187
153872
120275
257396
163306
245173
93252
116221
91708
246965
151853
248796
290364
257386
261706
235903
32599
132420
258476
165452
155539
126217
99306
12849
70661
253009
239048
173819
38852
247014
411062
258908
247295
160505
189060
16078
258273
153461
180942
90506
48332
280999
143700
127829
258952
93636
51587
174635
238907
191653
48876
230224
164830
51419
138804
134372
112461
45747
98881
172698
238374
145275
149175
91076
194964
188307
237377
196472
144981
187621
163397
17802
253952
155606
291562
193527
11634
237946
46988
169934
148778
118775
158863
257042
172646
173673
183086
172629
244027
157417
257161
95697
416815
173185
85035
117195
32230
184973
151854
98220
19970
127661
96735
158225
262554
158104
142248
6025
8752
174150
159136
96496
163146
258146
192361
230382
240668
189905
63903
172651
160038
253768
291192
186306
146790
281498
107098
168141
5529
258565
280609
412048
421288
415486
131605
418967
44429
126100
417048
139297
14776
138937
153025
181691
99722
181698
253321
173103
32840
186860
93628
173798
253937
185693
126069
238725
172571
169545
186729
150458
432198
241392
124232
32274
189911
230345
159165
253910
190689
155230
158230
94954
169456
29668
22451
146105
137231
132728
185196
239184
290367
291109
81716
713
172059
94457
17667
195152
230362
259667
186871
415606
236266
258450
42364
159150
49874
239290
281412
423582
412375
118841
127494
6048
253771
230569
262941
76692
96000
251561
57988
13968
126087
182041
34154
247237
118495
190636
25859
291260
259381
89942
137879
32233
429512
118599
249089
237710
246958
146844
291286
433232
291432
51390
183107
168467
33414
422396
99073
158998
251318
161578
123354
258838
167903
249076
186973
181655
33686
428541
124572
97943
427686
195344
93588
134106
93844
185111
246824
172378
117522
93983
54235
261043
48698
261057
120108
257316
137477
186171
191510
39066
137481
171484
51681
191558
414559
195923
70081
54594
164586
157317
120575
180740
430928
165900
181209
186252
239593
120146
37655
115463
33182
124890
380295
186220
291470
94088
422137
291161
18587
259297
6065
413500
138363
257728
258187
291630
85036
421286
166990
417372
99456
190061
172672
418268
188357
155540
185097
260198
186477
248167
190056
101655
173503
181220
120972
235804
91170
91465
245362
247411
186535
195594
167256
117876
35821
290860
182767
241658
247799
109465
165063
264526
248891
230535
429761
237927
154517
249809
182532
17712
94922
186734
245687
185101
159163
134308
138558
240328
246097
148741
380228
192211
32337
181228
31438
250910
113004
38750
253197
413391
251827
143812
185204
37822
194138
261710
196475
19281
194772
258113
250624
290628
180680
418490
162146
172667
187429
5649
183700
99983
431355
37603
156500
186307
17800
187999
21476
421824
241405
180841
158487
8819
8625
18231
262351
34140
157003
140546
194311
250797
190058
181216
36715
124235
141699
249425
253367
121222
117661
185109
169231
126193
252011
417678
250837
418947
182558
137480
137836
185590
155600
94783
164377
13326
195160
168361
245308
235937
162593
142246
142198
163391
249048
113504
290387
257311
248807
250794
156774
173791
11511
260511
419070
158157
168053
59197
429405
169417
63890
161877
147388
245335
192793
141317
47419
421470
190536
259801
236072
191111
137173
36695
8822
11555
182035
136037
167120
258518
257840
162039
124525
252700
91337
181744
419334
55070
151546
425681
29762
253869
290748
418862
291577
37506
150234
8669
192987
160446
117530
31416
234595
249157
43117
290039
262348
163469
150344
117894
150806
264215
149033
431388
170668
237712
237752
290629
170261
120346
109793
168855
154066
91692
169095
172367
241389
262050
33169
238550
423423
134203
94953
171030
425581
260508
174545
429310
163771
193360
183634
33232
121165
29681
167116
113914
189384
166349
193681
416463
257175
190474
121970
156978
164551
261570
164641
247331
189006
230516
161339
107598
259270
182468
187727
144943
251025
143988
95319
234594
245030
33304
96103
118626
38749
116234
142495
166677
196180
249082
262841
8726
52072
195064
244299
171191
156576
151638
236011
118851
180652
73708
261945
93428
428533
153351
141709
183842
22936
33323
432041
422341
183590
6074
51301
4658
195845
411505
190177
118011
153976
163913
93402
250657
417324
107088
145309
291258
93255
125747
173452
239712
157184
167318
92577
37500
134497
11263
146600
98953
261221
243376
259211
159233
251505
96319
245360
147212
17632
160014
254295
186782
45739
416989
94924
8296
132000
55456
167952
243382
432208
149099
413823
262656
165932
148742
189058
243409
258596
191849
188101
291149
155779
230549
115720
97014
173606
193511
128292
193109
34294
96574
190435
155916
159104
181241
182567
5304
193503
290118
4849
117811
252326
168104
183111
237281
248545
115521
230944
51692
195828
161357
187219
193789
126018
237404
99719
33695
194374
70814
98796
134647
27605
419739
91704
429472
148402
19636
430187
245025
25066
73674
136071
7941
180975
140988
433313
163677
161258
161855
118618
136207
193098
241372
237805
193866
152215
290027
253264
181522
96772
249822
54918
145183
10672
122663
416321
415051
138089
237928
32497
145185
164699
29671
236624
189202
230378
162007
21930
37509
165898
95413
85038
259436
96166
267202
186926
257389
118828
51614
115520
63922
17243
418267
162228
156960
109468
181218
413129
48331
423919
190827
260472
125146
424184
264522
415342
180742
258842
151587
429309
147395
418735
419740
417518
430977
171474
119416
186732
423422
159732
169341
168424
172284
421818
5974
237408
253424
155394
34761
97097
55728
125323
250908
254293
35032
230216
290128
121972
122931
23497
244046
248179
173229
419774
158372
120555
150314
141035
250279
114312
416420
18413
238372
258551
2994
252425
182044
192451
163484
117859
39031
247532
5557
36636
250184
257527
126084
31478
106924
126101
246262
161430
38733
412780
253365
245291
45746
47593
190496
248262
419227
152655
193863
128177
147389
5544
238858
4662
191109
117619
163927
133111
95496
137619
55714
98547
125991
141221
150759
136200
32232
19993
421488
165036
111347
34964
160195
254018
432121
187223
180737
124886
92922
433182
192011
261604
170674
92034
411025
260526
29673
138761
160928
188093
14793
290622
18843
418413
168005
145838
22991
260282
98618
252949
230225
180591
427870
186478
188643
38716
92224
250796
230973
39036
158216
99290
230419
117534
113922
192560
243656
425844
411860
191556
186594
131936
118015
415498
172685
259383
152662
120478
185185
257222
159874
168704
32035
131608
38764
193089
116235
94997
160443
191511
173392
234596
793
416709
249330
189208
415030
172305
434092
156534
63917
230762
5550
262601
163770
252424
146061
415303
259161
255579
260493
260310
136495
116531
252538
291252
238873
182970
47541
181044
243644
19678
196260
261867
290456
189918
252394
119361
92387
135104
162400
120576
193853
184166
248804
145377
185711
185901
419479
150238
193402
115718
99457
162760
248806
55872
136386
262624
193407
113509
195266
259209
260509
190092
99723
153208
153721
95608
91339
19759
257467
182920
149271
239782
167319
143967
46331
186326
19282
263103
119485
145298
146596
238806
171539
422574
181315
125917
112057
98960
257408
194773
41719
425443
182769
152463
172183
183770
230379
112391
156979
56199
230248
290132
194742
8422
124344
147739
112172
194520
159592
9172
32336
248720
417380
122934
259108
157907
261319
246211
95687
187289
174553
180640
95996
185354
432538
35917
266688
95035
195807
159694
242111
759688
90447
4682
64590
186659
152346
153348
241850
418738
183732
59749
251565
171110
252087
259956
154459
248150
193512
429192
123147
45734
47488
183222
247093
245541
189212
419734
259349
34152
143869
235839
99621
111839
258771
189800
252865
126064
419454
134311
14615
183749
98496
8655
193408
33426
99620
170775
239118
173200
195399
258681
18578
259951
261569
149005
167582
195971
413988
409960
156353
237411
418567
138693
172802
247543
188372
237361
172077
164633
188729
63896
32564
193150
95820
174445
94964
194649
417501
125967
188411
183332
168998
237318
158231
37291
187224
430593
127154
257378
47587
187615
109376
250401
246738
414371
42718
136497
122932
91819
193228
132222
167893
123110
425843
119327
249811
252933
188790
183614
190224
194754
155335
194750
136569
117813
241365
291268
193122
153274
418687
185146
162777
138683
128079
184317
157139
426097
170666
246013
258809
166226
125743
426370
172160
173330
182922
238898
152347
180670
114245
107090
192017
180579
433457
124043
258555
126215
420818
172306
415707
263092
92216
241475
94341
154060
183221
64218
120663
236003
90665
259401
173765
118625
414536
171483
413734
259392
247951
421817
112293
39059
411862
182618
8751
252362
89939
247033
182466
165918
5615
419610
159395
433136
92393
173094
260523
257313
249085
126208
151537
8537
252595
416995
417939
258110
291459
51497
183811
152798
159730
115716
171118
95900
19966
160999
428519
241391
235942
37482
426869
425444
93690
230783
14789
186305
160115
138812
111098
160032
167892
172682
174554
117197
190048
429313
14795
55480
259385
257385
5580
186663
96137
257528
180370
164445
433626
42766
262261
258557
164232
250806
241123
185927
33229
188705
418502
238881
117785
125969
189873
185359
4816
291301
99164
159652
409647
93823
250283
92222
85064
95956
89943
418688
154058
138727
37543
259364
34120
243922
59765
141681
19270
165064
254049
96521
252677
118553
189908
261846
57271
143039
243726
48333
170784
144668
418908
170322
240958
190348
193164
253271
423736
172801
245032
170868
246500
195794
136489
126050
240929
174270
193623
424860
138951
7843
138847
132732
34775
42734
52076
171597
14667
138131
158219
11650
49860
152455
118741
193532
163280
154756
173095
154914
237297
190482
161353
121055
113740
261943
238723
162196
180037
416909
423920
38202
248353
160887
110042
128347
238304
124998
157016
240199
192725
51785
188623
241404
109556
6319
165931
172707
8620
29903
190104
263034
245866
257866
111100
90427
290287
152887
230178
153225
145149
190091
431358
432209
290121
138561
7391
126260
145254
91528
428908
193528
195047
90648
157669
118621
419529
262847
138930
190000
258903
112309
156065
290327
290124
195191
241847
98950
191542
432256
32298
236083
189350
120023
165933
93886
127980
418016
27606
186863
433078
153345
163565
413503
185139
257158
230636
188835
117548
51895
186593
91471
117551
196114
127738
415714
237857
230375
153053
96233
191557
42971
54605
190225
160030
428028
95318
156581
429879
117324
184085
185094
153039
97782
427985
42738
194162
267403
33297
156092
47776
49598
112390
248278
291573
230779
86501
14854
417704
237612
70911
117784
261862
115740
190329
55226
141256
188164
159854
94870
149148
98501
29685
170155
43858
37541
251478
426870
17711
162360
5526
194981
186710
91082
54226
181693
260865
94993
93906
37484
144135
169338
252273
422044
290882
238222
12818
127068
409849
145343
98782
171485
427597
14777
5671
153973
195124
93475
33337
170670
253764
166797
159650
429495
141223
258064
413034
426552
139063
254212
194381
93813
422858
162727
173823
138389
252186
119321
196221
247533
126214
136503
261855
124995
131974
38999
250820
165417
258271
113337
264759
158196
195164
120970
171115
33186
152250
194251
431972
97940
190837
188880
126209
136224
192019
247328
157678
421820
37514
97941
195989
257526
5521
121517
188445
7220
291614
258656
163679
181469
419209
189220
180655
70807
17707
253855
291325
248574
166346
245084
193113
163879
38771
188443
191019
192858
170908
106935
260690
184234
192581
170161
246999
153465
94999
186954
77259
230975
194186
195197
42972
194635
262997
6006
149272
260521
193625
22459
194389
147296
172645
55727
64415
127852
191847
128409
111971
258709
5610
241390
70521
185245
291561
173169
49846
171541
126204
190925
242200
190003
47293
117183
247868
253675
162102
174471
180577
85237
96318
163392
155030
431390
171598
170329
187498
259912
160173
184084
154073
5965
90425
118399
181521
117199
261964
5574
162363
180858
185115
171472
243615
93803
237175
159265
125345
424920
172517
163441
290041
118721
126085
259074
141881
157781
258556
124122
186778
48883
230255
264139
172209
172091
185370
247332
35929
280304
153462
185274
90607
96170
47490
249101
190054
160015
193868
151533
261766
173181
411976
149168
126212
141255
138681
189943
112264
230280
431021
249160
161431
36719
162576
238745
132219
8384
41073
134882
126065
155111
760317
169558
139050
426338
159046
415803
37542
187836
418686
70525
146133
246051
96498
27177
126205
243915
425694
184162
180460
237146
122044
182663
155666
171108
119368
92547
99980
137413
137732
194979
174444
97613
86019
180647
33175
196530
184585
160022
168469
145954
152253
136504
409903
66931
416912
194384
410992
238218
146134
251347
14798
251942
169751
423147
427232
107082
237929
151557
101870
96969
414364
191151
180863
184231
8851
191322
97998
189018
415804
165451
237199
261571
173828
262766
252166
193093
251506
169482
99758
164834
91294
5152
89906
137409
180741
419805
183224
192554
155637
257388
11655
185202
185285
262715
54868
237145
119364
155907
184273
259002
173607
117550
190480
36662
125582
291287
230217
412258
24936
118848
147421
168255
160389
125410
189043
151843
63904
10697
247047
290749
422859
246499
240573
143476
167905
417038
168360
126051
33325
247583
149052
33469
91239
54234
261098
253023
239049
99914
51819
186484
186669
127713
99563
111348
99987
192792
122297
36358
18514
184217
168342
421822
421270
428427
118763
426376
264711
235285
243404
192789
252249
134958
96773
230340
165453
140984
244199
44441
5552
55736
96955
143881
167639
151538
230121
109418
191119
161702
150445
36935
159663
236260
186527
251600
9145
11640
118334
182924
248115
427389
95804
152563
128016
120021
252791
160707
162101
19144
25067
4661
47543
145282
185542
145890
159045
253376
194342
37691
239716
161338
157679
409853
13513
236333
256677
433818
411923
12848
147356
146121
195975
33168
252275
192015
94998
246739
260687
281455
95930
134496
107081
425725
153724
190045
172076
261136
243384
189970
291281
36354
134256
158218
93743
184013
151734
236864
409716
168706
160645
153968
144944
99984
192592
413698
290125
64077
239580
415567
146067
125406
182771
113349
166231
119369
243643
247241
119331
759691
171546
249991
230214
153727
184597
421988
193619
183465
76707
168358
160016
249996
122804
43095
243923
19740
165411
189961
230941
181668
5533
136077
94899
91822
236863
186651
42261
251658
411307
253776
254301
152217
191577
138726
163197
426758
93826
185138
101867
94960
158229
250764
132424
430364
118788
29881
246410
127979
249100
252565
191467
18509
145307
118545
172281
122292
186455
422476
180755
193193
32364
90618
121819
415225
123359
8639
252360
90050
161342
5269
260100
183106
105141
145189
117887
162781
416655
172762
19131
240164
168256
139312
124973
155741
416908
187851
90323
417040
91053
117525
180657
247235
237579
12974
249831
171473
19744
163862
90019
258902
173821
418488
259159
186776
126089
134031
63900
244194
409928
138971
91675
118535
113297
426094
261688
168856
89948
250832
180676
187613
32605
249004
240404
6040
156309
165897
46841
51790
181398
257934
142741
29906
428744
150092
181301
145382
417453
195824
12510
124896
172025
415950
119445
242113
425202
430466
147393
9150
160945
185247
432040
97937
55478
63895
122304
101869
190742
181841
430575
185096
188491
146114
123144
137234
161764
11087
35952
99982
136048
173752
190748
180162
262999
38625
128421
161002
418501
414342
195417
290829
29917
191509
166241
142744
31467
410925
192885
95402
19646
4796
191563
185136
190746
241563
249998
432257
419228
171242
238948
413297
184103
135072
431352
413495
115221
150464
64203
193680
189887
165719
138211
260688
107222
290913
5968
249229
159157
170148
141318
56233
153260
252043
182328
113153
172301
155302
98025
144818
259623
93773
11265
48561
191551
155742
11917
93820
194422
257867
122306
415246
169380
244303
252514
192109
193969
55693
117795
131579
35031
147662
290280
120556
93883
193737
255825
143886
429205
248551
230049
244240
259749
49253
18516
245811
51264
36313
192957
127994
90664
433338
22452
189349
121052
125742
91705
38755
239223
194196
260133
48382
243823
156184
261769
181229
117814
194260
266645
418266
51893
54229
259742
171532
260777
112399
253948
169754
157533
11050
94391
122041
32499
196176
62626
159693
160289
183108
107084
161561
153349
171565
38853
117648
51815
245793
188788
235854
73671
257687
51596
29674
759689
145289
249003
121145
172084
185137
189369
96936
90649
153716
170291
159654
134309
250909
167972
167993
195150
145302
253267
244149
409852
258109
18747
91241
195484
117881
162731
110134
37478
153974
136507
121228
186783
195987
151535
11254
168343
167642
99064
246964
158210
174289
266726
172632
133714
258242
192783
190744
250846
424151
188752
258748
135187
196328
147658
48879
160967
131347
249086
254451
134713
70082
759639
252088
139193
245336
193371
237495
45269
124790
236061
36697
96195
55223
254068
138802
180646
193166
380388
247017
143989
186525
195270
154790
239718
90007
37579
249424
249310
164169
413539
161987
37586
96235
230945
261560
236268
36700
249069
261870
157400
127981
130173
110317
163373
187476
38965
97206
249320
130794
138974
98977
710067
98497
37585
250280
182976
131358
235743
262587
11517
70083
135186
182184
163485
153246
259001
427115
172635
172679
391174
417940
416915
230411
884
194375
57740
192210
113912
157668
93824
115220
136073
195247
153242
181682
147426
263022
161503
194739
182554
45277
759637
110311
290750
192350
182306
149128
426030
230585
147220
258549
230277
172382
154759
33687
161573
183225
248794
156420
258935
36711
37698
258938
258111
45562
240037
5528
144319
403366
97779
118624
99630
193993
54707
159673
128296
155605
145119
250163
157671
54878
161459
184077
159156
192955
161853
416174
138132
163281
92963
118551
110020
153686
259762
138402
131886
230637
157313
165408
191512
239289
154467
195261
291127
161560
190831
167159
32610
130387
191465
143274
250368
180029
133344
5204
240749
194405
430974
144831
244206
47288
247873
51808
259167
237115
35928
251564
173672
161428
118846
152259
120571
416910
159170
267203
252278
157677
189532
195394
133282
291282
47589
159733
142335
105828
34948
230132
54596
139064
252086
145256
27175
194515
109467
260686
138799
153717
119377
142220
48559
118724
146066
90617
161427
415027
93393
261577
148367
252089
251940
163396
193090
184117
259824
245154
37507
243948
25858
171116
230586
120551
91261
159169
159645
245085
133286
34155
253912
14728
250626
188125
230766
290986
161352
165410
429725
34127
125745
51810
193170
45740
184072
112455
132577
38841
35531
426404
290990
117190
127824
759450
191842
416920
143291
117088
170675
159853
253778
119313
148767
183841
237519
252426
186667
36743
190691
159291
259033
126317
186882
429876
166791
157052
167040
173535
246226
63919
136571
419803
426860
192575
17489
89940
187670
141581
247015
119325
19992
159646
193861
144672
189113
181736
171120
187263
185233
409833
257309
29687
113918
169419
17778
182314
239220
165774
152035
160126
259408
253877
239244
151621
152221
51620
37570
98884
26314
31806
421959
185604
427784
135071
51621
147424
190103
93822
147552
137411
290992
428540
248260
172093
126017
121149
433384
412043
246887
249228
48900
148208
34984
120565
183873
164624
160442
168889
194224
14778
97898
132223
70238
411476
250284
152260
117756
248620
249818
13417
37475
174613
194764
8849
150093
236065
166836
118596
93938
167995
416986
151826
163607
38979
146122
168137
191330
159852
33313
261493
170748
137847
194432
252940
92973
192353
258773
136832
136394
168098
165421
421477
36771
263091
262134
8610
151694
243499
180988
122384
159149
127960
161856
166792
412839
8897
162654
32324
163772
14750
156016
154463
73717
434419
185099
36745
238805
48957
290005
247051
127828
38873
194344
413825
230118
249821
253773
171731
429306
883
11657
189795
158101
57768
247546
118506
145383
425442
430976
125915
174015
257375
144166
254057
29588
253332
160160
159448
122963
250400
189927
160646
188640
138746
143772
380356
248928
250838
160927
92196
33324
430604
145292
180691
147443
157560
182566
128228
146456
5645
241409
416998
118416
70260
247640
125267
98795
22992
48882
117719
249814
190634
252324
172283
260530
170867
168749
116120
230227
185929
186864
153527
291222
101696
420824
163671
432203
291284
235855
246729
154062
159602
126174
166347
254261
417696
164481
290845
243616
165776
169037
51734
96939
62817
259346
154089
380384
238046
194064
38216
290706
164831
243381
415997
413390
37529
192365
260241
160017
195268
96765
409467
29586
163279
160026
118860
112257
101283
5614
156577
416742
184954
247409
188303
247541
409715
51598
245785
415518
391187
195346
409929
183330
194976
63916
63897
92612
13887
92214
32272
237862
46110
159656
146033
144508
258299
419625
117758
194738
116407
180277
251825
167997
99627
120939
11649
161323
188148
412639
162729
154525
262092
159105
137410
412159
235859
125259
422804
47592
280997
160161
113001
21884
81950
142742
160966
145297
162359
126052
261621
169936
194065
166230
112165
152460
117186
122935
158537
94520
433119
143192
186670
193530
252012
280996
155576
246357
262998
48347
759643
18511
152785
92227
156008
195757
51600
418096
187881
134374
421283
190433
14989
247531
19688
253774
145286
261564
254045
70087
55664
250640
259666
230140
258751
415957
180121
7788
149217
261718
759445
188737
5209
238900
37625
190540
156308
41028
194498
17666
153099
184169
238367
253237
64069
54681
98024
159264
257486
180664
91254
160893
431968
155546
188799
186807
33165
418745
186661
409993
258843
165664
138467
249636
180867
237860
189530
33478
118333
55294
32008
250275
119219
12010
138774
150097
143973
196118
111838
281754
37477
168860
191650
117410
117532
35938
260927
128080
5525
247190
144830
33358
173352
248884
156357
145311
37125
426371
172015
262996
412998
38753
5229
189045
164996
243500
194736
260150
173768
422884
427957
257376
93347
139311
119444
125944
118785
169877
34389
11786
257116
251383
126091
117669
156067
235807
37650
19204
162165
34197
172675
122198
160498
164636
161577
183033
188727
422796
194775
153347
172516
119385
144826
132722
143040
261684
162890
116391
238909
91293
94424
257405
169343
94518
252989
10738
38961
159103
181223
118277
418271
163355
94958
188984
160007
426167
138654
118307
182923
418008
191559
36691
103738
196218
96181
247950
248554
188706
416406
160657
155447
130916
237967
249091
152397
235841
34825
28431
195535
156532
136300
152661
59881
138831
238373
241387
258477
152816
64290
193107
90439
5549
432113
258503
168633
147428
98218
11641
262670
160028
117192
230940
181314
237405
93396
189928
191146
193510
117883
185368
160194
168257
120022
19133
433594
89964
429501
166155
159292
171543
247505
194974
128237
44474
247580
190491
194926
291574
25980
161424
38748
245806
145222
137849
95602
191325
143990
172303
96958
144406
5559
196181
54178
36680
189125
93630
132425
138696
169342
138196
10625
257489
29912
60458
174189
54877
115991
415487
253766
76685
159908
246385
114313
252015
192035
5588
170907
14727
263032
250836
262085
7789
126090
416358
187066
51736
264486
172695
131074
237283
160925
154457
254302
425546
250621
192176
147496
291111
151733
143972
180637
261547
126308
169728
185864
190493
181470
188794
186481
11643
172656
238502
5299
126037
249827
182001
70794
431389
188405
159198
51809
181665
380482
188368
173703
125324
96059
196332
98965
47822
289991
92249
134168
24580
180535
291028
143887
116091
37491
186726
152784
143974
434617
193506
248272
193176
159794
147231
239282
262058
173729
89933
64211
258710
281751
380383
47614
168705
173186
94454
29746
160281
155558
417691
236032
5652
171117
162364
259820
97015
427050
260515
131349
172278
186581
267199
244077
154468
187800
14883
149165
54232
112397
97073
188047
254213
97777
257746
188736
257766
280879
153672
185116
159153
154250
126304
70089
280825
258614
159168
160469
99909
95379
426373
166832
153251
160318
252009
172639
33221
35926
95403
253790
169987
421285
121966
189846
91085
134167
290984
258619
154461
37544
240021
125916
187413
119382
144661
35541
181745
113357
417702
162191
195990
8297
70347
235989
195243
93261
423107
430576
166654
76104
248809
248097
249129
187422
259704
260492
120106
5585
55743
99512
195262
147232
260245
185371
194748
5555
248805
153614
143810
70536
291353
125907
36678
241789
112392
183220
291132
412376
194752
237177
246219
415248
167685
162393
246966
36710
161359
116653
426861
280322
253782
261860
182693
259788
133430
64066
154936
240907
159659
240531
261559
38855
162223
190745
94890
188792
181849
121053
420193
120081
186052
193950
138193
161395
19622
141395
5530
251869
156366
125988
120145
163440
423177
171448
262285
159630
415882
189123
138595
189930
171538
46828
165683
416710
250277
125977
127044
94422
235184
190986
165873
127430
126076
391186
160112
419799
119446
37659
167971
136226
192781
152210
195404
148399
173232
157836
155321
249911
166507
186713
431969
64144
5964
182766
98935
414358
230254
11651
42202
22970
55949
264477
115523
14610
418693
5594
257264
55475
281501
188366
290985
246212
248921
131836
185372
170913
245689
154090
259073
429497
32566
187802
10623
241845
125260
253478
253395
239693
142336
257122
261573
189520
172677
429812
46819
134648
243413
192338
193633
186777
188321
181235
258466
128297
51404
425109
125986
258615
185098
416814
11784
253320
95128
252393
280320
260490
54180
190488
291141
165455
14666
182921
152251
182305
430133
189121
161808
262732
148418
181211
174580
191567
416714
163394
167250
133436
180169
417962
258721
85031
119275
182531
137293
432537
249812
182908
194225
63894
195258
162224
172718
150760
57127
257635
245121
189870
142094
137782
48897
193175
34411
417425
96568
416963
105484
147293
153905
258718
253198
247544
35542
247867
119378
159926
186539
120660
110022
187850
280735
391177
11599
19757
413499
181524
164683
24436
104312
259075
153745
243497
247025
121974
248650
187823
183859
165771
29691
58917
18512
144660
89938
426383
173794
241012
235713
34895
182066
196238
267197
193123
155560
414363
126021
246165
238882
158570
185052
280833
250724
248553
133313
166137
124277
118520
144082
260922
181519
188102
125496
167994
186709
113923
185243
260489
185848
158214
24965
159425
163148
248894
159446
101277
186217
133345
149147
11639
245034
230943
85236
244047
413984
157741
33444
166653
235711
259906
251567
34144
190495
163880
261533
421823
165896
166798
240202
113736
180739
186597
22988
257871
143359
186767
420132
45745
119443
262419
111968
152453
158221
29758
760466
249083
247641
51820
138192
159698
42970
156307
113874
184167
262196
188837
237888
187927
245353
429631
70350
98503
246093
260243
55730
17804
134080
94898
93476
151448
51910
97554
93254
265063
122387
194383
101766
230358
9173
94889
420672
261139
158228
163470
193173
169535
184233
145843
91898
190468
416260
191468
258515
144801
171586
156003
92921
66716
259947
169340
161854
414357
166157
248261
187323
5632
230045
194617
290116
172691
191140
122831
246166
266258
117204
243660
22938
51469
113002
186275
151696
191431
138705
290983
154686
17097
262678
290324
249880
259186
155390
188703
234589
230514
416601
162357
241853
195954
180470
190730
191136
190400
93439
156585
180738
409932
253377
417381
187649
237193
189119
163941
36993
154251
194514
135718
172668
194980
90426
249169
114010
434439
160018
433121
191131
238305
180030
427928
166153
122933
247408
96558
146505
187921
429033
193509
419626
7221
195437
114038
159188
252938
237577
183633
32612
150809
426761
244305
167740
117191
131825
137051
173451
45923
173531
192589
163147
260132
98880
143968
118849
424717
257407
186142
121105
249064
409480
163850
182935
185112
262284
119266
290378
258475
37697
48785
185931
125995
236144
113151
433244
98022
252247
124120
391131
196285
46162
126049
5542
172648
192883
152456
243646
136570
194744
136202
189222
427234
184034
99623
31803
39032
18807
29812
95395
260565
434088
194501
21356
163042
42765
264729
165804
184987
97056
126056
192577
156536
94307
157339
239152
184265
159451
257163
187731
126081
260519
192591
155548
259071
57780
54224
261174
263107
154778
258712
64146
417677
252242
97337
70539
246972
12169
258378
253375
120144
98170
142807
5250
162577
167906
247545
133314
259800
238303
107543
427047
259770
247273
239663
62634
416712
291105
195531
55741
125910
96193
14784
45982
161425
238906
148764
413255
239416
194761
230780
121951
249817
161028
156154
431967
186599
415596
262659
230415
145713
190830
188420
105820
43036
153898
5749
159668
291433
95817
95876
193525
258212
97013
180541
291634
291545
432214
290458
416741
51693
260147
230699
59769
258739
170912
266647
138702
14792
37576
12850
8622
251483
173068
166873
247872
131263
193501
169565
110309
143277
195976
55729
111969
424343
121534
147660
433371
96141
236948
188365
91820
112037
168362
147420
180597
240860
45703
48878
195215
417044
32193
98507
117533
144978
263105
117201
260649
154145
260867
135826
193092
152038
159123
250622
245141
159286
433079
38825
97435
154416
97906
99186
230190
158185
194163
19848
160091
416123
194642
157138
162350
153399
411863
183823
417454
90318
99547
182402
117786
191651
22990
170198
169842
261495
412144
160045
188358
156776
14669
291029
37693
247327
172298
136242
136574
190002
759462
142740
194769
93253
153723
98961
169862
85009
172643
267274
189368
147727
154373
155636
258553
171481
148772
156409
98467
416746
291080
126055
185865
193968
237730
234597
241423
21932
251015
97336
155874
36748
163755
113417
245198
85030
156136
290603
93986
180174
182252
126073
11795
64212
192228
249110
425661
164375
29907
426863
96981
190044
90512
163741
156533
191469
134083
167589
421274
172307
22957
171732
417953
249080
54741
124241
96569
181671
29920
55660
245513
252428
261719
281563
230177
147425
167158
117416
421825
257040
39192
48756
136566
254007
141313
248149
422691
46127
174188
92300
262990
38731
230976
246225
250091
261686
250863
155281
149050
160031
422011
97942
252698
153419
172231
5517
118600
159615
291510
253759
117620
145220
5618
266259
134511
391133
136313
143768
261687
195249
132253
164907
173814
413491
193646
84440
187069
191578
183881
131999
152866
237854
119320
263035
154462
156125
54228
418743
267198
11803
267275
180669
249095
137103
245948
245370
180576
193535
136241
148715
9143
145082
247871
157340
8418
192409
290376
259734
93626
408970
38214
141314
128053
239368
98739
161127
159189
145250
193124
132013
144678
168919
257875
119338
192729
119335
261682
118719
19975
237711
259206
120553
25857
230413
99291
111082
14678
94951
236627
148051
169077
136575
279579
172539
253412
144979
261568
117202
245540
193168
195165
14930
119415
120973
247000
189924
253418
192571
259787
94757
185193
125336
257218
118623
192566
432250
95914
32498
121991
253777
236008
154723
125337
151780
163698
261643
154942
191846
191562
172017
159247
237114
19831
188725
238551
249318
414365
174574
134028
253695
245608
250115
168114
172711
180692
163270
193179
243566
118016
155977
94343
111097
13019
128244
4669
169564
186209
155322
257381
187728
121753
166919
243415
181399
154091
189889
142223
92974
239728
142801
149032
152795
290624
134498
184446
252132
126080
192032
280998
59696
172671
131226
48361
146123
97505
189042
194774
241386
239801
90728
185110
239727
171595
240666
253422
187222
154480
257531
118522
241562
135827
37821
410999
105976
93726
260928
126066
34799
237164
93989
188399
22993
247265
24268
257744
168052
154464
32273
239826
42764
426169
130416
106938
145362
116290
239558
240155
137854
195181
257234
237809
194061
416443
172092
239224
239396
180656
291300
162222
117608
163277
182425
160388
96573
96108
420031
29900
116680
189131
151494
147823
253487
249824
257167
47622
279580
188288
51666
137733
91838
257165
196419
246976
166991
94504
120109
242112
169536
262325
158226
250367
188851
187281
260525
230174
21929
174634
182434
261551
43120
183665
192322
151732
17713
241978
413983
118412
33035
114028
117663
257156
253783
173326
195760
192294
39198
194377
239054
157333
142337
259622
237113
33296
130021
63889
160391
193358
760019
256603
185391
124245
54574
11729
291311
32613
251498
172089
260770
125810
238880
64219
253787
230690
11921
160009
149081
123149
35025
251625
254284
115524
167669
126025
191122
172649
417215
426372
166827
182528
185239
149215
125597
189926
70910
186660
194462
143046
159288
195260
194254
264189
248169
55871
289986
168708
195264
119083
241131
239830
255578
43082
146132
258115
118335
134310
17731
188469
29910
281679
29811
38758
96145
230108
47591
161506
115717
422540
419612
244163
195189
73670
31452
190724
257490
196515
163424
90397
158567
195857
192209
196528
427684
432199
123596
149274
421548
252932
150366
93207
234591
194220
259201
417685
122290
99185
153808
135823
247391
173199
290120
11788
73679
255807
253319
54664
152636
259607
254472
157367
37531
190590
55649
55950
96164
132224
194749
193121
260606
247509
31805
417697
126078
260522
196397
188308
138780
192275
403509
122045
24959
161157
33185
148489
159692
182431
427107
180168
230036
169078
240015
161401
14555
409710
158222
117523
70168
230778
152450
172662
93817
92795
140986
35546
252274
128186
417039
125326
257689
173663
155647
290006
194759
196284
167970
424496
98989
133333
107574
196235
42973
31404
248664
159699
422288
147527
95130
260527
434696
258174
246011
250502
248625
185144
181680
27141
239059
160034
66935
118554
35020
230593
187486
168116
239452
137893
39156
423252
47944
98216
241407
189166
230263
252047
165168
128320
253387
429191
91877
54597
195190
38754
34002
143771
150808
191112
166709
35610
258738
259068
137132
149241
234590
430697
290989
132035
247525
193792
149279
168444
196110
180690
99964
240245
189848
239246
111095
159760
134883
421821
31802
250281
168101
248885
414264
90199
417739
247667
243407
260984
159187
262667
423519
183920
11636
34175
184974
245326
189807
149160
135822
51471
259005
240903
173342
163731
29700
156992
167742
413496
253318
424889
187516
281746
258554
185189
153722
139202
98288
161654
193099
253098
184266
45263
194499
419525
52122
150824
32369
246397
260923
173188
426308
151756
126306
258057
152248
262658
261901
164227
116222
11787
121226
262460
196327
169559
119339
183810
164771
252363
144314
189901
126344
411326
418691
403414
410770
192155
162648
251515
155550
192595
155323
237674
241362
261707
45042
181697
163944
431357
152209
151827
25860
153344
154087
426095
261019
156341
188996
91839
133891
134602
132221
159262
186258
168445
191535
190494
147290
420420
290812
70798
258567
136936
99912
128168
181232
113917
252322
290179
136854
241413
98183
196222
417455
45945
119329
154316
120092
230600
235896
17710
147396
262653
230181
117415
158587
156423
235805
247170
155280
248676
258853
189004
237578
173191
280551
252563
29477
153463
162647
31794
238545
251078
184985
425122
159714
94546
245257
172631
190668
237110
193561
425441
262657
54855
250864
25982
184314
5616
122832
250723
165449
174298
112987
123157
5746
237112
35159
150240
173049
119554
426858
96002
11617
184986
52087
168115
51428
195408
188798
230175
258772
95494
174135
159767
418600
155858
262427
424863
194815
430565
146146
31940
114310
147505
259743
415196
184564
257933
59764
133690
117886
195271
139061
140082
36774
194740
29894
230250
169725
248187
156017
167581
138800
188836
95830
194388
252998
56231
264190
241008
22983
122385
425842
170263
146140
259160
186862
110021
131848
161653
127853
248237
248733
159873
173751
230264
237319
259072
429406
230012
157672
150191
183219
36666
170690
98893
251639
148753
185410
246220
162187
156135
180743
182666
144652
35848
290994
290040
34328
44412
157784
148063
136199
94992
48901
134172
417701
426868
128166
258061
138513
191110
230351
149130
182772
253998
251077
118390
146597
245356
32603
54231
132339
96771
29902
237403
164957
409469
152212
84425
9177
255853
235898
97436
37626
249819
148752
151903
115745
8621
192844
422652
55225
262660
253248
92478
252327
185393
143966
8694
245606
153969
172630
174013
149265
241844
238685
252615
261575
163797
264760
151639
11791
115719
419806
133348
180040
141882
259342
19193
171547
90449
173620
280553
155740
84239
95430
19756
417951
160113
252950
37476
412493
174196
433217
257724
186580
247192
183351
116077
258370
59581
169024
193867
118729
193504
260778
51732
99445
168099
250503
239564
9175
142438
194518
262654
247585
11261
93587
127838
64149
98569
186708
251589
121250
150810
243822
250835
97458
192956
48173
290126
19623
254297
98888
247018
184730
34442
124999
156584
63923
188550
257931
187285
167948
155594
262098
186605
188624
99263
248920
280622
434658
195123
254181
413185
97533
164366
147598
153895
710062
55738
109466
137848
150096
260504
190752
173797
184073
230013
248175
130633
45555
134213
174567
12817
98963
427197
172309
252276
158586
136222
195397
230011
238899
90487
14684
118010
246050
120574
156984
117583
95478
196237
258060
33453
259190
416528
55482
186139
84194
261357
91079
161318
126099
421209
281088
150237
188373
91901
125590
249823
120563
429182
93116
259118
247526
8385
38964
32161
252358
29892
55713
411024
5672
253769
148790
230631
151290
121150
18580
6639
147820
237282
188446
173041
34992
188704
867
37492
261416
133347
247397
246521
193357
90719
194139
153259
241388
426509
156106
29475
90521
194382
126067
253947
26296
121721
45268
159154
409959
185183
416203
92223
45770
13990
431008
145083
161643
247528
237200
188796
48880
253379
70537
167031
240278
35912
48621
391183
430603
185100
142639
145039
432906
37724
234585
170290
124721
189909
428738
427174
183453
185151
422083
29893
157906
90668
257157
260771
123791
145359
186145
185003
46314
111085
238004
181230
251939
45983
185612
35532
93113
430698
230583
191569
263108
417738
127919
93742
417456
90055
172277
32604
189912
95315
147080
91531
162356
131346
159729
191047
187280
155622
171591
112039
290383
171000
143474
172676
419162
280768
189783
181701
152451
33443
139258
186977
180946
12005
421131
145290
11802
138390
155551
104657
411804
34137
255641
118238
257727
163668
51403
125997
281753
159313
170293
188374
54704
418499
432215
238219
120101
192278
6060
95603
262655
192084
133136
419213
117418
194386
33424
131604
24927
236259
425682
96933
144093
188370
54233
154482
420480
151528
19827
115715
125408
152464
230180
91691
163442
257839
32340
12143
138819
157783
255849
185235
180949
171536
143653
5488
55695
149171
169013
155388
152348
180642
194816
166058
180688
262837
96526
8880
259018
259706
181571
5982
122844
261605
174576
181911
169810
5338
148496
191332
135345
33467
254058
291460
14785
429207
54222
113508
28414
138380
64408
8677
257485
147480
8749
160092
133724
187428
421109
113739
119493
138392
252951
51737
101256
241385
93364
243863
186483
154932
245716
429734
5566
121147
409936
193502
91169
181401
262228
426375
248608
157674
248892
118840
143987
184448
38123
237001
181525
163410
185203
14762
12007
258740
125399
290981
413732
253761
195355
181045
38851
230466
248181
426168
159420
91049
160151
248929
123587
183088
59928
172712
260510
48576
421179
184201
413497
237191
92501
290127
186479
162743
109460
180685
11053
181152
96173
96954
136227
146502
8675
115721
98797
117411
411063
161421
259004
145251
426729
70254
186500
194519
99626
184729
162395
257391
5647
117858
194737
412776
12009
11919
186273
192360
418258
266878
155743
244521
120089
97438
159583
166114
97714
431580
180683
172696
425440
190055
258720
230350
235897
98952
290978
14552
126210
424154
136239
414244
237128
238217
186278
161432
37687
98599
134964
250801
99061
194648
247266
290029
290285
194765
290944
63924
19741
194763
186051
5558
426381
189894
115753
239985
192988
174378
236070
43832
181153
254635
47273
47625
138176
153511
250166
422744
148033
194770
290625
185399
36970
194417
120578
45742
118627
96167
11638
153405
192794
4663
424887
63349
195592
125799
423653
187997
137967
261716
247027
290632
110310
262117
11644
167177
258256
238891
37692
154396
148766
146138
188165
235902
22460
245497
191329
173230
147567
267271
193647
421826
186447
185102
247267
257173
416886
412561
33428
194161
190773
257220
113006
416914
237272
192357
140985
169846
413809
261942
281675
246081
120105
144325
40805
118280
183827
136577
238196
434767
29672
38985
251504
63921
183105
173588
132254
230226
250654
110312
257384
7394
195028
195157
193031
180462
195486
193995
281759
260507
257380
133374
257768
190173
194500
14556
63902
42360
38611
118855
230284
97480
162220
96973
35853
165902
73683
173967
156469
261622
19989
237543
14800
127835
163801
97070
141315
238338
150090
263768
430929
154453
239050
138811
247238
424862
94873
161537
51427
11841
90615
162159
422380
64215
118279
42266
290283
93901
145822
236073
133372
251034
261708
11915
172702
133288
423773
119334
193897
119333
158765
5306
184200
167115
29915
126097
242099
247722
236286
165778
239711
167640
412003
170664
98975
174544
37388
151693
174609
35808
154064
138712
248893
290260
164372
70231
230609
168145
14764
181669
237576
99459
186662
248571
193902
163885
141254
160013
120080
173731
248549
260768
99935
186962
117658
138815
155226
262625
267272
158197
138544
759651
13425
158105
99300
119447
420477
243498
194766
128410
160866
155228
131079
55224
184983
247399
195263
188166
113299
258909
5553
32269
265179
52085
111081
240477
7787
418993
257873
262094
98287
186596
162353
99055
193473
251140
291602
431971
290477
411022
126079
246448
93547
250303
246447
239240
154980
238606
187202
291139
123148
247410
152488
238549
31670
159691
143885
189115
96191
33034
18510
144983
153726
261936
194158
434449
419747
115733
45041
182953
432204
192980
245021
121998
252071
173054
136790
147726
115522
19745
120560
247001
93747
247522
192596
51396
413493
249300
251692
35913
419439
291106
99624
255805
247521
168653
142498
260912
142385
186960
246098
127513
249067
147430
36915
109553
291114
403512
419211
34132
59212
267962
157051
195822
426407
433370
192033
172706
259750
125397
391184
90710
147391
194972
51738
245195
186813
247949
123278
167157
184589
417101
426866
413127
37652
187650
119159
185589
194814
236387
130015
415884
122789
180533
191324
241657
195259
238488
267741
5543
254215
45571
421931
418164
168858
39062
116675
253208
99056
97927
409561
22937
423939
148422
422234
250541
180662
165666
157561
99996
51911
49599
155719
156115
5602
91875
240128
253479
143985
90841
106936
421902
193356
240763
115751
237147
422533
257044
184342
189531
93448
51446
248185
238001
118179
422653
107576
280390
190829
181686
32834
244302
380226
180157
17630
131937
239151
19128
35026
99442
161396
11806
192796
173812
37526
432200
139056
151828
247048
154142
421880
433278
120561
759444
107036
169460
36682
148362
409912
34981
112389
260769
418500
112139
139000
14675
89844
173062
163884
97907
124233
246740
99267
259355
434436
49124
51791
247875
153466
93899
32271
135340
245650
160096
188795
128195
98431
162829
31927
416743
180658
192989
164997
290751
181240
144677
257394
155018
142221
148320
119362
194756
261237
253781
148768
245937
38959
166286
415050
154664
168887
243414
239281
73678
419069
230587
163769
239128
159171
14696
94871
258101
252027
186485
164373
186897
196286
168425
427670
416744
194159
35850
188639
420114
239053
421950
427560
29918
136505
258731
391173
33468
174450
136280
230355
169982
166206
431555
290872
166048
59215
144326
96957
251597
64080
195848
122296
264721
423441
160753
193134
421545
260505
416885
155116
119323
420421
421289
33388
409616
239725
429519
261566
188123
19899
230037
421960
152262
247639
189888
171594
173010
241417
290123
150233
158764
257872
230311
147357
191046
194221
168443
172717
262095
97477
13774
122264
264720
413105
141775
193401
245868
147686
419067
263106
21321
19998
99963
170949
173450
156575
143273
94961
37290
97503
235756
140497
416924
36944
12092
38966
140255
49861
12962
23158
154465
96169
236067
22819
187876
237748
134536
143767
156185
247392
248629
172166
34841
184765
280301
194240
171482
116665
142170
156406
403513
14708
189015
131606
90987
240917
171119
173889
185849
193531
126190
123491
263096
186671
180663
164449
70901
230377
132220
159857
180028
184131
431038
137483
245307
11645
9174
188803
186924
184170
91519
189920
260498
25457
182898
41725
157779
151556
171986
95301
186733
123152
155122
152620
170687
186731
249941
420935
430972
421552
145180
155443
151705
248173
29699
64445
157563
170776
416132
166201
152556
126207
169452
133765
249088
431022
391185
18579
149270
146780
418183
193391
187288
257219
230313
236269
196531
417699
237400
131345
135000
162355
185141
11797
5541
183819
189003
418736
107083
148788
247584
33402
189040
241870
195591
432947
142165
409796
190813
419210
95378
171241
151748
189017
151610
244743
422549
32221
186482
260004
434621
144832
259345
279575
245196
180639
96495
33366
90483
155019
160041
42361
290122
103771
45045
125989
189075
417047
189910
429880
136506
195156
246099
146743
188323
155382
45622
138480
97388
430602
192807
245010
95654
97095
130644
98462
243642
195756
189225
153501
183703
238887
118722
36679
128229
257383
148697
161397
14554
99628
55737
148758
123156
291146
193970
180810
122852
154722
19353
240013
31429
91783
38826
153510
241869
122294
239222
146375
252085
250093
8755
156962
174171
173767
249997
159020
196236
113000
182039
36775
180660
240046
11551
190635
127510
131487
121054
243416
55726
27176
55749
29916
253763
291142
434079
98027
240711
93382
184199
160035
153250
165038
153743
181239
195345
240534
281752
152216
89294
122308
151830
44380
98783
417690
186221
192013
291563
415294
174464
162394
98402
149278
230405
135180
147780
259745
123857
120082
33403
148757
429520
115722
190926
180464
96125
117425
64446
411065
161018
90132
260524
76103
239432
25064
239635
97096
427639
193432
48784
167606
138809
184979
147386
84183
163461
249105
186453
14679
187221
11790
257441
189907
94760
144667
429811
189261
237859
193622
109559
429726
184969
409614
35528
237259
247016
145288
166666
29701
254636
257182
95999
158566
99511
99979
186665
93973
430975
116405
194966
70621
118537
259708
262661
260860
38862
193404
253785
64168
188351
192886
90647
290908
187064
155216
158769
163282
153688
8678
259283
180578
253786
186975
160024
47921
155603
89726
260135
259768
33184
182467
16195
156381
49857
159287
142496
48238
248075
262082
155315
254244
171111
124717
164667
22472
168654
422573
115461
151842
32611
262410
251847
29919
291285
5527
138707
187342
147824
155303
164981
36925
17635
46850
186180
89907
252633
128227
32276
710091
158584
158244
172666
159856
116136
421217
143961
430438
119269
18513
98039
113921
188441
238916
51880
160660
34767
290631
167714
193364
252134
163883
195045
93214
419801
70256
110314
174642
230927
418014
230581
246000
147229
192341
135181
244298
259249
243946
64447
189796
253364
55732
146060
172013
146769
22994
51441
281413
93500
103758
237192
160709
114296
291635
237676
148420
18224
145321
170465
415789
230346
116081
36681
91823
32338
91703
42083
184202
156983
254072
230552
248114
98188
30304
115516
147347
163744
250842
98951
90714
118619
155761
117198
158486
64151
33422
258990
260051
37689
187730
237847
92212
31931
92334
173796
31511
246214
122039
172371
249420
183702
32267
153026
182918
180151
14794
37582
45260
125740
240038
193406
152717
121153
173109
54181
290987
416996
235838
238875
252372
146598
59753
260427
169937
260389
92793
183089
248661
412044
259766
144744
191694
90200
159658
258719
258468
235990
46104
166136
153747
240006
91253
153528
133338
258504
148700
144475
180666
165061
412047
99986
239227
257048
5962
134671
117717
147084
186215
137220
237142
164983
97077
185195
95322
261960
195860
163909
193194
159855
237343
144788
131629
64444
144746
11798
99965
194385
51710
238112
281375
95320
45561
94390
49858
76706
291483
160029
157651
134029
185923
116663
107089
125402
193486
180838
261251
165705
156775
173344
171113
230253
145300
5252
426550
138894
125153
118617
191601
230747
135001
230101
131630
97071
257312
167506
248808
138130
290119
117957
260533
427458
230635
281081
418130
14811
185273
425660
183733
158217
180027
126019
248056
187071
160434
192358
249910
184168
153720
156009
238996
239061
230173
173050
131344
174152
163990
131529
147397
159445
186728
252632
157965
181206
156153
33353
162365
181732
166918
11633
259165
192323
418658
247243
195166
174337
63888
193746
115736
36929
161645
173228
8493
161651
258741
251590
238905
7845
163976
248183
380389
19820
421484
11918
131849
141683
155067
759364
422797
167920
138215
116269
248559
92213
418265
148717
144656
238897
188293
180187
291102
162929
160036
91287
138194
159424
134380
172079
126191
7829
237887
192452
188735
120120
123856
115747
159450
250246
418685
38203
172680
169968
172889
194406
11618
260361
117200
116660
136069
154721
128052
192317
252934
237962
280793
165419
193682
159696
119417
99916
124121
116649
160027
194160
259003
34198
138976
167950
241237
260244
48902
85048
133375
180638
184447
160163
246216
181656
192292
163438
97028
262672
193171
413528
113924
158279
98883
188090
151548
421620
104669
190431
153967
91080
157407
192472
235900
164230
99604
90322
147228
33170
119268
127512
164760
267276
243410
152263
417502
237930
169449
194431
132774
136839
119384
180842
149031
19173
94952
429966
98664
143769
184932
183731
116671
249832
98936
258568
164758
25062
165874
261567
432553
145429
26112
162953
430751
182952
94519
35601
261762
59762
19720
431392
50225
191564
430927
181912
194743
162081
425945
260486
117790
421479
96993
143485
181214
261565
172657
92390
97088
171590
55115
253486
258597
32236
164455
5578
181511
241871
246498
258736
195823
73680
172300
153346
5524
4691
6049
261624
144794
193668
182933
70902
95129
422690
180689
259343
118449
115805
257395
259774
162351
98095
230249
19275
154458
124236
169454
167578
414174
163675
429308
237378
92197
172028
244300
22971
249097
258274
139060
59930
36950
190052
92920
267196
252137
172640
38869
421482
192227
248401
280419
432206
19965
95297
191843
252075
142499
48704
259624
186233
246089
136565
247026
182191
173061
260182
146065
430566
236012
70813
33669
45725
413207
239629
194424
258366
112535
90064
267277
153425
245870
262060
8399
261861
262592
13667
34836
238879
249820
431393
192158
259139
243725
432905
252997
156295
90666
117618
107271
230388
183085
96745
117721
51909
19178
190399
118222
431617
96234
172714
230352
416813
97676
188488
267195
148785
39065
254296
249723
240198
121151
37490
156186
165772
137421
34182
195204
152053
131528
169985
234580
260864
128165
194461
190820
154890
118403
246501
253239
181215
70346
196115
290982
125598
131078
9443
424888
183091
415245
107498
51607
236264
8667
147387
237575
187822
121999
191570
8523
168097
155730
118470
131607
261857
237858
230539
251507
112296
246502
195978
8624
236052
249881
423267
120974
91518
290032
196117
153072
246522
174526
248189
263100
180747
195070
112124
257876
116001
419804
148751
253389
266973
117203
51252
25981
194423
14677
174191
45632
260262
14955
116667
95616
259663
246401
419631
230244
121968
54917
115810
174148
98289
183870
252008
126092
240594
8750
249635
98284
96527
121146
119379
161423
156183
173793
126192
413298
291108
194334
168258
424155
258552
249049
38858
154891
34059
152255
138195
189903
236267
188635
45743
51915
156537
193676
180966
427181
153228
187637
138133
245496
124370
185867
188367
131550
414602
258547
133280
146770
251716
252564
186730
413700
427042
17320
93535
250653
173789
257905
413501
161905
180644
54214
257530
92986
23459
291591
98669
248887
139022
19637
243645
144587
173237
173590
124996
90518
158195
159443
120585
193433
237808
11785
41743
154150
134646
193030
259771
111099
151768
112381
409630
258775
26113
90321
153748
234586
230463
182919
183562
174322
253103
173479
195154
260531
161422
128348
195862
181213
154758
167041
125746
29766
36744
38738
132520
90715
173605
127968
165701
153970
183768
119322
8820
430973
180164
127856
161346
12144
118710
97633
163877
31804
160447
97997
119290
34980
290999
12808
118237
186174
186737
112040
121754
190476
254024
145305
180172
138692
241940
108780
151980
36942
144585
264533
188322
47786
7811
144852
237582
94900
250867
380344
426551
257730
260474
236263
181231
258224
145038
186883
257392
130415
426380
98360
230102
193411
193227
419440
247329
186541
188160
188546
252130
192884
153975
195668
7776
432122
189922
12814
107006
160661
192808
184972
138556
120100
239761
258467
98502
127511
172681
153738
172078
248550
421130
196216
235757
96945
160865
148421
188407
230781
128182
249815
186213
409872
161000
47537
248482
291637
70535
181021
99100
122960
163415
168007
121056
157054
290755
252623
51821
17727
97439
183704
138685
138468
163437
259320
153055
93816
95417
19739
153224
230363
170628
155598
281066
760259
239361
97476
263031
422795
7940
433247
174551
119243
57739
137567
433627
98097
153340
416711
260022
189205
186768
262016
259049
126068
11783
116352
166796
14760
230691
230412
189969
413529
35822
255577
15918
182962
235901
194802
185248
186896
245499
145283
84228
189500
431353
97939
159851
253784
280736
148699
127152
155599
174295
193454
262195
42208
171471
415944
29767
138972
237174
415716
246017
70133
238287
174408
420481
147292
94780
409994
33183
98616
90650
97403
12049
184981
152454
259767
118852
180026
187995
124461
425841
22955
119344
159294
258469
106925
243411
425873
45554
111083
195149
190615
247465
253549
145304
33442
168143
187888
194999
188801
12633
114258
416918
235856
97970
432353
189223
169757
134081
253911
38160
118318
186959
291266
183600
291126
187094
434091
174575
187925
118595
37660
161758
163269
5644
391088
291256
157880
423637
243406
149085
154915
243386
12813
171491
121154
162403
181313
193355
126263
95068
121224
183686
101279
239299
242037
5539
421272
185140
187887
433312
93964
70215
259764
257504
95323
99915
158839
160040
262426
47856
247022
18577
230213
117810
160888
126216
158373
409566
101819
183663
250213
147066
160037
36665
261810
260070
122040
420509
29741
117423
157777
425545
128298
4817
154940
430696
260514
185896
187287
11914
48875
424011
261863
33436
262446
191568
94455
260026
14683
193534
240775
38837
127042
172644
162396
253696
189348
182198
92543
90718
98219
160648
247538
192354
259769
110081
260496
266644
290003
418272
97501
131829
150802
180668
418269
155387
247838
194403
144104
252270
156990
148698
128532
143458
45947
128294
93391
152252
155930
186179
183636
150367
8623
158198
134381
245011
17193
418208
157050
415568
168095
236331
243380
169863
184161
173858
6050
98887
12051
95127
409551
238638
112462
185471
173453
112292
107086
8900
195450
96295
59831
154146
239359
257862
94314
157675
191134
418532
260529
153070
182076
7395
258376
290281
159162
99105
38861
134171
249850
258470
127002
190492
22465
132255
245649
258529
182527
230701
246041
153715
257709
291520
37721
171544
180678
134030
13888
186666
257631
121781
172663
417540
47489
429404
189890
244108
93258
165839
173976
90131
243542
126222
236013
132538
25291
193016
14797
160094
120557
95915
125411
11799
157144
182433
64079
99806
149280
153972
97944
47486
125409
193403
186456
180675
257377
51807
19853
185591
120654
290457
194245
161647
32371
186989
35021
237493
154526
171545
147724
415227
122798
245022
426340
290455
264460
261720
191519
417043
234578
251452
37820
5617
124239
181212
154403
99043
426871
154086
55831
118720
250659
157145
122738
19132
122042
95317
157886
154928
38190
417687
259241
186967
261712
118723
5531
111131
291103
156230
237910
152452
236010
417698
161001
250356
759458
96561
97674
136498
259117
153240
248132
428095
152261
409615
192588
127642
11042
244040
249423
430970
431966
190347
173331
238874
132836
180641
188878
38859
117549
196420
181046
190175
119572
173822
154757
168139
291638
171136
92770
187555
46135
160720
42999
243598
262596
29901
159769
98469
126316
245835
163940
419068
163427
180134
160705
238976
98962
156963
247050
49832
159155
245807
143360
180643
173190
114246
59614
259702
194339
126023
279594
262229
252699
256222
171683
70230
8521
250798
416985
187283
124231
32212
258939
259203
138576
99617
120129
238904
46103
36713
93898
415735
421193
416745
425726
167835
11916
195168
247013
190497
196425
259783
194322
186182
391172
257469
249102
169455
258176
45053
157369
247870
182253
162287
145181
183035
180038
252423
5567
127488
147507
409930
230116
237966
259860
181842
63870
172829
194618
161351
184414
160062
238495
125147
51811
423424
190047
415029
98277
252422
125987
252325
117622
5970
95234
124997
159778
64075
97938
163938
147444
98505
196182
245197
85230
138092
163419
153223
250620
137102
191150
98885
239630
159312
250656
116515
240920
159106
117531
99187
84223
161281
246358
422587
192573
183104
251657
184369
247578
188398
253791
421483
259351
152254
248890
246218
55228
38847
182045
32374
192207
291613
188708
157780
253565
148472
180173
145273
101764
164403
194594
237163
260134
134601
192475
195273
147825
173534
19742
189951
160448
759799
158841
103745
432201
164216
117662
230341
25063
5646
194641
98897
149161
121103
280849
239055
188099
194817
191430
32838
249094
117407
253949
248790
172693
172700
261235
13510
14799
93502
182043
241406
258546
165450
180926
141711
257493
191466
246182
418176
121530
244186
85066
268018
252465
70620
421476
245935
188363
426098
153056
421284
280547
119365
169548
291632
184343
237766
189944
249093
245090
145253
423636
64214
90448
22969
192791
156124
291112
122043
258713
117184
130546
43081
249989
257397
155667
195500
166790
22968
759797
11090
180862
246971
173816
260195
155731
172665
230506
160093
173792
90005
260535
172704
191574
280398
45589
170882
192006
118776
418690
240092
759459
5261
431186
91130
183020
32380
239298
433267
171715
117723
11996
118856
38874
11637
54706
237153
5966
190490
144745
48266
172304
6045
417412
119367
182423
261401
133134
155393
160704
252219
38963
188800
70887
107215
93814
253066
124889
193499
291576
5556
126312
186664
417693
153404
240188
119270
246967
119143
189491
130100
260027
148771
133439
167641
409605
245000
433077
92396
189799
192277
433086
172522
230460
159164
55481
122936
416919
37656
257464
93421
37530
423660
409596
172511
43084
91689
181011
11081
161400
230357
160023
246488
5213
122298
70090
90510
186053
280513
165775
136576
432380
119380
250763
32354
145285
19746
156096
163488
16131
35823
281735
182464
422718
759690
181824
253767
96061
262788
162384
144670
144982
104625
191697
280417
93400
150315
19198
32833
262602
113890
190954
187998
45261
230384
253568
230380
31777
185194
238865
94378
138935
249634
421478
155993
174644
8668
107273
237558
163492
415293
412838
19967
185238
29914
5650
37571
250185
99489
85453
170159
118602
433628
42197
55442
230103
236009
167504
291590
116078
262935
33356
189942
180745
119418
237998
253888
411276
230942
165700
418185
185501
261606
48358
125970
262091
244025
249104
107504
710036
47813
39007
193177
5251
70240
5546
169461
195593
173532
172083
257465
247501
230315
42964
189792
150915
126062
195130
230465
260240
230633
416461
33363
174556
14618
117753
162752
196149
31407
115219
187614
173170
37474
423306
428512
249722
127951
260488
257770
188791
21933
172653
93959
167584
262045
159152
412779
153342
93904
257166
145265
236758
185234
4659
254188
290117
246055
160394
17714
155276
163389
415198
41690
29877
241011
187680
138129
249882
8700
97552
194650
117621
159647
167156
63918
157035
46126
172014
236014
99081
145306
113735
118842
97908
193788
160697
19659
252962
183031
249354
91530
258112
189847
249081
147065
128242
172688
183090
151841
46128
415226
170035
34266
91763
173182
236867
242110
136240
187338
194967
174631
195153
418601
172719
159431
160114
45040
167267
172036
258517
258103
258065
55476
99353
413257
291327
133312
47590
432249
243319
263101
260924
190743
12627
248049
113005
182426
121221
172096
122957
153897
152461
141510
134598
163745
145301
237144
118509
230128
151844
136301
54599
248973
42237
51812
188163
96171
156529
6317
251516
260487
156384
185403
417694
137618
253378
144461
99141
48701
70936
184586
157835
259166
239449
173328
90002
8336
51817
184340
157834
191677
260518
259608
144655
145190
196399
241241
145293
167576
185106
291030
194189
411448
257214
192359
185846
257877
148773
429311
22456
161345
118871
254308
433625
417539
138553
119332
37462
167891
163881
188355
248627
123330
168859
182465
166285
239231
237461
33404
237406
250114
33364
759451
95899
147822
262665
291458
99262
258901
245061
12812
117432
148759
248255
255806
98911
25065
165420
258613
409865
194248
142743
96001
239305
118387
425123
2997
196333
191604
159159
185218
250841
12474
161349
192979
97620
96943
169434
236353
434620
159421
136354
163878
190046
126070
261574
11515
156616
37651
132366
5297
252939
186809
25442
99913
421277
95296
156583
259410
160008
418270
5577
237964
142166
183116
241841
194404
43119
421644
239438
173204
138805
162358
251138
193645
189111
159727
144796
193174
416988
137853
35078
107097
21940
409808
96571
246503
429907
136488
187025
246527
192229
180667
423639
421373
428098
184312
11653
125976
187875
244567
47428
192499
194977
258951
238564
196494
156993
433080
174555
181742
95398
246487
4536
426374
162367
189902
191048
291144
150198
187880
252608
5670
33033
236007
433268
252996
262666
29905
159289
257634
760018
158106
238889
122386
172164
97824
160025
187348
194343
171972
237277
187879
144674
21931
193500
103553
187279
183500
164471
157676
147230
125608
247398
234593
182432
428097
137484
258764
255446
186810
44389
137851
154469
239360
99298
411820
260311
122265
157782
189900
99548
260859
163882
42101
188456
122355
186736
111105
237201
148740
107419
172282
56244
190753
97776
161348
109417
170568
170295
8522
117559
254925
145835
118004
160064
152867
421645
162575
164581
98892
230354
37473
160889
151558
92102
261552
117560
258566
159870
160033
91676
250802
9103
263778
418766
135905
12809
157384
118736
124786
238877
153422
54810
133315
91484
189772
143994
259606
238894
189122
7844
426759
164765
126086
169988
409840
144946
51731
184579
258062
186779
44434
253853
419453
189967
91706
252323
240568
433235
70349
19134
247049
125152
236330
195851
85070
238005
153211
36741
245364
427183
191045
11796
144664
160155
186711
90171
120130
51733
136212
290042
90006
156014
166227
409623
119265
157053
54552
122734
190828
118278
416157
149166
128293
258633
90326
191655
97553
148743
16088
262663
185297
34883
134522
24961
246096
413696
172661
125669
237050
253762
235387
188356
191334
95623
158209
261021
169544
138700
391425
194092
194421
155587
91572
409604
429181
418455
160435
261223
122371
93491
153350
118857
91278
185179
164370
70800
263121
410838
109464
38159
4660
403511
168796
259737
11800
21937
29708
262501
5584
12959
151706
424900
37581
172514
411238
243916
186811
64132
59770
147210
259169
165901
125999
173057
263521
263093
99045
98165
123490
250629
167973
157957
70658
131350
146062
91226
241843
432680
123348
429397
5548
145707
425779
257874
192990
417452
180363
149132
173064
261578
409856
173766
34900
96162
192631
159697
96746
21790
418545
181523
97589
128240
126293
33176
133135
74587
124234
47445
37461
194482
33244
155277
188292
144803
35543
240247
118620
254013
163775
90662
58933
237861
249419
132584
93632
145865
238605
113152
428060
171463
248621
187341
59743
17637
144676
172683
133281
145434
252937
9178
114003
181226
409511
230014
428096
169026
97012
138987
143928
95806
180659
195827
419736
85986
191848
413731
133283
134999
188354
55227
97068
98934
239119
55707
98895
190802
137844
32278
118858
188310
141883
96931
430574
118813
17801
264458
258904
128243
172276
153467
180686
238954
147498
143173
156306
253356
291262
258218
14748
111384
32565
148789
247635
5554
187852
426859
34822
35856
154088
196256
251855
120971
182201
250795
194602
246408
99368
195245
760467
430926
237960
126156
96744
162143
427393
94872
280370
194387
291143
93815
193100
421178
257146
230589
253843
245498
97551
237139
249825
163395
84231
153896
241010
186169
121223
181467
98474
246313
165413
160444
156773
254003
237409
157418
162606
47508
181699
182768
194376
132102
244249
44470
147555
247502
159712
182950
124119
92913
418861
155864
196120
137569
260520
186566
252619
35609
416713
126305
182194
195405
250625
38856
125899
416715
155720
98221
416922
145252
44472
193997
85062
187345
137858
161876
111101
243385
147213
258230
99443
253909
419066
126189
34376
109012
230188
137968
155753
423136
121050
19635
247520
249909
35027
155619
9176
187070
70092
422798
230662
418013
70216
99718
185401
416913
64067
243387
22956
411795
111346
167704
90040
137977
110082
159649
154189
260633
153867
166795
119345
160392
192339
112007
6003
163387
128360
138848
58914
147910
11144
157185
252211
243789
190535
237961
253566
110313
148765
139052
145346
251068
230700
158940
415695
247869
115567
251598
120558
253779
93772
171537
183632
160876
95917
172080
252212
171540
154824
37485
115196
90723
125979
430556
138401
18586
46310
90667
37471
291639
138900
170464
430616
64068
137881
236724
45264
261222
154934
120107
37508
258478
173820
46853
29909
136395
162145
126077
96185
118125
258774
186983
122000
414558
133316
98890
99048
117136
123109
153744
240246
45986
251941
258024
70259
281674
230044
195192
433907
38982
192630
236276
191566
426554
31807
84218
70251
240012
128193
710030
14761
98879
29770
29710
93398
148905
141493
411975
126169
113474
190832
135824
411925
250210
130344
155278
160467
251566
90317
230112
411861
195158
184316
51397
191145
180650
161407
172616
29987
251651
187726
26306
188707
136041
166712
37657
49847
98286
151522
141580
190929
248234
160019
417251
161481
194751
115731
185236
188653
37488
264503
230215
21941
161146
195825
431463
128180
247020
70534
134523
194222
120119
96976
263095
434514
248563
5333
245092
248623
194616
161343
256037
91876
247389
247530
42155
189041
169753
261711
120573
189300
189794
250276
258690
29936
247301
238772
415488
151948
146190
254214
426125
145955
191328
183112
420371
195151
168096
137785
168142
155370
111385
238761
93907
187340
93047
154692
186819
138522
416124
135349
5563
11730
258519
172664
499448
101191
165454
172285
8383
187922
189114
183612
122300
98498
98882
166132
125149
49604
148750
97504
155593
420476
11913
59768
138817
259744
253001
760464
92548
149164
245111
145299
166793
415605
237324
132731
92042
12820
254059
258459
171566
257398
248046
291113
144684
239664
8380
154385
257713
239446
171534
64416
258808
70079
51289
258516
423638
35915
241242
159728
190808
250834
181480
161734
257745
415249
162658
54230
138708
11259
38829
253373
125412
249807
64209
130082
181743
149149
92910
172905
29664
239051
6072
245688
45676
162958
154981
112295
144804
192501
63893
93348
148786
237968
70913
187201
157658
166348
259695
189383
427388
245275
262764
248350
8626
413224
5934
253099
193759
190825
243791
263090
145715
107599
195993
167702
113358
38732
93902
35849
290896
247242
90437
7218
45248
186270
99978
101871
186540
180649
5288
144225
245565
239717
427579
421918
153210
145303
196330
153740
253780
18517
154479
260695
118223
70797
250212
250710
120025
250278
423409
181840
254177
63892
248562
54614
195048
162957
263084
183014
146141
146922
155621
250866
48899
434089
51818
195182
38958
37463
144134
280725
38854
92299
166794
262680
182036
195532
189209
38095
409758
426867
184315
171533
148762
70900
116082
43116
167009
37699
128231
11051
161559
21934
262933
195265
249810
93821
248552
291633
155336
259168
138191
191614
116083
92538
243388
147211
98878
290318
94902
59761
116080
48881
155295
37654
166989
64145
411239
89905
247244
432615
119363
433183
152396
145866
188157
138808
156331
193560
37289
157397
19667
188295
239448
191841
14787
92794
230361
428532
117582
180677
261497
182020
243661
159014
160039
159447
174079
89932
92226
422343
95639
258922
196326
64150
148756
259887
119084
257178
170911
248626
246266
39061
19127
245201
193569
258632
154935
427140
37661
156010
155575
118092
138779
91084
125405
138591
262553
260926
173826
155123
431964
117702
120010
184330
194762
155596
126016
160012
422572
76705
33400
182188
55229
70214
51667
412840
161575
417514
156013
95561
170289
32223
290808
165665
161576
123353
167921
187343
194755
261897
412046
155887
421903
191323
430630
191284
159655
411758
417703
36729
70196
253265
90703
135205
93903
76697
37493
8838
185122
93762
261576
98162
125404
252143
85407
90894
425260
230327
167919
187924
235803
91224
38762
245747
238213
98140
250911
245494
131828
239652
157531
260921
422340
156119
104648
159151
157484
238872
253517
118370
115744
119277
230348
138562
147355
132053
146124
163759
48787
39033
262262
246517
254179
37483
70653
180673
291270
149083
174149
236004
61080
187504
291160
33688
172678
54182
193621
91785
239058
290131
427051
97386
158211
238688
240102
159160
250534
14803
109419
192352
165803
426382
14765
158247
238908
136935
97514
133373
427991
22436
258936
91946
117189
160445
94901
35135
114250
132421
145347
19758
46796
188833
97478
249071
259437
149134
230314
257743
70217
166892
38638
253951
90324
414259
70077
247642
249073
101868
181207
173856
427184
230179
139015
230784
122959
244198
25445
189008
420226
58913
48231
89945
126318
17347
7833
247523
90372
166134
290988
127855
51402
238893
161420
137850
141700
423410
419802
32381
59808
161648
192981
159770
118603
137852
136811
281500
168422
49498
145645
99631
169366
93112
259006
121097
237999
98475
125151
117757
250655
193172
70799
192208
158223
29880
238913
230548
253386
117880
245792
252126
42128
253024
247499
235808
116677
186861
171587
64142
163773
93725
159920
412841
411541
193363
422547
261856
183034
110315
93727
239221
156251
136271
90720
422849
419441
174338
237969
167890
431464
238884
4680
163416
191530
170052
151890
190489
39018
230464
113003
195970
119310
29911
118402
147415
138810
249828
431822
194803
136347
55069
195534
410814
181748
118366
236005
243379
252695
99444
193533
17488
154524
252856
173592
196178
47821
169025
416923
155649
195401
55725
154939
138842
174552
32268
184598
153728
5648
246404
240094
417684
148770
161019
132921
144071
5551
144958
186152
54725
416275
161570
259772
237965
19316
291151
240669
253959
8821
64070
261012
180927
414359
22959
156985
186562
124244
183613
235939
180192
64073
159166
249096
181654
409698
127061
230329
19999
419664
183022
149088
419492
172162
188195
230053
131611
230251
96194
70538
417682
410778
245358
245557
414343
59763
145868
160010
290627
149183
238000
262589
161852
414557
123158
48348
186406
41782
32700
261858
158212
148754
92768
9934
180987
162891
245495
253102
166158
247786
142745
425659
184754
237694
151695
161319
161415
187344
188648
185524
425066
184975
12475
185928
181670
98898
154937
90722
36772
258912
412494
162225
291326
138689
242280
173815
51389
97904
11660
84188
187923
157670
98947
182303
195995
109551
10903
249721
32745
252010
70219
238562
94906
261133
236258
257767
261841
173787
424921
411280
182770
187282
243659
193178
193484
230404
64071
90727
185541
157470
281315
165894
264461
31501
133287
158220
189238
183114
238214
29667
181653
181127
125898
147911
432252
281758
157905
12095
192315
5324
64148
161574
150241
8881
185474
32315
183615
115566
290462
238878
417424
183820
186956
159793
230441
254407
249342
403510
91086
191757
187585
239721
172372
147259
107087
159263
130417
237692
17631
187479
257285
183296
150095
159766
418657
193329
146779
260269
160090
414081
257904
189968
184758
158215
180041
92444
91103
248622
190750
125369
48174
172016
149082
429877
37662
117725
237407
126211
173176
162144
48622
5569
21938
180941
93401
160452
264699
119110
184082
165667
30303
412842
172615
122632
253196
189346
98954
38201
257310
149263
247240
54223
188621
119170
262973
419800
138814
128295
433517
125540
259735
55951
423640
90319
194599
98098
164639
258272
252013
111102
172094
246213
184588
96944
419613
237751
120094
19512
255804
173682
70888
260339
251139
172710
257861
417426
38227
247193
172687
235806
185192
415337
257932
280549
183223
5576
195046
289994
161670
262078
166229
33365
4640
429189
194419
431916
145387
258910
414356
181683
96062
36694
241872
144675
93687
260775
281497
238988
93399
259032
153398
247023
126027
247724
188912
247638
153971
195435
174536
419212
47411
5540
418737
120093
111841
25058
38831
38760
189206
126036
429314
164761
247010
19129
243951
166139
160061
173231
160088
64208
180665
38876
92195
48339
155668
173187
173831
118190
433216
155822
148760
93490
145312
39023
236006
164374
38832
417777
141293
165415
187860
253010
413824
428177
148358
21928
36740
188793
419797
5586
253673
248397
420183
425458
253844
236439
166789
122961
234592
196398
159875
230420
169989
196112
156980
110590
119336
70793
261607
34131
235899
257882
36927
180036
194257
193862
98499
171109
147373
185933
193529
262846
423442
258722
423772
118007
190633
131580
93856
134207
257329
33230
161355
415827
152343
127993
185200
188126
230344
253775
185903
155595
187013
120968
291116
247171
391280
251514
257468
14790
149277
152796
759452
290043
117984
164226
164006
134509
258368
148755
258905
262500
236637
128051
171029
418744
167607
118336
251886
267201
143021
105728
156015
95052
112680
121812
171596
14553
168423
90721
118807
413492
51488
166196
253394
153243
124238
157534
237583
157532
186454
125978
290993
99051
126309
34170
70258
261044
9936
24964
258737
154687
19356
32851
187286
48359
154455
120937
11045
262367
188124
117585
156578
248473
32836
189945
280190
239283
182280
90297
409655
147394
257382
185473
154460
430247
252083
257333
118538
241424
137568
55740
195485
93558
171823
280737
136043
418015
230043
132225
64147
165704
190726
155056
155279
196476
240339
184165
144663
147738
55319
153505
252014
8727
240014
55739
420475
48362
109416
246100
291162
173198
105982
91900
131332
