36559
20523
82745
414259
246903
190491
414373
28503
72040
96974
186860
247239
259624
290624
51598
5074
80149
188297
158688
63097
87231
73810
191408
159044
152786
193313
157399
43520
166920
239774
419664
5090
159920
172174
257525
92900
172792
78153
158722
173325
189555
90178
158698
261044
28079
152451
95687
67095
26585
616257
158050
391475
55483
203065
191849
65038
194376
184592
158051
52544
56991
258139
159014
26875
417689
74056
193512
81941
28559
171545
280946
67097
627457
71995
158712
247799
380356
62719
251138
15134
156981
96195
33927
96976
163881
67589
202905
290120
258136
20203
49734
187915
159714
280105
251144
237247
72418
407958
248545
39685
56336
261943
188798
170261
183301
130010
27364
55477
50911
250210
40466
45824
192588
75399
80063
71890
257394
416919
93628
257527
10288
260695
172618
248549
87870
67517
80385
102381
36512
6027
180192
183965
91103
26588
187913
67102
759650
193995
30897
151632
59744
28645
172276
247002
62116
240665
70025
89687
50902
98975
156465
191322
154348
33899
237415
189648
52852
616354
23929
153056
44368
247327
631441
24543
32625
428744
409928
153750
24541
106534
24547
59555
41204
422849
1286
87947
110081
42497
98096
247241
247237
290628
168139
40992
421270
84663
193562
432201
14395
251498
239222
75579
35165
108966
84586
98890
160467
602043
290755
93636
55657
250623
20154
41290
158052
41352
92392
21936
30864
16823
195123
642250
158068
66062
185540
65465
261719
93899
250653
615738
157836
249228
415568
413037
96060
23711
202304
430132
162161
153347
257234
191558
71323
26797
189365
68301
53798
89300
261859
153402
96730
98883
425657
262680
55559
428540
62193
202354
237361
33600
105162
73043
241808
423252
41396
160452
263768
8134
94993
31381
98459
5260
290909
171833
62111
84590
75394
251390
417696
414388
240013
23714
89352
78408
163416
171972
92561
16922
414385
73929
28080
153422
51735
183699
39675
96853
58896
195854
24719
83728
81944
153400
188358
417299
290115
604514
161405
77515
106997
163411
97555
66552
25719
99627
258503
237421
90677
94345
195355
35479
241873
43199
93317
244077
239368
31289
55478
78017
243656
14162
415883
152038
52785
109342
66102
82634
187925
31637
75675
189045
250655
158857
259071
263100
41327
157628
26169
172130
76968
172305
68593
72037
93747
158019
422712
9936
73044
80878
250094
425682
69432
36135
94314
39952
79669
24373
430970
9547
25565
604887
9232
93987
24536
195971
183089
189461
37305
2720
238287
27764
81083
291126
75092
249420
97097
39438
56320
44670
156384
4118
155231
75677
23769
418849
240188
107850
170163
169546
600285
49759
39193
16386
106646
68667
290845
431052
95321
152215
280123
153809
197338
34678
432205
196494
91530
108615
97589
415565
103863
434079
151587
433241
44907
166591
78134
55694
88644
28445
198724
248381
56330
237693
252126
171544
165803
158687
79414
98896
262554
27370
2449
67758
82607
93254
192979
78114
93902
71860
76262
160158
290280
195857
75316
183873
153227
157645
54821
253422
1051
170322
55467
247242
21932
28387
409715
34639
202962
14242
155183
156594
86757
158064
88752
94634
96940
76928
159800
54819
98428
158163
108974
87886
250798
24946
189807
248000
94889
241872
4237
71288
236638
171540
97387
35755
154935
193509
56335
83939
237419
95916
6006
159691
74320
153222
422797
642091
99620
253844
157531
44869
161862
251499
258120
166642
10046
74910
151770
31077
185244
172098
248892
200437
163395
173972
26311
158226
291631
95437
186781
90002
160864
195172
68958
80512
83268
251568
252270
241476
252697
235897
163879
99965
26517
9425
256677
189847
180840
200447
158704
63506
194430
433186
183769
155719
257714
172829
84517
409623
90180
74333
238763
94614
23143
249086
73788
26845
164440
44367
66100
87431
243922
153935
196892
8124
186196
157879
89445
402574
74605
90717
65625
161428
55509
249105
94611
196111
60541
433370
413251
86854
33653
152488
15172
191323
69718
188984
290131
76151
239653
185359
48208
152461
186783
153977
51397
194337
50620
185542
257389
77654
83461
172366
291944
248235
168734
237297
50983
246255
73952
39470
280119
248628
106043
23419
73735
85615
163271
241405
151734
1412
417039
150824
108392
42071
158232
167046
291001
36545
41394
79240
70045
625
181655
170624
30851
170052
97459
429734
55466
412376
624042
189970
71190
247529
191326
201636
259141
23852
80581
79411
158682
416709
65680
152262
197717
201745
263107
418095
83968
2744
15862
151922
158674
253318
109718
72096
188359
627995
257338
9693
188047
152449
39331
187613
189359
86166
4808
244299
31370
157880
290119
429761
193312
636880
33658
9567
612013
50894
68268
26963
415890
60559
426095
246094
194333
237750
61023
169725
153464
75101
36454
75209
74284
427388
151445
59191
32627
259075
160163
165815
76168
52548
250538
167404
39674
164431
252323
249067
52043
40051
29543
51007
103708
183085
2242
180493
48140
44717
8024
152397
163412
75678
53335
71213
75911
4532
102273
107708
67757
26942
55068
248599
157314
64974
35680
14388
158702
243416
83475
238635
72069
259005
92334
31724
621324
71630
195264
258152
415605
165061
73796
198624
410000
27717
165114
259165
235896
24867
59891
9254
83658
153463
201641
243863
96185
6100
63427
290760
96173
24212
238638
98024
250575
186215
239663
246355
55469
88927
77678
36523
239712
160061
248559
257383
251850
246741
39832
74367
247331
98163
29197
78813
62394
164955
431382
93742
107551
190497
69612
69791
58903
260860
14123
50379
33982
89444
170147
174044
105172
75361
198780
75099
241482
51469
164546
26994
76156
163278
290477
34365
16955
79230
68982
162197
91437
24502
188796
100823
86816
31175
172642
58003
80776
72484
78556
51135
183730
237808
153423
21059
54855
106482
65994
162648
194973
193300
59907
98813
238617
238489
180817
163941
27306
104380
163275
249098
62980
243838
616260
92396
95478
68957
413101
9529
51893
291638
161764
158214
169143
173094
9635
24531
411553
194772
290376
259144
6270
199183
84973
189622
2012
168889
97588
110730
72045
252365
192368
202697
290762
55033
86130
424583
248572
248181
56337
163565
33994
31378
433308
643739
428778
164444
153245
370032
642384
99617
161353
82910
88952
99563
72955
78812
155227
155388
67762
59764
413492
51425
24538
50900
30891
69431
24539
256037
20008
428512
27765
35544
253843
250845
290987
191304
249998
257386
63362
55284
202124
409698
290114
158247
58957
422804
41014
163485
162171
163422
173328
67653
257716
41140
89841
290599
230315
155636
24507
429472
173731
28836
171108
174614
154933
88445
183087
191989
428505
230508
241824
153936
643934
616445
60643
46007
257397
69075
246739
171535
76859
188322
66101
41203
99129
162953
15800
238753
55475
27818
194735
100544
415810
291545
258129
23713
253487
155773
83947
96772
165932
158746
157560
173751
238196
50473
885
418436
257227
162167
79332
72048
236004
72039
9818
1362
6166
15577
94341
167950
419840
98050
81654
173338
164954
89935
94520
71678
426097
98360
184696
52868
417678
261771
67147
261965
27772
180371
248621
260721
291326
194379
73808
85622
248553
54268
51682
55707
54810
196109
41772
87114
187921
194482
77599
64613
67331
41264
417384
415606
164451
98023
85605
99306
54814
202018
154157
658880
411024
42743
34388
167993
36547
160600
88795
248894
65671
196119
759462
25725
50378
188368
169042
209
161427
93382
2750
95654
9549
169968
195124
607038
25349
26467
88793
57243
183962
262229
87988
78666
247091
417694
86922
238941
174322
182921
65732
182381
172368
605805
78407
162606
416679
239772
71633
250627
158058
80020
33646
195759
58275
99996
251564
412390
35455
9605
174088
164006
27817
57670
251026
171448
93475
41267
81481
172281
31058
40927
248014
161421
9466
248237
163860
160150
73817
62196
23857
154941
419799
169139
6073
52347
40656
75914
93634
14368
44516
163441
26914
426371
33925
241481
188620
62312
158710
250794
77714
85401
243410
81495
155186
81487
258939
154728
65866
430977
426125
72047
45823
80245
432202
78559
186952
198788
34052
75377
150239
107649
244042
423306
193305
51690
162405
96773
162165
35540
33874
73794
153397
246014
51586
20831
68181
182922
5333
28646
423255
36148
193561
67760
27839
30390
102606
171547
77057
263101
425442
35769
252424
9568
156439
107574
237947
34838
79317
183960
53332
52026
63222
24211
27349
41142
50296
16044
94888
238113
173732
106706
59959
241003
252368
200634
40914
78817
157533
40409
245498
422341
30740
27994
167264
94994
100549
67404
412494
51612
167392
28111
106707
429512
249330
90131
167905
248183
250908
81496
241817
5070
56500
4680
50991
64752
159630
43569
9078
238630
98599
263084
96745
291636
110318
31111
162402
56343
78139
195237
252327
243414
626749
97552
50311
27204
10439
422380
163274
155282
212
77586
71917
174270
240054
245934
290127
406532
158635
196721
158701
251477
28647
170776
81500
107605
84766
411240
66238
78816
253675
247236
186605
94607
157965
165063
68167
106556
45666
74623
261766
79330
66726
41427
90040
95915
77589
600174
182936
416925
69823
98811
100548
171539
53240
169545
422433
85607
262678
108075
153346
421278
98795
91240
259170
238046
62285
260028
68168
153810
168890
257709
80038
83902
415887
241827
170166
261302
182068
63605
36156
184758
150207
11802
89934
246852
88245
78055
93320
92393
290125
67227
59958
158724
154759
93961
26749
158067
30373
189530
69435
58207
161420
160319
43038
85139
77592
163801
72035
628841
16569
98820
645626
51620
91397
90720
257155
189585
69360
241001
173342
414383
90718
50491
23684
182372
167996
24534
58385
83841
417701
60415
412776
70029
168005
99459
94605
39300
84815
8241
66475
56437
167425
27767
78060
29235
187618
94424
193638
29063
261721
280400
79158
198766
66130
254071
88127
75395
258137
198449
28465
418685
90667
60967
246042
166496
98816
400093
29250
236005
78815
102045
28377
40485
193501
26046
164169
23042
415957
94019
98025
71889
42685
172830
66480
40482
60597
422549
183687
83016
415294
23363
237412
78116
415997
1944
251848
153733
80873
188802
43969
158703
29222
100258
75093
240014
30015
192348
243354
71439
40947
646094
238989
195346
85518
24205
250866
189920
629148
291280
60540
409994
96103
65499
80622
78056
84376
36572
71058
67351
75994
158697
15171
246966
87885
158863
53295
158721
1841
33503
94519
92034
180119
183351
104196
261778
51158
80970
151517
97077
64829
164481
68765
183819
430971
609762
108093
75409
257711
237749
94603
194667
415886
91704
158691
257377
161852
414395
637163
291634
150171
61270
150094
9525
247408
24620
236331
121
15733
50909
99621
75674
63563
89985
78143
91171
14236
76167
167743
57569
264191
248050
202328
162266
78281
78115
170164
35119
71564
100219
152460
96059
66345
182036
182066
9526
183811
190396
99720
152469
156016
78890
44749
197221
158695
157646
41310
64731
12173
72563
71336
257395
167401
194513
407877
247642
281378
56346
151748
28159
33592
169699
13019
192357
35669
238545
152257
97159
245653
106781
40675
39834
73108
78391
81921
163306
258147
28214
91253
54867
69891
68119
213
236976
194345
166711
164439
422884
85354
416914
190572
80582
253586
429180
163277
33758
153743
237676
259140
72322
84665
72373
258718
257272
16428
169611
193308
78184
419804
12962
35693
412639
21939
180038
162198
50590
196425
165064
156537
427561
171889
82251
97073
4147
73661
90650
90447
80143
54071
202544
290758
16462
36355
251473
90132
62668
189889
153240
78129
83954
155666
79925
58748
72775
81207
290117
261174
52905
39895
92501
154482
78124
249419
237753
418502
152767
165286
98955
67025
203002
150211
21355
106238
88959
98776
99367
189923
79980
62395
71895
11797
413824
168999
290421
11788
171241
171566
241242
261547
656879
153730
173684
161001
39847
62671
159600
97162
93886
185369
33626
180031
110317
248482
150095
248048
26841
91439
259345
257334
159431
409449
63670
411026
87887
78133
169140
156230
82746
263102
166654
80096
54811
245650
69436
80967
33929
185587
619730
93872
33561
98429
171598
80146
4537
197157
41112
150973
169153
173339
150476
160648
53752
168383
155226
30814
20400
89513
192358
90064
27318
257214
9827
413502
30561
172095
241485
2093
130009
151467
36083
90181
237579
68709
185245
194738
84755
419807
67993
58740
246402
195263
181125
71431
9864
154384
202961
99532
172160
238627
78583
195864
23332
24542
88138
261853
15536
161387
159313
68715
247328
67753
39596
59195
230316
62872
153753
84225
105432
110041
98287
246498
81082
197860
180374
26848
154756
162183
183748
52537
68433
172301
82928
238976
243644
155019
433242
75908
110394
26746
193298
155762
99442
201369
80404
65987
416885
248975
30381
90466
85177
51404
51790
100174
158723
237945
95603
68956
152798
68935
97553
264479
247639
166991
201642
86175
35670
90172
97158
158373
29443
56134
184593
251826
193107
76524
191325
189927
420818
59581
56345
98047
247523
96166
57863
24498
8195
150655
100878
107585
172309
95876
290761
48137
90668
153763
380383
193921
238491
154076
190494
98879
192350
65664
97141
41191
160646
189800
249102
86908
82983
238978
170150
429192
76147
168342
156585
88502
404696
158666
78400
429189
252324
79490
189797
86924
86025
189360
94021
411239
43568
107636
83311
66732
245496
69894
78052
182380
153501
66129
258026
420509
433244
91961
429406
158244
91819
246408
202125
39693
196117
79241
86354
259161
411325
260182
170289
88552
155770
186779
71019
81484
76279
416922
429191
50306
59440
56502
152128
237886
83944
236349
43240
261687
60652
88318
238614
40948
249076
75091
67055
91169
106701
163443
262934
43724
76747
265179
415029
25825
11265
82406
158683
78809
81412
67756
23439
244304
161645
238550
84238
5603
37323
60538
65627
628479
108905
169420
21938
91821
193950
10009
251143
185477
65867
248562
169432
252134
96181
93391
155772
105891
194377
79331
55725
251825
73657
187882
245541
94964
39558
41803
2185
40885
189895
72078
161424
158706
248890
188704
422690
153728
250654
400786
423441
187615
2995
39905
98402
237001
429208
257381
237575
38293
230348
39235
164230
78053
291335
165774
252695
92911
9079
171498
173996
380114
26477
99291
79086
251027
190434
65733
189341
70023
165113
196116
251141
616327
427870
196325
71777
759450
39533
180372
51736
239769
153255
195396
190490
36425
182769
66383
15393
170296
86643
41271
411218
91691
201856
97590
230147
4810
97617
56782
261548
247533
158725
423423
193315
291285
291301
156531
30221
27250
68708
58932
98781
78665
280825
255576
35545
606237
290978
248175
60840
190770
164449
80388
85210
412561
94296
78710
168980
619367
99457
28030
189344
14316
92387
92553
93959
5081
89944
102352
250910
96938
59770
391132
75100
32037
251847
150922
192356
238636
67024
94390
250657
162491
156092
236257
94251
237408
63658
164366
236268
86774
94613
83950
75354
30530
31677
245936
80035
200209
237969
4811
416923
82914
30115
173984
99456
186954
157333
86913
27035
72036
153071
62223
50211
71949
89464
191520
86167
237558
80921
95273
249425
262624
43676
416813
74625
425660
44524
99625
93632
238745
104898
180036
171106
244040
188
28179
241425
196327
173330
68936
87230
8055
251452
238488
163279
252696
158487
184590
157834
81830
31113
95035
103711
24710
158162
259159
250658
433245
261019
164349
96165
76313
75625
11551
62890
615454
236261
202768
61184
194767
169172
170949
78054
57058
50036
73964
54065
245121
156532
80849
160886
171107
416715
202657
51600
52035
65792
237424
241330
257173
90465
44932
59740
50006
26476
252596
188707
193639
628487
65169
182371
160173
195859
86941
431352
67433
89726
192990
63473
420428
86306
80282
79232
158671
99057
63715
85318
198625
186871
257162
427670
152251
40924
90669
50175
415303
421959
153244
2180
108769
154147
83083
194815
186651
154915
155822
433594
36050
50492
35555
254202
183969
192909
152263
170674
164432
153210
152258
188653
41324
98616
56324
33928
197874
98285
189888
238761
258855
421917
174037
171589
78861
55069
616200
29509
155321
72774
158566
193892
5607
50799
153737
418130
169810
81358
100517
192181
250630
161359
95052
48128
183686
59956
9637
249084
71474
181657
240011
84582
201277
90397
63496
95621
33659
263106
248624
188787
159731
162177
35267
58737
158634
185583
73527
156580
235987
427562
198423
243726
41786
30816
36309
259355
646265
38385
192502
54552
84583
413099
202353
163388
185370
40476
40861
80846
159650
82421
15638
1920
186555
61193
20863
87991
74017
246311
248148
31118
108048
191526
416929
34925
73409
40046
74995
4194
160720
174576
248189
50288
79327
55456
80969
416811
80402
60191
153974
90663
164407
83854
68363
68428
41620
75708
238120
155018
28558
198269
77296
188752
241486
156015
60564
86756
78573
88728
73056
238304
66131
291000
230247
155030
422796
261942
50292
83337
152220
155277
84458
43451
151505
84082
170301
50855
98814
86170
244305
253208
250832
252366
109545
62358
71804
32741
23771
56326
15999
72717
71168
2043
85620
252135
30898
1530
158220
40070
258154
182923
169232
50897
167430
150775
251385
97938
94608
34050
290982
108872
258936
98784
169935
87477
193371
156982
162008
159247
107528
161644
162173
192503
65440
66321
40673
90436
56554
80799
246662
1879
31157
423267
193912
78875
262058
50871
55474
84467
258128
84808
426543
424900
250909
77636
56354
98965
155823
51446
262846
91528
62164
28132
237164
66879
82721
79233
88520
155771
198288
187517
248132
600289
202351
106251
239220
245308
44349
153714
8755
616296
23107
74311
192594
171543
190636
622460
253063
281082
237141
253023
420477
165369
20645
194343
251858
98954
77370
23142
93328
249100
41266
106400
249099
1050
422340
183116
259073
249999
248882
154316
245173
78495
26042
173750
165163
190808
173976
89459
41198
23607
247786
632494
16655
153724
237674
192184
100840
27401
9633
86510
98815
49720
35268
93626
173971
94632
260474
193029
606971
97620
25566
159715
26104
83949
265063
97460
190653
161027
85821
188550
250460
189343
244241
257770
97941
75646
253266
202850
71956
192630
71891
421190
86212
77582
241821
51343
261644
248167
6315
174177
201086
58758
800
80229
9980
421891
86909
95037
170302
45819
70055
95378
200657
84816
78119
25622
600563
230341
53218
201012
56133
27402
659106
106361
158216
167250
90321
88506
78862
92249
429967
290287
257078
194515
50898
78394
414389
78808
62874
77587
158107
247641
167742
193303
78149
247047
165814
91338
79201
414260
109138
43939
109703
30815
64774
58751
72504
192857
245808
169937
106322
27302
40138
91170
188835
189928
249047
73396
188983
182767
67994
41059
91097
261953
659403
22221
173974
261551
162175
194338
193919
230326
65060
79988
74003
98214
160698
243377
280760
56365
280104
263521
51731
412047
90507
60618
80142
89608
75630
90686
12102
156385
423519
62393
157534
89301
230274
44812
99759
73815
422547
77572
38294
58733
9148
421066
412495
193510
76164
9464
150184
69669
421628
56353
182069
73217
163884
191522
173343
85361
246217
88981
419841
247725
52267
86815
158740
291281
165665
257713
164624
237192
152796
63564
100617
96765
65141
63224
250212
264729
169866
192593
66723
238319
291325
84972
291
245291
167267
70028
241002
170298
203102
261685
66352
90199
202522
193314
152237
86307
189580
100616
242280
86911
87208
161422
50502
160865
58899
258116
50623
108975
248629
99806
414390
194334
203008
152396
195239
155720
156578
44849
53118
87420
238988
190348
90713
84756
78496
44729
249081
75208
158567
34085
89689
165368
150677
42516
245022
50906
108419
66855
73233
167952
189374
158678
152797
154351
27152
73461
190575
165816
404695
189617
51006
37405
102712
98963
237889
170300
51665
190432
193317
412778
158057
290458
180465
68284
5602
81359
95616
54878
51571
152795
55872
151444
154387
164907
250835
64999
202746
97096
58720
75373
629351
1278
36082
79920
608269
193859
40565
55632
50873
88904
412042
195256
190441
248547
24828
169145
248177
9347
94604
248608
428543
151507
182384
291284
191847
1924
74656
98912
16571
419226
95459
174139
71202
190489
606235
65367
91785
75206
404375
153348
417686
40766
77298
409655
90711
96959
151516
31369
187878
1125
55525
91168
80218
87528
77704
39181
240007
161491
16980
15794
417688
24154
130021
66725
78389
413098
253479
244302
98053
2297
235988
416812
426761
85568
5984
50903
9236
54877
183750
230784
249082
193306
88582
78849
255854
88532
421716
290379
194737
167428
151500
40280
188799
95127
422397
200870
158637
421645
27305
188321
85040
41024
100552
202597
53241
248883
71896
105208
187879
39828
75366
165666
166712
411025
51738
88553
425958
40974
74992
153352
237928
172285
171534
241660
252369
153738
174089
27523
291328
53103
180029
622458
77583
240092
78560
181044
85604
159024
29358
109709
29196
405959
85819
170294
158229
156366
33595
249169
262679
52626
195760
68537
155540
616437
93986
40029
88616
78148
23144
241160
158225
300277
72561
247821
164232
73166
32622
247800
24254
257990
51344
96193
86644
248546
80874
85415
859
107576
414557
171029
94344
109719
105923
43799
424582
165771
22399
409713
182421
15734
616196
258141
7941
59255
409930
159281
200972
71604
63636
280417
188648
92397
162593
98898
39391
22073
44761
86935
93326
162761
192338
58735
196053
75325
67766
194137
417690
174189
75011
419798
197901
189201
98893
73346
172511
188292
203176
80036
241828
40994
162007
23846
103446
652289
83940
230333
173983
187924
250834
54605
162937
241659
68799
78554
79922
616491
99489
421373
55471
237576
35288
79691
186213
243413
50899
247726
85596
75643
193310
189932
84134
248603
63607
180037
191118
52348
251658
54820
62873
52487
248611
98894
89941
99085
196120
158667
241801
152784
26747
247534
252166
69490
246904
202467
153756
183635
41754
27128
261623
96171
91823
202784
5048
161855
88142
74675
50872
165770
621325
14090
38233
34845
16592
259349
261221
244010
156436
71830
257382
182071
86516
69163
429405
71515
239558
94610
164547
431464
243923
193635
71631
165664
198037
248920
96125
30333
280879
67755
230507
55871
85402
100550
31097
247410
95639
98493
43515
240666
248550
182423
248623
260586
86717
188157
109363
29541
198525
155111
241825
608469
99719
172525
237400
164231
418208
194769
80247
22282
237178
200973
188367
247839
245513
155275
158636
5598
68080
33599
195122
185475
180818
97921
43352
31375
100195
163862
189075
51211
35537
619196
419162
201452
54777
201061
48179
2295
36513
65065
28340
235757
198348
246356
8415
257224
258125
152036
86203
159286
96172
238118
170158
657600
167998
99458
43689
88329
78181
251940
189931
102513
5393
241123
174573
82744
603926
260923
250807
86277
245021
75391
100614
20351
245326
236975
104654
93393
87872
165911
66831
9174
56505
83839
88469
57241
257388
257526
237115
432904
39188
87110
417412
10197
258109
55832
154161
155387
416807
79099
71989
84464
181043
248809
152453
259067
290811
431512
246965
164636
64763
96944
9560
155563
257219
74660
56643
50289
105922
153729
290629
192808
91820
39240
241487
83659
264523
60398
245306
44716
62891
39515
252421
289991
432380
417683
67739
37410
54017
80341
55479
9520
24549
59928
84450
74283
94342
158101
251475
197861
416915
170785
247001
160161
247029
75907
202273
168116
65508
23845
174644
162406
93396
163145
33685
241163
158663
94870
81205
248680
202089
81811
156494
193506
626
162185
72822
55713
161406
86817
69638
108643
36031
155302
195164
26945
54018
162731
154730
57273
248075
257181
72077
159615
44517
68327
246409
192504
180841
83340
160063
95697
413714
119
257182
57911
190954
156469
174642
158056
72029
191303
50580
256220
94020
85400
195167
409758
252128
84571
87236
230345
73789
84917
170768
100622
62190
251563
189848
187911
236265
248579
97533
90723
68300
73951
166923
51132
161853
93456
76416
90724
183088
41732
67621
153934
49551
2709
243645
180028
174045
159732
247727
421276
50627
68238
24537
244298
2133
51426
79997
171003
57000
410709
413699
83953
406612
97633
20927
249720
400222
241419
428095
14082
158213
184330
153757
155561
98474
64652
58555
4538
417634
30592
606170
29193
182379
110393
167738
75299
414372
150234
69045
237177
168887
161346
152207
72043
156776
413038
78405
88053
426372
50025
73956
628495
99721
248615
73687
8752
1547
33729
257336
237065
605634
50416
153909
172283
169158
416357
185904
241854
173752
153026
1565
60176
417049
241237
26813
82422
163861
93904
194432
261682
192353
94504
67622
110040
71241
51290
9176
246225
252132
39228
608458
73660
194765
249049
195397
23770
161343
39415
71149
78412
413036
426588
14122
246012
192339
31832
54321
180035
82606
158196
159235
90678
69664
235902
50839
291161
61192
20234
88982
40350
165168
80387
163440
90483
99054
616262
85625
248178
98810
246397
9636
96936
414393
98097
166526
246001
55465
63225
159294
172302
238626
240817
163434
245654
244143
93635
59749
256219
280548
30868
26068
262999
195594
251389
95482
172082
188323
262840
158219
172091
190431
15456
38405
37303
163419
69639
164810
99624
257398
69678
908
9145
62110
76412
92795
243929
85755
421272
161003
172183
410239
432270
173131
194602
109107
60393
16927
2110
81066
257712
158680
409551
24763
291614
4682
74613
90665
53754
426375
33660
211
89397
189571
171879
24210
94906
10480
155906
246447
263033
162159
425123
173345
39831
186454
432905
34396
160468
193633
5610
187919
166709
172024
2156
94457
422259
79919
96957
41050
153401
55599
10255
28651
15392
87995
241154
80674
100268
230263
18125
166058
156490
153243
79918
74611
261849
239452
160088
2456
32591
106567
193993
94617
66063
158720
11267
153905
167120
231009
184973
261926
77087
251146
97476
71289
290456
26041
187614
78402
180033
51619
58633
78146
163939
166650
86927
109266
628947
83481
100728
198201
246041
100618
50896
68121
415604
72194
42987
35093
419797
50802
93
430972
88421
161357
80580
415498
87783
182021
192369
10035
159805
162168
237411
251857
416710
151981
35329
100267
261222
417693
51911
26309
88667
280550
245061
86356
239396
36204
4392
188549
259162
36206
171109
248548
247301
4337
202944
57037
65982
167426
87875
173890
246403
238754
152450
90676
247049
55663
156096
74218
235899
55481
59741
258839
201278
170626
35057
153398
258937
86920
5297
78019
23853
161538
50895
193504
54314
414374
238752
98797
158639
245275
248887
258142
237403
66742
248256
90175
164765
413106
257504
9026
251856
71953
97551
27330
19047
90450
82927
50801
11263
67761
186220
68955
100545
238490
77585
72148
88953
61754
237404
291105
94597
9150
24943
171353
24940
247528
93725
195970
9021
24489
95430
75390
86155
172094
50489
80612
259001
633213
600287
160164
248610
150099
99718
9076
615718
152259
153228
42961
90049
155382
55590
250763
16435
210
2359
250796
72074
164633
170227
431390
83596
56300
201640
192807
169095
71954
427928
21107
98977
152452
41039
152250
159730
69171
27362
191330
36561
161388
75525
10112
100856
81861
230350
100018
759461
54223
200256
170155
85522
246448
4534
96954
418690
426406
89690
71805
192631
65968
31362
42760
262426
74090
172280
69666
167580
241814
51737
40477
290983
73107
247051
9118
258177
39437
186272
170657
25582
844
24190
71449
25787
97069
24174
97125
263031
82610
157315
57803
411975
93543
86760
429407
422798
182422
433232
79628
241244
189614
187731
83900
247000
237144
110750
163273
251562
153511
66861
23346
159312
194775
107671
241155
166133
78713
239781
159022
102353
432040
153465
88054
250797
182389
83388
257530
169141
82609
51692
193893
158700
38407
27920
9237
194739
257387
67361
71686
84133
170293
39212
79385
44692
198779
173337
51428
257163
109271
202352
246931
31567
2179
182908
247303
33650
90050
9798
170304
185923
290759
4812
100532
40564
249104
84175
82873
40932
261945
290283
198070
27998
109793
202086
439
252143
196893
61029
183701
67740
84581
66731
237191
9695
56334
2997
616189
69162
606363
94340
413498
237461
239627
51264
67649
161646
628903
62670
161351
90680
29247
169544
172079
261137
94393
44509
13326
2376
40949
28480
171168
50628
249158
151826
33794
26269
152113
66132
417424
180842
153420
62904
171595
180966
153229
166495
68632
9979
188726
418207
13424
35772
77588
39467
79866
40933
185368
253321
624035
84666
25583
420706
37052
96561
152594
413111
50518
152655
158662
59930
238756
246520
100731
58311
281455
158066
94890
239223
81305
260556
108565
261820
43041
245935
95072
67456
87216
155909
254451
71420
83459
426550
77584
150315
259142
65494
43691
191527
38346
173620
153742
166922
10335
81321
86711
94998
75993
88929
69567
81208
5601
83928
73564
79412
55518
258133
32054
237410
78183
88314
181377
433371
78863
58560
97479
72207
280321
81869
173503
195853
280418
249021
59226
36254
171591
94892
150458
78572
173452
167355
50415
236007
185539
74612
154725
74872
84463
66124
68031
2381
151881
22279
80283
429726
96953
152255
238755
154936
262228
252678
188356
94518
85349
241424
182266
154525
166918
250659
413102
417101
230388
257331
171959
80420
96291
235900
172081
230552
33738
422795
98087
91692
92220
80518
17073
71283
429182
241656
253869
40278
57038
88725
36453
180056
172840
153735
191119
419802
88668
39772
189922
89032
250401
628471
50161
68714
428060
84812
428908
97070
87229
188795
413503
93491
433307
69062
180463
74626
74622
87527
154155
22226
174318
194763
89045
84930
102351
188793
627752
105565
51659
152794
37145
171541
180008
80098
102010
59584
300225
39611
98366
57127
75632
43571
417680
150097
658160
73962
605623
616281
41951
163387
257225
27946
201160
60926
237925
67846
98026
75626
195862
201362
252698
102918
60561
23851
2445
79921
28891
162759
186218
98277
431388
253265
59920
50275
50570
38811
423147
1127
201785
109431
15308
290990
161018
255579
173729
105431
61024
411800
237142
192981
202965
1368
158223
95830
8399
93430
154932
237422
88263
189796
245072
57968
429397
39104
184972
59768
411075
23811
78860
257710
76038
71285
201149
1000
73529
415813
250863
99443
153342
185929
157639
172377
182390
249911
413127
202756
98871
78125
81107
26228
96162
257378
27774
260856
104129
189572
185710
35694
60014
9080
152212
250211
616416
82912
79324
409596
163432
158958
173331
40463
258117
194878
99626
70063
166919
202946
100102
84452
249095
95496
81925
76165
433235
98897
612282
152221
616177
249022
249160
195261
417040
16811
169482
192989
153349
97998
78123
151197
236032
412046
29212
82109
236974
163418
75999
66853
171532
56333
39389
156985
161647
194645
39848
163430
610619
51427
200635
23644
51897
158224
96945
80845
258843
75410
33728
50297
107808
243376
74514
237849
261559
248278
191844
188361
281550
262788
180491
39521
202127
85513
99164
60179
162392
83378
60372
169936
31989
243406
190224
60620
84813
107543
259049
174552
237847
245937
51614
192183
80521
72149
97937
159803
34316
102354
26307
50754
155667
99368
172132
55491
290765
71952
189559
191140
187273
158854
87109
152114
59200
174087
75381
188964
40677
15732
151903
158215
68733
106808
23850
260926
80414
248676
152261
182434
160647
75633
68998
195437
167921
255807
9362
78571
36256
174444
160966
188851
247524
81943
257222
59929
91803
160797
75368
80472
51734
79400
74959
52749
253421
2245
156409
78420
160945
5298
93047
201217
65993
57660
56352
50163
248170
163355
55831
69112
60562
151495
260585
249069
607555
645054
153078
257390
52613
97386
68337
243862
237405
78986
180819
201470
254072
416927
78759
23441
33589
38140
1586
281757
39407
169161
418091
88958
168891
158707
94071
421549
108193
194762
85699
27680
163487
50901
57875
257165
91395
85883
202904
158505
191542
194374
80848
109136
291288
173900
623101
280126
60560
24487
198384
261400
191328
427596
262936
73403
36548
154524
431391
255806
250795
411476
239711
69595
66317
290908
154162
83347
162176
280398
80847
26582
87233
84591
169138
160645
240006
98162
627394
257339
160097
74790
259948
188788
416911
412043
290999
80671
68412
423254
155764
80880
236256
1549
243646
614675
158102
166525
152085
639950
93844
150649
81111
238338
195450
95788
158699
67450
172371
75397
62618
5304
92042
88141
433184
238119
417038
57690
189366
238625
159795
27423
77091
72226
245070
2181
193499
168362
247798
257531
160060
153719
174554
31033
41997
150242
180461
246519
409853
170148
108976
44970
27993
85411
433187
167731
191525
627389
238048
100862
194975
7940
70026
433221
254068
58150
44756
72143
257050
33637
9048
261966
181569
193500
182954
69897
406526
84585
248255
402503
246781
93502
166585
415603
409854
94636
154934
240046
94873
167994
54388
257329
93938
38232
247975
180839
87874
155185
86910
238551
201037
260866
86925
238117
259169
153224
633212
280122
85706
173975
152111
73277
156616
230313
289
197373
58454
86156
19068
69723
163417
2860
159806
257116
238114
27400
236269
153351
82569
425444
169753
163280
159645
26990
759458
98809
183963
36546
49549
32550
172307
154778
85713
180846
82304
88556
156496
249090
173052
9570
72010
248684
180026
91471
170290
68937
426374
153242
81917
80522
247407
53793
605385
153967
237930
8405
84667
190344
162403
163442
421644
413495
23855
41776
80410
5248
155767
75671
161572
171352
248682
195855
71832
188158
628897
69017
236330
248678
7789
260857
78130
432042
81737
159237
36600
154914
50471
411219
193302
93901
97939
153722
259032
76611
251135
238632
75909
106998
92536
84460
77103
96417
9521
414375
187907
260022
193891
65503
195070
72112
95625
31988
82748
237926
43385
162101
290626
151512
55294
413983
280301
55442
67763
79325
74383
85399
80670
193318
244743
91689
56434
428098
251476
50566
72127
201701
40606
242122
180838
73231
290133
27661
153687
158061
87210
261022
413594
150446
75369
154352
61058
165411
69024
78859
155188
189647
103975
52938
42980
11806
200862
39833
247295
68120
433247
196228
156468
422618
100518
80227
258840
163930
58652
291562
182789
33656
56347
78955
59290
237963
37309
420155
93112
92217
23854
168343
88072
75672
243411
79509
104070
194139
29241
53322
172277
153386
10113
11807
167406
191519
71987
418645
248598
241806
247801
71422
69422
65153
77088
168115
93944
23285
66939
81922
180363
23347
72014
653482
153749
98553
166651
89906
33876
152249
80517
88056
35771
171831
120
93906
58933
43420
421629
23027
162400
259069
407803
153741
68633
173072
156528
251139
67358
16177
93327
98891
65992
248139
72351
173789
169547
180030
237809
430574
73972
27129
22032
51396
616304
56332
85514
191329
253486
156986
4162
236008
254635
200133
95914
91784
82405
91379
196925
154664
250846
89110
198587
39189
78555
61782
22009
418699
190117
200270
56970
67348
98817
103090
246211
185354
72772
186269
44715
171120
99631
82347
63281
159287
163042
71434
41004
62683
198611
236046
421470
31723
184976
159023
154757
162781
109419
6110
196329
36146
432680
163732
54464
183789
65061
51596
421555
257380
255842
259139
27843
238615
58494
165261
67765
71900
89302
163420
50493
203009
41936
251941
254061
628472
241823
91293
251136
188366
153350
251491
63675
27948
194759
155323
240206
419800
75644
263099
155056
92577
413104
71628
74627
201444
261720
15084
162395
64902
40465
240815
625376
71899
39187
260282
417699
73790
404697
89980
416909
249634
2444
188725
171538
420847
80221
188294
194600
418966
85179
99533
251023
628739
491557
50846
193296
30704
93364
201279
162170
259354
424716
170299
59881
62667
414163
202945
93434
247244
291563
172076
432740
100202
69724
54818
201363
98286
169231
159350
67518
173347
105756
31112
76422
159797
195252
68128
97071
61144
188635
87328
57214
75126
40459
23458
100620
189115
152216
237848
68068
107670
158060
89443
48147
59378
201818
65672
68131
645
41234
16066
21937
25576
56321
154154
60394
409735
193920
197227
33960
59767
248173
72094
153971
80064
192980
81920
8753
250843
418967
200307
408431
59387
27525
246234
247519
80144
154152
23378
91703
49567
23076
25822
247243
622
91828
9188
27328
280121
158694
155761
380115
33647
248056
831
194599
66159
263034
9091
42057
410958
188730
430616
201456
31371
80141
84705
185243
83270
50937
74604
75098
200507
192957
72350
261607
150137
151631
248888
68411
190748
168998
94011
416619
20166
55562
80403
290756
90324
50272
162174
166827
50313
404479
184594
9548
159697
188800
172162
237964
616448
252635
250724
31372
249079
67023
66409
166710
611670
414394
80219
37368
198633
87119
230262
81373
154159
67005
156963
20596
2729
20090
162727
172080
83338
77763
5336
417700
404779
189894
96111
258921
290122
424496
89609
173451
158568
20805
153895
65340
162166
88649
75104
262849
193991
259347
180041
96975
94016
422386
5165
406613
99053
68127
91096
39626
72305
158059
56555
194976
86673
81947
75355
187918
165287
422011
290991
248350
33826
80197
165804
202998
169752
250836
28899
86813
39185
190433
44391
86560
41399
202575
67320
241159
182772
169842
170161
291002
21929
260927
54864
95036
759445
240055
40330
67319
243643
163269
166677
260589
8040
62480
33651
158228
160062
34807
165772
108099
171749
251489
250540
172146
75673
258145
415342
94759
413499
162806
169152
639951
259334
80099
616276
159289
153726
260697
190345
85521
182387
245025
259070
415884
63495
67071
161807
182386
10181
78558
172133
256222
40678
70064
157340
2738
84592
182076
62368
195847
109708
249089
415566
86859
88422
607560
168113
81105
163730
100621
100864
162760
80226
93907
153241
88051
33655
41424
262446
170911
280124
240037
9442
74856
97514
100860
90666
92102
90727
1937
249065
281413
151509
290749
607229
107145
200472
161345
161258
165778
182375
72859
163414
249063
174567
254166
180032
432207
9240
6011
87111
95622
193168
170465
8751
76014
190652
418689
44757
53802
150540
172839
100551
24941
41111
642934
9522
172210
252047
610352
98672
193915
59391
194601
16755
252514
40279
28504
183697
40873
103910
28153
419801
35138
14337
408314
290118
171565
26847
62225
41002
174555
93630
31361
248735
200259
261557
260865
168007
56381
192352
91874
191122
155228
414386
247729
195436
4200
68318
89442
426373
20215
158677
23440
31138
415888
84462
108973
84811
414162
97943
28260
193645
252370
87790
290812
413700
152468
246093
155230
421950
98467
87232
251492
195856
259023
166500
253549
50215
87120
78856
71532
629106
607558
413112
66160
90729
56539
81453
7220
416321
78145
97337
41325
415950
71831
73798
162592
245186
257231
159865
29353
251025
433457
26619
174556
57213
96937
84767
187272
35572
251942
77384
157397
167999
88244
51471
259342
247522
415809
240102
27203
60013
252632
246631
181470
34047
77721
98569
245641
84931
22277
249088
150186
4809
195500
26849
415767
158180
430699
97078
10441
66724
36549
422524
85410
75374
417692
84519
201875
167263
73601
77651
180576
51206
40089
189942
158486
253485
159423
159693
79785
87767
407962
200521
194802
245608
27815
83840
169146
80851
24193
259006
194751
32560
422389
9988
30351
161856
87525
195863
230327
412375
4067
40608
181654
433233
29542
251318
151501
73567
53128
78312
266259
54062
74616
249318
51909
430576
158684
187920
195845
90318
240748
20216
180040
183700
156017
237110
90509
412780
249974
168856
51791
237111
161154
77109
88545
51895
94630
96192
51208
73052
168142
68766
254069
102039
99340
73253
83277
40328
153976
172297
86642
100789
95319
153746
16394
68067
66161
81919
159768
87752
167576
90176
238621
75631
259438
69076
292097
248168
200460
35509
280399
56498
100290
191846
94339
93325
65731
80879
180027
241484
153716
166132
253673
45818
9270
412493
174321
44514
759452
16491
33896
93964
90093
154391
413193
251142
25413
16826
642400
88555
41351
55468
159695
50798
261901
173341
155276
80037
182383
249066
165230
180039
31602
166892
194378
67741
421193
51495
185524
192182
38418
194339
432041
58741
247235
157339
72678
9569
94618
151559
429727
91052
237406
85820
83852
249085
92910
157644
91957
250252
240917
71191
49554
430571
94760
83282
161425
5321
160700
9272
38229
408145
68132
69646
1529
194244
84138
250275
91226
194925
241826
200827
180058
404376
201637
33716
77919
14394
159799
14306
170292
79196
605632
237694
637669
78135
18111
422691
63038
414371
81076
40483
194977
11273
73659
290602
241813
37308
237616
194803
63657
153419
432906
164229
26846
413984
60642
79910
87211
184975
169934
185912
27682
195399
78409
158715
237407
412777
67989
628842
154142
63341
250864
248605
636733
171112
192523
259260
158402
80140
94606
51732
188360
250865
43039
191351
65493
237324
93476
67017
151511
85556
431008
90437
43220
53799
432333
609471
27775
100547
194138
248607
90449
105167
67021
61271
59931
150813
248049
192355
94779
193502
53341
155539
26780
249951
108406
30748
258153
202517
257991
42012
164634
237910
86169
192340
153072
195243
88726
32567
167429
151545
96319
93900
2183
31601
257052
431358
73170
91745
84714
158537
249635
95130
190576
245293
66559
616361
54681
28648
606979
245807
11804
27327
80339
162576
73722
32509
73982
419808
28676
230346
162180
158197
48005
251488
258123
185294
1457
75010
43421
172145
31373
162162
602228
195165
73658
153755
33502
259340
9640
200144
33591
248614
44723
251567
90055
230460
35495
19069
79645
85953
51093
187908
249093
34330
95417
237063
251566
260864
249949
75393
24221
620063
186777
55695
240668
73648
81546
74394
51487
94599
155029
93252
171839
635637
405958
261643
72690
23614
77691
93116
43031
173050
160453
78151
95930
86928
185713
202999
258110
237888
415735
81918
86759
249087
152245
35272
81485
130415
84677
79277
159796
54614
171115
71212
165773
290601
155215
38386
68125
85358
193299
32675
182937
172096
198584
31093
83324
241416
92221
163880
9626
161348
432114
195180
238494
409647
56167
188706
402173
413184
248552
606424
68612
166599
83842
189538
258754
162688
43941
30861
73600
4077
63716
192816
248626
154726
420154
173981
89964
652888
194640
188754
190496
90182
239299
161865
627395
183031
163877
616468
94252
259957
67590
181046
39180
157835
78834
616192
153125
415715
290625
608629
51688
81609
35273
254058
260925
67215
152620
63022
26577
79926
151497
235756
152219
54387
77419
87987
248734
409837
72070
97473
834
68938
258122
51998
95315
76087
192591
74629
184331
169700
26255
90319
94761
241413
251140
600177
201013
957
98782
66734
150976
130019
637680
415885
62275
151528
413494
251485
759649
56348
193295
193311
161005
155179
173169
185501
166545
250792
430133
86204
290126
250837
78121
51120
159021
421842
628839
163435
66479
417685
104100
415293
253264
29248
159425
644866
80223
63637
420139
194433
108940
2996
280322
53422
261718
165285
93985
170914
89940
188940
202960
237414
74958
60644
248234
162169
2390
72031
91783
174612
413491
230347
75676
290457
619636
600485
173973
262855
642937
72580
69625
173327
413340
89946
261684
165232
257493
27369
159148
70062
13022
240667
87990
78811
15336
81366
195861
51694
432434
161356
155280
156583
38074
66743
11255
607808
68144
252130
190468
98962
87215
86688
30093
153808
52037
48154
249722
83594
2206
759459
192361
81113
100615
37407
53292
186455
4231
251828
260535
171110
410754
79387
48178
429501
102356
260858
419334
400339
29357
32624
391189
92391
108766
71282
258143
30903
628473
162647
169429
84017
57384
257220
77072
50503
24472
291334
90721
97904
50854
162160
41208
433239
165667
74706
431370
96568
280390
291160
55470
11803
191327
429207
84461
413086
170149
28644
154385
200636
71235
50035
187996
25724
158221
39686
96140
83326
63220
82423
79446
252700
195356
659824
189930
65058
29223
169165
158065
163394
88327
159802
641377
760017
154091
63289
18113
238303
99056
161000
240775
40707
189929
43516
72956
51733
158696
429181
94546
170585
104888
78138
196328
414264
156617
237416
641378
628907
93323
89844
236259
161423
21934
180535
249072
189638
417681
10251
15307
5600
420371
426376
60506
97472
78403
281456
75270
40674
427985
193309
27945
24567
241869
421179
260928
9092
74382
606257
281083
162396
171823
247329
258156
188797
252364
180370
80673
258132
27006
16510
40170
73020
184589
63659
75980
156593
88378
110022
91875
65500
84661
69111
40298
94297
71433
230101
23773
85606
417962
67995
51621
170146
259849
53406
25821
180406
260584
193913
201443
38404
422396
243642
98960
97621
65730
96639
79793
56412
182374
68430
172378
86921
291615
28249
391088
241131
91396
152329
158744
10179
58930
241805
63042
81498
153937
2136
170628
75628
37406
172837
158837
98887
71950
24206
246013
98911
27988
109460
241241
434621
54574
290763
280323
186863
197006
410866
414174
189893
92390
40508
29047
261604
414558
197820
67098
166924
171596
30615
84451
40672
163391
81501
2157
237999
40607
99055
642085
167920
60177
153126
72142
107215
259860
249996
170154
51142
196987
61465
202322
99723
634631
245794
173352
95413
161772
13020
423608
173329
52939
15457
81482
159293
100861
24944
261605
173450
24504
76976
200257
35379
59769
36638
246967
54043
173334
253061
240025
201475
248149
93253
89346
59750
110390
159809
96164
56355
59894
280047
171588
58956
166596
27877
290455
9694
68634
249103
247521
93319
163885
194342
74994
25707
9806
252186
188355
415602
94391
34923
431580
97674
190698
611409
180404
30862
82404
39955
61752
152214
151504
95820
40509
159673
172303
66118
75156
27238
91946
161863
241657
89936
9227
159019
202783
58749
88447
266258
91955
162401
165370
650059
80543
61151
164436
74570
202549
41144
159395
197664
82608
90719
109289
624
244521
246155
43040
240920
170584
80248
72028
66200
84646
164545
167704
109702
153223
252597
153208
80249
55489
155637
152213
156535
83581
180460
169147
260588
173058
78020
87530
248606
433183
246968
92576
158860
89349
189919
54060
172306
171832
99964
93324
165777
56499
291637
170784
80887
249997
91822
430187
291928
181525
92794
94017
58389
19022
108994
10172
173453
187428
89648
248172
247526
190573
77100
91261
74606
182391
27858
100852
71685
73603
260855
257379
185612
614306
75965
160890
5475
245792
173059
51915
99051
74855
30703
251853
288
50047
73771
183871
182898
83865
71771
240857
68291
163148
153246
158018
172833
290123
56254
87560
35153
259352
72061
75205
95296
63037
248945
43519
88533
84135
100510
151841
94022
23438
197703
162009
173060
83838
75402
168501
162575
183870
181653
417425
250640
152656
2749
197686
151514
103737
75912
24500
93429
78399
172077
67006
170297
151561
154156
153685
252428
40412
173392
50034
433312
59762
54816
250842
68266
195398
81217
34314
65007
190651
93973
185474
49649
409833
238977
33726
237519
79449
247531
22033
201446
60397
616509
408313
5595
237420
198787
153725
237139
180837
63562
23683
188399
50291
91956
168888
98618
261136
97782
75212
155178
237944
68750
76152
90446
257396
257384
159807
72076
429179
93726
259861
418090
52631
41193
163437
237495
151371
99548
421271
98085
23965
186195
78877
153720
188639
96194
257215
414391
158638
49648
170165
241161
83941
89347
183698
407293
31376
90326
192359
159804
195518
416680
262856
194664
172382
74621
156536
29355
68764
192363
89351
90134
413224
230329
188834
79328
159801
58024
252634
158676
290810
202757
164435
61026
280120
95301
258146
28557
67847
187271
193473
247050
25373
433337
69437
74615
188365
616516
418908
237114
77356
74366
40518
68028
90384
67560
195064
89525
431822
92562
159233
174615
198190
247411
77090
259167
161432
190743
155443
14396
60399
173606
58931
41934
69892
80246
31380
413207
27368
78582
79646
261558
11550
163733
154347
94962
97681
56815
169756
33276
291282
243
82920
163431
73503
164443
20015
39604
98953
75213
62040
151510
84655
52034
62115
68627
80888
71301
159798
616187
85360
158665
28732
241658
79605
156367
251383
4403
98796
27539
90508
73192
252133
194240
91053
161859
42535
51613
160290
161808
58696
90662
236758
80117
54817
93322
181314
29540
241819
63570
152252
154758
417037
174091
39105
86276
71437
72582
75264
290630
55485
74999
202963
187555
167265
241802
248179
35573
27649
56556
77081
75097
74619
422533
77102
188469
37239
89303
162782
159696
69430
183812
59743
151880
186776
194773
50494
89932
411976
69597
422387
40751
78147
192365
84136
78810
79112
55486
198778
194768
251590
629116
167578
172078
418693
34331
252425
9175
39227
63646
49566
192590
248190
252127
48008
78314
165308
173054
77074
65037
67146
51418
247302
166491
32053
417697
230344
52575
251490
93490
64773
42473
627105
72823
88315
258504
78142
151499
110313
402882
237946
24800
41005
74997
245640
426308
158158
236262
91287
248182
420370
15583
635099
107533
183632
2460
2593
159396
249140
264192
628475
173048
159288
258148
50197
173237
98170
252137
42903
161360
71892
171537
241475
409929
20732
162645
83002
71627
255804
241807
74677
422385
66244
72383
249077
155910
190145
76122
170625
88521
44392
29242
51880
22280
92218
96190
194814
421902
91959
89447
151980
98818
182426
162196
27990
151496
5335
15242
79386
241816
83457
187923
186278
20945
79917
187917
86508
432553
247638
152459
253194
78313
167446
21884
90320
188423
33657
248554
36280
86634
90438
37300
248563
76011
411276
158718
600266
79263
51725
98552
172084
419803
55508
20721
108978
167906
202339
183118
88546
198723
40140
153333
29407
196115
94762
260026
23115
416713
93207
87207
628489
643067
96168
194771
163931
65624
416913
4679
246976
155753
241162
90674
45817
94781
61224
78152
240015
32558
201445
23116
81497
262732
237162
86040
191896
66040
41314
41816
24869
259003
409530
41680
257375
26195
180458
193511
237929
240858
432569
54813
174031
20799
100569
64787
159025
421279
61753
291633
57540
91877
75298
202859
180810
171170
41268
94871
197523
616292
78367
170263
89943
65062
72030
87214
11144
202769
261624
240328
25681
87735
40582
150915
87871
58713
78411
27741
66733
91702
186862
59763
170867
93255
78865
100529
252144
173127
24186
81486
195405
66735
425122
79538
172147
160866
167622
56964
261550
69665
158164
250844
56538
24333
168145
103620
248171
169751
605381
243823
238623
151769
622452
84883
96855
66253
606927
171119
196113
659405
416815
161028
160162
628478
69952
290993
251561
189550
92963
83004
74679
81832
161669
41398
238772
65665
57512
159699
51496
153466
51896
174090
193150
86294
406745
73647
246517
44613
22076
241000
1126
10362
158157
153226
79473
189968
258112
161358
86432
44298
160657
158705
59655
172629
195344
78709
75173
154350
78854
260470
91827
74525
186782
69298
2246
38153
230146
430975
50625
158690
10420
54868
72065
67970
153731
158049
36448
173333
263032
23204
239580
86305
161987
91960
171594
43414
193916
258176
155281
429178
181315
55472
260853
82312
246964
243848
241818
249636
163427
100619
9178
31897
168137
188372
255577
188373
58653
84681
418413
75623
95322
417251
88554
22502
57500
237675
59765
67103
74504
168161
259344
69142
186535
194734
56504
154942
264138
659562
195204
255718
78404
99628
5060
259956
164437
183633
54055
250838
192991
192354
174046
616172
150208
53656
250619
196132
253320
36574
193293
200532
171533
171585
51391
153686
58742
172164
181859
280693
107542
241489
56342
188374
158218
44719
170906
245540
9394
153060
258118
257217
151503
413103
38441
430695
34094
62165
195166
90439
159694
606259
72075
54247
81112
161389
71951
180405
167159
261133
172620
158227
84587
72581
96856
235387
151433
291311
82420
44707
183788
202558
67045
41865
400465
57714
81213
230102
290631
96854
62195
85359
238613
55482
411145
248114
31057
58285
140546
185613
414602
237887
151502
32559
241906
33898
72269
32740
254636
75375
152877
86353
172369
40093
245649
40563
44393
250486
78686
257715
150090
109346
68182
192501
183810
79990
190469
88143
24532
54061
90057
37307
191521
230927
247409
258134
249078
214
409885
422427
258155
153500
250246
36002
23848
202655
759449
62698
413109
162119
39186
155469
158372
68472
166989
41775
421548
151768
280725
31345
245849
44755
86715
185541
239151
250656
154412
158716
44494
81325
82915
41998
195181
92216
248886
97143
6271
155765
24533
626999
167685
414396
40329
93455
41425
61227
93687
161643
41189
72034
24202
158161
170863
1301
76305
170862
166567
24545
51419
430821
188369
55473
15246
194668
241820
97201
27054
249071
94963
78390
92986
80147
163488
24870
9077
72067
187692
58747
167071
432199
39183
75711
161002
38406
203046
51488
68647
20259
65549
158664
616277
66076
605
161578
84932
97012
15439
42168
55498
27497
246000
58753
110309
40052
59582
59739
427957
2411
40299
86714
259947
73809
90728
32626
173340
79323
180373
257226
95401
259348
86923
194753
69637
24195
183964
90715
54511
153403
201347
152456
10364
245071
196112
248612
150394
5305
257798
300224
5140
37404
182376
627393
25567
258127
39163
425659
26759
27367
96931
31137
195593
96935
65004
72044
37262
4807
40510
109376
194434
171682
237805
53792
188371
90177
418501
261686
93984
158962
260473
56362
50622
182377
93321
250626
239717
416810
237494
425109
96939
230332
159733
194641
67819
80458
40583
31092
55950
50572
237748
52490
258922
280118
181860
85986
2447
430978
418686
248885
5594
35380
153739
97336
91224
290751
410992
41937
243724
43230
31377
419806
41145
37409
107690
97780
292070
151506
71939
87850
80220
413339
230330
165410
172370
253478
94602
72942
249941
68611
243405
150092
166566
152466
249068
81301
156534
913
248889
80021
84466
417691
618337
420183
12105
87476
150777
100863
246011
41326
151733
619629
77591
2009
170690
56472
40966
194749
64795
258126
93943
171590
88144
173787
190745
6113
90325
195438
628485
249101
162394
432206
63474
42963
33872
252422
607358
83729
42675
250624
260361
257221
27150
50904
413809
237413
170168
421545
97781
248230
417698
184034
34046
74772
153723
82929
187922
84465
75135
86930
24546
190688
173073
243948
52996
69423
86713
52036
85520
163883
72095
78185
15981
41423
89348
96119
71789
162729
192351
193636
156533
108001
54420
74526
78131
74759
150236
13023
38427
79389
236267
238496
434188
49028
247240
430696
88651
416921
241410
54070
247787
72155
66851
249354
250867
262553
63239
403025
160999
182385
9238
94253
67505
409539
165394
181313
24200
201210
237766
245092
165775
27836
27480
63677
183881
161342
66243
77295
170907
81992
41265
417215
194245
74614
194643
195794
51340
59362
59766
158961
161949
67357
202747
29195
157316
158745
171890
250539
108873
195245
169144
25
161905
65266
55591
94015
170581
60965
150645
150463
290116
426760
167141
58818
43709
69893
29393
9714
50849
257156
35137
68267
171837
27498
68635
27921
182891
262941
86352
62616
254308
237751
174190
186214
81106
79474
88914
89942
258681
28483
88140
202085
425845
78718
81108
291329
94392
74029
255849
202948
195345
75709
45667
85663
241409
73055
154716
37367
51470
81110
253395
107598
280849
280106
411795
291312
73793
607842
90679
151544
66938
604
251827
238762
90883
260324
652896
152110
72579
198585
21117
59614
258938
72042
154411
155386
64791
150240
76440
249976
71095
189794
41025
260920
417682
161323
62084
41269
56341
2767
615825
291003
76927
110312
22207
73054
291431
49772
401210
155649
155173
193508
5590
98878
58750
416924
188833
189891
159333
602453
97088
153721
241404
30899
238750
22398
248560
195846
97480
195757
72079
201638
56546
29249
172083
161861
239826
187912
238631
14359
109704
259343
44728
28122
24942
33603
237112
110042
94631
158195
174188
249048
78566
110315
26229
151508
195592
80382
261688
43054
186861
98952
103395
411804
1388
78841
88128
291635
171597
190693
65502
259850
158679
23186
93631
31171
236260
60400
88907
57036
259437
44322
239224
96456
107946
427050
187926
47121
402372
246401
78117
164142
68169
187927
201214
615220
161004
195591
189896
260565
99963
241815
194344
169728
196110
237193
54445
190986
251842
83955
15811
34048
6058
24488
9143
79396
414380
170152
78876
14000
413129
56547
67971
93905
26724
73969
94637
30246
291327
77297
167705
38171
87329
194332
157750
72068
97477
194336
35691
248884
241812
188728
155769
78136
15368
30867
75210
55662
250833
8177
85211
1548
66411
95403
90648
251852
2472
428097
75360
249096
423444
54775
73022
73791
255805
75326
241406
257797
428059
251844
95626
65338
417687
154480
411554
160436
193292
290988
156529
31600
22177
183749
65984
194431
153759
250622
155278
71257
159698
102038
156500
16423
194748
657616
418691
153745
238492
431053
412667
16572
40912
616488
256210
84580
172834
201454
92219
8406
159729
156470
28650
83476
240477
197818
56349
21935
189564
66476
81350
195595
39694
187910
230037
154320
290128
54815
15310
74004
80589
291283
24203
42671
428379
98027
10122
4691
195169
155116
162397
165309
411483
55714
94874
600486
110082
290121
155993
31379
155390
230428
155907
172619
42702
248613
94951
51409
37078
164762
85702
56565
230314
189795
33505
165931
58978
54812
262060
15837
96744
413825
85290
157313
79422
248353
29390
71955
155495
54865
173346
252699
158673
154163
10438
66647
192364
249091
194243
623975
198586
41315
172791
612316
52288
172282
54793
86291
257049
260947
71432
20748
188753
170868
50626
79415
187516
258140
240246
60395
93439
642192
416712
82982
172832
33596
259622
391131
150098
72073
39907
415889
26789
181510
64715
156466
258271
291313
200309
419626
158685
24486
172365
69663
41270
191842
155370
79202
291333
56351
8749
169426
78057
62396
84572
291613
151519
174378
155712
430979
71687
249948
77111
109700
248180
238633
150206
71605
96771
76782
91339
411204
52285
429404
251482
250906
40512
84593
88322
95316
257216
66852
185372
430602
24499
191843
29544
91572
88920
427045
59831
252608
49521
249080
107648
174092
169156
184588
99300
37254
423443
195247
195404
172298
52615
845
156495
39673
50033
4040
237418
265592
259074
95615
80955
246575
151513
72038
84967
26410
4851
48127
75641
238640
31568
65991
152346
24506
241845
99052
91763
95602
65057
636075
257337
59753
88906
172843
280003
41397
248561
77092
413496
170159
9923
252595
43425
240816
36169
161670
162778
414378
152467
166134
163909
32690
74663
259004
21928
63095
195758
56802
261683
73275
190492
182766
247048
260999
200984
257385
50847
194639
251846
33652
54069
195756
41395
20731
158194
241848
44764
163308
188801
69356
54390
27547
50595
159692
71146
86912
56339
95313
259072
9528
93627
77294
161575
162929
159426
76554
56340
79329
80068
237998
183231
257702
251487
41038
40474
202656
161537
431957
65985
262715
230280
248184
5306
262860
430974
238749
61751
84974
151732
62192
167402
161860
157400
894
155279
14279
251486
80033
81365
93898
163276
252423
169162
9177
427174
249070
281081
53424
246410
256209
71430
237962
248893
59196
100531
93629
95956
56540
79000
259002
409266
250093
8400
71887
162779
236333
68269
186456
238115
100401
27660
66669
9634
50797
31619
202743
244301
261319
281457
96167
99181
251034
91285
161877
183663
11259
32002
158714
252620
247520
72032
78018
73973
2094
41186
152217
99633
615560
94600
28007
245307
603924
95917
194375
71256
250723
95494
257174
30018
66875
93856
52725
78767
195028
87562
89461
261964
6273
162958
167684
237927
43235
67405
190535
27366
252391
66065
412508
86740
9172
91876
36356
191117
250541
195197
182373
95128
380184
657720
200506
427051
262589
5596
430575
5392
250793
163926
54915
31390
96522
80850
43718
86351
159017
426404
258111
171593
27103
65990
171117
161350
415051
14374
34100
188794
91225
491556
251479
244146
411415
244567
240012
86509
41188
108972
27816
252989
96943
245174
163421
16
56132
98188
53452
31250
59808
89446
153510
164442
95997
194322
150113
162102
84753
159198
240669
75389
238748
87529
75398
263104
33602
80250
92913
182934
160888
163396
66262
258130
40567
83339
109007
80340
260921
198735
155383
51693
88266
163731
75102
78855
76417
243404
241871
94612
41753
150198
163927
4206
257285
159205
89344
412779
164438
430697
87115
189917
72691
93448
248565
93945
174138
41209
11254
6017
26270
261586
409716
152563
252836
153211
164287
75372
187413
193503
35494
427389
74057
87113
419625
238629
153025
21940
96631
247234
83310
255459
58708
81364
9863
87209
151498
83595
40676
261043
94616
23529
230351
261759
23223
416910
237752
57694
417677
158055
76304
157431
43504
150233
155444
68780
171834
158222
169413
50796
189601
45816
81940
625663
236045
73811
413107
153421
172831
74617
253268
201447
402784
230043
151522
201213
72097
173068
237282
258131
170291
290967
5488
600286
246313
428745
67764
254472
170775
152253
191557
109389
614461
63221
98359
44762
2010
433311
189342
431393
193914
153174
194774
260311
67759
182768
150445
248622
60182
81077
200522
251843
258121
170568
189846
162382
40679
260854
75392
97940
202126
158063
7221
98798
23379
196286
70024
158742
96174
39958
170123
187995
165115
239721
54594
93383
168141
253878
241804
189969
97619
5632
411820
250195
71893
23101
416808
10180
255578
612194
98976
182554
94298
419137
39014
257161
251137
195435
97180
193316
156438
154087
174171
63288
245069
91465
153969
628342
63223
417676
240958
421273
280554
80077
151747
191841
248555
28345
97997
65800
36522
183820
55661
156464
51785
61700
87217
172278
173979
173977
98880
188363
200130
260262
243725
151749
9234
94757
67355
183732
9866
168420
172089
418947
415707
99722
109477
37408
153740
291102
240198
153462
237143
90372
237692
259623
250839
904
640953
187616
249972
60174
427047
51894
69890
99455
41422
163429
83866
73787
236348
201045
88237
250620
249092
52178
86063
658001
195394
169159
259158
50938
60682
168693
87112
193818
168859
52033
263103
94891
157957
261606
152465
413696
248600
87785
97898
172090
36562
254059
84968
36341
247003
418688
187226
69078
261020
71632
249129
190347
262756
152457
161127
95318
93743
50910
169613
194642
2309
56710
5299
610353
160699
411462
616323
60416
39614
241483
62098
4208
246358
4083
257409
63157
153053
166836
416814
79929
173982
247532
1001
433236
159236
183970
99346
163281
413493
173335
257051
418601
642370
74850
201216
74676
51666
87522
27992
63461
249950
170162
15458
182919
65339
612209
174551
195249
89938
39956
158713
24951
240818
96189
170910
167703
15757
8401
248174
50472
290757
90703
84971
195439
61021
246357
33649
407957
28838
168361
262427
152210
183731
253267
159020
69596
40199
157317
183770
2218
251851
197001
68427
66880
251145
98289
73581
237175
174574
629308
96416
72773
290992
78413
280125
417467
92768
100570
14387
80145
183634
40050
97068
24686
165393
182079
8116
96746
89947
29224
86716
79022
1964
195265
155668
243946
186453
26036
9587
169423
200131
40313
75094
80225
72206
185371
95817
80338
201246
201346
173980
56301
290939
27997
189873
194755
157642
97080
49760
189892
35056
110244
83309
430603
261704
290627
152035
290132
97478
24662
25823
69461
50908
77590
60396
83948
85356
188623
157334
63098
250628
238616
168053
68130
182717
41141
99758
244303
4075
40931
183086
421011
248807
243864
165779
250806
35152
60173
85624
153467
182917
78851
50048
39652
2728
193505
156368
409850
84320
629501
413823
102359
91130
93114
83325
1414
194817
157351
91574
93256
80102
198005
154086
58639
97095
158708
258691
188293
74871
251651
98807
55484
419492
409852
39288
239761
83853
93392
237968
189202
66128
163423
60181
88908
78368
187914
75356
78128
154189
248804
201212
239664
22031
89933
431463
198289
243947
164543
171237
80301
150241
230103
165408
238628
30272
185712
161349
172304
170656
72006
93113
153751
89093
628476
169142
32688
72640
51157
43578
69588
290130
169610
169757
65147
153077
75096
159605
74328
105936
30695
65989
172793
58939
248013
162130
162000
26468
24194
91531
44523
646586
158711
430751
257335
432198
98669
154820
78864
98902
81812
25824
54725
414350
257392
69169
51691
95899
86687
76969
81831
87564
249094
67880
152455
72209
84131
96191
155560
91294
241417
67623
188936
154158
280419
243409
154090
240166
153461
613597
41426
160470
422523
38058
71888
38286
253193
260924
631709
25414
170160
241799
156002
35637
402891
247675
88727
251015
258138
426407
245495
86818
45821
264710
158054
23708
429966
67127
239652
159926
202323
419228
70031
99290
261758
261851
257330
88547
21116
156492
65263
67072
30805
98881
201451
58680
619232
412044
95450
173344
291632
188727
41402
10440
241407
162164
291300
86633
75645
230132
189887
160599
248891
658980
171838
26344
238634
194644
150464
108977
106670
63604
24201
68339
28545
98056
30237
180462
171599
83942
89907
24326
97970
79388
54916
418726
237343
61070
153070
69191
95234
163270
82872
88055
170295
13425
188791
104862
238620
97616
95623
24901
40472
168117
193297
168749
261552
202941
415064
163797
60539
247332
172300
9888
163707
189361
5672
85516
202810
198761
165179
91241
88145
32525
200980
173683
173057
79869
66667
290981
47160
411023
8750
433313
55558
66242
158062
83000
759651
241811
258838
202696
241937
183768
184329
415050
31985
171531
201587
38428
190650
65728
74039
164286
94954
74018
194766
236266
153754
50596
252129
39691
67106
261021
161354
30583
172655
33920
238047
50851
40840
67356
193994
4639
73234
88951
80883
420475
90681
59192
153260
6249
252131
10510
163882
194638
69008
258690
74607
54009
151494
419631
29240
163936
241492
78853
91239
36573
236145
190577
290377
41312
77073
184414
191125
83267
31085
182388
39416
97618
189543
156258
195852
241809
187617
154416
97389
69339
43570
167579
88446
33648
102056
85140
186775
20091
66728
104935
152348
193951
256319
78144
414559
410158
15313
103347
79671
155665
167400
95877
71679
75913
427107
84459
33601
105545
84137
63043
195395
180276
16511
759451
167158
78581
57035
91675
246518
28110
637667
82916
73797
84321
52431
409832
10672
16533
69101
96955
172841
27417
245024
30263
430681
23447
37301
151948
78414
81323
290764
431038
417969
73604
91337
159712
58868
54375
159015
430466
84588
36473
36560
241822
150314
162959
417702
191990
44759
80968
83336
200129
71959
85357
247238
158640
153259
56350
52054
172284
251854
418545
249721
159728
53358
172299
173336
55476
163282
94023
23710
172092
262847
241156
174446
93457
75629
81206
195745
98099
67567
601475
78140
76867
420846
195519
290324
186780
98961
244011
9173
242039
197859
238952
103434
55487
417703
85623
28649
65838
85209
75910
408569
159018
73705
63673
249110
280547
23712
53753
240339
57034
150131
100309
74332
87234
162728
201796
161281
73816
158675
188751
164544
75367
16277
88910
193634
158230
78814
249909
44395
247724
76946
86712
421275
76264
35269
182424
156437
252322
93587
239227
262059
100530
171111
22392
280401
45815
427042
79126
66119
162184
169862
171114
81527
185476
279581
66353
248921
1341
157643
244746
417426
169148
612191
2471
427597
258113
181754
190773
163393
89056
201211
158506
241798
51441
24393
26308
86224
164233
33593
102358
96163
417300
39161
192858
42917
99736
171137
413390
193560
41311
60208
201087
110399
24145
81946
431369
239361
171586
79113
195807
80337
162172
163439
421376
93989
427635
185709
22215
94018
93586
57069
419805
419227
99479
89386
99547
252633
249097
9273
173326
2448
162732
40511
81316
280108
161146
237246
202875
54404
202346
155394
262016
98022
110021
24854
156295
85412
23962
258841
154938
67216
94420
261810
245806
