    0    0    0   0.000000000   0.000000000   0.443602E-20   0.749177E-06
   -1    1    0  -0.541420556   0.541420556   0.220008E-01  -0.142698E-05
    1    1    0   0.541420556   0.541420556   0.220008E-01  -0.142698E-05
   -1   -1    0  -0.541420556  -0.541420556   0.220008E-01  -0.142698E-05
    1   -1    0   0.541420556  -0.541420556   0.220008E-01  -0.142698E-05
    0    2    0  -0.000000000   1.082841112   0.185056E-01   0.142215E-05
   -2    0    0  -1.082841112   0.000000000   0.185056E-01   0.142215E-05
    0   -2    0   0.000000000  -1.082841112   0.185056E-01   0.142215E-05
    2    0    0   1.082841112  -0.000000000   0.185056E-01   0.142215E-05
    2    2    0   1.082841112   1.082841112  -0.154184E-01  -0.141289E-05
   -2   -2    0  -1.082841112  -1.082841112  -0.154184E-01  -0.141289E-05
    2   -2    0   1.082841112  -1.082841112  -0.154184E-01  -0.141289E-05
   -2    2    0  -1.082841112   1.082841112  -0.154184E-01  -0.141289E-05
   -3   -1    0  -1.624261669  -0.541420556   0.111559E-01  -0.140842E-05
    3   -1    0   1.624261669  -0.541420556   0.111559E-01  -0.140842E-05
    3    1    0   1.624261669   0.541420556   0.111559E-01  -0.140842E-05
   -1    3    0  -0.541420556   1.624261669   0.111559E-01  -0.140842E-05
    1    3    0   0.541420556   1.624261669   0.111559E-01  -0.140842E-05
   -3    1    0  -1.624261669   0.541420556   0.111559E-01  -0.140842E-05
    1   -3    0   0.541420556  -1.624261669   0.111559E-01  -0.140842E-05
   -1   -3    0  -0.541420556  -1.624261669   0.111559E-01  -0.140842E-05
    0    4    0  -0.000000000   2.165682225   0.785604E-01   0.418667E-05
    0   -4    0   0.000000000  -2.165682225   0.785604E-01   0.418667E-05
    4    0    0   2.165682225  -0.000000000   0.785604E-01   0.418667E-05
   -4    0    0  -2.165682225   0.000000000   0.785604E-01   0.418667E-05
   -3   -3    0  -1.624261669  -1.624261669   0.582463E-02  -0.139142E-05
    3   -3    0   1.624261669  -1.624261669   0.582463E-02  -0.139142E-05
   -3    3    0  -1.624261669   1.624261669   0.582463E-02  -0.139142E-05
    3    3    0   1.624261669   1.624261669   0.582463E-02  -0.139142E-05
   -2    4    0  -1.082841112   2.165682225   0.100519E-01   0.138734E-05
    4   -2    0   2.165682225  -1.082841112   0.100519E-01   0.138734E-05
   -4    2    0  -2.165682225   1.082841112   0.100519E-01   0.138734E-05
    2    4    0   1.082841112   2.165682225   0.100519E-01   0.138734E-05
    2   -4    0   1.082841112  -2.165682225   0.100519E-01   0.138734E-05
   -2   -4    0  -1.082841112  -2.165682225   0.100519E-01   0.138734E-05
   -4   -2    0  -2.165682225  -1.082841112   0.100519E-01   0.138734E-05
    4    2    0   2.165682225   1.082841112   0.100519E-01   0.138734E-05
   -5    1    0  -2.707102781   0.541420556   0.124945E-01  -0.137546E-05
    5    1    0   2.707102781   0.541420556   0.124945E-01  -0.137546E-05
   -1    5    0  -0.541420556   2.707102781   0.124945E-01  -0.137546E-05
   -1   -5    0  -0.541420556  -2.707102781   0.124945E-01  -0.137546E-05
   -5   -1    0  -2.707102781  -0.541420556   0.124945E-01  -0.137546E-05
    5   -1    0   2.707102781  -0.541420556   0.124945E-01  -0.137546E-05
    1   -5    0   0.541420556  -2.707102781   0.124945E-01  -0.137546E-05
    1    5    0   0.541420556   2.707102781   0.124945E-01  -0.137546E-05
    4   -4    0   2.165682225  -2.165682225   0.582973E-01   0.409201E-05
   -4   -4    0  -2.165682225  -2.165682225   0.582973E-01   0.409201E-05
    4    4    0   2.165682225   2.165682225   0.582973E-01   0.409201E-05
   -4    4    0  -2.165682225   2.165682225   0.582973E-01   0.409201E-05
   -5    3    0  -2.707102781   1.624261669   0.871073E-02  -0.136027E-05
    5    3    0   2.707102781   1.624261669   0.871073E-02  -0.136027E-05
   -5   -3    0  -2.707102781  -1.624261669   0.871073E-02  -0.136027E-05
    5   -3    0   2.707102781  -1.624261669   0.871073E-02  -0.136027E-05
    3   -5    0   1.624261669  -2.707102781   0.871073E-02  -0.136027E-05
   -3    5    0  -1.624261669   2.707102781   0.871073E-02  -0.136027E-05
    3    5    0   1.624261669   2.707102781   0.871073E-02  -0.136027E-05
   -3   -5    0  -1.624261669  -2.707102781   0.871073E-02  -0.136027E-05
    0    6    0  -0.000000000   3.248523337   0.896206E-02   0.135657E-05
    6    0    0   3.248523337  -0.000000000   0.896206E-02   0.135657E-05
   -6    0    0  -3.248523337   0.000000000   0.896206E-02   0.135657E-05
    0   -6    0   0.000000000  -3.248523337   0.896206E-02   0.135657E-05
   -2    6    0  -1.082841112   3.248523337  -0.718666E-02  -0.134929E-05
    2    6    0   1.082841112   3.248523337  -0.718666E-02  -0.134929E-05
    6    2    0   3.248523337   1.082841112  -0.718666E-02  -0.134929E-05
   -6   -2    0  -3.248523337  -1.082841112  -0.718666E-02  -0.134929E-05
    2   -6    0   1.082841112  -3.248523337  -0.718666E-02  -0.134929E-05
    6   -2    0   3.248523337  -1.082841112  -0.718666E-02  -0.134929E-05
   -6    2    0  -3.248523337   1.082841112  -0.718666E-02  -0.134929E-05
   -2   -6    0  -1.082841112  -3.248523337  -0.718666E-02  -0.134929E-05
   -7    1    0  -3.789943894   0.541420556   0.374460E-02  -0.133167E-05
   -7   -1    0  -3.789943894  -0.541420556   0.374460E-02  -0.133167E-05
    7    1    0   3.789943894   0.541420556   0.374460E-02  -0.133167E-05
    7   -1    0   3.789943894  -0.541420556   0.374460E-02  -0.133167E-05
    1   -7    0   0.541420556  -3.789943894   0.374460E-02  -0.133167E-05
    1    7    0   0.541420556   3.789943894   0.374460E-02  -0.133167E-05
   -1    7    0  -0.541420556   3.789943894   0.374460E-02  -0.133167E-05
   -1   -7    0  -0.541420556  -3.789943894   0.374460E-02  -0.133167E-05
    5   -5    0   2.707102781  -2.707102781   0.108685E-01  -0.133167E-05
   -5    5    0  -2.707102781   2.707102781   0.108685E-01  -0.133167E-05
    5    5    0   2.707102781   2.707102781   0.108685E-01  -0.133167E-05
   -5   -5    0  -2.707102781  -2.707102781   0.108685E-01  -0.133167E-05
    6   -4    0   3.248523337  -2.165682225   0.709529E-02   0.132824E-05
    4   -6    0   2.165682225  -3.248523337   0.709529E-02   0.132824E-05
    6    4    0   3.248523337   2.165682225   0.709529E-02   0.132824E-05
    4    6    0   2.165682225   3.248523337   0.709529E-02   0.132824E-05
   -4    6    0  -2.165682225   3.248523337   0.709529E-02   0.132824E-05
   -6    4    0  -3.248523337   2.165682225   0.709529E-02   0.132824E-05
   -6   -4    0  -3.248523337  -2.165682225   0.709529E-02   0.132824E-05
   -4   -6    0  -2.165682225  -3.248523337   0.709529E-02   0.132824E-05
    3    7    0   1.624261669   3.789943894   0.179955E-02   0.522229E-06
    3   -7    0   1.624261669  -3.789943894   0.179955E-02   0.522229E-06
   -3    7    0  -1.624261669   3.789943894   0.179955E-02   0.522229E-06
   -3   -7    0  -1.624261669  -3.789943894   0.179955E-02   0.522229E-06
    7    3    0   3.789943894   1.624261669   0.179955E-02   0.522229E-06
   -7    3    0  -3.789943894   1.624261669   0.179955E-02   0.522229E-06
    7   -3    0   3.789943894  -1.624261669   0.179955E-02   0.522229E-06
   -7   -3    0  -3.789943894  -1.624261669   0.179955E-02   0.522229E-06
    8    0    0   4.331364450  -0.000000000   0.398364E-01   0.392459E-05
   -8    0    0  -4.331364450   0.000000000   0.398364E-01   0.392459E-05
    0   -8    0   0.000000000  -4.331364450   0.398364E-01   0.392459E-05
    0    8    0  -0.000000000   4.331364450   0.398364E-01   0.392459E-05
    2    8    0   1.082841112   4.331364450   0.461840E-02   0.130172E-05
   -2    8    0  -1.082841112   4.331364450   0.461840E-02   0.130172E-05
    8   -2    0   4.331364450  -1.082841112   0.461840E-02   0.130172E-05
   -2   -8    0  -1.082841112  -4.331364450   0.461840E-02   0.130172E-05
   -8    2    0  -4.331364450   1.082841112   0.461840E-02   0.130172E-05
    2   -8    0   1.082841112  -4.331364450   0.461840E-02   0.130172E-05
    8    2    0   4.331364450   1.082841112   0.461840E-02   0.130172E-05
   -8   -2    0  -4.331364450  -1.082841112   0.461840E-02   0.130172E-05
    6    6    0   3.248523337   3.248523337  -0.462302E-02  -0.129533E-05
   -6    6    0  -3.248523337   3.248523337  -0.462302E-02  -0.129533E-05
    6   -6    0   3.248523337  -3.248523337  -0.462302E-02  -0.129533E-05
   -6   -6    0  -3.248523337  -3.248523337  -0.462302E-02  -0.129533E-05
   -7   -5    0  -3.789943894  -2.707102781   0.446787E-02  -0.129217E-05
   -5    7    0  -2.707102781   3.789943894   0.446787E-02  -0.129217E-05
   -7    5    0  -3.789943894   2.707102781   0.446787E-02  -0.129217E-05
    7    5    0   3.789943894   2.707102781   0.446787E-02  -0.129217E-05
    5    7    0   2.707102781   3.789943894   0.446787E-02  -0.129217E-05
    7   -5    0   3.789943894  -2.707102781   0.446787E-02  -0.129217E-05
   -5   -7    0  -2.707102781  -3.789943894   0.446787E-02  -0.129217E-05
    5   -7    0   2.707102781  -3.789943894   0.446787E-02  -0.129217E-05
    4   -8    0   2.165682225  -4.331364450   0.346915E-01   0.384848E-05
   -4    8    0  -2.165682225   4.331364450   0.346915E-01   0.384848E-05
    8    4    0   4.331364450   2.165682225   0.346915E-01   0.384848E-05
    8   -4    0   4.331364450  -2.165682225   0.346915E-01   0.384848E-05
    4    8    0   2.165682225   4.331364450   0.346915E-01   0.384848E-05
   -8   -4    0  -4.331364450  -2.165682225   0.346915E-01   0.384848E-05
   -8    4    0  -4.331364450   2.165682225   0.346915E-01   0.384848E-05
   -4   -8    0  -2.165682225  -4.331364450   0.346915E-01   0.384848E-05
   -1   -9    0  -0.541420556  -4.872785006   0.810446E-02  -0.127976E-05
    1    9    0   0.541420556   4.872785006   0.810446E-02  -0.127976E-05
   -9    1    0  -4.872785006   0.541420556   0.810446E-02  -0.127976E-05
   -1    9    0  -0.541420556   4.872785006   0.810446E-02  -0.127976E-05
    9    1    0   4.872785006   0.541420556   0.810446E-02  -0.127976E-05
    1   -9    0   0.541420556  -4.872785006   0.810446E-02  -0.127976E-05
    9   -1    0   4.872785006  -0.541420556   0.810446E-02  -0.127976E-05
   -9   -1    0  -4.872785006  -0.541420556   0.810446E-02  -0.127976E-05
    3   -9    0   1.624261669  -4.872785006   0.631502E-02  -0.126767E-05
    9    3    0   4.872785006   1.624261669   0.631502E-02  -0.126767E-05
   -9   -3    0  -4.872785006  -1.624261669   0.631502E-02  -0.126767E-05
    3    9    0   1.624261669   4.872785006   0.631502E-02  -0.126767E-05
   -3    9    0  -1.624261669   4.872785006   0.631502E-02  -0.126767E-05
    9   -3    0   4.872785006  -1.624261669   0.631502E-02  -0.126767E-05
   -9    3    0  -4.872785006   1.624261669   0.631502E-02  -0.126767E-05
   -3   -9    0  -1.624261669  -4.872785006   0.631502E-02  -0.126767E-05
    7    7    0   3.789943894   3.789943894   0.226890E-03  -0.352574E-06
   -7   -7    0  -3.789943894  -3.789943894   0.226890E-03  -0.352574E-06
   -7    7    0  -3.789943894   3.789943894   0.226890E-03  -0.352574E-06
    7   -7    0   3.789943894  -3.789943894   0.226890E-03  -0.352574E-06
   -6   -8    0  -3.248523337  -4.331364450   0.425186E-02   0.125299E-05
   -6    8    0  -3.248523337   4.331364450   0.425186E-02   0.125299E-05
    8    6    0   4.331364450   3.248523337   0.425186E-02   0.125299E-05
    6   -8    0   3.248523337  -4.331364450   0.425186E-02   0.125299E-05
   -8   -6    0  -4.331364450  -3.248523337   0.425186E-02   0.125299E-05
    8   -6    0   4.331364450  -3.248523337   0.425186E-02   0.125299E-05
    6    8    0   3.248523337   4.331364450   0.425186E-02   0.125299E-05
   -8    6    0  -4.331364450   3.248523337   0.425186E-02   0.125299E-05
  -10    0    0  -5.414205562   0.000000000   0.620934E-02   0.125299E-05
   10    0    0   5.414205562  -0.000000000   0.620934E-02   0.125299E-05
    0   10    0  -0.000000000   5.414205562   0.620934E-02   0.125299E-05
    0  -10    0   0.000000000  -5.414205562   0.620934E-02   0.125299E-05
  -10    2    0  -5.414205562   1.082841112  -0.329751E-02  -0.124724E-05
  -10   -2    0  -5.414205562  -1.082841112  -0.329751E-02  -0.124724E-05
   -2  -10    0  -1.082841112  -5.414205562  -0.329751E-02  -0.124724E-05
   10    2    0   5.414205562   1.082841112  -0.329751E-02  -0.124724E-05
   10   -2    0   5.414205562  -1.082841112  -0.329751E-02  -0.124724E-05
   -2   10    0  -1.082841112   5.414205562  -0.329751E-02  -0.124724E-05
    2  -10    0   1.082841112  -5.414205562  -0.329751E-02  -0.124724E-05
    2   10    0   1.082841112   5.414205562  -0.329751E-02  -0.124724E-05
    9    5    0   4.872785006   2.707102781   0.821027E-02  -0.124440E-05
    9   -5    0   4.872785006  -2.707102781   0.821027E-02  -0.124440E-05
    5   -9    0   2.707102781  -4.872785006   0.821027E-02  -0.124440E-05
   -5   -9    0  -2.707102781  -4.872785006   0.821027E-02  -0.124440E-05
   -9   -5    0  -4.872785006  -2.707102781   0.821027E-02  -0.124440E-05
   -9    5    0  -4.872785006   2.707102781   0.821027E-02  -0.124440E-05
   -5    9    0  -2.707102781   4.872785006   0.821027E-02  -0.124440E-05
    5    9    0   2.707102781   4.872785006   0.821027E-02  -0.124440E-05
  -10   -4    0  -5.414205562  -2.165682225   0.545981E-02   0.123043E-05
   -4   10    0  -2.165682225   5.414205562   0.545981E-02   0.123043E-05
   10    4    0   5.414205562   2.165682225   0.545981E-02   0.123043E-05
    4   10    0   2.165682225   5.414205562   0.545981E-02   0.123043E-05
  -10    4    0  -5.414205562   2.165682225   0.545981E-02   0.123043E-05
   10   -4    0   5.414205562  -2.165682225   0.545981E-02   0.123043E-05
    4  -10    0   2.165682225  -5.414205562   0.545981E-02   0.123043E-05
   -4  -10    0  -2.165682225  -5.414205562   0.545981E-02   0.123043E-05
   11    1    0   5.955626119   0.541420556   0.151113E-02  -0.868974E-06
   -1  -11    0  -0.541420556  -5.955626119   0.151113E-02  -0.868974E-06
   -1   11    0  -0.541420556   5.955626119   0.151113E-02  -0.868974E-06
    1  -11    0   0.541420556  -5.955626119   0.151113E-02  -0.868974E-06
   11   -1    0   5.955626119  -0.541420556   0.151113E-02  -0.868974E-06
  -11   -1    0  -5.955626119  -0.541420556   0.151113E-02  -0.868974E-06
    1   11    0   0.541420556   5.955626119   0.151113E-02  -0.868974E-06
  -11    1    0  -5.955626119   0.541420556   0.151113E-02  -0.868974E-06
   -8   -8    0  -4.331364450  -4.331364450   0.254249E-01   0.364256E-05
    8    8    0   4.331364450   4.331364450   0.254249E-01   0.364256E-05
    8   -8    0   4.331364450  -4.331364450   0.254249E-01   0.364256E-05
   -8    8    0  -4.331364450   4.331364450   0.254249E-01   0.364256E-05
   11    3    0   5.955626119   1.624261669   0.406585E-03   0.510488E-06
   11   -3    0   5.955626119  -1.624261669   0.406585E-03   0.510488E-06
    3   11    0   1.624261669   5.955626119   0.406585E-03   0.510488E-06
  -11   -3    0  -5.955626119  -1.624261669   0.406585E-03   0.510488E-06
  -11    3    0  -5.955626119   1.624261669   0.406585E-03   0.510488E-06
   -3  -11    0  -1.624261669  -5.955626119   0.406585E-03   0.510488E-06
    3  -11    0   1.624261669  -5.955626119   0.406585E-03   0.510488E-06
   -3   11    0  -1.624261669   5.955626119   0.406585E-03   0.510488E-06
   -7    9    0  -3.789943894   4.872785006   0.408021E-02  -0.121153E-05
    7   -9    0   3.789943894  -4.872785006   0.408021E-02  -0.121153E-05
   -9   -7    0  -4.872785006  -3.789943894   0.408021E-02  -0.121153E-05
    7    9    0   3.789943894   4.872785006   0.408021E-02  -0.121153E-05
    9    7    0   4.872785006   3.789943894   0.408021E-02  -0.121153E-05
    9   -7    0   4.872785006  -3.789943894   0.408021E-02  -0.121153E-05
   -9    7    0  -4.872785006   3.789943894   0.408021E-02  -0.121153E-05
   -7   -9    0  -3.789943894  -4.872785006   0.408021E-02  -0.121153E-05
  -10    6    0  -5.414205562   3.248523337  -0.239562E-02  -0.675239E-06
   10   -6    0   5.414205562  -3.248523337  -0.239562E-02  -0.675239E-06
   -6   10    0  -3.248523337   5.414205562  -0.239562E-02  -0.675239E-06
    6   10    0   3.248523337   5.414205562  -0.239562E-02  -0.675239E-06
   10    6    0   5.414205562   3.248523337  -0.239562E-02  -0.675239E-06
   -6  -10    0  -3.248523337  -5.414205562  -0.239562E-02  -0.675239E-06
  -10   -6    0  -5.414205562  -3.248523337  -0.239562E-02  -0.675239E-06
    6  -10    0   3.248523337  -5.414205562  -0.239562E-02  -0.675239E-06
  -12    0    0  -6.497046675   0.000000000   0.234944E-01   0.358011E-05
    0  -12    0   0.000000000  -6.497046675   0.234944E-01   0.358011E-05
   12    0    0   6.497046675  -0.000000000   0.234944E-01   0.358011E-05
    0   12    0  -0.000000000   6.497046675   0.234944E-01   0.358011E-05
  -11    5    0  -5.955626119   2.707102781   0.229175E-02   0.155776E-05
   -5  -11    0  -2.707102781  -5.955626119   0.229175E-02   0.155776E-05
   11    5    0   5.955626119   2.707102781   0.229175E-02   0.155776E-05
   -5   11    0  -2.707102781   5.955626119   0.229175E-02   0.155776E-05
   11   -5    0   5.955626119  -2.707102781   0.229175E-02   0.155776E-05
  -11   -5    0  -5.955626119  -2.707102781   0.229175E-02   0.155776E-05
    5  -11    0   2.707102781  -5.955626119   0.229175E-02   0.155776E-05
    5   11    0   2.707102781   5.955626119   0.229175E-02   0.155776E-05
  -12   -2    0  -6.497046675  -1.082841112   0.206349E-02  -0.939000E-06
    2   12    0   1.082841112   6.497046675   0.206349E-02  -0.939000E-06
    2  -12    0   1.082841112  -6.497046675   0.206349E-02  -0.939000E-06
   12    2    0   6.497046675   1.082841112   0.206349E-02  -0.939000E-06
   -2  -12    0  -1.082841112  -6.497046675   0.206349E-02  -0.939000E-06
   12   -2    0   6.497046675  -1.082841112   0.206349E-02  -0.939000E-06
   -2   12    0  -1.082841112   6.497046675   0.206349E-02  -0.939000E-06
  -12    2    0  -6.497046675   1.082841112   0.206349E-02  -0.939000E-06
  -12   -4    0  -6.497046675  -2.165682225   0.217847E-01   0.352030E-05
   12    4    0   6.497046675   2.165682225   0.217847E-01   0.352030E-05
   -4   12    0  -2.165682225   6.497046675   0.217847E-01   0.352030E-05
   -4  -12    0  -2.165682225  -6.497046675   0.217847E-01   0.352030E-05
  -12    4    0  -6.497046675   2.165682225   0.217847E-01   0.352030E-05
    4  -12    0   2.165682225  -6.497046675   0.217847E-01   0.352030E-05
   12   -4    0   6.497046675  -2.165682225   0.217847E-01   0.352030E-05
    4   12    0   2.165682225   6.497046675   0.217847E-01   0.352030E-05
   -9   -9    0  -4.872785006  -4.872785006   0.712089E-02  -0.117100E-05
    9    9    0   4.872785006   4.872785006   0.712089E-02  -0.117100E-05
   -9    9    0  -4.872785006   4.872785006   0.712089E-02  -0.117100E-05
    9   -9    0   4.872785006  -4.872785006   0.712089E-02  -0.117100E-05
  -10   -8    0  -5.414205562  -4.331364450   0.386916E-02   0.116858E-05
    8  -10    0   4.331364450  -5.414205562   0.386916E-02   0.116858E-05
    8   10    0   4.331364450   5.414205562   0.386916E-02   0.116858E-05
   -8   10    0  -4.331364450   5.414205562   0.386916E-02   0.116858E-05
   10    8    0   5.414205562   4.331364450   0.386916E-02   0.116858E-05
   10   -8    0   5.414205562  -4.331364450   0.386916E-02   0.116858E-05
   -8  -10    0  -4.331364450  -5.414205562   0.386916E-02   0.116858E-05
  -10    8    0  -5.414205562   4.331364450   0.386916E-02   0.116858E-05
   13    1    0   7.038467231   0.541420556   0.573444E-02  -0.116138E-05
    1   13    0   0.541420556   7.038467231   0.573444E-02  -0.116138E-05
   13   -1    0   7.038467231  -0.541420556   0.573444E-02  -0.116138E-05
  -11   -7    0  -5.955626119  -3.789943894  -0.461556E-03  -0.512900E-06
   11    7    0   5.955626119   3.789943894  -0.461556E-03  -0.512900E-06
   11   -7    0   5.955626119  -3.789943894  -0.461556E-03  -0.512900E-06
   -1  -13    0  -0.541420556  -7.038467231   0.573444E-02  -0.116138E-05
    7   11    0   3.789943894   5.955626119  -0.461556E-03  -0.512900E-06
   -1   13    0  -0.541420556   7.038467231   0.573444E-02  -0.116138E-05
   -7   11    0  -3.789943894   5.955626119  -0.461556E-03  -0.512900E-06
  -13   -1    0  -7.038467231  -0.541420556   0.573444E-02  -0.116138E-05
    1  -13    0   0.541420556  -7.038467231   0.573444E-02  -0.116138E-05
    7  -11    0   3.789943894  -5.955626119  -0.461556E-03  -0.512900E-06
  -13    1    0  -7.038467231   0.541420556   0.573444E-02  -0.116138E-05
  -11    7    0  -5.955626119   3.789943894  -0.461556E-03  -0.512900E-06
   -7  -11    0  -3.789943894  -5.955626119  -0.461556E-03  -0.512900E-06
    3  -13    0   1.624261669  -7.038467231   0.464629E-02  -0.115196E-05
   13    3    0   7.038467231   1.624261669   0.464629E-02  -0.115196E-05
   -3  -13    0  -1.624261669  -7.038467231   0.464629E-02  -0.115196E-05
    3   13    0   1.624261669   7.038467231   0.464629E-02  -0.115196E-05
  -13    3    0  -7.038467231   1.624261669   0.464629E-02  -0.115196E-05
   -3   13    0  -1.624261669   7.038467231   0.464629E-02  -0.115196E-05
   13   -3    0   7.038467231  -1.624261669   0.464629E-02  -0.115196E-05
  -13   -3    0  -7.038467231  -1.624261669   0.464629E-02  -0.115196E-05
  -12   -6    0  -6.497046675  -3.248523337   0.217711E-02  -0.640258E-06
   12    6    0   6.497046675   3.248523337   0.217711E-02  -0.640258E-06
   -6  -12    0  -3.248523337  -6.497046675   0.217711E-02  -0.640258E-06
   12   -6    0   6.497046675  -3.248523337   0.217711E-02  -0.640258E-06
   -6   12    0  -3.248523337   6.497046675   0.217711E-02  -0.640258E-06
    6   12    0   3.248523337   6.497046675   0.217711E-02  -0.640258E-06
  -12    6    0  -6.497046675   3.248523337   0.217711E-02  -0.640258E-06
    6  -12    0   3.248523337  -6.497046675   0.217711E-02  -0.640258E-06
   13   -5    0   7.038467231  -2.707102781   0.610518E-02  -0.113366E-05
    5   13    0   2.707102781   7.038467231   0.610518E-02  -0.113366E-05
  -13   -5    0  -7.038467231  -2.707102781   0.610518E-02  -0.113366E-05
   -5  -13    0  -2.707102781  -7.038467231   0.610518E-02  -0.113366E-05
  -13    5    0  -7.038467231   2.707102781   0.610518E-02  -0.113366E-05
   -5   13    0  -2.707102781   7.038467231   0.610518E-02  -0.113366E-05
   13    5    0   7.038467231   2.707102781   0.610518E-02  -0.113366E-05
    5  -13    0   2.707102781  -7.038467231   0.610518E-02  -0.113366E-05
    0  -14    0   0.000000000  -7.579887787   0.497470E-02   0.113143E-05
  -14    0    0  -7.579887787   0.000000000   0.497470E-02   0.113143E-05
    0   14    0  -0.000000000   7.579887787   0.497470E-02   0.113143E-05
   14    0    0   7.579887787  -0.000000000   0.497470E-02   0.113143E-05
  -14    2    0  -7.579887787   1.082841112  -0.138198E-02  -0.643752E-06
  -14   -2    0  -7.579887787  -1.082841112  -0.138198E-02  -0.643752E-06
    2   14    0   1.082841112   7.579887787  -0.138198E-02  -0.643752E-06
   14    2    0   7.579887787   1.082841112  -0.138198E-02  -0.643752E-06
    2  -14    0   1.082841112  -7.579887787  -0.138198E-02  -0.643752E-06
   -2  -14    0  -1.082841112  -7.579887787  -0.138198E-02  -0.643752E-06
   -2   14    0  -1.082841112   7.579887787  -0.138198E-02  -0.643752E-06
   14   -2    0   7.579887787  -1.082841112  -0.138198E-02  -0.643752E-06
   10  -10    0   5.414205562  -5.414205562  -0.128233E-02  -0.629294E-06
  -10  -10    0  -5.414205562  -5.414205562  -0.128233E-02  -0.629294E-06
   10   10    0   5.414205562   5.414205562  -0.128233E-02  -0.629294E-06
  -10   10    0  -5.414205562   5.414205562  -0.128233E-02  -0.629294E-06
   11   -9    0   5.955626119  -4.872785006   0.248961E-02   0.993410E-06
   -9  -11    0  -4.872785006  -5.955626119   0.248961E-02   0.993410E-06
   -9   11    0  -4.872785006   5.955626119   0.248961E-02   0.993410E-06
   11    9    0   5.955626119   4.872785006   0.248961E-02   0.993410E-06
    9   11    0   4.872785006   5.955626119   0.248961E-02   0.993410E-06
    9  -11    0   4.872785006  -5.955626119   0.248961E-02   0.993410E-06
  -11   -9    0  -5.955626119  -4.872785006   0.248961E-02   0.993410E-06
  -11    9    0  -5.955626119   4.872785006   0.248961E-02   0.993410E-06
  -12    8    0  -6.497046675   4.331364450   0.179093E-01   0.335465E-05
   12   -8    0   6.497046675  -4.331364450   0.179093E-01   0.335465E-05
   12    8    0   6.497046675   4.331364450   0.179093E-01   0.335465E-05
   -8   12    0  -4.331364450   6.497046675   0.179093E-01   0.335465E-05
   -8  -12    0  -4.331364450  -6.497046675   0.179093E-01   0.335465E-05
    8   12    0   4.331364450   6.497046675   0.179093E-01   0.335465E-05
    8  -12    0   4.331364450  -6.497046675   0.179093E-01   0.335465E-05
  -12   -8    0  -6.497046675  -4.331364450   0.179093E-01   0.335465E-05
   -4   14    0  -2.165682225   7.579887787   0.456492E-02   0.111390E-05
    4   14    0   2.165682225   7.579887787   0.456492E-02   0.111390E-05
   14   -4    0   7.579887787  -2.165682225   0.456492E-02   0.111390E-05
  -14    4    0  -7.579887787   2.165682225   0.456492E-02   0.111390E-05
   14    4    0   7.579887787   2.165682225   0.456492E-02   0.111390E-05
   -4  -14    0  -2.165682225  -7.579887787   0.456492E-02   0.111390E-05
    4  -14    0   2.165682225  -7.579887787   0.456492E-02   0.111390E-05
  -14   -4    0  -7.579887787  -2.165682225   0.456492E-02   0.111390E-05
  -13   -7    0  -7.038467231  -3.789943894   0.333096E-02  -0.110749E-05
    7   13    0   3.789943894   7.038467231   0.333096E-02  -0.110749E-05
  -13    7    0  -7.038467231   3.789943894   0.333096E-02  -0.110749E-05
    7  -13    0   3.789943894  -7.038467231   0.333096E-02  -0.110749E-05
   -7   13    0  -3.789943894   7.038467231   0.333096E-02  -0.110749E-05
   -7  -13    0  -3.789943894  -7.038467231   0.333096E-02  -0.110749E-05
   13    7    0   7.038467231   3.789943894   0.333096E-02  -0.110749E-05
   13   -7    0   7.038467231  -3.789943894   0.333096E-02  -0.110749E-05
   -1  -15    0  -0.541420556  -8.121308343   0.711475E-03  -0.532849E-06
    1  -15    0   0.541420556  -8.121308343   0.711475E-03  -0.532849E-06
  -15    1    0  -8.121308343   0.541420556   0.711475E-03  -0.532849E-06
   15   -1    0   8.121308343  -0.541420556   0.711475E-03  -0.532849E-06
  -15   -1    0  -8.121308343  -0.541420556   0.711475E-03  -0.532849E-06
    1   15    0   0.541420556   8.121308343   0.711475E-03  -0.532849E-06
   15    1    0   8.121308343   0.541420556   0.711475E-03  -0.532849E-06
   -1   15    0  -0.541420556   8.121308343   0.711475E-03  -0.532849E-06
  -14    6    0  -7.579887787   3.248523337  -0.969716E-03   0.460638E-06
   -6  -14    0  -3.248523337  -7.579887787  -0.969716E-03   0.460638E-06
    6  -14    0   3.248523337  -7.579887787  -0.969716E-03   0.460638E-06
   -6   14    0  -3.248523337   7.579887787  -0.969716E-03   0.460638E-06
  -14   -6    0  -7.579887787  -3.248523337  -0.969716E-03   0.460638E-06
    6   14    0   3.248523337   7.579887787  -0.969716E-03   0.460638E-06
   14   -6    0   7.579887787  -3.248523337  -0.969716E-03   0.460638E-06
   14    6    0   7.579887787   3.248523337  -0.969716E-03   0.460638E-06
  -15   -3    0  -8.121308343  -1.624261669  -0.164726E-04  -0.265120E-06
   15   -3    0   8.121308343  -1.624261669  -0.164726E-04  -0.265120E-06
    3   15    0   1.624261669   8.121308343  -0.164726E-04  -0.265120E-06
   -3   15    0  -1.624261669   8.121308343  -0.164726E-04  -0.265120E-06
   15    3    0   8.121308343   1.624261669  -0.164726E-04  -0.265120E-06
   -3  -15    0  -1.624261669  -8.121308343  -0.164726E-04  -0.265120E-06
  -15    3    0  -8.121308343   1.624261669  -0.164726E-04  -0.265120E-06
    3  -15    0   1.624261669  -8.121308343  -0.164726E-04  -0.265120E-06
   11   11    0   5.955626119   5.955626119  -0.857589E-03  -0.776947E-06
  -11   11    0  -5.955626119   5.955626119  -0.857589E-03  -0.776947E-06
   11  -11    0   5.955626119  -5.955626119  -0.857589E-03  -0.776947E-06
  -11  -11    0  -5.955626119  -5.955626119  -0.857589E-03  -0.776947E-06
   12  -10    0   6.497046675  -5.414205562   0.232873E-02   0.160628E-05
  -10   12    0  -5.414205562   6.497046675   0.232873E-02   0.160628E-05
  -12  -10    0  -6.497046675  -5.414205562   0.232873E-02   0.160628E-05
   12   10    0   6.497046675   5.414205562   0.232873E-02   0.160628E-05
   10  -12    0   5.414205562  -6.497046675   0.232873E-02   0.160628E-05
   10   12    0   5.414205562   6.497046675   0.232873E-02   0.160628E-05
  -10  -12    0  -5.414205562  -6.497046675   0.232873E-02   0.160628E-05
  -12   10    0  -6.497046675   5.414205562   0.232873E-02   0.160628E-05
  -13   -9    0  -7.038467231  -4.872785006   0.575093E-02  -0.107472E-05
   13    9    0   7.038467231   4.872785006   0.575093E-02  -0.107472E-05
   -9  -13    0  -4.872785006  -7.038467231   0.575093E-02  -0.107472E-05
   13   -9    0   7.038467231  -4.872785006   0.575093E-02  -0.107472E-05
   -9   13    0  -4.872785006   7.038467231   0.575093E-02  -0.107472E-05
  -13    9    0  -7.038467231   4.872785006   0.575093E-02  -0.107472E-05
    9   13    0   4.872785006   7.038467231   0.575093E-02  -0.107472E-05
    9  -13    0   4.872785006  -7.038467231   0.575093E-02  -0.107472E-05
  -15   -5    0  -8.121308343  -2.707102781   0.131699E-02  -0.494075E-06
   15   -5    0   8.121308343  -2.707102781   0.131699E-02  -0.494075E-06
    5   15    0   2.707102781   8.121308343   0.131699E-02  -0.494075E-06
    5  -15    0   2.707102781  -8.121308343   0.131699E-02  -0.494075E-06
   15    5    0   8.121308343   2.707102781   0.131699E-02  -0.494075E-06
   -5   15    0  -2.707102781   8.121308343   0.131699E-02  -0.494075E-06
  -15    5    0  -8.121308343   2.707102781   0.131699E-02  -0.494075E-06
   -5  -15    0  -2.707102781  -8.121308343   0.131699E-02  -0.494075E-06
    0  -16    0   0.000000000  -8.662728900   0.153384E-01   0.320648E-05
    0   16    0  -0.000000000   8.662728900   0.153384E-01   0.320648E-05
  -16    0    0  -8.662728900   0.000000000   0.153384E-01   0.320648E-05
   16    0    0   8.662728900  -0.000000000   0.153384E-01   0.320648E-05
   14    8    0   7.579887787   4.331364450   0.357661E-02   0.106494E-05
  -14    8    0  -7.579887787   4.331364450   0.357661E-02   0.106494E-05
   14   -8    0   7.579887787  -4.331364450   0.357661E-02   0.106494E-05
    8   14    0   4.331364450   7.579887787   0.357661E-02   0.106494E-05
   -8   14    0  -4.331364450   7.579887787   0.357661E-02   0.106494E-05
  -14   -8    0  -7.579887787  -4.331364450   0.357661E-02   0.106494E-05
   -8  -14    0  -4.331364450  -7.579887787   0.357661E-02   0.106494E-05
    8  -14    0   4.331364450  -7.579887787   0.357661E-02   0.106494E-05
   -2   16    0  -1.082841112   8.662728900   0.644020E-03   0.573717E-06
   -2  -16    0  -1.082841112  -8.662728900   0.644020E-03   0.573717E-06
  -16   -2    0  -8.662728900  -1.082841112   0.644020E-03   0.573717E-06
   16    2    0   8.662728900   1.082841112   0.644020E-03   0.573717E-06
    2   16    0   1.082841112   8.662728900   0.644020E-03   0.573717E-06
    2  -16    0   1.082841112  -8.662728900   0.644020E-03   0.573717E-06
  -16    2    0  -8.662728900   1.082841112   0.644020E-03   0.573717E-06
   16   -2    0   8.662728900  -1.082841112   0.644020E-03   0.573717E-06
   -4   16    0  -2.165682225   8.662728900   0.145780E-01   0.316040E-05
   16   -4    0   8.662728900  -2.165682225   0.145780E-01   0.316040E-05
  -16    4    0  -8.662728900   2.165682225   0.145780E-01   0.316040E-05
   16    4    0   8.662728900   2.165682225   0.145780E-01   0.316040E-05
    4  -16    0   2.165682225  -8.662728900   0.145780E-01   0.316040E-05
  -16   -4    0  -8.662728900  -2.165682225   0.145780E-01   0.316040E-05
   -4  -16    0  -2.165682225  -8.662728900   0.145780E-01   0.316040E-05
    4   16    0   2.165682225   8.662728900   0.145780E-01   0.316040E-05
   15   -7    0   8.121308343  -3.789943894  -0.595723E-03  -0.503354E-06
  -15    7    0  -8.121308343   3.789943894  -0.595723E-03  -0.503354E-06
  -15   -7    0  -8.121308343  -3.789943894  -0.595723E-03  -0.503354E-06
    7   15    0   3.789943894   8.121308343  -0.595723E-03  -0.503354E-06
   -7   15    0  -3.789943894   8.121308343  -0.595723E-03  -0.503354E-06
   15    7    0   8.121308343   3.789943894  -0.595723E-03  -0.503354E-06
    7  -15    0   3.789943894  -8.121308343  -0.595723E-03  -0.503354E-06
   -7  -15    0  -3.789943894  -8.121308343  -0.595723E-03  -0.503354E-06
   12  -12    0   6.497046675  -6.497046675   0.137807E-01   0.311582E-05
  -12  -12    0  -6.497046675  -6.497046675   0.137807E-01   0.311582E-05
   12   12    0   6.497046675   6.497046675   0.137807E-01   0.311582E-05
  -12   12    0  -6.497046675   6.497046675   0.137807E-01   0.311582E-05
  -11   13    0  -5.955626119   7.038467231   0.226835E-02   0.146725E-05
  -13  -11    0  -7.038467231  -5.955626119   0.226835E-02   0.146725E-05
   -1  -17    0  -0.541420556  -9.204149456   0.413474E-02  -0.103678E-05
   13   11    0   7.038467231   5.955626119   0.226835E-02   0.146725E-05
   13  -11    0   7.038467231  -5.955626119   0.226835E-02   0.146725E-05
   17   -1    0   9.204149456  -0.541420556   0.413474E-02  -0.103678E-05
    1   17    0   0.541420556   9.204149456   0.413474E-02  -0.103678E-05
   17    1    0   9.204149456   0.541420556   0.413474E-02  -0.103678E-05
  -13   11    0  -7.038467231   5.955626119   0.226835E-02   0.146725E-05
   11   13    0   5.955626119   7.038467231   0.226835E-02   0.146725E-05
  -17   -1    0  -9.204149456  -0.541420556   0.413474E-02  -0.103678E-05
  -17    1    0  -9.204149456   0.541420556   0.413474E-02  -0.103678E-05
   11  -13    0   5.955626119  -7.038467231   0.226835E-02   0.146725E-05
    1  -17    0   0.541420556  -9.204149456   0.413474E-02  -0.103678E-05
  -11  -13    0  -5.955626119  -7.038467231   0.226835E-02   0.146725E-05
   -1   17    0  -0.541420556   9.204149456   0.413474E-02  -0.103678E-05
   -6  -16    0  -3.248523337  -8.662728900   0.849988E-03   0.829884E-06
  -16    6    0  -8.662728900   3.248523337   0.849988E-03   0.829884E-06
   16    6    0   8.662728900   3.248523337   0.849988E-03   0.829884E-06
    6   16    0   3.248523337   8.662728900   0.849988E-03   0.829884E-06
    6  -16    0   3.248523337  -8.662728900   0.849988E-03   0.829884E-06
   -6   16    0  -3.248523337   8.662728900   0.849988E-03   0.829884E-06
  -16   -6    0  -8.662728900  -3.248523337   0.849988E-03   0.829884E-06
   16   -6    0   8.662728900  -3.248523337   0.849988E-03   0.829884E-06
   10   14    0   5.414205562   7.579887787  -0.367172E-03  -0.414008E-06
  -10   14    0  -5.414205562   7.579887787  -0.367172E-03  -0.414008E-06
   10  -14    0   5.414205562  -7.579887787  -0.367172E-03  -0.414008E-06
   14   10    0   7.579887787   5.414205562  -0.367172E-03  -0.414008E-06
  -14   10    0  -7.579887787   5.414205562  -0.367172E-03  -0.414008E-06
  -14  -10    0  -7.579887787  -5.414205562  -0.367172E-03  -0.414008E-06
   14  -10    0   7.579887787  -5.414205562  -0.367172E-03  -0.414008E-06
  -10  -14    0  -5.414205562  -7.579887787  -0.367172E-03  -0.414008E-06
  -17   -3    0  -9.204149456  -1.624261669   0.339704E-02  -0.102956E-05
   17    3    0   9.204149456   1.624261669   0.339704E-02  -0.102956E-05
  -17    3    0  -9.204149456   1.624261669   0.339704E-02  -0.102956E-05
   -3  -17    0  -1.624261669  -9.204149456   0.339704E-02  -0.102956E-05
    3  -17    0   1.624261669  -9.204149456   0.339704E-02  -0.102956E-05
    3   17    0   1.624261669   9.204149456   0.339704E-02  -0.102956E-05
   -3   17    0  -1.624261669   9.204149456   0.339704E-02  -0.102956E-05
   17   -3    0   9.204149456  -1.624261669   0.339704E-02  -0.102956E-05
  -15   -9    0  -8.121308343  -4.872785006   0.161308E-02  -0.591504E-06
   15   -9    0   8.121308343  -4.872785006   0.161308E-02  -0.591504E-06
   -9   15    0  -4.872785006   8.121308343   0.161308E-02  -0.591504E-06
    9  -15    0   4.872785006  -8.121308343   0.161308E-02  -0.591504E-06
    9   15    0   4.872785006   8.121308343   0.161308E-02  -0.591504E-06
  -15    9    0  -8.121308343   4.872785006   0.161308E-02  -0.591504E-06
   15    9    0   8.121308343   4.872785006   0.161308E-02  -0.591504E-06
   -9  -15    0  -4.872785006  -8.121308343   0.161308E-02  -0.591504E-06
    5  -17    0   2.707102781  -9.204149456   0.452617E-02  -0.101544E-05
  -17    5    0  -9.204149456   2.707102781   0.452617E-02  -0.101544E-05
  -17   -5    0  -9.204149456  -2.707102781   0.452617E-02  -0.101544E-05
    5   17    0   2.707102781   9.204149456   0.452617E-02  -0.101544E-05
   17    5    0   9.204149456   2.707102781   0.452617E-02  -0.101544E-05
   17   -5    0   9.204149456  -2.707102781   0.452617E-02  -0.101544E-05
   -5  -17    0  -2.707102781  -9.204149456   0.452617E-02  -0.101544E-05
   -5   17    0  -2.707102781   9.204149456   0.452617E-02  -0.101544E-05
   -8   16    0  -4.331364450   8.662728900   0.126586E-01   0.303079E-05
  -16   -8    0  -8.662728900  -4.331364450   0.126586E-01   0.303079E-05
    8   16    0   4.331364450   8.662728900   0.126586E-01   0.303079E-05
    8  -16    0   4.331364450  -8.662728900   0.126586E-01   0.303079E-05
   -8  -16    0  -4.331364450  -8.662728900   0.126586E-01   0.303079E-05
   16   -8    0   8.662728900  -4.331364450   0.126586E-01   0.303079E-05
   16    8    0   8.662728900   4.331364450   0.126586E-01   0.303079E-05
  -16    8    0  -8.662728900   4.331364450   0.126586E-01   0.303079E-05
  -18    0    0  -9.745570012   0.000000000   0.426085E-02   0.100684E-05
   18    0    0   9.745570012  -0.000000000   0.426085E-02   0.100684E-05
    0   18    0  -0.000000000   9.745570012   0.426085E-02   0.100684E-05
    0  -18    0   0.000000000  -9.745570012   0.426085E-02   0.100684E-05
   -2  -18    0  -1.082841112  -9.745570012  -0.323384E-03   0.369988E-06
    2   18    0   1.082841112   9.745570012  -0.323384E-03   0.369988E-06
    2  -18    0   1.082841112  -9.745570012  -0.323384E-03   0.369988E-06
  -18   -2    0  -9.745570012  -1.082841112  -0.323384E-03   0.369988E-06
   18   -2    0   9.745570012  -1.082841112  -0.323384E-03   0.369988E-06
   18    2    0   9.745570012   1.082841112  -0.323384E-03   0.369988E-06
  -18    2    0  -9.745570012   1.082841112  -0.323384E-03   0.369988E-06
   -2   18    0  -1.082841112   9.745570012  -0.323384E-03   0.369988E-06
    7  -17    0   3.789943894  -9.204149456   0.255754E-02  -0.724074E-06
  -17   -7    0  -9.204149456  -3.789943894   0.255754E-02  -0.724074E-06
    7   17    0   3.789943894   9.204149456   0.255754E-02  -0.724074E-06
   -7  -17    0  -3.789943894  -9.204149456   0.255754E-02  -0.724074E-06
   -7   17    0  -3.789943894   9.204149456   0.255754E-02  -0.724074E-06
   17   -7    0   9.204149456  -3.789943894   0.255754E-02  -0.724074E-06
  -17    7    0  -9.204149456   3.789943894   0.255754E-02  -0.724074E-06
   17    7    0   9.204149456   3.789943894   0.255754E-02  -0.724074E-06
   13  -13    0   7.038467231  -7.038467231   0.499545E-02  -0.995067E-06
   13   13    0   7.038467231   7.038467231   0.499545E-02  -0.995067E-06
  -13  -13    0  -7.038467231  -7.038467231   0.499545E-02  -0.995067E-06
  -13   13    0  -7.038467231   7.038467231   0.499545E-02  -0.995067E-06
   14  -12    0   7.579887787  -6.497046675   0.244930E-02  -0.792115E-06
   12   14    0   6.497046675   7.579887787   0.244930E-02  -0.792115E-06
  -12   14    0  -6.497046675   7.579887787   0.244930E-02  -0.792115E-06
  -14   12    0  -7.579887787   6.497046675   0.244930E-02  -0.792115E-06
   14   12    0   7.579887787   6.497046675   0.244930E-02  -0.792115E-06
  -14  -12    0  -7.579887787  -6.497046675   0.244930E-02  -0.792115E-06
  -12  -14    0  -6.497046675  -7.579887787   0.244930E-02  -0.792115E-06
   12  -14    0   6.497046675  -7.579887787   0.244930E-02  -0.792115E-06
   -4   18    0  -2.165682225   9.745570012   0.400300E-02   0.993410E-06
    4   18    0   2.165682225   9.745570012   0.400300E-02   0.993410E-06
   18   -4    0   9.745570012  -2.165682225   0.400300E-02   0.993410E-06
   18    4    0   9.745570012   2.165682225   0.400300E-02   0.993410E-06
   -4  -18    0  -2.165682225  -9.745570012   0.400300E-02   0.993410E-06
  -18   -4    0  -9.745570012  -2.165682225   0.400300E-02   0.993410E-06
    4  -18    0   2.165682225  -9.745570012   0.400300E-02   0.993410E-06
  -18    4    0  -9.745570012   2.165682225   0.400300E-02   0.993410E-06
   15  -11    0   8.121308343  -5.955626119  -0.883475E-03  -0.756635E-06
   11  -15    0   5.955626119  -8.121308343  -0.883475E-03  -0.756635E-06
   15   11    0   8.121308343   5.955626119  -0.883475E-03  -0.756635E-06
  -15  -11    0  -8.121308343  -5.955626119  -0.883475E-03  -0.756635E-06
  -15   11    0  -8.121308343   5.955626119  -0.883475E-03  -0.756635E-06
  -11   15    0  -5.955626119   8.121308343  -0.883475E-03  -0.756635E-06
  -11  -15    0  -5.955626119  -8.121308343  -0.883475E-03  -0.756635E-06
   11   15    0   5.955626119   8.121308343  -0.883475E-03  -0.756635E-06
   16  -10    0   8.662728900  -5.414205562   0.116237E-02  -0.793147E-06
   10  -16    0   5.414205562  -8.662728900   0.116237E-02  -0.793147E-06
  -10   16    0  -5.414205562   8.662728900   0.116237E-02  -0.793147E-06
  -10  -16    0  -5.414205562  -8.662728900   0.116237E-02  -0.793147E-06
   16   10    0   8.662728900   5.414205562   0.116237E-02  -0.793147E-06
   10   16    0   5.414205562   8.662728900   0.116237E-02  -0.793147E-06
  -16  -10    0  -8.662728900  -5.414205562   0.116237E-02  -0.793147E-06
  -16   10    0  -8.662728900   5.414205562   0.116237E-02  -0.793147E-06
  -18   -6    0  -9.745570012  -3.248523337  -0.918729E-04   0.102823E-05
    6   18    0   3.248523337   9.745570012  -0.918729E-04   0.102823E-05
   18   -6    0   9.745570012  -3.248523337  -0.918729E-04   0.102823E-05
   -6   18    0  -3.248523337   9.745570012  -0.918729E-04   0.102823E-05
   18    6    0   9.745570012   3.248523337  -0.918729E-04   0.102823E-05
   -6  -18    0  -3.248523337  -9.745570012  -0.918729E-04   0.102823E-05
  -18    6    0  -9.745570012   3.248523337  -0.918729E-04   0.102823E-05
    6  -18    0   3.248523337  -9.745570012  -0.918729E-04   0.102823E-05
    1  -19    0   0.541420556 -10.286990568   0.488513E-03  -0.409435E-06
  -19   -1    0 -10.286990568  -0.541420556   0.488513E-03  -0.409435E-06
   19    1    0  10.286990568   0.541420556   0.488513E-03  -0.409435E-06
    1   19    0   0.541420556  10.286990568   0.488513E-03  -0.409435E-06
   19   -1    0  10.286990568  -0.541420556   0.488513E-03  -0.409435E-06
  -19    1    0 -10.286990568   0.541420556   0.488513E-03  -0.409435E-06
   -1  -19    0  -0.541420556 -10.286990568   0.488513E-03  -0.409435E-06
   -1   19    0  -0.541420556  10.286990568   0.488513E-03  -0.409435E-06
    9  -17    0   4.872785006  -9.204149456   0.449082E-02  -0.969267E-06
   -9   17    0  -4.872785006   9.204149456   0.449082E-02  -0.969267E-06
  -17   -9    0  -9.204149456  -4.872785006   0.449082E-02  -0.969267E-06
    3   19    0   1.624261669  10.286990568  -0.314694E-04   0.841012E-06
  -19    3    0 -10.286990568   1.624261669  -0.314694E-04   0.841012E-06
  -17    9    0  -9.204149456   4.872785006   0.449082E-02  -0.969267E-06
   -9  -17    0  -4.872785006  -9.204149456   0.449082E-02  -0.969267E-06
   17    9    0   9.204149456   4.872785006   0.449082E-02  -0.969267E-06
   19    3    0  10.286990568   1.624261669  -0.314694E-04   0.841012E-06
    9   17    0   4.872785006   9.204149456   0.449082E-02  -0.969267E-06
   19   -3    0  10.286990568  -1.624261669  -0.314694E-04   0.841012E-06
  -19   -3    0 -10.286990568  -1.624261669  -0.314694E-04   0.841012E-06
    3  -19    0   1.624261669 -10.286990568  -0.314694E-04   0.841012E-06
   17   -9    0   9.204149456  -4.872785006   0.449082E-02  -0.969267E-06
   -3   19    0  -1.624261669  10.286990568  -0.314694E-04   0.841012E-06
   -3  -19    0  -1.624261669 -10.286990568  -0.314694E-04   0.841012E-06
    5   19    0   2.707102781  10.286990568   0.943627E-03  -0.700507E-06
   19   -5    0  10.286990568  -2.707102781   0.943627E-03  -0.700507E-06
   19    5    0  10.286990568   2.707102781   0.943627E-03  -0.700507E-06
   -5  -19    0  -2.707102781 -10.286990568   0.943627E-03  -0.700507E-06
  -19   -5    0 -10.286990568  -2.707102781   0.943627E-03  -0.700507E-06
  -19    5    0 -10.286990568   2.707102781   0.943627E-03  -0.700507E-06
   -5   19    0  -2.707102781  10.286990568   0.943627E-03  -0.700507E-06
    5  -19    0   2.707102781 -10.286990568   0.943627E-03  -0.700507E-06
   -8  -18    0  -4.331364450  -9.745570012   0.333904E-02   0.955388E-06
  -18    8    0  -9.745570012   4.331364450   0.333904E-02   0.955388E-06
   18    8    0   9.745570012   4.331364450   0.333904E-02   0.955388E-06
    8  -18    0   4.331364450  -9.745570012   0.333904E-02   0.955388E-06
  -18   -8    0  -9.745570012  -4.331364450   0.333904E-02   0.955388E-06
   18   -8    0   9.745570012  -4.331364450   0.333904E-02   0.955388E-06
    8   18    0   4.331364450   9.745570012   0.333904E-02   0.955388E-06
   -8   18    0  -4.331364450   9.745570012   0.333904E-02   0.955388E-06
  -14   14    0  -7.579887787   7.579887787   0.209744E-03   0.470692E-06
  -14  -14    0  -7.579887787  -7.579887787   0.209744E-03   0.470692E-06
   14  -14    0   7.579887787  -7.579887787   0.209744E-03   0.470692E-06
   14   14    0   7.579887787   7.579887787   0.209744E-03   0.470692E-06
   15   13    0   8.121308343   7.038467231   0.160118E-02  -0.529272E-06
  -13  -15    0  -7.038467231  -8.121308343   0.160118E-02  -0.529272E-06
  -13   15    0  -7.038467231   8.121308343   0.160118E-02  -0.529272E-06
  -15   13    0  -8.121308343   7.038467231   0.160118E-02  -0.529272E-06
   13   15    0   7.038467231   8.121308343   0.160118E-02  -0.529272E-06
   13  -15    0   7.038467231  -8.121308343   0.160118E-02  -0.529272E-06
  -15  -13    0  -8.121308343  -7.038467231   0.160118E-02  -0.529272E-06
   15  -13    0   8.121308343  -7.038467231   0.160118E-02  -0.529272E-06
  -12  -16    0  -6.497046675  -8.662728900   0.102973E-01   0.283912E-05
  -16   12    0  -8.662728900   6.497046675   0.102973E-01   0.283912E-05
  -16  -12    0  -8.662728900  -6.497046675   0.102973E-01   0.283912E-05
   12  -16    0   6.497046675  -8.662728900   0.102973E-01   0.283912E-05
   16   12    0   8.662728900   6.497046675   0.102973E-01   0.283912E-05
   12   16    0   6.497046675   8.662728900   0.102973E-01   0.283912E-05
   16  -12    0   8.662728900  -6.497046675   0.102973E-01   0.283912E-05
  -12   16    0  -6.497046675   8.662728900   0.102973E-01   0.283912E-05
    0  -20    0   0.000000000 -10.828411125   0.105276E-01   0.283912E-05
    0   20    0  -0.000000000  10.828411125   0.105276E-01   0.283912E-05
  -20    0    0 -10.828411125   0.000000000   0.105276E-01   0.283912E-05
   20    0    0  10.828411125  -0.000000000   0.105276E-01   0.283912E-05
    2  -20    0   1.082841112 -10.828411125  -0.157698E-03   0.387578E-06
   20    2    0  10.828411125   1.082841112  -0.157698E-03   0.387578E-06
  -20    2    0 -10.828411125   1.082841112  -0.157698E-03   0.387578E-06
   20   -2    0  10.828411125  -1.082841112  -0.157698E-03   0.387578E-06
  -20   -2    0 -10.828411125  -1.082841112  -0.157698E-03   0.387578E-06
   -2   20    0  -1.082841112  10.828411125  -0.157698E-03   0.387578E-06
    2   20    0   1.082841112  10.828411125  -0.157698E-03   0.387578E-06
   -2  -20    0  -1.082841112 -10.828411125  -0.157698E-03   0.387578E-06
  -11   17    0  -5.955626119   9.204149456   0.185195E-02   0.592722E-06
   17   11    0   9.204149456   5.955626119   0.185195E-02   0.592722E-06
  -17  -11    0  -9.204149456  -5.955626119   0.185195E-02   0.592722E-06
  -17   11    0  -9.204149456   5.955626119   0.185195E-02   0.592722E-06
  -11  -17    0  -5.955626119  -9.204149456   0.185195E-02   0.592722E-06
   17  -11    0   9.204149456  -5.955626119   0.185195E-02   0.592722E-06
   11   17    0   5.955626119   9.204149456   0.185195E-02   0.592722E-06
   11  -17    0   5.955626119  -9.204149456   0.185195E-02   0.592722E-06
    7   19    0   3.789943894  10.286990568  -0.460706E-03  -0.503354E-06
   19    7    0  10.286990568   3.789943894  -0.460706E-03  -0.503354E-06
   -7   19    0  -3.789943894  10.286990568  -0.460706E-03  -0.503354E-06
    7  -19    0   3.789943894 -10.286990568  -0.460706E-03  -0.503354E-06
  -19   -7    0 -10.286990568  -3.789943894  -0.460706E-03  -0.503354E-06
   -7  -19    0  -3.789943894 -10.286990568  -0.460706E-03  -0.503354E-06
  -19    7    0 -10.286990568   3.789943894  -0.460706E-03  -0.503354E-06
   19   -7    0  10.286990568  -3.789943894  -0.460706E-03  -0.503354E-06
   20   -4    0  10.828411125  -2.165682225   0.101230E-01   0.280390E-05
    4  -20    0   2.165682225 -10.828411125   0.101230E-01   0.280390E-05
   -4   20    0  -2.165682225  10.828411125   0.101230E-01   0.280390E-05
   -4  -20    0  -2.165682225 -10.828411125   0.101230E-01   0.280390E-05
    4   20    0   2.165682225  10.828411125   0.101230E-01   0.280390E-05
   20    4    0  10.828411125   2.165682225   0.101230E-01   0.280390E-05
  -20    4    0 -10.828411125   2.165682225   0.101230E-01   0.280390E-05
  -20   -4    0 -10.828411125  -2.165682225   0.101230E-01   0.280390E-05
  -10   18    0  -5.414205562   9.745570012   0.274260E-03  -0.435679E-06
   10  -18    0   5.414205562  -9.745570012   0.274260E-03  -0.435679E-06
   10   18    0   5.414205562   9.745570012   0.274260E-03  -0.435679E-06
  -18  -10    0  -9.745570012  -5.414205562   0.274260E-03  -0.435679E-06
   18   10    0   9.745570012   5.414205562   0.274260E-03  -0.435679E-06
  -10  -18    0  -5.414205562  -9.745570012   0.274260E-03  -0.435679E-06
   18  -10    0   9.745570012  -5.414205562   0.274260E-03  -0.435679E-06
  -18   10    0  -9.745570012   5.414205562   0.274260E-03  -0.435679E-06
  -20    6    0 -10.828411125   3.248523337   0.445888E-04  -0.297064E-06
   -6  -20    0  -3.248523337 -10.828411125   0.445888E-04  -0.297064E-06
    6  -20    0   3.248523337 -10.828411125   0.445888E-04  -0.297064E-06
    6   20    0   3.248523337  10.828411125   0.445888E-04  -0.297064E-06
   20   -6    0  10.828411125  -3.248523337   0.445888E-04  -0.297064E-06
   20    6    0  10.828411125   3.248523337   0.445888E-04  -0.297064E-06
  -20   -6    0 -10.828411125  -3.248523337   0.445888E-04  -0.297064E-06
   -6   20    0  -3.248523337  10.828411125   0.445888E-04  -0.297064E-06
   19   -9    0  10.286990568  -4.872785006   0.121169E-02  -0.537505E-06
   19    9    0  10.286990568   4.872785006   0.121169E-02  -0.537505E-06
    9   19    0   4.872785006  10.286990568   0.121169E-02  -0.537505E-06
  -19   -9    0 -10.286990568  -4.872785006   0.121169E-02  -0.537505E-06
    9  -19    0   4.872785006 -10.286990568   0.121169E-02  -0.537505E-06
   -9   19    0  -4.872785006  10.286990568   0.121169E-02  -0.537505E-06
  -19    9    0 -10.286990568   4.872785006   0.121169E-02  -0.537505E-06
   -9  -19    0  -4.872785006 -10.286990568   0.121169E-02  -0.537505E-06
   15  -15    0   8.121308343  -8.121308343  -0.902098E-03   0.510488E-06
   15   15    0   8.121308343   8.121308343  -0.902098E-03   0.510488E-06
  -15   15    0  -8.121308343   8.121308343  -0.902098E-03   0.510488E-06
  -15  -15    0  -8.121308343  -8.121308343  -0.902098E-03   0.510488E-06
   16  -14    0   8.662728900  -7.579887787   0.146844E-02   0.617995E-06
   14   16    0   7.579887787   8.662728900   0.146844E-02   0.617995E-06
  -14  -16    0  -7.579887787  -8.662728900   0.146844E-02   0.617995E-06
  -16  -14    0  -8.662728900  -7.579887787   0.146844E-02   0.617995E-06
   14  -16    0   7.579887787  -8.662728900   0.146844E-02   0.617995E-06
  -16   14    0  -8.662728900   7.579887787   0.146844E-02   0.617995E-06
  -14   16    0  -7.579887787   8.662728900   0.146844E-02   0.617995E-06
   16   14    0   8.662728900   7.579887787   0.146844E-02   0.617995E-06
  -13   17    0  -7.038467231   9.204149456   0.412134E-02  -0.905253E-06
   13  -17    0   7.038467231  -9.204149456   0.412134E-02  -0.905253E-06
   17   13    0   9.204149456   7.038467231   0.412134E-02  -0.905253E-06
   13   17    0   7.038467231   9.204149456   0.412134E-02  -0.905253E-06
  -13  -17    0  -7.038467231  -9.204149456   0.412134E-02  -0.905253E-06
   17  -13    0   9.204149456  -7.038467231   0.412134E-02  -0.905253E-06
  -17  -13    0  -9.204149456  -7.038467231   0.412134E-02  -0.905253E-06
  -17   13    0  -9.204149456   7.038467231   0.412134E-02  -0.905253E-06
   -8   20    0  -4.331364450  10.828411125   0.904886E-02   0.270365E-05
    8  -20    0   4.331364450 -10.828411125   0.904886E-02   0.270365E-05
   -8  -20    0  -4.331364450 -10.828411125   0.904886E-02   0.270365E-05
    8   20    0   4.331364450  10.828411125   0.904886E-02   0.270365E-05
  -20    8    0 -10.828411125   4.331364450   0.904886E-02   0.270365E-05
  -20   -8    0 -10.828411125  -4.331364450   0.904886E-02   0.270365E-05
   20   -8    0  10.828411125  -4.331364450   0.904886E-02   0.270365E-05
   20    8    0  10.828411125   4.331364450   0.904886E-02   0.270365E-05
   18   12    0   9.745570012   6.497046675   0.250308E-02   0.803612E-06
  -18   12    0  -9.745570012   6.497046675   0.250308E-02   0.803612E-06
  -18  -12    0  -9.745570012  -6.497046675   0.250308E-02   0.803612E-06
  -12  -18    0  -6.497046675  -9.745570012   0.250308E-02   0.803612E-06
   18  -12    0   9.745570012  -6.497046675   0.250308E-02   0.803612E-06
   12  -18    0   6.497046675  -9.745570012   0.250308E-02   0.803612E-06
  -12   18    0  -6.497046675   9.745570012   0.250308E-02   0.803612E-06
   12   18    0   6.497046675   9.745570012   0.250308E-02   0.803612E-06
  -19   11    0 -10.286990568   5.955626119  -0.700890E-03  -0.640258E-06
   11   19    0   5.955626119  10.286990568  -0.700890E-03  -0.640258E-06
  -11   19    0  -5.955626119  10.286990568  -0.700890E-03  -0.640258E-06
   19  -11    0  10.286990568  -5.955626119  -0.700890E-03  -0.640258E-06
   11  -19    0   5.955626119 -10.286990568  -0.700890E-03  -0.640258E-06
   19   11    0  10.286990568   5.955626119  -0.700890E-03  -0.640258E-06
  -11  -19    0  -5.955626119 -10.286990568  -0.700890E-03  -0.640258E-06
  -19  -11    0 -10.286990568  -5.955626119  -0.700890E-03  -0.640258E-06
  -20  -10    0 -10.828411125  -5.414205562   0.373697E-03  -0.469842E-06
   10  -20    0   5.414205562 -10.828411125   0.373697E-03  -0.469842E-06
  -10   20    0  -5.414205562  10.828411125   0.373697E-03  -0.469842E-06
  -20   10    0 -10.828411125   5.414205562   0.373697E-03  -0.469842E-06
   20   10    0  10.828411125   5.414205562   0.373697E-03  -0.469842E-06
   20  -10    0  10.828411125  -5.414205562   0.373697E-03  -0.469842E-06
   10   20    0   5.414205562  10.828411125   0.373697E-03  -0.469842E-06
  -10  -20    0  -5.414205562 -10.828411125   0.373697E-03  -0.469842E-06
   16   16    0   8.662728900   8.662728900   0.804242E-02   0.261065E-05
  -16   16    0  -8.662728900   8.662728900   0.804242E-02   0.261065E-05
   16  -16    0   8.662728900  -8.662728900   0.804242E-02   0.261065E-05
  -16  -16    0  -8.662728900  -8.662728900   0.804242E-02   0.261065E-05
   17   15    0   9.204149456   8.121308343   0.138226E-02  -0.572562E-06
  -17  -15    0  -9.204149456  -8.121308343   0.138226E-02  -0.572562E-06
   15  -17    0   8.121308343  -9.204149456   0.138226E-02  -0.572562E-06
  -15   17    0  -8.121308343   9.204149456   0.138226E-02  -0.572562E-06
  -17   15    0  -9.204149456   8.121308343   0.138226E-02  -0.572562E-06
   15   17    0   8.121308343   9.204149456   0.138226E-02  -0.572562E-06
  -15  -17    0  -8.121308343  -9.204149456   0.138226E-02  -0.572562E-06
   17  -15    0   9.204149456  -8.121308343   0.138226E-02  -0.572562E-06
   18   14    0   9.745570012   7.579887787   0.655885E-03   0.502884E-06
   14   18    0   7.579887787   9.745570012   0.655885E-03   0.502884E-06
  -18  -14    0  -9.745570012  -7.579887787   0.655885E-03   0.502884E-06
  -18   14    0  -9.745570012   7.579887787   0.655885E-03   0.502884E-06
  -14   18    0  -7.579887787   9.745570012   0.655885E-03   0.502884E-06
   14  -18    0   7.579887787  -9.745570012   0.655885E-03   0.502884E-06
   18  -14    0   9.745570012  -7.579887787   0.655885E-03   0.502884E-06
  -14  -18    0  -7.579887787  -9.745570012   0.655885E-03   0.502884E-06
  -19   13    0 -10.286990568   7.038467231   0.126182E-02  -0.611508E-06
   19   13    0  10.286990568   7.038467231   0.126182E-02  -0.611508E-06
   13  -19    0   7.038467231 -10.286990568   0.126182E-02  -0.611508E-06
  -19  -13    0 -10.286990568  -7.038467231   0.126182E-02  -0.611508E-06
   13   19    0   7.038467231  10.286990568   0.126182E-02  -0.611508E-06
   19  -13    0  10.286990568  -7.038467231   0.126182E-02  -0.611508E-06
  -13  -19    0  -7.038467231 -10.286990568   0.126182E-02  -0.611508E-06
  -13   19    0  -7.038467231  10.286990568   0.126182E-02  -0.611508E-06
  -20   12    0 -10.828411125   6.497046675   0.762119E-02   0.255225E-05
   20   12    0  10.828411125   6.497046675   0.762119E-02   0.255225E-05
  -20  -12    0 -10.828411125  -6.497046675   0.762119E-02   0.255225E-05
   20  -12    0  10.828411125  -6.497046675   0.762119E-02   0.255225E-05
  -12   20    0  -6.497046675  10.828411125   0.762119E-02   0.255225E-05
   12  -20    0   6.497046675 -10.828411125   0.762119E-02   0.255225E-05
   12   20    0   6.497046675  10.828411125   0.762119E-02   0.255225E-05
  -12  -20    0  -6.497046675 -10.828411125   0.762119E-02   0.255225E-05
   17   17    0   9.204149456   9.204149456   0.356694E-02  -0.831016E-06
  -17  -17    0  -9.204149456  -9.204149456   0.356694E-02  -0.831016E-06
  -17   17    0  -9.204149456   9.204149456   0.356694E-02  -0.831016E-06
   17  -17    0   9.204149456  -9.204149456   0.356694E-02  -0.831016E-06
  -18  -16    0  -9.745570012  -8.662728900   0.169875E-02   0.909330E-06
   18   16    0   9.745570012   8.662728900   0.169875E-02   0.909330E-06
   16   18    0   8.662728900   9.745570012   0.169875E-02   0.909330E-06
  -16  -18    0  -8.662728900  -9.745570012   0.169875E-02   0.909330E-06
  -18   16    0  -9.745570012   8.662728900   0.169875E-02   0.909330E-06
   18  -16    0   9.745570012  -8.662728900   0.169875E-02   0.909330E-06
   16  -18    0   8.662728900  -9.745570012   0.169875E-02   0.909330E-06
  -16   18    0  -8.662728900   9.745570012   0.169875E-02   0.909330E-06
  -15  -19    0  -8.121308343 -10.286990568  -0.742248E-03   0.812183E-06
   19   15    0  10.286990568   8.121308343  -0.742248E-03   0.812183E-06
   15   19    0   8.121308343  10.286990568  -0.742248E-03   0.812183E-06
   15  -19    0   8.121308343 -10.286990568  -0.742248E-03   0.812183E-06
  -15   19    0  -8.121308343  10.286990568  -0.742248E-03   0.812183E-06
  -19   15    0 -10.286990568   8.121308343  -0.742248E-03   0.812183E-06
  -19  -15    0 -10.286990568  -8.121308343  -0.742248E-03   0.812183E-06
   19  -15    0  10.286990568  -8.121308343  -0.742248E-03   0.812183E-06
  -14  -20    0  -7.579887787 -10.828411125   0.729855E-03  -0.415073E-06
   20  -14    0  10.828411125  -7.579887787   0.729855E-03  -0.415073E-06
  -20  -14    0 -10.828411125  -7.579887787   0.729855E-03  -0.415073E-06
  -14   20    0  -7.579887787  10.828411125   0.729855E-03  -0.415073E-06
   14   20    0   7.579887787  10.828411125   0.729855E-03  -0.415073E-06
   14  -20    0   7.579887787 -10.828411125   0.729855E-03  -0.415073E-06
  -20   14    0 -10.828411125   7.579887787   0.729855E-03  -0.415073E-06
   20   14    0  10.828411125   7.579887787   0.729855E-03  -0.415073E-06
  -18  -18    0  -9.745570012  -9.745570012   0.970586E-03  -0.481512E-06
   18   18    0   9.745570012   9.745570012   0.970586E-03  -0.481512E-06
   18  -18    0   9.745570012  -9.745570012   0.970586E-03  -0.481512E-06
  -18   18    0  -9.745570012   9.745570012   0.970586E-03  -0.481512E-06
  -19  -17    0 -10.286990568  -9.204149456   0.113538E-02  -0.776947E-06
   19  -17    0  10.286990568  -9.204149456   0.113538E-02  -0.776947E-06
   19   17    0  10.286990568   9.204149456   0.113538E-02  -0.776947E-06
  -19   17    0 -10.286990568   9.204149456   0.113538E-02  -0.776947E-06
  -17   19    0  -9.204149456  10.286990568   0.113538E-02  -0.776947E-06
   17   19    0   9.204149456  10.286990568   0.113538E-02  -0.776947E-06
   17  -19    0   9.204149456 -10.286990568   0.113538E-02  -0.776947E-06
  -17  -19    0  -9.204149456 -10.286990568   0.113538E-02  -0.776947E-06
   20   16    0  10.828411125   8.662728900   0.614552E-02   0.236711E-05
  -20  -16    0 -10.828411125  -8.662728900   0.614552E-02   0.236711E-05
  -16   20    0  -8.662728900  10.828411125   0.614552E-02   0.236711E-05
   16  -20    0   8.662728900 -10.828411125   0.614552E-02   0.236711E-05
  -20   16    0 -10.828411125   8.662728900   0.614552E-02   0.236711E-05
   20  -16    0  10.828411125  -8.662728900   0.614552E-02   0.236711E-05
  -16  -20    0  -8.662728900 -10.828411125   0.614552E-02   0.236711E-05
   16   20    0   8.662728900  10.828411125   0.614552E-02   0.236711E-05
  -19   19    0 -10.286990568  10.286990568  -0.631039E-03  -0.952363E-06
   19  -19    0  10.286990568 -10.286990568  -0.631039E-03  -0.952363E-06
   19   19    0  10.286990568  10.286990568  -0.631039E-03  -0.952363E-06
  -19  -19    0 -10.286990568 -10.286990568  -0.631039E-03  -0.952363E-06
   20   18    0  10.828411125   9.745570012   0.103600E-02  -0.581906E-06
  -20   18    0 -10.828411125   9.745570012   0.103600E-02  -0.581906E-06
  -18  -20    0  -9.745570012 -10.828411125   0.103600E-02  -0.581906E-06
   18   20    0   9.745570012  10.828411125   0.103600E-02  -0.581906E-06
  -20  -18    0 -10.828411125  -9.745570012   0.103600E-02  -0.581906E-06
   20  -18    0  10.828411125  -9.745570012   0.103600E-02  -0.581906E-06
  -18   20    0  -9.745570012  10.828411125   0.103600E-02  -0.581906E-06
   18  -20    0   9.745570012 -10.828411125   0.103600E-02  -0.581906E-06
  -20   20    0 -10.828411125  10.828411125   0.481770E-02   0.216444E-05
   20  -20    0  10.828411125 -10.828411125   0.481770E-02   0.216444E-05
  -20  -20    0 -10.828411125 -10.828411125   0.481770E-02   0.216444E-05
   20   20    0  10.828411125  10.828411125   0.481770E-02   0.216444E-05
