261566
45571
191408
172657
236259
14928
248185
97717
416918
415197
134310
120972
260922
172078
417384
107543
237969
259907
126056
35032
29618
90397
126069
35808
254069
257862
159767
192340
90651
115753
42973
182020
138937
98798
188737
18509
193950
429407
251567
193509
195394
418743
32161
191842
141315
192317
247583
249093
136838
37662
143021
51397
280390
51817
183330
143973
241114
118807
254018
154935
236947
131350
238916
425842
120555
158586
417702
253386
251136
152251
187851
168383
290364
191324
415789
195070
230700
161422
184329
49124
144853
257840
252213
118859
45053
70231
183112
168998
165771
250486
252244
156135
193227
101765
247331
246957
760018
33365
247639
180743
112257
143886
710091
241407
64167
194969
163486
192991
246262
157369
55831
92922
94420
419334
138815
59808
196529
41690
182467
163698
251566
431972
262655
167582
170882
98617
121690
252950
257041
191561
148701
432112
10738
261572
162362
138522
183111
118222
51419
169380
409511
136271
54599
195158
146456
22972
188940
163675
391172
136565
162355
253567
426552
170155
48561
47820
125323
113297
130791
144794
183870
98953
260100
247524
189520
249169
95820
186250
252865
195976
430602
155216
181125
258111
247029
258910
118840
5554
188442
257687
250907
85010
146356
159247
54222
237848
48900
133764
107094
434617
119327
163392
35601
14764
126207
161407
162223
259737
192409
189783
244567
151852
190435
187555
239048
150090
245173
38873
153422
183600
422849
118404
230975
267278
32269
143273
237808
290746
122832
189043
290120
261687
230280
32610
140082
97388
154721
145222
118721
187995
291602
180643
48784
425122
257631
249419
180462
425857
137568
413174
125402
161577
38853
416745
110081
165409
104615
163395
160014
124243
258273
138819
188653
230587
189927
189220
243951
42155
258909
240128
159730
63897
411239
61080
165053
147484
186477
173181
146190
133111
138689
230635
246498
430977
153977
258467
136041
169751
94901
190177
262935
117324
64070
234580
243411
163877
63904
134214
17707
37820
246220
70660
36357
240775
181234
148789
126086
144803
139258
32008
249830
251137
260341
19967
157016
189227
191509
147393
32337
185712
253248
391089
152798
157779
427050
92920
54594
97589
189115
7811
109419
185243
46989
38831
163492
32193
237191
91819
414365
291139
186737
173329
433277
249072
422653
171538
172642
409596
180941
98952
153419
246967
430566
181021
186227
119170
250284
173663
417539
193625
93347
98360
249085
194759
141885
252027
186959
145265
116405
10672
126118
136503
189004
251452
96001
92223
250275
122935
33477
119274
171237
262667
47288
189532
70081
420193
248350
126065
257256
92197
191575
193530
411859
230181
192175
34166
164228
261496
94900
192084
155370
180597
431957
107245
240668
128166
429497
38961
186494
246093
132722
52072
432202
172668
184198
159693
246099
137567
34131
54855
259342
184582
253768
252538
90723
172689
35541
99442
185612
90718
180671
188157
159423
118416
125669
25065
33403
126092
122306
150198
194430
42322
238878
94512
96173
193502
165450
255718
151829
251139
173061
172659
19667
188398
92300
427579
166241
96955
419804
252009
11646
188827
155068
419066
194423
412667
410770
113153
247667
124370
51614
250653
410999
38874
122039
123355
95321
423639
22968
186592
259075
238890
246212
253778
186733
192909
107097
19853
193358
165896
191334
152397
98881
425066
259736
264533
184073
138817
193133
96526
155386
428097
5614
96954
243823
195130
148715
11655
126075
180924
259622
181209
19738
118775
138402
238999
85236
11261
181655
63890
153973
257689
246311
193525
433456
115524
182771
128186
236004
247638
101870
163415
257768
190052
258557
433121
267196
416631
98989
122038
426862
194260
5542
96993
91278
251506
122294
185933
25063
409959
55871
70301
8632
19758
131152
37512
127960
26113
259976
195591
238892
248548
259762
38999
172059
426374
48331
759691
144680
167903
37483
25057
420226
428956
237752
37650
180662
170946
245557
116677
99996
5620
240245
415997
37478
37653
291136
252422
413988
4691
180839
54725
161002
193176
138894
98026
290845
125743
258902
111094
257406
235387
8696
161570
251942
98221
239985
63870
760463
117813
250657
169987
760467
37291
230355
249078
252270
193355
162360
42266
280301
160115
154679
189887
180943
45703
189969
166827
254068
253266
95900
262654
155019
256219
181235
246970
161399
93535
118624
174289
154722
8669
118791
391189
106939
249824
194432
172692
409832
185122
195995
162957
37602
185140
416586
258368
51428
139311
193090
19198
94961
192981
259765
156064
33470
161357
118189
124995
230942
45945
145822
247410
261220
39032
33476
245366
96945
257488
759462
138693
260529
12812
416922
165775
91839
55714
29766
410838
192475
115737
159045
113369
59926
246397
249823
149270
245010
249909
252247
147387
162287
240037
96140
241842
236144
426860
148766
172685
141681
184072
260198
148200
14807
85035
230348
249021
167999
156251
70794
258466
236268
250183
144983
55479
137733
150760
155229
141318
5547
120561
110080
167030
96687
145189
101819
124234
167584
192591
12009
171537
246731
413388
253788
281412
89933
5250
261945
259002
5590
94959
249825
131348
162761
251590
171478
134523
19746
34182
196120
144675
73680
240046
148790
38203
421178
115196
136222
190830
258840
190053
161281
98096
193408
146117
185619
290750
124238
260779
11654
182918
432947
91224
267276
59749
431964
413983
181698
245084
250834
59696
191468
95320
117608
165701
43115
133280
155594
419048
73682
418947
25062
35850
189926
258057
432114
94891
33436
258741
94870
192210
416746
146596
290872
126316
247242
159239
168856
153672
98501
152348
246976
119323
98494
181842
122960
173823
16195
181127
254060
169095
180040
252212
258470
109556
34841
189961
258713
19530
155562
190615
91785
189902
243946
84188
35848
264526
237409
260770
139000
158222
91876
70521
195197
410814
166226
192183
138380
192155
93726
5584
54777
180686
193891
134080
146114
29665
426376
114310
30141
195150
112397
162752
164830
190330
423424
85986
160010
264191
19899
7844
184954
97633
165064
145285
162007
248798
180008
243413
186180
155586
173751
187614
258903
171593
136037
259623
186860
103738
422796
168889
66907
193529
261235
190753
230245
125267
54232
255446
184170
291105
195180
165683
96000
258554
433216
160373
126078
245650
5338
159162
63903
167156
38731
133374
128297
90325
190831
105150
238607
244299
120101
433457
116269
149161
247635
5578
160470
167973
2994
8694
182527
140784
90448
169754
236863
70799
153972
97552
64290
128422
107090
236865
183841
290324
248892
14954
257264
419065
242122
139202
162760
159152
260493
251716
148051
193528
412508
247395
230013
252565
411276
261689
160889
164366
116671
161651
194254
149147
17803
416991
101277
160040
196327
63923
252627
262999
180157
421548
157139
239361
155056
173057
196118
157835
195204
241475
45277
150096
185864
261856
247391
38861
429495
260912
118237
127047
189970
260867
138774
154517
5594
259116
154457
380483
246409
416963
157144
43036
122298
108780
195845
194422
193179
165411
39007
121223
420480
291633
423444
24959
236387
258468
152261
181525
194520
152035
248401
409853
118336
239305
247190
33182
417703
422798
42197
194750
192729
64132
122293
260492
116653
195821
156617
415567
34328
152717
51620
173855
97514
145038
85038
416994
171114
186883
5974
417695
247500
250282
143276
158841
250837
46314
118553
131528
11841
409840
249997
184082
167576
422343
113152
254061
422341
111085
245495
156357
172651
260242
423423
251483
411800
258102
239240
247873
143812
264192
167668
192006
411462
196218
184978
118537
130101
291285
251138
140986
251318
426868
427051
249101
190535
59907
143039
174188
254050
32268
160160
192294
19999
118007
70347
181315
291192
259770
193524
183115
123330
409850
160697
186819
146138
90665
147427
116083
241561
173352
184369
116515
98503
411448
172676
37489
141222
264477
109897
136506
91702
34964
166653
150810
32266
150344
187286
8754
258271
155887
137968
163281
147738
427560
180086
121998
180679
11787
195152
160435
59197
76104
21936
157532
96956
423267
128242
194501
138809
250626
54706
36713
113298
132223
193166
257905
172802
434438
36712
423255
262091
246013
110083
11731
154396
290985
759639
189166
139052
133285
14709
90615
417686
54230
429405
156583
259117
425659
247499
90710
183089
172081
5555
16078
5586
195261
191601
417690
237494
137483
291282
174612
192354
122036
35912
192885
250841
189847
150236
136352
167318
138684
45725
99489
120556
138595
164699
173822
266645
136505
154680
189075
186217
180677
185138
21954
184201
84194
173532
230415
189848
249947
47625
246050
257797
191049
257122
252428
391131
186535
425458
112462
759449
245499
153905
194755
192956
421891
411820
135001
244249
136226
31407
238564
252938
421291
154981
127713
172539
195048
290014
17667
152259
257384
158587
70254
155575
190478
249811
164667
31404
127982
159265
93872
257167
193044
429876
417519
139022
172644
167046
121950
415804
421545
13512
194757
253951
257285
191322
47293
117203
434188
59763
258723
237297
99267
194773
115566
55743
115745
248676
253696
19145
167920
238905
258736
181207
150092
250910
258113
180162
262229
160150
241337
195270
195594
262367
131848
259070
36695
122958
96933
154778
119204
154062
142740
182529
181749
166794
163850
174471
418007
415224
281082
251602
235839
189347
155228
257743
415030
192362
255579
259956
413539
180810
99625
421470
281735
118387
38760
95395
180744
169037
235854
149182
239629
99986
266973
180647
192359
172097
172717
91080
291126
246931
155752
97012
230781
190104
90717
51391
258187
120572
257713
237998
93558
249816
185927
191653
9178
165894
189796
154463
138654
433217
415950
184980
8623
122198
57988
429967
124889
12814
169610
247527
230407
263107
161258
118015
181686
280825
158244
180741
37510
96497
70169
237858
169756
163485
184330
5229
121226
261417
154320
181670
138133
230248
173204
193562
174573
416923
194976
120130
42101
185097
171678
181400
96168
420672
157905
153025
235842
168103
185928
117407
260777
89935
12627
170690
151890
171532
156982
98796
258895
415695
163270
248230
132253
261704
172629
33363
118551
174644
47540
118370
38772
170912
254636
186539
174149
132774
118850
182194
138831
173049
248272
417251
96958
422523
189892
416531
191695
247241
49598
427174
148757
258615
17801
426169
245649
413257
162353
125146
119310
188355
116091
159445
157317
47445
235901
154940
434092
164568
414244
230254
250280
115721
260427
432208
230690
237112
167040
130100
416921
195450
136497
258177
13424
126309
254057
260486
125976
195243
230354
144660
127994
260511
194434
181433
153898
139312
120107
257945
238306
194417
236627
99964
259297
260243
190091
230101
172663
243376
161127
259624
260132
234557
134171
237200
151558
181227
180027
180684
99758
46841
39031
156773
109553
167503
155295
95323
98165
45770
32274
238886
257396
112390
251023
187996
84229
418658
258176
245293
145252
189965
51425
117882
253363
156984
163909
26306
98782
262085
257464
160876
93207
434090
246089
194763
64446
417940
189931
257182
124122
163459
418908
183032
29901
433080
253767
181398
187065
93382
113167
166132
160012
186809
195914
190103
47786
145306
194160
192575
97940
5610
260527
237113
192573
173327
192011
195592
34948
35022
39065
257379
31940
168859
188124
186729
29812
121754
138972
5538
290981
145304
117649
38875
230253
11798
195190
192352
94779
55663
95450
237318
281315
118368
189968
181521
157185
259071
134082
149171
230226
180982
258772
157051
248049
419212
422433
94342
167159
424860
191151
180858
183612
131549
245807
5580
111347
127430
252999
152214
171242
114309
37544
160092
245659
192884
153896
191335
426866
423854
33400
126304
428060
155277
173450
14811
159420
172905
259161
246408
123598
263021
46105
160448
5535
173480
186526
5544
247411
193503
146844
192589
5567
38862
418185
183881
421555
158486
5528
152208
258709
253959
97077
184168
159875
186272
193646
11794
241330
263095
51734
152036
254451
25981
19947
150095
160023
152594
150093
165900
421286
173797
99626
159874
419797
70168
160037
260772
85951
195500
243838
156536
180755
8378
151842
230223
14761
160018
235756
85453
24889
133283
122663
417677
119159
38942
195272
261533
191574
117384
96318
138974
97337
64150
191118
422264
119110
152207
156017
55223
7845
90040
237963
262664
118785
251507
145264
115568
244149
183220
165773
4682
262095
5602
98286
153245
118627
97941
257331
169024
38758
141711
174567
181743
183859
122844
239053
152254
118808
183617
119337
192816
118124
99056
99262
48880
154142
173453
94455
36697
32336
116136
247544
163388
171540
39037
38979
192154
429192
181046
46849
291260
237148
252043
164231
167116
245935
70814
421823
5648
260524
239246
155620
230586
167641
162731
97590
145186
248661
261867
171120
42718
190101
241423
85064
186726
111109
798
413129
99185
7788
137136
249832
144830
158843
167115
409615
180149
250723
248546
93252
18747
120003
96939
158566
8521
261682
254007
260866
119445
262285
185604
257375
119443
115463
261857
432200
8751
164378
166346
194926
262587
290027
154412
126098
117550
147499
257311
257174
36940
421288
133333
76705
257550
245335
185901
162743
146600
250356
189890
37462
173534
90319
182532
157367
188550
37570
91168
181509
155032
97435
183043
4640
120937
194342
155603
262500
145707
8678
143990
134081
181523
247017
158839
133312
45743
155587
183087
127981
147430
173535
433238
46312
112036
759800
194433
166158
117759
260498
258852
237889
430564
261810
237461
154980
63891
122831
157671
96295
166924
55749
236276
252935
55738
195262
91037
95788
94992
290377
186862
125744
253478
47486
138724
187637
237164
169559
237175
17713
33358
164481
181522
34175
37692
258808
99458
29709
184988
185099
38964
34773
159768
172693
173186
260769
234597
161423
32496
281680
123158
24268
153208
257470
434093
143989
151922
99987
180164
120560
186209
29762
19356
99290
422618
290387
230044
191146
247872
190691
174148
246355
169728
120119
237713
432207
127153
138130
290811
423422
166229
162929
12171
111474
189903
45267
240246
29699
93989
241011
81950
258565
419439
245360
148697
151561
261568
116081
259005
183827
159853
236260
164982
125741
161157
162576
11785
165899
128240
141493
14797
136839
190744
291256
101696
418685
187064
29913
187801
192781
187726
159294
154759
132921
258258
245201
38854
153505
259139
156065
183226
117202
91285
240007
173095
155741
243646
194387
131607
110310
98911
48899
413734
132538
132339
251855
99053
230441
188100
412493
174138
261860
118841
42736
187922
419479
33324
182424
187649
243645
250863
136043
162829
243799
117534
101279
160289
96501
153527
173732
13513
160866
185896
236286
149274
186139
184447
279580
151827
191567
45044
155593
416358
291300
243319
191846
238550
184273
230179
181912
19742
189212
144818
38159
419492
153404
98022
155753
183819
48876
230314
196113
265024
259710
148764
180134
148762
95496
411483
112536
280417
184444
416715
25856
167177
185235
188798
169231
263094
149164
246219
164005
243387
111247
138544
132254
158219
188160
12809
237146
241978
250535
186276
230569
169934
119082
432205
242200
96162
154249
128295
280946
165901
239227
241853
180842
236073
147290
46286
95603
257874
120023
96319
119345
188163
170168
92396
188423
180644
51736
418967
245011
238000
94874
230251
92921
90002
185238
134999
147357
107503
158197
23494
171404
255825
90728
192109
124236
37586
258504
123856
122197
92612
252083
159167
258905
33188
8493
93820
93900
125369
147726
12475
111105
253586
258547
194404
188374
257329
66716
181671
194748
51681
252933
420224
134882
42764
124721
252962
188705
244196
249810
138211
163192
250832
255643
122264
125412
172372
95697
251015
11511
409623
153399
96773
237576
32272
241362
146105
290287
171541
172284
110316
258376
70900
257766
144225
168106
434449
411557
127835
12169
241789
414363
115219
117192
32565
411804
50225
29904
419527
25858
12958
173183
235712
253238
32838
117812
403298
146778
136507
36743
172298
230188
156003
42719
98895
57782
149084
181153
189917
142220
230411
239446
99064
174552
8727
131078
118763
59920
143771
239290
29877
90667
98883
81242
70260
122937
185912
93047
97942
33033
415568
109418
99963
159161
246958
249636
253264
192323
151447
32605
249076
113366
238881
264486
241385
183704
184279
191844
32237
17712
90711
258908
117859
248887
136790
162364
93399
117530
194967
70232
147739
162777
34001
159408
192471
258935
170227
250401
415889
172710
6049
759688
97097
51403
168358
33688
131580
190752
172522
413825
245024
172656
409614
429309
95996
244194
126068
242110
185846
126087
146033
154525
262261
257730
254044
11081
238046
194385
99043
94421
245541
417941
11917
429761
36715
14762
236269
187339
97970
156333
99044
241847
258590
194498
116882
156426
190329
267202
241410
144945
181687
419453
127952
117560
252615
118548
188837
409930
196235
253888
263101
97998
245196
92214
73670
195191
143770
189797
188959
237585
247839
251135
161019
186213
241123
193132
89940
147213
181742
157658
196286
119364
186734
171483
155647
190433
139001
418862
186712
25457
113301
22970
121776
250625
42983
169535
144756
163146
85036
185472
98188
118414
73708
160893
181152
153744
240012
759651
92211
99620
174576
411554
192788
63918
260721
235858
188643
409872
416406
49857
195864
252391
249097
174270
25980
153463
158210
260506
187341
760466
260509
160154
240278
180925
252998
153480
417101
421273
253998
290988
252012
135340
165703
51815
171547
499448
183351
261497
121150
160318
181653
120663
160035
260860
133436
251515
158769
19127
130344
165897
147380
260147
173010
421279
433594
111095
259383
430246
240202
14763
187219
238805
124887
166230
89948
196228
44389
191466
152211
251625
132577
144801
253321
33469
19132
241405
171591
192560
156500
171030
254212
172714
185286
161350
101872
238214
427957
48174
17489
426869
140200
194189
19756
14792
115717
251598
157651
163442
99478
290722
185151
84228
247247
125916
171473
17666
230311
111841
17802
246313
180578
152661
149087
164370
8418
62626
89938
184161
163565
194647
186668
257489
421825
70346
96234
33687
429205
163278
257877
99457
172678
261551
259748
163440
403510
169341
391186
159600
117195
120080
127152
168100
262592
194649
33186
38763
48621
186269
248658
64445
152219
118857
85030
153971
237407
19992
138468
237378
426858
37660
21884
166790
244046
759643
45632
391475
52137
192558
147660
93725
46830
163461
230779
236014
188445
32364
34120
169078
55695
131487
260525
412842
230352
46128
182071
262501
148761
182464
193789
19739
167921
162384
170293
420847
158213
247675
117787
97904
182770
118522
29683
188622
259003
45734
99511
195151
147390
250114
153402
237692
159150
155226
183635
290628
235285
118307
189348
183031
256037
94088
134167
192158
11799
759450
97479
169232
188294
119366
99445
153056
184730
117894
171986
158279
246217
29700
96172
191542
191431
160097
181228
48875
237150
113737
142113
230379
92986
190197
141700
149215
32612
159395
194765
183812
259345
245364
80951
9118
428177
192566
45561
9172
47593
239109
151768
251842
238549
159592
183700
193124
187875
63892
96495
239564
230224
190048
29687
89945
237202
117531
128244
36925
257527
260339
184342
118399
153970
131825
9175
14554
94993
185865
151706
415882
25860
120575
156534
259734
162654
55726
148755
99965
116663
258921
253100
425661
258109
136571
55482
159158
195827
90722
238996
182772
52076
259190
144672
153260
99988
420031
38732
29741
145810
95316
93112
189017
249002
27605
169417
64069
188351
98495
127512
194506
99110
151948
138803
418208
48332
118520
422744
150463
180458
417829
418502
11791
195532
159046
418994
137967
120019
430971
12708
417680
429307
182035
192789
141035
426588
247520
188308
237141
230102
182423
239059
290129
417692
230037
194518
429812
427184
161654
14803
117136
180535
413086
141313
147425
118057
42360
237272
144978
186977
152816
99100
257871
98508
258370
423254
188368
132728
125396
38749
421821
49858
96174
189500
34900
409647
145181
413731
156295
180637
190046
156537
94903
237143
12709
422540
154723
55442
183665
167905
96498
163195
166922
97554
29908
186273
258936
5749
238544
187069
238340
5324
155874
8624
126079
411862
90987
162101
259209
18807
426168
257310
418690
117549
182045
173188
186777
190176
94890
54810
91169
161349
252016
148358
156407
243409
55729
291433
180277
290122
51785
148786
155302
193093
96194
184981
29919
172365
90521
32298
186434
148402
230128
244047
96456
145272
252013
32371
290944
418645
189018
243377
12813
243822
136223
258564
157676
190058
124119
128409
127068
180946
150824
245687
156310
195239
267200
192979
160865
128195
185401
5651
149272
186924
156331
421960
247397
263035
19636
230691
148718
35546
291028
14854
253332
98977
431389
93961
51289
148760
173185
153243
159238
149241
260051
192226
32232
235899
194925
417694
70813
99623
248975
138811
94889
126064
258503
189897
230662
237379
46852
253485
98569
33304
97476
258566
148763
147662
142436
415885
154091
122936
136351
38850
154073
5632
247505
434658
70536
241869
148754
291460
154403
193433
125259
170907
133399
159649
421822
189113
380509
239627
32236
260533
238898
29689
136242
132637
159766
155908
93116
248626
168114
433182
23459
51808
59753
121228
190802
250624
126089
257873
195531
194223
186665
22819
142495
30303
131826
257389
188912
262094
166153
180670
121056
253919
193168
46988
260474
33230
245174
109551
107092
237778
37821
186251
181732
262601
7391
260245
148320
174527
93901
117811
186478
169862
164548
189795
195401
261865
93476
145284
421819
172367
47591
245747
262766
93973
186782
419736
253695
34777
415226
35610
252362
260487
257486
184167
259912
119367
167971
243415
11783
157416
147490
18231
98975
121951
130643
45745
195157
84124
259001
191046
240669
17631
252632
257160
417691
98219
159778
238691
29770
154251
153425
257634
188727
127919
430681
142499
29758
431353
180688
252276
122040
114245
161318
186174
250400
185473
142496
193792
193994
243660
158185
192159
194420
154686
73683
188802
418488
156980
70936
51910
14750
133313
145866
194739
4679
91287
84230
55228
8620
117753
261400
163677
123825
234586
91946
152459
236088
428745
148768
136224
41694
254181
164431
167684
191323
138987
194751
94906
427685
92547
173606
429308
36682
182618
186220
246528
196238
109464
409903
417738
237065
196284
167041
119326
117621
25442
193178
152346
247409
188735
184162
151556
164981
188365
253364
426308
145868
429880
152220
173182
92387
37481
186221
429033
32851
147211
425843
180665
182314
32603
180663
142198
257630
85230
258764
196176
114311
185201
163769
291573
247050
168423
193109
70230
95561
260240
245121
70902
193500
244305
133132
91465
127513
125540
5967
247014
11797
161852
38959
249300
138705
180640
432201
412839
281758
96170
184266
261861
91484
167705
417452
253424
37507
259169
261685
131836
243616
166836
98934
156013
249073
261565
110317
247465
155779
84218
193194
416986
155335
191845
93815
195860
117532
420823
124896
249098
241481
7220
116352
162403
252372
173796
415303
188641
187486
49604
164683
238222
132219
145347
192957
139049
260521
49861
135071
244298
160126
290125
149271
161575
6050
250764
51805
8673
127824
230460
122371
156961
62634
134307
168703
73674
281757
144652
185233
426730
154066
7941
33422
164633
48883
153346
147204
260519
47537
240763
192315
189919
147681
247531
116077
155550
139004
194389
412779
262060
154938
195395
187428
252424
119385
427115
173059
145274
422083
167669
246255
187202
230548
252323
18843
154664
119324
261870
54182
166654
422395
163488
167835
111096
64214
148717
37694
33232
380226
164983
22456
70240
251504
184202
248552
248547
418744
118858
255804
261708
263032
193865
173856
174580
153874
250792
59831
181744
35914
19759
150097
258551
188736
32834
237694
186595
163775
34132
33355
173199
418765
236013
37473
37477
64065
432256
194966
45555
249991
186781
166206
52085
253367
422137
153746
137844
142742
162266
412045
122789
118846
249318
127951
159014
119330
172309
418500
19144
96931
45983
170867
99723
17632
147080
188797
126067
230363
144677
121154
150464
159443
259349
194461
248882
180740
59767
51586
251658
163271
291104
170148
137231
96571
183769
14552
237114
157054
5961
131074
173791
18510
249423
192324
264711
261021
416157
159712
116234
85028
131611
122387
160290
156353
191566
151557
145305
99052
45045
11053
14553
170263
95999
194735
97937
131630
17633
414354
241008
5615
241393
418267
251939
182830
291252
417953
160444
112680
70351
95594
93826
95916
138553
181524
152785
259708
46285
246400
190496
417045
260531
185106
422547
415294
37657
32497
152479
58470
93817
18413
120081
185194
236264
92538
181748
48238
156153
267402
291613
17778
245138
54596
166507
34883
154455
261709
168105
91821
235808
11269
173041
258550
281083
260923
148496
189793
423136
413501
261855
93818
173195
70653
192227
155561
426550
252700
291637
167950
180862
90664
235801
180840
158230
125598
230778
167714
183697
142247
193371
172283
433907
154189
29813
194053
186050
98428
241658
98462
181911
119417
160061
70622
169601
133136
185202
22988
138779
418016
94902
131345
158220
193089
63924
238772
93727
96137
11803
144326
3909
291288
31804
262998
230103
173731
168888
172089
28431
134496
380228
247238
116080
252143
184086
262366
149278
119277
243381
172637
255577
149005
155761
171111
240594
149265
245034
237857
423425
260526
194462
76690
194244
126081
64218
14793
134509
32231
38829
90607
163732
33686
105140
427985
159698
263034
37526
253098
426371
91531
95559
45742
118616
126021
93690
51694
261098
150094
234578
245186
236012
245869
138682
162145
391425
138576
236061
261710
249996
241657
193177
64203
417046
267270
422524
190480
126213
5672
143887
426407
59762
421217
161645
239298
189123
164169
157035
426731
5517
195407
157783
77890
55483
145715
409796
252075
247532
147525
180653
151621
7393
170295
238488
183034
131079
32874
135104
187822
159425
163671
141221
432214
189900
96574
186778
416998
239397
190431
247023
95817
4658
128294
54574
160390
91081
258477
251827
414342
163607
159263
190491
149175
419747
38981
142745
127712
98140
144745
238897
186484
258259
290989
148472
117984
291593
156531
418850
189203
421285
14799
243414
143458
23497
21937
249941
172300
184077
246094
170897
230216
96944
147396
164140
172688
96943
124121
188159
98599
240929
5970
432199
4663
246503
181691
196334
159171
118871
160096
31805
134372
247533
11913
5539
186481
22956
172675
138718
165408
252134
115565
186479
11996
189346
254294
167589
122734
118603
51427
188370
416174
162365
97386
418532
230462
11659
162958
157672
259801
258546
885
246054
167255
173531
188706
167994
159044
188321
237966
236867
156014
171590
118536
257465
162352
241870
143871
11517
76707
249066
36193
263033
248219
239128
187282
418008
162647
258597
162729
194257
107273
90007
14760
169968
171683
433122
143968
246166
165423
173328
259206
189530
5540
247458
160925
261841
138847
147397
133315
251505
90512
131976
33694
239445
169565
252047
93825
255854
429811
248809
193626
94899
145298
191564
281751
160194
169548
195122
230347
433077
118511
248945
192596
145956
195260
160162
260510
11633
35849
250796
32380
54704
128193
17709
188356
258849
250368
32369
237944
155382
194734
423736
93983
151830
70258
152215
163215
189121
230118
168445
123354
184265
99914
161459
91898
45591
162394
192523
174322
161396
261643
115742
187289
149160
97613
51343
22959
433268
130885
160064
93253
6639
154387
37509
107085
237543
247025
132520
37508
37125
248620
14556
133282
182305
37491
9980
70797
431392
127838
161319
168708
264522
54224
148490
258175
172303
118509
138176
95379
115719
42970
194065
260389
166655
115805
260530
121051
247332
173821
253385
159695
160446
172371
430133
421818
190689
194645
240328
142639
432258
154758
412496
186863
119369
419228
163927
14696
138813
183732
238893
291127
165874
172702
419526
112461
159428
419782
261569
112294
157052
92227
22459
155558
195745
414361
172653
136386
90323
257220
8752
35917
32564
63349
109012
193505
64211
152559
138480
94999
153687
134498
36665
250836
51818
35528
193623
143987
251597
152620
260496
418659
143988
241417
38872
154459
248553
11259
187404
189491
428429
180942
171544
187516
160013
230747
163879
186711
167120
151733
230766
156381
418455
194640
97907
118728
432538
96108
59930
193422
258024
124786
8822
154252
165163
415566
433626
264478
409846
249827
160024
195954
169340
424822
49847
153461
194322
194139
118495
154060
380510
188793
120574
114246
186580
107215
14800
120092
161764
291636
14930
90005
254071
193737
36700
126208
130415
251516
145300
153718
58521
189111
237928
261684
156985
230120
257382
291141
183616
147221
194738
164583
127544
192339
147293
254302
158227
159153
8677
33032
52077
183224
182554
36774
99548
137563
257312
184969
148399
192004
248660
247093
149092
194406
413926
171110
116407
48347
162191
186776
187887
125496
262197
144585
230036
252359
253948
131604
118179
152260
152453
188364
429207
38753
123149
93491
92213
127494
252996
195757
249100
290991
259401
237377
237177
118788
8422
195256
160389
133765
169536
188102
194519
246357
236065
116660
425109
193329
34775
195263
185931
168115
141580
119415
92226
257390
185241
98499
145310
117525
47489
160660
51252
141316
153241
245355
169753
94282
163881
51666
126015
429520
291102
91676
260999
196221
380344
5560
193114
174014
172658
16131
54223
164006
254297
185246
155315
191576
257829
99719
189905
144325
157397
191131
160887
243725
183748
38156
195977
124233
147911
14564
51342
186142
188984
161342
250794
257724
73717
196425
138556
191568
250600
257161
425581
191326
130099
427393
257397
168654
45269
190832
425681
184117
97620
884
158228
409856
38748
107598
32745
249065
188373
184034
110042
41743
241012
118442
89932
186952
180642
248046
143653
236067
155605
173765
138702
119275
239118
46853
174446
120020
180867
412144
251026
51469
182079
118402
250724
64073
144166
173605
7789
238551
280400
136212
181043
237861
182402
187479
237128
138971
160281
419626
186447
165664
419799
191469
164956
95130
159731
153900
146372
37582
51344
123459
173967
119271
258065
193995
261139
34992
426316
45740
90518
97777
5526
252695
161503
118333
153348
237961
159289
254024
418207
139015
425958
253773
171463
163276
249911
136225
157284
237115
22936
238304
124229
155030
250166
248625
144746
153072
141510
422752
21939
150809
153465
182933
118806
90449
290124
73679
184579
260865
422476
55699
117622
419162
158224
19998
191350
119377
168256
29685
187345
250246
188791
163733
93903
145097
249140
180650
116001
38962
430187
107007
150239
99300
171599
120345
237403
230762
18586
156986
104657
194092
411204
417455
150915
92392
184765
137412
262602
168258
132053
94520
417517
96167
260689
252326
189920
185109
173889
159170
158870
253423
64068
153727
415488
159135
148770
49093
421209
245785
153054
54178
142170
419803
26314
194767
243657
39060
253196
230927
239448
235938
124245
247874
38837
195192
159444
240476
92770
192211
121097
120021
159852
146061
90006
173176
18580
158570
12706
247237
429877
230506
409578
184232
173452
112005
101871
127856
248187
91085
97071
147381
136832
260920
12510
409932
137784
254201
11263
48266
262174
160388
158223
246972
259118
151638
107006
240107
187498
150314
98024
37576
17619
171565
262670
247871
430979
155719
159451
253869
11636
253911
33183
260494
145291
415825
93428
114296
257466
165932
189888
415707
126097
230782
156774
91337
133287
131886
260022
155731
240164
188158
128532
253774
55319
64066
188288
236758
136048
36745
193897
160703
160114
144681
413495
259115
169757
168144
114003
35159
34411
194311
134379
42356
264760
291563
128230
230285
186581
47542
97096
148489
247171
13774
144678
93814
169810
36696
249420
8821
243929
115749
194424
180692
425443
154388
253549
238865
166791
186233
55737
14752
146375
19316
99913
126205
422858
192316
230329
36714
145283
417678
36680
153411
189222
189906
185003
251657
189261
249071
230419
115720
261251
193046
419209
54918
90427
12808
137785
169460
230780
167685
164404
252856
70348
186306
92553
163759
172091
195972
415696
29668
107498
90447
193016
279594
118860
174147
173054
126212
418268
137881
36744
29477
127510
161343
132836
249812
70537
148367
246966
425844
411024
413696
143173
429966
167972
258230
248891
429306
239151
253101
5562
182147
238907
113735
181213
187926
252934
280374
121103
182042
37493
180370
145250
249004
260004
413298
182952
11793
252951
6521
70345
416679
31452
248740
55070
290994
168444
131343
415518
136935
193506
187783
230466
412044
421817
49856
91745
759452
49090
430972
125151
166989
883
153467
131579
70539
99915
172096
261558
192579
120970
90425
181313
195418
34761
90727
426125
155469
147295
93908
111097
119338
45261
37624
131344
119084
99444
244204
11730
172665
167504
190747
163469
255807
120010
164377
105989
194743
126071
259775
183464
190837
98288
98951
183686
230255
423608
186896
236562
19745
98023
195978
254244
421842
264460
261218
31429
153871
188794
180641
430698
244010
192554
38754
252008
182923
157863
280370
195247
47428
185144
183842
171592
13418
250908
113917
185590
136854
418095
245025
252228
35856
249079
193092
156385
183634
9936
188307
125915
11555
138549
237174
144684
195268
172706
99979
290038
51816
418699
433244
8626
427991
59891
431038
134172
47822
145645
172645
92249
147428
181226
416926
194768
239449
430975
196183
417685
165776
419800
126025
144804
188936
187876
230376
262190
153421
22955
38123
33178
413297
123156
191559
18514
123490
103771
194419
153225
421483
239049
259355
96191
32234
48787
46162
124901
421484
267198
248550
290285
420475
34754
12850
157907
124998
167031
93743
190730
190635
145282
196530
112381
230110
248650
133286
120120
172304
116608
246968
195046
415064
17630
147821
166452
147188
155559
165839
159103
171546
426380
118746
45947
413193
131937
182530
252425
186983
11050
159446
159448
98890
188546
195215
136798
195167
180949
414259
189125
257043
166651
96522
35020
416813
243388
431358
172632
247243
260686
195405
191535
130645
280735
257469
14677
230414
391133
247640
107576
136239
244674
259035
162367
261564
248056
136576
238873
146124
413391
63902
64142
17339
45622
252086
152270
124244
113000
172643
91079
266647
142562
250763
243661
92299
432206
107087
7394
139050
51893
428540
160392
36679
251651
416996
4660
162039
237408
430565
64215
254166
115991
37492
112398
98888
250655
169937
422795
193569
196420
29903
51811
96235
186671
166286
135072
121974
291254
243789
45946
44462
411756
156406
118277
11051
380383
165455
262351
180169
181693
103758
246358
141919
180038
429875
98099
46850
164449
163990
38628
85009
160020
93819
419440
154146
188161
417781
290116
414360
426554
158487
236045
172308
190808
261578
126050
246017
180192
95403
147230
38827
193680
291324
187880
48382
42083
191650
181220
126260
170289
281753
237748
189911
248893
159857
137482
426029
253776
185711
127828
145311
5565
182426
155822
25982
431617
181519
135718
159168
95035
253785
152221
42361
188101
424583
117785
193512
186182
181397
185410
257872
10623
169434
137619
167892
247389
193107
151826
236331
165803
188359
167738
170291
138698
235856
29772
157140
152451
160645
189907
261766
413497
412042
429501
19275
245353
19622
245494
253375
148700
160966
180039
189898
237193
161578
172326
166348
417215
41725
262997
8383
90050
93586
148741
194635
248555
291574
259783
239826
172691
186969
159663
12007
161876
149263
118619
121149
161432
155742
235840
93626
251639
196149
180341
127853
432537
246221
252936
96316
154088
157145
8622
426095
115733
97939
257386
63889
127829
148758
147658
253319
118279
248890
99368
190833
188090
180661
94958
5537
249820
22971
186728
42971
14813
239360
136199
430970
5646
255447
156308
291151
237888
124276
195265
237400
247408
14795
190826
136303
131829
259773
165933
431028
246981
168101
290886
194736
51389
123596
126026
245306
230011
252393
145187
423147
117661
98284
126211
157906
160705
249826
238217
195267
247523
172660
34266
185198
44434
258101
182069
101655
250277
235897
260135
182767
125967
257765
120105
253844
119485
144946
185273
47538
92913
240666
171118
38847
163147
98960
185141
238112
107419
138196
182970
116290
64077
145303
99306
409630
420706
160999
120025
57895
138561
290121
38202
118535
173325
172276
281413
251498
55727
190492
759799
149150
157668
181659
126039
158229
57271
245092
249086
133375
47590
230413
113228
70659
167995
146459
166797
172301
146067
290379
252186
11806
29880
162366
127855
182040
70762
36775
230465
47589
160033
416605
257217
196115
174013
49874
183632
22460
120578
249819
248621
45746
57739
121222
230252
165873
136504
184145
117757
188357
165419
710030
134217
97944
159583
173812
156309
113108
134370
187278
188360
113890
138700
253102
183017
45043
5521
118449
419839
120557
251478
121972
91783
238882
12807
136495
124322
250911
172012
188164
9438
258718
118016
195345
92444
191351
98027
259242
135822
188620
138192
184985
192883
163391
90672
249110
230214
38858
261560
93393
258691
49253
260528
38751
122037
260507
26316
247259
163373
248807
257316
5304
417905
160436
157670
70901
113913
37661
17486
132732
18516
144391
247092
290383
152796
115741
125917
90321
251600
156584
158232
185137
432249
19632
117416
391174
149032
134207
38716
260778
253761
250820
117758
192228
267275
98039
257155
95052
192631
262410
237710
27606
192887
127953
34389
425125
187585
409710
167578
194482
111101
38625
120971
152880
160875
261570
93827
115520
135180
98498
246502
111104
122804
259348
145253
171481
163427
238338
171136
418164
254213
145345
254215
24964
193527
133338
181223
252427
195633
90484
142165
258619
155279
429879
126318
138389
94393
182567
425444
122739
70800
261577
428059
415714
125977
416463
172077
187281
163566
193561
148743
257048
7846
189239
5253
266646
190347
267277
258719
189201
239652
237111
113509
413127
172306
265592
247501
51598
411481
149165
173730
230505
281500
194762
141499
417381
51813
132420
181469
258633
263096
44284
183770
191203
194764
38201
118723
418691
185205
239663
182044
192209
260532
253855
123348
167891
247545
51441
249989
411023
182201
416714
153614
262624
258212
250354
21929
51915
37721
126101
149050
160022
264712
137484
70089
142801
23158
45248
140497
247582
180652
180975
158537
230177
173066
238374
33325
155560
38876
43116
8849
22454
146146
189899
261223
173788
153350
145309
185234
253769
141314
422533
280760
51737
246527
426373
145255
181682
143361
186593
155636
185589
54233
154932
252564
43095
291614
154147
259786
162354
120973
157368
90326
180658
258476
250541
252166
95234
166650
260390
11550
245358
241409
193484
194222
145359
190173
186485
189122
290808
156106
189209
194220
251941
98429
257529
172076
145382
166048
84223
172183
244077
12633
241131
424154
126072
54180
194972
180193
37687
190825
240958
11642
281759
91572
240907
247018
96062
5531
94457
186780
11618
432906
153229
37698
249102
258751
167893
174544
188799
19204
281375
431822
259774
257504
431512
181679
244108
258904
96745
262262
113914
188469
33962
759458
183453
417382
289991
186779
99340
412159
412043
111970
97906
97943
91528
236267
236006
153717
281752
160945
261720
6319
153720
124717
261719
126073
261357
243862
70798
161481
247192
185524
7776
194737
431968
239711
156366
180033
169381
238220
245000
115567
96974
119348
99547
51607
135824
267201
418457
125995
157891
259906
127042
17320
98894
246487
94760
414536
189910
51735
432333
263104
252608
55069
146064
193501
143966
181665
291326
173792
180639
156464
411553
290131
249081
264523
5652
49497
182694
430571
157484
17800
111098
148208
148418
29691
58460
164810
411000
166155
173620
135905
46127
245022
247521
415498
164616
260027
254296
158940
48902
254308
138131
187615
152283
262446
118720
150807
259363
380389
415735
97087
119447
76697
416710
183301
150238
119384
154482
37697
147421
170776
193150
157679
261043
134645
234591
259166
194785
38733
128053
421620
90716
188165
254058
118470
183733
97472
195404
141882
94952
257378
248805
430438
416275
32340
89947
184754
145290
430466
258731
195045
184446
137858
70256
194375
122355
93938
97676
182922
145119
186582
165168
230432
255842
247015
169863
263097
56170
5577
432257
147824
147388
259410
155336
187729
192581
5213
125148
119321
174554
426381
424155
187927
180685
112057
181701
235186
184083
51667
391183
98965
57017
149051
19131
31467
245291
170775
163416
245716
5541
195865
248277
241365
246214
181657
192275
136073
96496
240711
146103
155322
168139
162396
281746
194403
91875
160028
118856
192857
11515
710062
126191
187852
759459
147252
126317
155585
152655
73671
137411
105982
56231
257838
260518
257309
96530
246980
239727
33034
12005
416713
19635
415606
182766
174545
416461
12144
98893
171119
180026
138401
165413
76687
180649
262765
134511
188354
141581
246216
152263
12811
145293
257490
254177
248928
128168
246447
152867
423773
161856
34981
184973
83730
171474
290280
154090
248499
128421
45265
39198
252011
258568
403414
8655
5252
186926
257408
245085
190003
431388
35078
188162
422797
416985
93986
110312
19282
195355
409530
157675
426338
148420
97437
236052
159157
239231
183105
37500
183633
95315
138685
186662
421959
117895
94951
166798
181680
85048
171191
194497
250620
161808
93489
241413
189114
138191
159920
156119
167890
138812
173050
409960
260472
173815
195975
5551
92973
244521
230592
173228
253791
121221
262788
171029
281750
186326
153251
245870
421179
118191
194814
247827
263103
170687
184589
59881
171241
432198
191332
155720
257040
35821
185101
254072
236032
156533
195484
104312
247026
245806
138810
433079
189908
249088
251869
184315
98097
93636
27175
416913
156775
380384
188403
183788
120094
64217
5543
144663
117623
268018
172166
31777
418014
186735
250795
18515
34197
195124
259969
434514
246101
193362
128051
17731
280553
147823
419734
93026
188640
187287
125399
70215
119380
262082
260928
8897
124900
94964
145343
191512
163148
162144
239051
126216
189359
157027
54179
119334
429406
141699
251886
262841
133965
6045
414343
432113
166139
76691
111131
258938
194382
267272
91784
172633
136569
430575
25895
89939
155576
159292
230130
155573
260700
121721
248132
58913
144599
181510
42767
63921
85066
104710
230377
245029
238906
258516
253786
258737
38755
189007
152454
185245
147083
149149
32828
248397
64168
144788
192350
180738
14957
153246
99806
246501
237766
135349
118308
416997
117429
169025
192292
152213
172735
230286
165666
254048
5321
421270
143772
154756
254293
249075
127044
90372
261935
95654
30304
186562
95616
99630
194163
5299
417453
148699
185100
6003
156993
243659
170329
12476
112338
149216
428519
29906
191697
290622
114258
230516
138513
194515
117522
240014
412780
97776
143278
156580
124246
171485
153895
180035
247528
181699
192035
171598
31927
249067
195153
181736
130388
259743
235941
117619
94781
180579
153808
25064
32566
93906
111102
122933
32840
107574
91240
163394
181151
415957
188369
192844
94953
93772
259766
120563
97504
258459
167141
173684
114314
247268
172630
237050
195760
189799
142766
247509
411975
133344
759649
416992
153723
258366
257528
132035
422884
430974
290896
194162
144676
25291
93871
189800
148750
263100
195993
237162
166666
254635
165415
98976
249988
266259
46103
250658
70219
123587
160155
136498
253771
260565
431965
414264
92390
424889
423131
6006
185209
238605
166990
262936
173533
230585
238153
248559
290992
19989
134084
96561
12816
43858
194771
418600
189846
260631
12474
196335
196220
122930
55950
163493
141881
118010
126192
188363
174378
138215
251561
192592
262228
235857
195264
246448
245793
185616
120106
253067
160017
163797
260282
123110
173858
195828
290007
193391
431186
191325
93113
257767
106937
164581
174408
422587
191989
257214
188372
409854
239060
263099
411801
127995
146133
163939
253949
187882
130387
158214
238196
238213
429181
422549
29915
98739
160648
163396
194650
192229
191841
248804
142846
258256
91171
248883
166347
426870
251034
6020
121153
35927
257861
192595
132421
184976
261623
128080
144825
194617
24580
14883
415596
291026
241241
163462
138816
230053
98963
185135
161427
262732
160394
172829
164760
147296
180363
39016
145321
74587
418861
151546
29671
168799
117199
6028
190742
290953
180948
169482
257044
281679
182198
13990
186307
250833
252275
180187
195259
239782
427047
246521
245257
257441
237577
237290
411861
414371
119268
416709
194758
180841
183107
184933
76103
125742
246081
194196
44474
185617
182769
239056
247266
164586
37626
171108
165931
156015
119243
409758
161855
56233
186169
158211
128361
186767
171535
259238
21790
32563
290913
425945
37584
167919
417698
260490
145843
416995
180747
236072
112394
237519
149052
159169
156963
157351
115221
252394
166873
418413
164551
188789
237142
112295
93448
160888
259346
247303
193633
91226
172277
253675
119325
415342
432680
429907
257219
150233
138696
142739
174151
291113
58917
160027
156490
160928
252677
290625
418130
107088
430928
128238
12639
260133
14798
64444
96190
258738
153725
146505
249157
144406
54741
262680
166156
195593
155907
174631
420421
33388
238976
289986
167740
131936
115810
55731
171823
426859
416988
95478
246999
70092
133373
419213
169558
246211
173814
149128
422394
247641
91689
91471
119320
164954
95318
183750
247011
263105
151732
142497
93502
165719
152464
192321
409928
169564
420509
196325
146060
116079
251140
54234
258912
138761
156124
434089
416909
96558
29918
196053
185929
258951
124525
38985
159450
190590
236296
99346
427670
156423
258469
148905
98882
8380
430630
38855
160026
189942
241425
195245
35611
433338
3302
96936
252087
38825
98216
169849
235902
138132
180988
259749
152887
6025
154058
154890
47622
191519
237712
187888
121105
169364
155387
185274
261622
190346
253853
91339
128229
19173
259159
258378
51404
160019
188126
136811
135000
258517
427232
257381
194383
163801
8847
169338
254301
181237
51402
252949
55485
36929
168857
257330
117197
416912
412778
165804
125325
259160
36915
91691
168098
51810
252010
21930
191132
104645
180668
149088
84425
186663
93747
150191
136488
243791
154384
418090
167032
5746
157561
196216
169985
259343
172682
138681
167157
45046
156184
153739
125747
241843
257407
759445
411863
55226
99186
254049
132724
90721
185393
161853
131999
140987
39034
5119
51820
138800
123078
230688
432215
249722
254925
159851
237144
190092
133279
246410
121104
156186
259947
281497
185541
194158
230408
160646
195172
245540
240568
237859
423443
185236
416908
425779
262427
90506
187650
156776
47487
261221
193931
138935
259751
196326
45986
121054
194379
422719
171543
431967
157678
147497
91076
194381
184975
253237
192019
185110
417502
90438
91549
187879
97501
252090
259408
164227
19678
423653
427095
230262
89934
403509
70216
238502
172013
181480
48242
35823
119416
47944
421278
261771
192784
237405
243644
237862
415195
148742
161359
96169
258115
99048
290829
290983
136388
132000
196397
90988
134497
247170
169413
96166
48898
415944
416123
137422
412390
413503
185287
230783
239058
145297
128052
291132
125746
158585
195759
38771
248115
117791
411326
101766
6030
248562
173793
13511
241391
134648
253766
11634
126076
33424
259789
186564
259860
421563
261237
126214
39036
189040
147527
150234
172709
181240
262325
122959
5209
173672
181571
122962
143972
259700
173826
93475
185185
168468
165774
186811
165416
46135
237730
57127
140989
34084
424636
291287
114250
146122
64209
161576
170568
191757
93392
169752
239716
96163
241844
155649
230227
126305
280304
239184
249815
127852
93401
431382
59761
173818
187731
90719
8819
255806
262846
425442
157533
193434
415886
119376
32611
195269
193682
36358
117424
188708
173109
156409
185200
138562
264720
409605
243412
132214
18544
14555
121155
12810
257385
189207
246226
290978
172514
145308
431022
144786
195794
125740
174633
47411
259006
91822
138558
113337
64219
147598
414359
417471
32223
118620
237410
253271
183823
894
51487
260361
117883
151559
183703
125147
94390
120559
85072
248554
182531
166285
239061
246218
85237
140988
154524
155906
259706
241424
190044
158765
253488
424184
411758
98547
253909
252699
182076
137848
111083
238606
244198
239761
138683
180674
45747
90297
174609
245866
163668
426370
25445
124232
237946
291029
96165
290043
423646
264710
59928
172696
182558
245275
124240
182919
186660
241406
247949
417739
257164
246251
238888
21940
193170
116222
257377
257178
95563
155993
94954
51731
105976
51446
173191
245031
192955
37474
42113
151841
380386
250091
189374
415050
152450
166795
172708
247578
189349
230316
431463
112535
186813
253024
165418
173187
171545
172024
185542
33177
249083
36729
414364
97436
93902
142335
248608
291270
59894
230346
244240
37388
118412
112498
84219
97674
173237
183225
97095
127979
91704
186897
250867
248261
173590
261604
136045
160045
5529
423426
142338
181520
169419
128298
431966
54793
424862
186534
196333
161573
248664
8385
194384
433221
181515
192782
126077
424920
121812
120144
138591
158101
138707
70531
5644
107481
91286
47541
22993
245937
183221
290032
130416
148788
258110
136069
151534
163745
94997
107086
127043
188753
118842
248629
11788
97743
174553
127488
125978
10697
193363
134256
183615
169936
131075
184160
415248
259750
291162
188297
413499
4659
160452
291432
113921
186768
185108
159149
133890
35609
122292
97088
158157
188878
28414
113920
172285
247519
5305
152460
188456
160094
12818
9177
95036
84231
160008
166232
243366
247642
418013
117189
240534
185111
17193
29746
95956
55477
153975
423177
145188
426543
262659
155540
12010
159692
160151
45260
417679
236624
29894
234595
168141
185218
157563
29672
14670
8296
247398
54226
158764
99621
411280
154416
429190
414559
191122
91820
19975
243386
32035
253376
432380
193997
237849
252088
149033
142222
90436
91053
180174
160165
120093
432978
252363
290751
96193
191284
169013
184340
51738
158209
262460
19353
168469
240199
148767
259436
193902
235988
38990
261863
230362
172516
6072
153125
252465
188836
119493
248560
426761
259241
264189
161430
161027
149082
164373
193406
117410
19831
155606
193357
96125
230345
33402
431969
180669
125337
190225
122934
14777
148752
5152
34167
45266
94518
18577
144476
290632
90510
159650
191145
186975
194421
156979
138814
253009
428427
8900
164216
194740
11649
186670
430574
164230
191694
70658
190055
98947
136280
97477
97015
154465
39191
70133
195189
31598
101256
258549
185930
29936
245717
144509
263062
151844
241237
430821
187029
118735
414355
236046
34137
161827
186152
94454
168860
99062
253946
134311
427183
168007
128293
246401
163441
291161
248551
184131
170150
426865
239579
245198
59769
162402
415246
159159
230409
188123
254284
172305
260695
146922
191510
253762
258632
141395
248794
5966
47419
242112
125404
119553
168360
173703
90132
99045
290987
111969
54235
194981
33171
31670
8625
280547
95128
7218
247546
51496
54707
161669
161345
417697
235711
5576
182304
156009
73675
97822
99188
93883
124344
136670
236864
144319
260517
239368
253843
185474
133438
162222
93256
195987
247722
188833
151538
120083
154391
8692
153386
38160
117618
184085
161338
33337
261134
117814
152866
259951
432353
155278
38738
161987
35938
239223
193670
152344
418271
93907
192791
260488
187070
236070
8755
261846
259745
38851
174189
9176
246042
14784
30302
13417
99302
123157
119362
195486
411505
93587
90894
97439
186252
252132
189873
162400
417039
416914
195400
196473
120110
107082
38860
249635
182280
173673
425545
258555
244303
187025
169366
125810
238688
165454
185907
125908
31510
194974
259607
155668
12972
181401
280322
48339
413823
163251
153108
148751
236866
409848
262662
253566
190175
185187
432569
236007
135348
32221
261718
158226
161018
188964
36770
180030
181045
247866
248278
99628
185115
52122
169469
150099
36667
259167
37461
247580
113474
51807
163976
172762
155600
258567
186810
193853
182908
170584
144071
188148
97068
173392
290042
31794
132102
153740
54877
119344
235804
167642
189006
238495
136227
243948
409655
424921
138804
40805
192358
99164
291286
180673
4536
135823
18587
160016
194405
413251
193968
162187
16088
134961
254179
413185
184983
147659
95127
146063
174464
182434
112172
159694
145251
115516
290986
133314
234589
260505
126204
195923
124231
35025
243379
45268
164907
257875
98948
195028
101275
32833
425767
253916
145180
230263
8399
434437
173639
19133
258901
7221
154891
158195
154464
95602
11802
7787
421820
411923
163913
90437
96765
247022
431027
261057
12634
151854
160447
118280
172667
230175
188703
427234
122385
184317
230375
55664
239653
153039
262625
152248
168424
174634
126217
262195
191333
188796
183106
191577
14955
130916
124886
107599
118650
148422
391088
70342
123154
22957
8753
259820
144982
121224
259260
139056
138699
37823
257468
7843
191530
423410
257405
249998
193173
235803
191140
238901
92974
290421
142438
124999
759690
98506
185923
421066
180470
194335
261044
431356
143810
18512
261769
290029
417676
119383
194418
8851
419741
187613
169455
70077
149217
120577
252932
258548
173341
171116
159286
24358
189205
165063
48170
191133
423855
90171
34767
252931
145346
121999
156489
412777
290130
54917
430697
185369
11265
182306
153976
191430
95899
38960
173789
59655
253023
246041
245867
182951
120573
262663
21941
148497
192797
291146
290117
417540
163269
160753
413529
32498
94343
49846
161648
422548
291353
157531
237930
157315
245868
70090
243405
429631
192033
189223
188983
237674
37659
417038
246225
238875
418735
33185
136568
84239
257332
154250
244027
187340
169342
136202
63900
43832
186661
162397
165980
192015
99608
45052
39192
152457
192630
262621
249880
418849
94963
99105
258598
147292
421289
183613
426406
114312
192356
417699
147505
248175
161397
111971
420139
257728
159656
146104
64213
259018
181841
239583
434079
263121
99456
230431
37484
127738
241850
261688
96730
183749
413809
160467
163731
99982
419211
142964
173330
248173
416712
48901
196116
46851
191570
118729
55033
36943
182976
182466
35916
194224
196472
250212
259249
258275
12974
165421
239283
159770
253318
184952
171117
174139
409537
26296
36935
415337
33168
22452
430976
433312
5964
29916
154687
174196
37543
191117
47539
113508
380295
420114
185899
14882
249342
125898
425845
423636
6065
6317
125981
262657
163437
125583
110022
110314
290128
159873
164455
281066
258534
168096
24436
252089
425123
134598
159396
264759
98878
14728
291110
138195
249080
98095
190634
152347
63896
34129
159151
184343
433384
172084
262661
230701
252273
152463
238988
236626
118848
247020
280398
251024
47543
147780
134312
163390
163944
253000
240021
109793
262499
261136
143046
186861
195989
159659
119446
261559
46819
126037
117957
196332
259270
138703
429725
244163
92768
156593
144655
253412
98431
187348
168595
146771
33669
162363
143359
48897
243643
93803
164624
432042
155622
391187
423409
165665
194052
239693
186525
260927
183014
152262
238638
11801
189967
187066
187673
433818
159728
4816
91900
47614
51470
180659
244040
247234
13888
193113
165451
92301
380388
186605
38965
237495
174632
138848
171585
189807
258553
195399
416990
252126
180533
261942
253389
246965
194344
120565
159670
133690
49599
258610
163884
260690
291545
230384
184312
421130
188399
97073
119329
239220
246096
120553
34980
142167
236724
8621
415602
416815
237947
235743
409735
238896
413255
125990
245663
262653
22451
430132
290999
19659
249821
144587
95806
131347
244011
64447
95129
257146
173184
136566
131608
11651
187923
258478
55224
55740
22990
126084
104648
47508
234590
31478
246011
193745
95917
188303
64071
185183
257158
160720
167906
421479
151843
180681
237579
155388
153244
131609
21476
2997
118190
138900
422652
416743
34499
156535
230315
258774
169452
418270
260522
159854
238864
55229
153974
150241
243916
290118
172654
152488
165422
153349
121819
118001
55949
259709
167970
194816
92334
26932
261495
156574
144673
118719
174555
418601
152886
253568
190432
257636
124890
191652
253320
160445
259695
173752
181399
36719
258475
134602
190056
38638
409604
90317
247875
172666
156582
163660
164771
261960
29587
114038
172615
119332
172669
193818
159165
195851
55456
93402
160442
240404
149279
245496
95378
58914
161506
96735
170949
89905
113912
195438
45676
245497
111384
166832
241872
417499
193172
252965
188729
117432
51426
171596
185710
428908
89944
148785
239119
118538
413339
188099
250839
159732
5550
185195
185866
172299
195824
147291
266644
257839
137880
34376
192590
153745
190468
173231
196256
426372
8297
48560
137051
181314
136301
157674
173326
230344
260688
117423
238562
134313
260070
5533
85062
162225
143485
154914
189015
156532
164697
120129
174191
253208
92963
159691
421988
181824
290126
243406
35027
32233
136936
90019
256677
136300
145429
160029
182303
260523
171471
38824
118617
411976
36662
254013
415605
115461
249068
149130
162575
157333
124235
119538
115731
181232
180691
118507
147567
257398
172056
238889
246517
11045
261019
252634
167997
172382
96957
230213
94341
188295
136207
183789
230609
417040
181212
172695
428533
195237
434621
193364
33401
159645
154936
33296
141883
45739
93214
164641
419068
42103
250797
243658
249634
89941
230973
183467
185114
238883
240188
51821
248171
281456
158216
189119
34140
159602
186864
192588
48622
291160
163306
183090
125336
159233
250798
245336
98285
35031
145039
152216
262117
260269
37652
8573
280419
91254
257931
238725
240102
230428
172281
98025
45665
107271
240247
249424
173729
230132
118125
141255
118318
289994
173816
188095
174171
155224
180655
128228
157834
195166
260134
253418
170666
261574
155619
191045
189058
143967
190497
230189
146065
154790
291106
148498
291575
91703
257218
118550
5574
37482
96527
93630
97478
135186
142245
249090
428541
165700
427458
160159
145275
145360
155637
189044
97551
5297
162357
70196
138780
54614
426551
183223
244241
126070
149081
414558
180654
22992
194159
158196
122295
153741
138923
411062
180037
262679
51621
51732
262419
10625
252939
710036
29911
33364
17636
143870
172687
142248
430616
116675
249103
249807
183562
195991
94922
163487
238872
163355
154461
422794
109376
48333
152396
419210
149031
158198
192278
137851
244206
423582
147415
55225
156091
193403
64144
55476
91705
139063
33428
160030
193499
62705
163438
180029
257530
126312
264699
262589
417380
90199
191551
115522
5563
125590
182528
97013
263521
291314
171109
34142
291107
230215
12170
230539
99629
186783
183590
110309
107089
184235
186053
240665
160062
168443
167158
59581
180814
243923
291150
190746
420477
168094
124043
196236
259798
125152
38155
237402
242111
97410
157880
104669
163197
164096
194051
130794
166918
248177
258631
181231
257635
183873
25859
190488
51690
152217
64590
186305
193867
290376
248014
155323
14989
245307
119143
236330
188790
241871
182666
187800
261778
44443
252324
128182
98797
128239
173068
94011
8610
194251
182465
249104
153528
134309
116657
132255
237925
180664
124120
252071
148421
48957
33165
21932
259341
247019
403366
187288
51791
188754
253377
159668
391185
419441
145149
70251
153719
159426
186170
182425
145254
24927
421482
710060
416916
89907
36678
165778
168361
251383
56244
180745
147444
152452
118554
250185
250278
182433
137234
70661
8522
147212
155303
167250
171448
113734
93813
416868
123148
248549
258518
250503
101869
409929
433278
261936
34825
183088
418657
97905
195807
131346
403511
94392
155122
254295
422654
259666
5973
118813
116680
244302
195182
253952
97336
250279
158231
247033
43082
137618
261644
434436
187692
116667
185192
134964
170908
171533
280768
152212
62817
38963
193164
432434
98897
230277
194964
17243
174635
249829
162593
421716
127639
247407
194240
195436
128227
33244
156011
57768
237965
157784
415227
245835
125324
238382
38216
193134
142007
156408
170868
259203
252940
54605
21355
99061
159793
168362
260864
189889
261707
184932
188292
192808
148756
245608
290882
160031
185403
172680
258062
261862
137102
422044
173977
110318
154469
162959
434088
145434
434439
257333
412238
125979
32267
426030
258224
253198
148740
194221
173766
186960
98469
156341
156992
244042
118388
51264
425202
260520
262191
248561
187924
425440
255805
48701
280190
152786
244025
38832
195417
253365
70910
11918
260508
19744
257393
126085
170628
172652
252278
90663
172093
137850
281499
153342
11660
237110
230217
147555
193360
145383
195408
122632
37709
144674
161347
133439
243598
260921
194514
174298
417501
162146
165902
161352
427684
158247
422234
237819
186710
290908
195416
430927
97056
196110
195241
237964
262672
5269
21475
48881
64216
248796
30301
267741
147394
154373
181217
190769
5598
132366
138976
249910
422380
64146
54228
126054
11792
253775
92478
250801
241388
189221
183920
109466
415228
163280
99710
10903
190489
111081
250163
119270
145867
266688
112392
126306
180683
48704
109417
134030
95804
120974
427597
185237
417693
153077
152767
160709
170670
180687
237319
153274
98366
248920
192355
172679
259033
183011
253777
253673
259763
159288
47488
32278
290706
165667
98961
166349
19966
163862
172701
180742
170464
430556
191511
247723
120122
419525
117876
33229
161346
168342
245732
112399
430973
160163
403513
92501
163439
112527
55713
172683
146743
36636
191047
185098
165898
427140
142743
195971
291325
97921
230941
260608
426098
172649
259320
145299
185240
124973
34086
5645
291458
173094
94873
166231
190385
171595
140985
111099
95413
196471
162953
155827
33305
147389
260871
251068
421376
172016
55478
252563
121049
192318
58463
415027
412841
155601
419421
156384
153226
159431
27177
160034
244279
186495
4680
418177
149086
99054
98214
185368
110315
7940
420934
429512
259211
248884
290939
172707
246824
174197
260195
262671
137256
167506
247049
157534
125150
162227
252322
99722
98472
230560
419801
430593
236011
237860
260515
119497
167319
192988
51600
180667
416744
254046
239152
412840
54552
241389
97936
91239
183588
251847
120571
55728
166712
240573
193531
132225
189944
145294
11729
411307
187273
252085
155551
249882
174337
91084
160498
248663
37655
163772
183636
160032
181849
173503
143974
194749
418045
42999
118595
415603
174575
12962
123109
237281
243848
428744
413493
148778
159106
414356
174135
35872
31501
118598
172718
184585
431352
427181
55649
120346
419610
409849
54597
185397
247016
290457
419454
181697
155977
5306
153721
266878
432121
193486
93348
193410
194336
252219
151748
194376
36950
95914
165449
117415
141223
236008
423919
117884
194334
420476
14765
158373
247530
163722
428028
238373
163042
760465
261573
168442
183113
249228
137103
261859
290626
151522
196329
257876
156469
196528
237927
246097
143277
155858
172661
186052
423640
144944
290982
42766
140254
281088
249003
188803
187998
186666
96771
113504
251025
258656
188323
417324
261605
144507
121052
187925
154089
415565
34170
147426
190495
63922
248659
180448
414358
153210
154228
89840
248189
145377
247543
113740
162577
36691
168142
93985
133281
238887
19970
145185
134495
421476
51909
415803
420131
184972
164999
186406
155916
181233
181011
431391
171539
35926
115942
195397
90483
253001
188443
98887
156983
126016
259667
94504
433311
48559
191330
867
91518
14669
34198
161028
19820
35853
244041
98898
258722
116135
248050
59765
259385
55484
180028
155597
180034
416132
136577
120109
193507
25058
172801
193098
257882
138636
245111
7839
247394
267273
29674
260311
191990
51812
291561
167742
182962
45041
257165
186456
19646
238876
172082
96969
291116
250654
154347
186527
110020
421902
194343
126099
137977
238319
17347
63916
247724
137569
380482
421824
413732
8336
409833
54181
34822
161339
411218
263031
163282
145362
419227
164372
151494
106925
250502
155666
144670
64208
118849
237145
153420
183085
230274
252325
155390
182468
183035
144981
194243
169456
163389
230049
90841
190748
257315
759444
425260
263022
165702
111838
419805
5934
420132
415716
246500
116078
416885
411476
169984
290748
153715
188648
432905
192365
196178
105728
187280
133372
34442
94783
250621
29987
35915
146779
144093
188801
14787
125408
138727
261552
193504
63919
150803
134958
249129
254047
89977
182663
159658
134031
162727
424861
193165
47813
155281
153405
91837
117877
158106
236010
97533
259764
243416
34188
422396
155123
122308
164407
191134
45263
247000
235937
167993
126293
118599
12849
122852
415247
420183
136574
160927
174150
262656
56138
194374
191136
263093
241873
425694
411803
281081
254472
180646
259767
254261
32273
141683
192725
112037
127511
248353
152936
92793
153055
241010
118618
154481
172231
433517
194744
183296
420444
138925
257934
162165
120100
91675
255578
156991
173331
237751
22453
153255
154933
96568
187836
417939
165918
267199
267962
156008
93421
98496
194702
187223
151533
33366
11042
161643
120478
126100
90666
168919
113300
181206
230178
91086
173451
130546
164957
258173
433625
241154
263108
250710
19766
259665
419611
138692
160415
126049
33467
48334
249158
415051
157669
238005
121147
117662
134106
159447
166793
252426
37579
254045
230337
31806
426375
34152
45982
162122
172700
161431
8405
239055
190047
170581
290990
138548
421373
181569
3056
55660
421131
411541
413491
184414
188725
147347
134536
417044
193511
180860
241852
253265
147084
249082
5649
430576
154454
188125
115523
35135
4662
186275
22472
150802
243922
431971
194774
161877
173682
280549
85037
8749
34378
188367
245565
185591
237676
112040
239289
258843
138712
134381
90318
238287
250840
131629
143769
94391
99055
259168
263092
257159
160173
19128
118514
154824
191111
93742
11254
121195
425682
92212
31803
167607
52070
70076
259354
55741
230358
247047
162401
168137
155215
167606
185326
247396
21938
70218
420481
123356
153466
156067
187343
240749
434620
154453
38958
413699
167009
116391
184979
291284
38190
186736
418745
413500
98783
97503
171586
253787
247867
126052
192034
159154
19720
171115
15918
258274
261964
128165
188407
262016
189210
90018
420370
125401
234587
92794
230045
247265
250619
412046
11048
431916
237926
290006
122041
172282
170674
189531
191556
248169
99081
117585
128320
253950
418210
91170
143661
154480
168653
188491
432553
22436
159104
125397
5333
247001
280998
248808
148771
154941
186973
31802
260340
159187
409837
760019
92222
290458
145286
98289
419631
191847
257234
415888
189943
279575
186051
142223
417682
192361
241841
165777
230405
235757
146062
137421
421274
148779
235806
192208
243500
70538
411065
418693
181700
120082
262196
38869
431823
251589
9173
152609
173353
187823
192341
263778
185239
17629
118236
127980
187279
95913
37476
260514
91692
266272
118178
168705
147066
427784
51880
253486
186596
427870
143881
155743
147552
433371
112293
264722
247786
120275
185284
261547
7392
146502
237163
96573
403512
92391
290039
138930
153714
290624
126063
262658
259353
261493
96145
169544
417047
180577
185297
414179
158218
160505
151548
90055
230420
161146
155712
38966
190327
132785
180838
250303
132422
161574
185285
416925
760259
44412
34148
55951
237960
185116
195155
413109
139297
230140
95322
238909
248806
161353
419807
131849
235900
172616
191848
5616
19827
90618
22994
253783
418545
258236
153748
248797
157339
112264
172694
119365
169877
117196
182253
29673
416655
170198
51911
47921
416443
246165
174015
173232
163926
117186
119418
432041
169454
135827
151780
138557
133347
95301
5251
238877
291459
160091
121165
139064
247869
126215
117878
162102
161734
418736
13425
185391
185136
124997
258272
172378
184339
159652
183820
122961
166137
237493
31409
95319
411022
419740
5260
51390
121250
99455
235942
110313
230412
147316
92795
153242
391173
160036
248624
414602
248563
151528
248097
185146
413105
144979
137958
117533
27026
122798
144796
152663
258061
261416
117887
190434
145292
122035
170675
92394
237259
258838
164365
153728
42725
196260
113736
173200
193647
237575
76704
248894
195064
237909
11640
126206
156585
189870
90648
422712
90487
156579
8639
122386
51596
118736
186454
253764
242037
196328
166923
136044
257709
109375
433267
253011
49859
98359
248262
230955
239728
230012
185501
156960
125149
410778
46110
120146
423940
169842
262017
182432
29909
248571
166709
188639
248048
237612
161428
117881
159870
161425
239630
37485
11641
38227
187071
264461
193174
262665
35952
413984
415198
115722
237001
115364
142246
426405
184103
153345
44441
154937
250622
196237
230327
423637
260516
184075
191565
94998
409994
159105
169725
423920
188795
421283
130082
248790
133724
434419
251488
111100
425660
434696
147500
264215
172639
127993
193759
141254
160863
18579
143773
21934
291631
126091
166058
97403
249817
143476
262058
173230
238372
427639
165061
194769
153347
173479
12051
51809
190750
131358
290958
187881
246887
116082
158768
135826
194878
180746
160088
412561
423113
145344
169988
380356
421931
246266
126023
258174
160195
194138
159198
11800
195586
99298
156994
245948
180172
38856
152462
174338
151694
189383
92196
98949
63920
188366
157741
162361
33313
94345
137409
262554
186659
188472
5524
157836
112007
131828
117548
97778
162806
156307
257392
257156
185358
70079
189120
144508
253197
11914
138363
430978
98507
258739
169989
137413
238894
120145
186967
245308
258809
195823
70807
260397
230410
99912
145083
412998
230699
159163
248473
118851
172672
183116
51790
181745
257313
250800
429310
154716
11796
158766
42741
36993
152807
29902
257395
117717
121966
146066
47588
252623
159908
135070
133892
172302
195822
236003
99938
166677
139193
151535
70534
159729
255719
195535
190474
167704
244026
234588
169042
181239
122042
154462
29586
190494
168858
183020
182647
51692
418686
90702
187285
9979
8384
172640
51725
257487
261897
183663
187504
5261
164233
125997
160657
416814
182431
19623
291591
241476
118092
257744
152797
172650
91253
192032
147424
230349
36773
96746
425441
5618
182921
91294
136279
33442
260025
419798
48785
420818
14776
99512
70535
94926
159264
110311
181511
245655
147820
391184
37571
163984
171534
237199
36694
96181
191467
163940
144664
258939
38982
164403
168143
241392
235990
155598
195826
243382
241940
181656
424863
166196
173767
194648
258112
126210
195756
192793
131884
112139
248885
93383
253937
184729
160038
99916
166114
194668
187221
182001
99563
172719
90064
257222
157003
412003
290603
125739
14746
253912
252014
64416
421950
173060
112039
164639
136677
39066
122738
54681
434767
174445
230380
240903
418269
252128
164580
43084
48361
158104
168796
170911
428532
118852
37627
35021
159926
17710
190834
230340
257746
36771
259340
429472
192013
136353
247797
190476
258922
46126
244162
245326
194770
34059
410925
166792
132222
147727
98273
261319
39023
241242
93255
250281
194802
248183
237277
259742
152456
14801
194741
154991
172090
240954
137847
419796
46331
15656
94871
422340
187728
151756
261762
156577
144667
33353
11658
291111
90446
230121
148753
427107
119552
188047
115813
258242
165704
189350
419774
250846
247267
230636
37625
142337
246234
759798
64147
236263
11617
46104
196330
183092
195825
128180
429878
188800
264138
159699
117418
239584
125368
159291
181839
36748
186453
254188
154928
230464
239359
45554
132221
33175
125597
63901
421287
29905
5556
237153
230583
237929
147205
167996
194761
195156
249160
11635
35929
119264
416124
251825
180657
180689
19634
125582
189930
412639
236262
155394
239222
186669
99085
186278
238219
184974
246729
290004
230382
37656
95915
9443
247013
409912
291283
245090
93632
162759
184597
280320
194772
159123
137220
70620
247021
5670
245141
413389
247027
432204
193100
43120
148769
196419
153240
264503
29475
159422
237968
247392
11052
159312
248929
137836
257884
189921
423252
237962
127968
64151
96744
428699
194245
237258
230108
192017
130644
186598
51471
122963
190724
125991
261012
246402
90200
11551
111968
259072
187283
423941
159856
37529
421826
153501
760464
432209
185476
37581
5552
4796
189005
45051
243542
161537
291109
96772
193861
33221
425873
13510
64408
119290
196285
121151
147675
194980
115718
33184
188623
182043
39156
416886
187263
64075
259165
95494
182773
249813
246182
414644
151290
426729
161854
125411
42128
170664
160060
99617
172635
91690
248015
157560
235907
191562
157957
412375
426383
128360
257493
11916
130633
29912
172098
144838
411240
168102
252421
157750
90662
290894
257485
120576
236005
92034
429726
185107
107081
138129
290727
280999
46978
196476
180651
257383
5270
133346
417516
428098
137410
32315
245032
140255
426097
24961
89906
5585
99141
186215
247002
424342
49832
66908
245185
29712
237887
11650
8881
237854
130353
92224
97438
190469
8523
44472
239781
171531
119333
252327
33176
173229
710067
411442
422011
93439
258103
121530
44470
98616
142336
136240
48756
262756
162159
96233
257702
14791
48358
186279
258720
8820
183219
291080
148688
32374
59743
247828
117200
42755
258937
260244
262848
238904
243726
11643
173607
153867
194390
159615
182982
193676
230945
417514
267194
90650
249814
239299
185359
13968
117088
34797
391177
252696
9143
161401
109465
118335
150394
291520
415887
193534
430364
254393
134513
430247
9145
137782
253379
118334
170465
153909
433627
421903
418490
152343
255576
34294
115220
5546
237324
262715
91241
195992
186482
161999
409539
239593
165062
54229
246098
180656
236056
117790
134032
195271
427182
126055
429169
249064
247525
143928
426167
171484
98402
290005
159166
194979
147686
91803
95528
267271
113357
153224
17634
416321
144668
186956
433307
189016
10624
43008
6017
186989
257769
19281
290260
18578
262941
96937
164375
185477
261550
419625
31931
188488
148362
247581
281754
433241
119263
238900
134213
172164
134646
239057
134203
418176
154086
121968
39061
195668
243566
257904
37693
17789
136671
421011
250835
258842
113003
246575
165772
110082
423660
248139
173342
186496
173828
134083
157417
193401
253239
411063
31019
259352
257157
266257
186651
93396
172017
48362
92536
252514
291576
63888
118601
257525
128292
243407
196179
416528
416993
291577
172712
191109
181230
237693
149277
409715
135030
167622
90715
174536
162123
183811
247951
91763
113005
241371
9934
424496
432122
237283
255459
413498
14678
183702
195159
159714
190178
291590
119444
235989
183465
131885
165452
180121
419753
51396
420420
73677
97014
156420
193681
192858
152257
261222
123153
168734
421478
421477
93547
136067
259769
245197
147065
70887
185693
430929
192946
161560
236625
37724
163849
245606
412048
253781
238004
125799
168116
99720
137732
249720
121781
152053
159696
167702
192886
111732
134308
160371
157470
261576
145865
247526
260947
133133
125989
172715
167581
12049
237411
183231
192322
241408
247239
253763
112455
247302
230313
119328
153724
93762
429189
5204
431555
236333
184758
433086
188704
93261
187802
128243
103553
157780
188147
172377
134028
96002
415563
238806
759637
247720
42208
117580
7396
260150
119244
241849
246971
194999
11638
38214
5617
55707
237282
96569
183731
413492
431464
9103
162081
14789
249091
380227
120558
97458
155393
92577
193031
97502
35822
118004
793
290749
47650
170052
191327
196222
91706
421644
90703
424582
230463
247522
160434
96059
117201
262365
291030
168255
258064
170913
153968
172036
174190
259049
47821
86501
155321
290318
230940
29681
194499
291103
261020
145838
153897
240166
123278
147231
239054
416203
37541
246739
95997
143872
193432
33169
22983
181669
257399
253103
262660
146121
64148
147386
240917
55693
44380
422690
130173
194616
251347
51685
141256
99981
157782
426382
168704
261174
419067
193354
45741
258519
11599
173196
94839
248623
109416
168099
291108
260239
759797
261711
237326
149126
416911
189922
194753
141710
240920
239718
249089
193863
43117
259824
253010
142164
92102
246227
250629
173820
185373
242099
147496
430603
99978
51710
247399
27141
13326
164636
167039
113918
252862
145302
48231
261567
186594
188195
422397
191578
281501
21321
250640
5515
248114
89294
14727
193407
427928
96976
171972
117858
4817
96981
173344
105484
154087
97505
259788
239558
427197
99980
33356
421917
117669
172690
258614
156962
128064
259887
92393
43081
249723
421552
193645
230116
182188
146790
259805
154056
161670
161426
182039
258712
123147
236332
427388
37651
184316
290755
195266
126066
156002
110590
192987
432040
418738
164376
184448
153099
51488
117756
168097
29771
118596
144958
112124
412258
117885
180863
251692
130075
259888
412294
125326
411860
147228
136241
171498
134380
409480
121323
121970
119378
161415
189893
126263
160042
243410
409467
12707
154468
160661
162890
38826
149132
413034
155111
194754
98467
162359
180591
35160
257380
191604
116665
12817
119361
138818
168633
291638
5588
29907
161387
117426
237147
189918
418456
21933
147910
143474
162228
236637
290747
150445
32338
196515
433337
96521
139061
415196
131550
114028
34984
259413
55725
64210
107222
190813
32700
256222
245513
180464
93500
162356
119336
70082
290003
19134
189199
156575
192348
230633
113004
267197
138625
259392
189772
29900
260500
237139
185354
189045
126310
147724
155864
37546
192349
85056
249850
54227
169876
246522
92195
413496
380390
185372
99051
32270
159424
183614
157677
51733
259744
168426
417951
262990
51461
153872
264458
421246
70525
247012
187860
118828
133316
189945
251077
235838
245021
54664
759451
431580
181467
258775
93363
186709
170146
34836
122034
96061
239801
418501
46136
253772
158863
433136
259076
166991
185179
433313
290378
95068
250210
423939
22938
121166
188371
134374
172704
113299
154150
37822
90714
166919
117795
184200
258552
249320
138973
239052
419613
138808
417037
249094
85070
152795
419069
128237
113302
194225
37530
257175
291258
132718
119379
185475
248181
38750
188880
7833
142094
160469
261624
262244
417424
154479
148033
99291
290810
413528
239050
193091
247301
235896
35930
11637
93687
90320
172677
290040
260776
121534
185189
193473
32873
126018
126062
409936
262933
257526
251565
167998
194775
189202
188098
14708
416601
193969
253394
151544
145289
418499
133348
193404
70217
235802
429404
172015
120551
173201
94757
196475
188310
281498
113006
171542
164232
173857
418096
139055
117583
164834
239830
417048
193535
151828
259771
170292
51587
90426
154775
183810
161395
291431
248723
95314
242113
424888
165494
118855
187429
92548
117412
248075
188635
195990
184986
145256
90713
173794
77259
116134
131332
155546
150806
121991
63938
37290
418436
118011
119322
8377
184084
189924
253378
245195
173189
183500
267403
5968
32230
99721
433119
262847
116003
137236
141317
48348
11919
45264
422574
264721
186480
433628
195848
156185
37463
97714
147343
166157
187999
125400
144134
33695
412838
184076
128296
59768
245370
147938
188293
255853
190820
7829
168343
122384
195249
118545
185822
417456
173976
184166
250252
8880
191019
157781
236638
132425
134883
416919
159769
121145
41782
418688
5982
416204
291313
193622
237178
94546
55730
238977
113354
230514
115736
155602
123220
191048
90324
188411
238804
160015
57060
185539
151695
148773
126074
155596
156012
183033
6060
17488
151537
172094
96103
36944
237192
184588
98460
31438
182953
112534
263768
98287
161561
55115
173103
98669
137854
415028
154466
184165
183768
413390
280879
90384
185848
