154890
237965
182433
431028
37709
147505
168703
258735
22995
247012
230766
11637
174337
241425
189870
414264
187348
431393
32338
165902
14750
34984
172667
239593
167039
418685
416711
194817
193408
182043
7789
194602
70659
167577
153975
164624
45745
427393
194390
34144
238607
186711
184273
255641
49597
147598
422549
186896
127068
116080
89943
183106
184312
103738
124888
391189
126217
43095
147357
240021
247839
245293
193970
188443
51252
46162
48698
195045
186595
184444
260688
421277
47293
264190
51910
259787
144225
195594
14807
424887
391186
421291
246266
99263
194430
4669
429033
134309
418436
187013
135070
173392
195122
182951
91691
97410
172017
237148
189922
99048
90483
194738
172718
251383
95623
117534
425842
184447
183614
29906
81437
159291
258901
8880
157317
32671
120101
172309
37477
121819
194748
261607
33232
118535
291314
46819
258615
150809
38611
130885
158218
186562
264723
98039
138548
181742
238338
54707
153970
181748
33467
186593
259002
234557
257713
5528
247331
140254
253781
54230
190176
157339
414357
149087
172299
142436
92547
149274
70258
162187
423940
131529
94891
152798
257867
44461
186807
238382
165420
93254
240775
260631
128360
161352
99723
99935
150445
281750
141499
195954
291285
409960
194745
250163
11259
160011
183562
147427
36662
426758
409710
255806
415889
185849
186605
416528
254213
33177
92536
11640
170784
258843
191575
183011
148767
267403
155606
57739
151841
64290
126169
90372
119493
39192
25058
236724
259969
416124
193746
257745
196222
251826
58913
172093
139311
264191
247412
97533
96001
9174
156535
281456
230747
238612
426870
7220
156980
191542
173730
195860
244010
145183
96527
230053
95379
409647
173976
255804
192554
11801
107097
163773
183700
243724
119446
173792
172162
117648
138591
8380
195990
186597
136226
11793
119310
257744
237712
252212
171278
141919
184315
194743
38873
258951
181849
91900
95687
97480
187822
259352
251600
260518
262998
134671
195260
158372
98886
122197
409615
250865
433277
257882
157313
153099
259947
248571
194244
141709
189348
153398
22968
432537
55749
165775
258619
240476
188363
188403
98934
91690
193902
92768
417471
413174
423637
234585
93844
139202
188367
92249
261567
174445
144314
188368
158537
433077
188996
5574
155730
45044
151290
161425
258146
155551
250794
120556
19132
47288
156064
171483
153229
189772
120019
427670
235854
193526
238638
261220
162144
126192
261841
412842
237290
125412
5632
11649
111085
11917
193868
37543
190045
240917
192155
159155
194257
291520
118842
194092
418850
120106
98950
118548
115751
118522
38738
252087
185195
124999
169364
419782
35025
191574
145359
247239
247873
253784
418744
123149
417539
90664
136239
190104
5749
117549
252275
181397
136790
155278
191430
27606
98880
148769
239452
266259
238745
258273
94341
427140
230043
8700
190743
290421
164640
230636
291151
246397
190752
174197
162287
290991
157965
90484
120554
139193
239244
167642
96497
31411
257743
136576
18581
240202
113921
181231
150760
95914
262091
161338
111082
149130
169846
185297
126214
57060
180672
127828
51496
185115
5288
152461
174139
421478
183686
186599
156991
172693
290629
192019
237766
14789
180038
413339
258723
138718
173200
419211
70813
253855
153420
172012
160020
237926
253238
131826
187223
245869
156106
180169
125917
112392
168734
264699
189532
173590
127980
158566
112527
421178
259249
115731
291258
153808
190178
248628
420224
290387
91239
186779
420132
45591
31467
190727
259769
409796
156584
159769
173639
160113
158231
126051
240014
117998
252632
257375
191136
230414
170949
246740
250400
163395
429812
138522
99938
253386
91278
99300
163722
142220
248255
131346
259743
185096
91169
114010
117580
257386
48784
127953
153896
165665
98499
146844
183810
414343
134645
127952
230465
249997
182527
119416
290882
93938
248928
36697
260771
162729
70218
134523
185471
59215
253843
247243
181653
258550
181569
163485
153480
236439
258903
141881
172305
11803
170670
415602
192209
34378
159855
14784
185203
5966
35850
151748
192339
91468
259708
143360
189920
159103
111732
116135
157384
247868
46849
38861
158567
90040
167971
261859
138176
243407
119267
36935
162777
413391
422858
116003
119339
119320
189346
181522
150096
167115
31409
185474
195193
158195
116235
5652
433183
8897
113152
185101
135186
419753
5552
160394
193355
190644
184077
170867
244300
180579
37823
195241
245717
59197
117810
237887
120105
127044
153756
183500
161395
55742
118859
122044
172098
5974
169842
248806
187413
236067
133345
154145
160436
13510
415028
38216
172660
118603
155668
259363
37691
290042
431052
90436
246313
186213
236032
230250
251488
162396
261964
416996
422718
163679
145038
114309
238606
5548
145311
51391
193391
259976
186495
38963
180149
421272
409511
112036
70215
147821
146104
183788
147343
245092
141316
168860
164999
196115
193178
173183
47489
31417
33962
174644
249110
37488
76706
131976
760464
189847
159246
43118
147424
260136
192349
98460
191118
57017
169863
247295
93904
261565
254214
186534
90617
101279
188360
51587
45051
257840
193668
246503
118729
172657
194759
148496
125407
164228
153719
180924
94342
161654
262092
240046
261577
291105
99444
259860
195243
164667
44380
99511
32230
165896
90055
11658
154060
167156
246964
117618
238896
174536
148701
162351
171566
188802
158105
97927
104648
148773
134170
422572
421988
133344
184034
45946
165719
248261
145383
418849
155394
94421
291284
248664
36710
142741
280849
250840
185358
257165
189908
257636
99051
194506
196472
192032
161503
434621
253936
291577
134883
193410
180644
250626
195668
144663
249048
246000
51725
195586
157185
266647
90050
418862
186734
169982
135822
165494
51666
156154
147910
259250
48170
415247
261706
427234
195204
230216
5598
133714
24964
165932
260101
190837
48704
183225
266973
252696
185192
157368
426863
157139
165453
172283
412841
31511
430133
156532
143990
147822
421822
248149
89948
183819
128294
155993
152450
185371
19831
193511
148771
240860
42364
257159
5297
230955
262196
230416
98897
433384
5152
64416
260508
172654
429309
165061
92387
248676
417426
160194
63916
118856
48879
168633
18580
174574
192990
160705
91705
160062
151544
185326
161399
181745
159767
55663
14800
94901
95301
91822
184235
124890
191569
33171
95234
5567
186811
237693
163282
112987
149132
155215
186983
107216
45260
163441
418269
131349
155620
423608
167158
5586
421286
187284
155279
245336
419439
95401
7940
126077
230376
157284
245275
151830
70169
181211
124889
155386
230407
230263
433627
174573
499448
260026
119368
32354
134167
237969
159732
159446
239584
430973
237272
259700
246521
38762
134308
38625
164830
259906
162891
112462
115524
186975
98798
151732
185097
142495
238222
181511
430926
230280
411860
183859
112309
155443
149134
153399
423422
163698
250503
259773
161758
155622
160007
51389
193853
29681
184974
243725
168115
121950
252425
116077
47921
252936
417453
29812
92196
93814
258771
45587
254071
257392
247002
148033
14763
171587
239049
186862
95318
429877
26113
238374
35532
160096
291113
107543
418455
257904
257312
43116
193043
5543
140984
33688
11787
96954
13417
182035
257945
183221
138402
159313
245786
63938
291143
14668
182425
137849
115522
260920
196178
196120
266272
90703
160415
241389
126076
195760
253363
90132
427784
290860
258548
99100
259168
237147
171111
133892
126317
412257
113001
122308
238772
183022
97096
48701
255577
187068
241391
158198
144651
230128
64149
264486
153972
412375
5531
164765
193123
155302
51487
194433
17630
125345
189961
185112
262117
118733
138818
258939
142639
255854
189890
149165
252362
759643
138698
252937
418164
257875
248050
70232
193486
96569
409846
185099
191468
246097
39023
171596
154147
180657
158247
36636
119143
24927
156577
237577
119364
153243
156331
14788
127712
14610
391089
430571
8493
116405
145843
183089
113474
105976
195396
152594
419625
154228
189368
117895
5204
262244
70535
159187
42261
134522
159712
247799
193512
37656
261621
160030
117180
174464
118785
290727
125976
140987
165411
162759
46989
144832
185107
192158
149182
418686
261684
95603
185246
125741
117548
428541
417694
257311
13019
91253
159422
195404
168144
35601
113108
124240
95052
136067
121054
161347
193535
230944
409578
259344
190813
142222
159289
419066
425694
121754
138129
290953
432906
38832
118536
151534
240102
237730
5270
166654
127824
93112
190002
262667
190726
170289
174612
251625
171534
166892
409930
5527
252423
99187
19756
70251
184972
45562
152210
90131
416461
130415
168106
421842
173766
37689
186581
280736
415957
235899
94922
147659
245201
120478
54681
51731
434188
93207
48898
94839
144684
237751
419740
239717
116120
159044
97905
97779
254295
42999
192011
186967
154928
5536
247635
173503
230784
92212
248553
259169
169754
146121
250534
12639
36682
37690
7776
37651
194186
136575
36678
186142
133891
48875
250801
18586
115813
36745
57782
158222
5556
195271
195633
156135
154934
173010
164365
416910
258212
12475
120574
192211
423177
93256
44412
132520
421011
11800
431969
32836
237128
31478
113509
110022
290896
238903
196237
247869
193531
119485
150824
187221
264215
152216
281498
241114
194975
257160
5968
290958
63904
151638
29881
12169
107251
157051
160025
38958
251318
18876
195355
38095
138712
189208
163416
166991
192884
118191
163215
142166
431389
193561
152344
190636
116657
195977
193089
144981
131886
192340
157035
237847
56138
148765
426169
167120
419162
152214
115516
259115
185235
430698
230341
184597
253786
195971
174446
421209
159873
14748
17710
418502
265179
29902
96319
186783
48242
230548
254261
168052
180684
247499
418687
411801
160646
161877
422795
159395
93626
432200
163883
117204
142336
93902
48880
135205
193623
35546
422547
290632
414557
266258
240666
19966
247872
131936
162761
250166
241237
153974
35905
171448
187692
243386
183616
18579
166655
180987
260864
163488
413854
194972
98214
254293
252137
169340
186270
411976
29880
419226
196529
196111
97438
259241
124245
172651
432041
416918
136577
262756
251564
415486
59831
160088
163607
99340
52072
258224
258467
118840
12810
245196
291325
17619
94520
419068
234597
418266
107504
194311
98366
169699
192034
257526
152255
163913
196473
259347
132724
165931
161702
252358
47776
133690
164407
121690
14811
107271
152211
190330
259789
235942
250832
160114
138780
153241
33469
248887
423444
247411
155122
236262
147295
151467
73682
192956
148698
54614
391424
290999
158215
419069
146779
157670
97014
183107
124790
424583
186728
117663
47539
189237
257256
98470
182280
192725
261926
98961
11784
181687
195344
166790
48882
38979
126156
81716
95817
230535
145272
415565
192571
125148
196494
236072
138811
45046
121056
99064
260487
182426
5551
194980
162159
109419
180949
193529
181398
170666
173751
117894
260509
191330
140082
145290
167995
250279
19989
92794
89945
253779
95068
145285
155550
142247
152886
429308
96745
420934
172078
240568
98170
189043
91518
153251
280551
241365
415249
113913
145307
38638
172689
121999
191327
257467
147428
416601
247519
416988
171683
122844
409854
149277
433122
190400
148741
147660
37541
189209
138761
191557
113297
92538
165901
93727
6003
235757
96931
239299
29911
174553
413503
261860
167640
181523
157750
291280
281759
413207
96521
153053
257394
245541
190608
137968
195989
262050
142766
99129
45263
184279
759797
244142
230462
17635
103771
174634
149150
124236
291591
252326
113369
117525
263090
418271
113002
193528
246220
235842
134207
134964
248049
190826
193404
258938
417703
97503
189261
189794
147232
17081
249004
251505
260004
165771
185196
146790
419631
123110
230349
235840
134031
253566
246976
155595
255807
164227
182040
186278
180654
247875
192980
169454
241242
77259
165900
281757
432905
160018
259799
120146
230173
246212
230560
111094
29904
412778
194649
163387
153342
188446
76707
261573
34836
48899
173592
73670
236061
189017
242099
194814
153714
188445
187263
192946
431555
415735
195857
174138
48883
403513
8782
193619
138808
97943
11052
33178
126212
136505
154460
186594
415050
120577
38749
95297
160447
189897
63895
12171
191117
185901
128228
192275
93253
252027
33183
163733
139297
167009
62626
236624
266257
259606
98953
111968
156119
187404
173068
260530
111101
11263
55115
186215
195825
160037
180448
258853
93883
241978
167589
254925
423136
160031
434696
260687
427928
138900
54223
428540
149171
173815
420420
280549
380295
262351
147823
151528
164229
122039
113006
154142
290379
119082
247640
91078
413389
138705
133724
194482
97674
171590
36929
262325
249098
414081
167639
182305
246528
131937
8754
246402
260310
192317
241845
97906
183224
156960
140989
428095
262500
6006
248189
25066
238303
156408
433337
280322
118280
261044
113354
117560
230537
426729
250802
37626
189926
251842
174576
163397
416993
182962
91877
254188
147065
194750
34895
417455
262657
182908
426098
259788
244149
121250
149005
125597
245513
136839
113151
258809
230120
109466
240573
190399
123489
138930
14554
426406
154517
192008
241850
37500
193174
291545
29987
151890
280418
185846
290128
415487
184952
165423
190043
43117
125970
425123
160163
253769
416868
34182
55224
123078
111097
413497
148420
49858
196183
194434
425122
235743
258910
55739
238218
167997
241873
95378
238908
280833
289986
91839
134601
95615
42975
153240
236259
29699
194422
167668
16089
168258
133284
172712
249300
118403
431970
421484
120558
128231
423646
230700
93535
260505
261604
192791
193994
248623
255447
194160
190494
121224
90200
186494
96945
160036
188095
260496
70801
259765
155593
135349
152209
410778
189111
183665
99186
243915
257746
280390
168142
99445
241010
117811
281735
171749
186864
143881
119552
174631
70901
430616
290624
182694
417940
426588
430972
32278
413034
245747
261707
122040
169810
8847
144852
135348
70888
157340
230217
142496
98162
174079
51428
193098
237968
196260
247398
194753
36940
55480
194405
259003
160064
230975
185591
38869
257630
247000
192210
183092
429397
32237
191567
159287
241871
257579
128053
11660
166286
291110
186269
258632
158769
180926
192729
125744
260245
93771
32035
22994
158223
29768
98739
190092
246011
279579
131263
115566
110080
9103
98892
246215
99987
151522
142846
172679
193406
39036
258060
153743
194383
172284
125595
422752
249097
150464
137958
166795
235939
417941
92195
29708
138726
168215
95316
193124
264523
189907
281674
98273
416358
416709
29903
253208
419228
164232
19512
119367
258656
54704
119415
167835
252862
196117
94456
258547
154942
55660
118619
245029
14813
422011
260244
191328
247578
426871
144946
196419
136504
43008
144944
48331
267962
257631
235806
194752
85407
243862
158225
46312
186250
156593
169341
230778
160927
190535
267197
151756
426703
192228
161400
380344
192409
238873
159163
165803
155277
163770
180948
121972
34142
192573
410992
419802
174575
184103
98890
44429
257724
99617
433216
257387
131630
429169
192558
168343
167738
19634
38826
252278
192352
117812
171471
162401
189202
90134
8819
49124
243376
267203
192560
12006
133399
259351
165773
147381
187670
47589
194520
99629
96002
38733
183113
99720
291141
184330
258175
429224
34120
147373
76691
107215
98881
180157
249354
425109
417049
237410
235938
188640
152270
250091
264192
141255
154687
63902
248808
191465
173064
17712
116653
186661
152035
193525
37475
422340
252084
188753
417384
48361
183464
185187
167742
34988
380386
247721
147780
189911
191559
259742
252035
188793
237115
153527
111102
118551
239184
45266
32269
138935
182952
183085
174152
243644
246980
149272
134882
885
180867
128165
22465
238488
418645
161426
258519
258808
280400
93475
291510
155977
145185
122386
250846
5562
172695
164230
257309
152463
90439
126210
417691
433221
29893
261704
257399
259424
5617
253768
171545
19758
156012
123148
125743
101764
161000
186977
160444
240037
99110
182041
126308
49846
19738
243929
192350
280737
159730
254057
418766
162366
97970
260686
99056
92392
291192
13990
141313
181701
8536
253910
290894
424717
194762
409808
146356
262663
147213
172802
184199
149032
128195
55729
281455
145362
195166
49253
163396
415293
243319
433121
188639
122265
48174
262662
92224
418600
253356
424715
29687
11789
157782
165413
14667
46978
128238
259270
249423
248661
186659
180816
230014
160009
76701
95877
156963
245353
181021
255825
411326
258057
162364
147259
239059
148402
262554
162362
192816
97088
195237
96765
128239
251025
125987
290603
262427
64132
62634
136677
409616
252605
49497
125978
432042
165774
19970
423636
247531
5648
32337
97069
245870
192015
261174
166793
189123
139258
147390
145956
154416
259709
173479
426551
421819
43119
38999
412045
258709
189220
429312
248000
153405
180192
257527
142221
32266
172647
267273
173767
19744
189119
413129
138923
143485
142165
117199
93363
247235
19637
237192
192793
91086
44284
160013
123354
416443
253001
257285
236286
143968
19623
91080
415337
290895
122852
192278
146743
245689
249091
195794
147231
187927
51791
257219
260340
152252
144509
117756
258902
194785
172700
166155
194878
290809
422341
154386
195827
155469
4662
55726
94873
188705
128347
230037
245030
164449
134028
245090
48238
55736
246971
98498
280793
107081
6028
182558
47411
760317
153505
257220
13418
193527
35808
163745
155929
51402
247192
194744
192084
184985
122960
119325
248624
255576
290746
131226
136838
173327
46128
426383
11731
167318
127919
183881
34294
147497
262446
48785
143966
186861
51469
134647
248840
97940
433267
159450
263021
186782
38755
152053
259702
186733
419664
425857
137853
167581
143359
70168
190385
127855
187673
90019
153350
264711
250275
257043
84440
85070
195258
260517
431972
5565
19899
152212
418993
117758
194756
262672
127661
195970
148761
412003
253479
5530
257873
290039
425681
126305
164697
116269
230121
192630
90518
27177
137293
291266
96166
5558
190668
290886
246502
230350
240665
160657
138211
417953
93558
241849
164616
148758
252865
173791
191578
37582
237575
156575
163306
119277
9143
152795
145955
145274
159908
48576
173535
168856
160022
161856
36696
11916
241386
125742
261251
187881
136347
147498
19281
186139
163744
94960
112007
135345
167684
291254
259159
187801
248660
155619
258109
99547
85236
158766
236332
93973
246522
429191
235898
171491
184564
159154
119336
414356
51586
147211
115736
186220
85048
188878
70351
412840
145810
156585
433457
168469
415827
244198
172209
423107
247022
90651
183332
169601
291262
125396
253412
260282
429416
35541
259410
248890
416743
133333
254068
36358
138682
117658
136198
290631
37508
172666
167994
172090
11841
162953
195845
196329
187802
163147
243413
261709
431971
22269
248884
246017
173533
290627
188729
239396
259820
431353
159198
162654
123144
261683
19678
249831
117621
97714
151828
97554
11657
248626
414371
96172
259737
48561
120079
419421
122295
138468
45561
262665
150315
8383
125401
172371
148779
161342
139001
36927
181671
160648
121103
146124
11796
142744
428096
180941
152220
162196
3056
410814
253379
150099
257934
169753
427458
48560
186170
416914
260867
96522
167891
253767
164551
424888
14792
419067
51690
253787
230973
94870
236045
21937
152219
144476
160318
413698
54706
118416
421628
195978
428097
234595
422794
55662
144825
238564
264721
252950
90005
124998
412144
116671
251942
153748
113167
155068
422533
427991
290117
138467
258549
263100
423773
113298
417695
127994
119084
137847
39032
433818
417679
166792
186863
415887
138681
230411
290004
156357
180842
236867
160876
253675
184369
186956
423736
291590
190773
180739
195256
195745
190769
144585
249103
258936
249909
145866
167576
118600
93261
97505
414179
39062
230284
93819
128409
5261
235896
150233
29475
155601
422574
124887
158584
250842
55442
118620
281752
169535
155370
194461
258503
91763
188789
44434
188355
260070
120122
181232
430695
412390
120571
95403
433312
411024
253103
118404
189120
194245
159793
262936
230225
158197
156065
104625
132365
243646
418270
70256
29709
152563
181314
122831
267270
98936
182036
98882
247582
186539
248797
171589
426381
194737
251034
230352
145251
234586
263094
101867
93490
36770
291026
126316
257391
151826
132921
190490
430974
118550
259706
119275
146117
185003
126215
148788
264729
173194
247720
172703
94872
104645
249049
172668
263093
261357
431966
240711
262653
145360
130794
132223
259186
172715
45045
117814
230699
70910
230227
190689
34129
181686
118741
117192
422744
6050
160469
421959
186810
162577
236268
432215
153422
151842
261867
99916
96501
248482
116667
190832
163251
255643
185151
168342
431580
263768
169751
112338
70347
245608
411820
153210
242122
118626
189848
168005
172297
162143
242037
248790
162353
261560
291139
237889
432615
417686
58463
239448
37584
252143
259350
238878
189383
96233
113736
239051
33168
147421
137880
291146
433628
238217
248882
97502
45052
132219
230327
230178
428427
253909
90199
186768
5488
45262
194763
118736
248560
147084
37724
166924
260516
145867
101191
38961
147212
193862
185541
96145
194385
143988
168097
261223
11261
126017
193745
245335
93747
162350
156582
97939
162402
194757
42202
257218
237495
70346
117550
133281
111840
188790
194514
136570
195397
109467
246887
45040
112040
99913
146769
93690
195272
41073
236263
180370
96125
290477
193044
118057
290456
244162
195807
260494
139004
47593
154824
249140
170292
191565
107086
191568
192566
148699
154453
143769
188456
154940
187283
143361
135180
185139
253000
127981
171543
380482
49498
263107
145149
257765
92197
180689
4679
127751
184730
248272
240929
158279
96530
245937
119313
116078
418267
45248
191109
147293
143885
184589
163771
230634
247397
120023
98960
18509
257315
166651
423113
122932
249228
247396
32604
249095
290987
173591
248562
11794
41743
8624
190468
190748
181669
99073
154073
235937
131347
170912
110309
146060
125999
429205
432112
195164
32381
186182
51681
412838
31807
115740
137103
194387
125799
139050
291635
34150
5619
161652
419734
183087
122934
25858
235800
143771
248499
116352
430699
421193
70911
137136
190478
416420
165898
137480
409865
168105
121151
185712
174189
181433
184979
416922
181151
91049
51342
136670
12010
97070
249076
151768
195160
230224
128242
193411
51818
170052
189846
188641
186526
257687
237174
418499
42764
38748
418090
33176
4817
239057
421274
158586
259750
113920
121146
95804
172081
391174
415198
195181
154468
182773
91528
70087
145301
138215
5253
291327
433086
118366
245687
151980
55713
19820
430556
29758
247538
42736
186525
150191
12811
258710
25859
12707
123156
35160
257175
167685
18224
119263
189364
189006
37462
152346
117197
167606
101283
190825
168708
417499
23158
163877
194515
118616
51735
105828
411862
33424
133134
281500
121053
147484
57768
148718
64144
160875
139060
185693
172704
147738
151448
257866
154914
291460
84425
190633
249426
5229
33444
119326
38856
119170
125259
189906
184329
419803
156011
148743
257861
150810
290121
247525
241842
186660
426867
124121
280998
17714
148790
138700
54741
143275
247301
147230
99915
243566
421210
120093
159658
184585
180033
138842
155575
4682
267202
166157
117425
172762
161459
138974
145302
98469
147726
160966
150092
58521
260947
11048
153715
172094
34980
186181
186860
90448
110021
415944
184131
258469
120107
261689
421130
188420
46310
252327
156537
170198
247237
8822
165700
76103
420131
99909
237283
260532
144319
415950
193090
98220
430604
135030
17778
237145
189918
55227
247017
253009
181235
193501
171542
291116
258718
47428
181732
19204
426552
248048
426859
248171
90323
18747
59920
95296
419525
128296
125997
144325
419065
249089
96974
230762
230213
159870
160645
155116
33032
99604
181400
136279
239782
113737
186736
260778
260522
12095
45947
193177
190224
258459
162937
145442
89294
35821
238000
118596
249722
258922
259801
186670
186479
159728
35610
245084
122199
94546
189349
170227
188620
432252
262656
421285
172367
249821
93491
134379
185200
93823
93871
183219
260341
185393
241410
164958
251939
240594
137733
418013
431965
253776
146505
188835
163990
417519
39156
236948
6065
18587
3909
185113
190497
145039
172013
291108
191145
257727
159654
194162
415714
188099
149164
91261
48339
163909
237177
254472
241012
259209
14556
244299
241330
416987
180119
253375
191652
236046
160865
291162
188803
122034
63894
99721
49860
55949
99624
191990
137568
260999
180470
119322
155858
237087
19965
428098
156536
143773
143972
417781
90720
248401
415890
191558
22988
164455
158863
195485
126312
250833
420370
290383
169564
6030
11653
180675
253790
51736
156985
159714
45571
246409
16078
115719
182766
32274
133437
428059
257931
192781
19667
185146
230188
110310
161423
260242
141883
291576
62633
32371
124995
48266
243659
147490
51344
238891
418268
110041
160647
291326
146067
111384
195028
187800
131580
186251
429207
249081
181469
10697
174544
166922
180738
186780
188623
171237
186152
291030
143974
182194
8379
187926
195992
83730
258840
421620
413809
33230
250278
186712
117184
230340
194976
193114
247583
127835
119324
70887
31760
96456
51909
230466
39018
119328
91168
188358
420113
195418
759449
152264
244186
238906
248735
431388
5645
160448
153211
186326
261719
245257
180860
160467
180462
98284
38858
246043
186767
290038
95402
96943
246214
54234
182891
115810
253376
32221
144677
92223
29915
165705
111839
161431
99620
166918
247171
118442
48359
183703
18413
189912
159167
151843
23459
710062
11996
152217
98508
5299
138131
113735
237888
148742
251515
96108
137858
155588
153461
245370
154479
165168
31416
156230
138196
259141
159670
194702
90727
193510
243412
155599
113924
153344
193170
154936
191694
97439
262082
261960
181223
243916
11920
160889
162727
253239
248551
9177
11918
192523
189369
93258
259353
252962
380510
237140
97782
152460
55740
184696
132637
248894
45264
186456
188708
168114
246098
180681
160155
291613
46127
91079
149051
135826
236333
433594
38855
250213
419209
19194
194260
249882
48902
126306
189945
184586
155603
122832
161028
5542
118190
180458
244163
426374
49147
249941
92222
118722
195848
195064
99188
230405
115520
417678
417518
156153
148358
230382
160021
186819
237116
259033
158224
131550
144668
245663
19739
38854
170568
249003
187287
118855
136386
11656
243642
169610
163797
262654
261686
163460
182770
187338
413824
155229
137483
47822
260132
196228
252071
192362
112165
172661
230315
33182
239627
184075
237259
411795
111347
29908
380390
237162
421918
230118
180649
116136
158219
193867
257310
253066
98360
163391
237862
169037
281680
14793
32233
147567
160061
169984
146190
11786
182769
254407
128227
252999
104312
413184
116531
19144
127061
99758
134958
168706
194771
183749
142245
261718
189903
230431
183223
150807
125915
182465
256603
260500
136200
189929
160094
148760
260531
239580
38732
185111
263091
96318
168467
250795
171535
70076
138799
261012
249989
246100
128079
95930
247409
172708
159152
427957
124786
172522
196420
249096
260510
94900
17632
173796
182663
159668
416712
192575
155649
186174
249129
257388
64075
101766
237403
159426
189040
188801
257333
70259
132420
37512
154524
29689
131074
55664
152348
112455
128410
181218
155909
425260
156381
190820
245121
247545
239118
423653
156017
193484
174450
64142
154320
246404
188101
148757
64208
190175
8675
261861
110590
125147
45632
161576
98954
153721
147496
422476
125411
180663
154469
421271
121195
290122
33244
126026
422137
144326
262098
164471
409856
237110
155667
158226
188792
181911
39061
184588
151780
184161
159663
280622
64168
49856
168094
38771
166114
434617
182045
173232
157145
5576
37650
290131
183820
122037
149149
249080
122385
238874
185198
243415
154466
421289
190329
252634
47944
9513
259006
245174
124243
241869
194065
250657
157741
97553
182920
193165
249420
157871
172183
172685
152207
180744
258597
90649
99978
415886
194594
191048
257489
253387
14761
25057
107085
432538
230313
166507
45277
249814
98494
111100
32498
118775
121050
194981
21928
193759
32275
113228
189201
121998
186777
25981
252697
193030
281088
92227
180691
163469
51471
163486
181467
163944
124231
168998
160391
431027
45042
191408
171118
98975
243645
118178
154387
291573
115718
124229
239282
147938
236637
118092
92226
243542
51397
187070
12818
85036
195247
250619
99346
230380
190742
97907
55831
253332
290628
183697
250797
145299
254244
169025
170911
19827
98500
8696
64066
162165
193861
136202
125153
154722
29811
418746
242111
194755
45589
237748
188725
258713
167250
116608
191519
144667
290118
120129
32745
418257
29901
230506
85245
159583
414365
417215
164226
163276
157140
165778
391131
49874
253102
38763
151546
162220
186737
290939
127960
11659
280554
35543
192316
253193
280417
261133
238902
291634
243922
252791
195995
19282
132425
119323
257550
184073
93906
237163
112039
118334
148770
143458
154721
172095
184314
239725
252623
253785
245154
70082
117886
95561
166650
63888
95323
420477
258064
51805
421823
128240
89964
258736
162929
417905
250280
123825
426340
11090
95317
55476
124370
126260
116391
230108
186496
153724
425767
36666
41725
186051
260606
251078
244241
262365
191535
194189
245935
239397
163677
133279
134083
191551
151538
117324
143291
184145
261688
180741
429182
183116
127002
253792
411025
191844
230432
90319
97633
416813
172308
230179
91702
86019
260529
35917
143274
280879
127042
159655
184086
89933
427686
252273
236012
238287
193099
131884
14675
290116
144786
183612
156490
151610
8622
261810
291431
237583
93047
172691
130916
107498
9980
188964
235802
45982
4680
417738
125608
192472
5321
230463
104657
109553
391133
8523
171592
115717
126019
258553
153419
258236
145312
29813
162359
263102
5584
136569
267198
417037
187852
168358
192323
55228
8296
246575
417829
33362
155573
173812
32610
247328
94011
91820
194772
21938
163879
180535
429497
151556
7395
173057
172024
163438
249811
417380
258475
429734
245868
126097
419441
130015
94874
247238
196053
85237
5569
99912
417692
255578
434658
125403
194764
186709
161415
759445
66935
127968
94518
421817
157333
155907
170581
418726
417040
290748
180121
291264
237150
380509
415696
171593
148422
93113
193620
259413
186973
263092
259108
134648
196181
70349
59891
165409
96773
37580
189008
151533
159926
238545
160097
99061
166794
416886
420139
148756
193646
127642
194334
70794
250356
253770
239761
59808
258176
98287
193432
257634
432258
422654
150344
31404
144660
163461
38716
261057
181655
190489
236758
124233
144794
164377
186898
139000
51813
429512
236056
99548
157532
409530
136223
290003
59768
259736
247190
36773
186169
12820
144135
150240
54664
290872
192909
417454
157674
117415
186564
118537
143886
97386
237808
125540
93762
29767
164366
425845
121776
160434
262460
260526
238858
134030
70217
144679
121166
152397
184013
184217
191131
237405
189969
409932
167669
426869
183663
163487
430187
99996
174148
182253
247013
261855
181520
90718
43083
169455
160452
417251
426868
5533
182314
248175
125146
191651
156002
118623
150090
153746
192784
51685
32613
99085
173196
253763
252009
180687
423423
257874
246193
31501
188159
168444
413823
181212
23494
421270
94420
160498
258633
95654
95697
169482
185109
48621
236073
248183
195416
10672
251566
195264
112295
144830
239446
15918
182693
35930
146061
260775
94779
93898
430821
241392
147066
266644
195265
180925
99043
195417
172678
262095
193818
14928
35952
416924
247011
138693
117551
184446
193633
281375
91745
415707
194388
173186
4796
189500
159312
183730
35929
194964
5538
120560
125152
434620
194378
137411
155637
258299
181700
430566
290986
29586
160720
196333
168704
95319
427115
117417
93815
126054
194432
247522
248889
243656
237860
7845
189205
11599
122789
188752
30963
195437
160445
46331
133436
259763
98783
158216
117759
186662
155030
110316
159239
281754
423939
14777
97077
47856
164582
96170
155753
12816
26314
29667
237407
99980
32272
22957
418532
188161
241561
153208
191351
163772
133285
5563
85230
189207
136227
156617
164586
421376
32838
253319
249072
186454
136204
172905
184933
230589
126118
45740
253782
759423
46830
121974
66716
230569
123278
253888
245360
29710
253394
93439
412777
126209
93214
22819
413825
257156
17789
156307
184981
98669
148717
39191
59214
96165
49847
90723
165704
163470
235387
185144
189016
91901
426554
411448
419774
39198
110313
409936
259401
167892
99986
99489
195189
422288
154664
187094
759461
107036
42767
152867
170465
187555
152866
252427
190101
243366
112124
191469
430927
93856
85951
185866
139015
36740
64443
182950
43120
136854
159768
249832
182338
245031
180692
121165
8755
55738
154481
162829
144913
428519
56233
73717
164834
34773
156464
54231
153747
37721
418691
154759
14794
64070
118724
192595
267402
123151
173450
167999
230329
7839
411239
99442
267277
32298
98985
181682
158587
254294
253948
257222
32369
152259
5324
182933
12474
70531
153054
155303
142337
96735
51880
8336
173095
37531
21475
144676
8750
97944
237402
244199
54878
416463
191119
70238
122935
118599
160893
420847
244303
195436
259139
55226
135000
238552
291252
195124
418545
163801
121997
127829
157053
11730
195168
118601
185475
247546
419492
46135
194501
120970
252219
258772
132422
19999
22972
196216
153072
191842
258470
91224
246050
29665
164983
90711
150198
192354
759799
180591
164378
194384
159451
420824
14677
153740
259748
126085
161573
99963
94392
194138
14618
259888
70301
194739
165666
194999
173452
90446
253778
185218
169415
27141
51598
760463
171972
173819
5578
258567
260243
126074
146122
419070
99267
241481
19757
416174
187071
160470
183108
254301
162352
263062
409469
138692
10738
256677
99052
136568
99622
120576
137220
194518
194403
230285
143887
107094
413496
257157
143872
159875
257871
259260
56231
31407
51621
185359
107007
195190
38985
246488
111104
153025
185098
157531
429311
189166
253486
184339
142335
248608
38155
34797
117719
159189
94757
236002
33404
417502
121721
55319
34167
248469
420480
193031
134106
94992
238913
230044
136565
409912
150463
250907
259744
173229
138987
92913
153895
173532
193891
165667
147825
163671
419528
48756
419526
249829
239305
162363
6521
250303
152663
259704
173344
291324
291483
85037
168137
254044
124244
45734
246251
147911
33186
249880
34266
169026
194418
196476
238817
190744
413086
419453
91531
241011
155315
239558
161656
431464
12817
182771
239055
174270
240247
423409
258477
149160
95997
263104
133430
195345
145868
237408
42113
249105
230633
55728
98025
180653
239109
159262
28431
117880
188472
420706
98428
184729
262766
189930
157050
164096
46828
137481
262658
187650
188940
193533
97514
156775
238551
259783
247638
195270
29674
109465
57271
145305
249073
280370
164955
117416
247950
90648
143973
187922
95559
171678
117200
22959
145119
164233
151695
240013
253919
126068
246221
163799
143812
33468
418658
258515
169756
290376
136271
121221
131629
160010
180168
164633
426404
99625
120003
253773
26932
42972
166990
148772
169862
189124
145291
171484
291593
153056
258852
262410
434091
252933
160887
143989
32374
188488
93900
192857
24436
122304
247244
241406
141315
253011
237324
185368
51733
261043
138544
253760
230049
90663
118506
5967
239050
70254
173190
230174
35938
54574
133282
429761
194053
173480
237612
244042
119348
192844
416260
166789
84218
109416
17637
247975
134082
188374
139312
260535
11050
95478
118746
411804
193503
8522
91225
188308
147291
194618
145347
127993
185476
171732
194979
244077
119321
425441
180661
238977
159233
194741
172682
259116
73671
194635
238305
262419
266645
241841
259392
180641
190435
33443
154986
183811
183870
119264
112391
150236
99054
84223
7843
249723
290032
246408
155224
185141
134032
94393
70081
238340
241404
95917
136351
97073
431916
143039
245866
193532
92034
70661
187225
230415
192979
190053
124901
191564
31804
172079
257872
166229
422796
12051
243864
6319
262094
91703
137412
254636
8751
35135
51819
32232
153720
155323
121263
230277
416885
280513
254177
136571
290318
156533
236088
91053
230347
248353
143811
121530
251855
160008
149278
411863
422849
70350
257332
250710
90006
235841
113357
64445
239220
115746
117429
90724
196218
161853
411476
172640
118598
126056
258551
55070
5269
120109
234578
194754
180577
94760
421563
413185
139022
162365
98935
115741
153463
119553
94314
159659
19173
409596
257488
136353
188157
5544
117533
248892
253377
6048
230036
168383
237752
416631
180679
121104
290130
145252
237966
416531
262045
412238
190091
125899
150915
246731
157418
193358
194765
159615
91898
183732
32231
168362
246081
261098
29907
430975
182328
247641
250093
247010
192581
116665
191530
253378
246358
31806
181011
237694
409848
185848
159649
245806
391425
192227
55484
185239
196528
290747
37654
169936
117194
94998
150458
47542
121753
192033
259805
263099
759639
120120
238898
161645
37603
90510
254003
194761
249086
90841
183088
421645
117559
35848
193402
430132
173326
420444
186227
132731
290625
48362
63890
260871
188294
154189
121323
161653
421131
98099
121781
195865
147552
37483
391475
247019
258935
49859
90384
63892
91876
417697
426543
246739
429501
151621
63901
192501
95130
242112
157781
171115
710091
155561
194647
85009
159920
18515
184265
163192
90637
145382
146134
113912
5588
192596
186482
172076
257161
118332
119274
120553
411554
169013
155281
118399
262261
252695
106936
93399
260022
183114
37571
192357
109793
245306
182923
188373
421066
180988
236864
430928
172511
91471
128193
168443
159424
418657
237928
145097
36713
34376
120559
159770
190327
85038
38982
64073
164403
98285
159602
181226
14684
411204
118808
152462
412667
194051
187879
98501
253364
128320
246824
261846
248559
91226
187850
188351
97551
416132
7844
252088
51693
180655
145256
137854
430246
186307
267195
64218
248278
160023
117703
230357
259770
290908
36774
251077
141256
51785
160162
91240
250911
33355
190469
138814
118788
262081
258242
157544
230420
425661
133136
126021
157315
239054
240007
418947
51815
8399
238550
89947
258904
183226
55069
196286
163459
126100
190746
127510
257383
143474
152036
84239
153351
111083
126080
235989
418413
257764
95129
154391
22955
152452
262589
193356
154455
18512
196330
160999
245655
32315
262229
239721
132584
161643
190536
188102
125410
144801
44389
180187
244249
31598
252935
33304
429495
111474
90318
230583
421482
118333
119380
117423
172632
258838
112057
181227
156774
115747
70260
193121
247580
247465
167010
123355
250367
230410
189943
157484
38837
120091
262625
230379
125149
425725
124235
45555
149241
114312
243406
194766
411859
6020
155602
196332
193624
159265
111096
19355
264533
101819
192452
252372
427183
423252
45725
161421
249079
143967
36667
36771
759444
153744
145321
158768
47821
237964
153402
185233
248650
165703
241870
230375
27176
138971
165450
92548
145264
154457
426550
160388
137784
29746
172059
35027
186924
252083
174378
11643
152208
189919
167032
156420
418689
192324
237963
281081
89905
230505
6017
248549
426730
189800
35849
189968
185243
33165
11515
245807
247951
195269
235901
195266
142007
138815
119271
33323
188321
25064
182304
124896
128361
180862
146600
280735
126067
242110
188442
93818
193100
426375
260984
181215
95806
117198
118511
153688
261020
145387
237191
183750
115219
45703
170908
245294
409605
127853
185923
165873
99608
152038
230552
159645
188797
11144
38981
144406
154251
5973
34152
94504
151853
417684
14957
152797
33686
118650
126190
416204
33175
37291
409566
117407
54868
123353
98569
430976
92922
195169
161432
180027
144831
6025
238875
133135
262060
261568
90716
195167
193171
259118
146922
95899
262134
245138
187999
416745
64071
291639
172164
124238
155230
152887
181043
173820
238214
73677
132255
411925
109376
153969
250863
117088
134310
259297
189384
93961
261559
260182
125907
418659
172097
239289
243657
290458
66908
187997
148750
410999
188984
187476
230539
55950
430564
230264
252085
33687
252422
145310
247528
291268
155594
290706
33694
242200
181154
144746
290989
35853
148715
152880
189888
247543
249827
122302
172662
173607
230130
95494
195159
248921
252931
120080
45054
119366
423441
260515
426405
249807
160660
126193
237710
123348
247021
257044
169461
187637
117887
239693
162743
248169
191566
90722
434088
126081
95321
230413
193625
125402
117885
261856
188754
194064
149126
189300
25982
433278
182554
180966
173109
5580
156409
188303
290812
262592
51404
237493
416713
247797
158870
238988
192592
380356
70762
430979
73680
160015
33436
64167
7391
188356
120275
191614
96976
430574
433311
133375
70090
289994
52076
117522
432380
252075
193434
252270
163850
12627
55477
171533
173059
429407
380227
145283
97028
117753
244048
162731
133313
253100
70797
154935
99081
143987
118624
173816
261721
428699
415246
237406
99457
182069
171594
31777
133316
186713
90988
237998
183704
413988
14671
291029
237999
186883
144461
90322
418207
421902
419213
433217
12807
424151
103745
191203
146456
159408
193865
22936
98183
93391
238691
184598
185244
11081
251651
156067
112296
125916
125969
248350
430977
258517
45554
174188
180039
262847
196118
141711
189199
159292
258174
413492
145838
173828
42766
117787
159852
174311
160165
169343
180036
182001
114311
136240
188147
126089
171599
195048
184085
158106
11806
173818
409872
429876
252090
161258
32846
190834
55481
258370
171242
419626
138556
415225
130254
152556
55741
59753
154090
144674
8692
195993
250867
14615
37472
264720
190925
391177
70798
252627
428512
174613
90018
165410
93421
54214
243414
70345
125582
158373
17320
259035
291353
96498
260520
192353
191019
52137
134961
243379
9172
96315
96772
416744
191467
422397
183043
195268
427596
118582
250640
186735
254635
157676
259074
148766
133347
49598
261021
117411
290722
259160
184343
251827
133286
291112
249021
125404
257146
150806
35928
240094
291636
426726
252013
42755
159286
186651
117418
189491
131604
34900
144655
193863
409698
8405
237258
97777
36719
17636
159123
33442
168855
159162
238904
193866
33477
236013
169558
107574
164981
173793
105140
33356
236144
181697
249065
162403
138391
425682
427597
235186
159264
159020
157780
193626
144982
238046
181399
250211
248046
16131
155597
262262
248181
258065
96174
235803
759364
194650
94997
35031
98472
158244
128243
17707
235808
147443
136495
12007
169231
126101
190057
193897
142498
115737
116001
33337
165933
172889
195180
194223
160442
113299
96687
136798
5618
117879
41028
192207
422396
150234
258062
260519
29912
93907
267194
171544
154250
194336
163926
119331
63893
182147
258115
133288
291614
263097
235859
421555
169419
258690
246447
119204
417045
127494
423640
422690
185116
151733
187729
191333
159170
258596
38960
174147
117410
143768
185612
710067
31510
45622
42765
93547
93252
161574
146502
117190
184232
126073
193113
162576
258110
34170
243405
180865
138724
181044
182529
143192
161387
185391
192176
117883
240958
260801
14760
261550
280760
33035
254013
196256
171474
64077
160371
156984
93872
190347
117523
164831
117757
258516
122936
150759
118813
230110
152479
99262
432122
252186
192886
31794
93400
96933
291107
426760
415498
34883
248075
117661
97072
236007
118538
25065
160281
167041
148754
134168
37544
237861
189927
193194
153723
258721
239223
240246
138894
98097
160392
253788
98026
181736
96190
419610
161854
116680
417043
3302
238864
260361
186668
97479
152343
107006
99979
238876
144744
240155
115942
163884
411238
117882
34140
237404
38841
132366
411065
180668
99719
191509
98947
155540
195251
140200
107089
63920
247500
421480
153686
165664
29671
248150
414359
420192
245948
119418
98898
181230
412508
58933
127047
246729
259385
250653
156384
431186
174633
123598
241241
145298
94390
126062
42128
19993
261222
414342
13513
259072
128177
237326
117426
19853
98984
419839
428745
241413
92042
259076
96558
127043
253549
424496
243947
189227
188126
261574
144652
42155
237519
180658
12972
420193
192226
248621
257464
252615
247170
415603
430438
170161
422343
260100
432978
126039
246219
230408
9178
163668
412294
237857
258590
431822
117813
38203
237819
107245
131999
180460
253389
159151
136241
157563
126174
132728
142094
187280
32499
256319
154411
185397
187875
185369
124572
165421
84188
152262
136507
161346
241475
257316
165702
97206
118719
131829
415605
146132
248885
167950
194343
256219
5517
131836
131350
136280
172025
90615
37463
193931
413491
152457
417324
97087
172697
8694
184083
57780
759450
99722
140255
182627
185140
55485
246499
243823
37493
144648
266726
163195
166642
258173
150239
249088
169452
415997
250246
19131
73708
14955
48382
258466
195123
251825
153260
12049
45743
416920
160060
171109
186871
417038
169459
258774
195826
246400
422234
138805
196110
415223
162122
186455
249910
38764
238806
34154
759459
133312
167030
434090
252015
148764
152936
418265
54552
134496
119008
117790
47592
156986
155321
182423
192338
111971
425660
186665
132220
138192
186540
63349
253424
259766
112264
421931
260860
160390
131332
182020
186483
418130
55693
240907
137422
167906
259075
257728
162384
169469
119333
133373
188936
413700
246183
189893
5965
187921
391187
168101
262285
243948
122264
250600
149085
116221
91076
160092
10624
257485
166226
161430
94781
161146
184202
186145
159188
132214
98948
136489
187224
174322
32193
183301
136354
25860
249093
258719
91676
234594
194163
192154
248185
432904
423582
430593
5670
120973
172056
182467
230549
29877
55482
172675
419805
154396
180341
126206
159592
238367
46105
93816
237946
98911
173858
138925
252244
183731
253098
165062
157886
122043
6060
418861
182922
163388
257166
95417
421826
191562
253194
118015
249157
191466
257702
188123
47587
246218
257470
144104
93742
29917
194735
250212
193530
7221
125590
247266
51426
141710
144804
119378
156962
165163
418745
97501
267272
184231
34155
261870
241843
258552
107273
19632
192292
189967
125981
163484
262284
248796
253783
36743
257178
261547
246355
250357
187288
415695
144958
188293
162658
260521
420823
183636
252619
259203
158220
55730
418908
291563
155562
160045
138746
432569
239445
28414
430602
261623
191146
38852
419800
123459
418007
185285
182079
37491
36679
260488
98288
247505
433119
230631
191150
127856
423443
230691
195249
249817
155712
118318
95876
181046
429192
14803
51419
42738
173231
186580
137409
147444
164957
123359
168102
22956
60458
173328
280374
187995
35611
189799
98495
194498
189783
432208
259070
159428
46103
76704
8821
180541
98507
7393
190056
70660
191677
98095
171585
246042
290327
125399
138194
193364
138975
63891
145284
166873
254072
418210
45267
8623
235856
252998
173682
130644
187880
107503
153528
230635
183104
252011
183465
409850
191695
21940
259119
139055
136225
128052
172089
5647
97012
126222
97095
51737
250210
253777
144796
121150
180028
106935
246041
106925
143700
164583
91241
244027
193670
420371
118710
25457
32364
96141
169619
124246
85066
259824
32835
159692
426030
17802
187342
261863
259624
417702
191604
17486
138702
290006
153228
125898
6040
159448
162395
158185
98664
8752
12808
119243
141395
150394
159766
262228
5537
147347
36748
11517
167040
416741
13326
59767
169559
144134
239298
239728
253198
138967
257155
280997
46104
180650
191045
251068
59926
127982
258555
241006
239826
149168
99141
33403
238001
17634
241476
426759
112257
165416
148759
423519
413528
237582
11639
194376
160151
31040
187345
49861
186882
415568
186434
246225
118237
145346
413697
89941
120572
119363
173041
10903
61080
164376
246972
413984
262426
189015
149270
264460
181045
137893
230363
259023
415342
245186
153742
161537
11550
131348
109171
155123
432214
260240
235907
187275
159164
249002
184082
425843
59928
186478
260525
238685
128295
124322
91819
160863
156333
143767
171482
174151
180747
18513
156125
422618
255805
38825
156136
183091
252213
258691
93989
11790
187067
281315
167704
258256
195130
2994
90650
261569
249825
189005
416986
136811
153060
37478
90521
249090
133343
253196
90506
257330
96059
422652
248179
117723
142743
91294
128229
95430
245022
166709
38831
234587
17097
38156
235184
63897
172637
146597
185119
122045
122371
259161
425545
51808
169078
246089
144670
427639
194424
236296
230190
230316
134536
31802
258478
185286
422797
126036
187428
190103
139061
194345
193403
237805
153976
409837
48787
122041
259032
156014
17347
155018
12850
138774
235988
415197
419212
434079
150238
89935
248173
247390
426167
135905
260768
96295
195395
36665
184977
258554
250656
11655
148489
243388
138800
120144
181216
126213
253423
261624
251483
290457
243380
250281
165452
258692
31805
245497
29918
172014
180685
187201
109389
64151
261771
96194
162007
137421
33185
32340
188357
19530
38751
251137
112294
142562
249064
155548
247302
240188
99710
122198
11045
230354
151639
241371
98496
37492
246234
195157
258378
150095
185822
37542
428533
131579
146956
188653
85453
248740
280419
190493
247236
414559
158486
169380
164997
183086
147499
262366
189942
230464
193500
38753
9979
167921
152283
121223
90425
194251
164006
236052
173170
55294
90320
260866
250283
418690
251589
113504
189892
163393
162886
263096
181207
120024
63889
151903
290363
252932
156979
239781
237558
434437
163270
424900
259774
172698
11634
291281
51301
118370
115523
416276
159444
174545
248574
136077
155596
258271
290367
157906
259764
181480
36695
713
241423
95913
431355
96181
156092
121154
14930
262678
183014
190808
403298
152662
143273
37507
147820
416746
188125
246166
148320
122000
109460
417698
54810
91572
240245
433244
49832
99459
243498
99926
156184
417501
135718
258731
258518
99627
237962
427388
126069
164758
258842
137881
93383
429310
138683
11921
261605
173831
99981
190331
93813
172706
167159
152248
168139
249810
416357
249820
241844
156009
169342
245499
188354
114314
246970
37489
249819
98887
238880
92612
37529
37602
49830
425657
141222
264139
93587
97435
5962
118595
174150
246093
163566
427095
189461
192159
181236
148786
427635
181515
161646
163279
237411
164639
157957
193362
33453
182970
171120
246931
245061
237778
433241
266688
265063
105982
91706
157351
416714
156531
96958
260150
169935
188295
195215
156183
252016
172616
112139
244047
42208
154252
32497
163775
145304
111131
195245
90426
257380
426761
112680
22436
145222
193172
422394
138480
245173
113918
238884
94906
22455
155585
189004
19316
84194
165918
164581
145289
172298
193569
251590
185403
138392
138557
413501
153722
174338
152796
262655
239449
247020
134217
259346
164548
180664
420509
250401
245498
136301
135827
163462
138562
19134
187219
262765
170687
411062
235903
138191
93636
54182
160042
154790
36313
32599
147394
411553
246051
152785
120130
259320
250764
153108
8632
163419
91704
180863
257504
94282
124119
117384
118236
168858
412494
184754
131079
92770
7941
167144
281675
261495
136069
290119
155368
91530
425659
191989
193227
244567
47488
192364
113734
25291
168099
238804
153905
239653
165038
262999
429178
136503
250658
426858
171537
230311
238153
252428
154891
194773
190986
161401
257396
98894
430696
9438
117619
117701
91823
239152
421644
428778
130075
7811
120578
180578
291149
144673
172571
64447
247393
426168
94902
96936
122298
154086
97477
230361
42971
252322
230252
159425
147356
116079
413297
97942
238865
92393
125979
37576
422380
261136
166677
95398
250841
117623
230248
429307
161343
259775
138576
158210
189125
196531
260533
154458
258741
241390
182767
430971
128180
124461
180652
153347
17731
174610
156993
121055
11919
173814
172681
262671
136044
429878
186732
188624
123154
230690
154465
48347
238948
138703
119110
93632
37604
423426
247001
249818
125151
111109
415027
263121
168654
117786
171030
38190
184340
191047
140988
167993
257182
186305
189921
111970
234588
186726
248734
188983
189225
413298
191849
237050
248658
426865
187887
257313
248663
417381
128051
161157
280999
159696
291301
33325
186566
180927
196397
5573
237202
172692
251716
157407
145309
166836
4691
118124
147204
155743
251598
159646
230345
253264
188407
21933
415195
12813
91465
120108
93628
433307
419736
230581
192499
238897
290749
243660
34948
117193
115753
123220
423254
421880
883
93630
194322
239635
153971
170897
170664
147485
250368
19635
136048
155216
159171
183733
193507
416715
107092
432205
238899
260925
193508
189910
239664
146778
132225
413529
252130
173768
188164
195262
196180
163741
160967
260923
29741
29477
17727
196475
118507
258990
182402
36993
291432
251601
172300
27605
142964
157678
429875
160016
252126
149265
430565
97068
258775
281497
155761
264712
263031
191512
291562
96744
19659
230102
237925
190926
230286
180464
253918
261711
21931
236065
426376
247047
152251
259354
173826
423410
152257
148208
186669
173330
253517
260133
173703
416710
254302
252132
118850
169968
260025
159294
107098
244041
252595
172648
154316
239711
188706
122804
195758
123158
117881
193122
133132
194344
125369
185238
415226
47650
432947
247533
35872
51732
247014
182935
409735
291103
158104
291102
230593
257040
411758
230189
260490
42983
252128
95496
230609
173169
240166
181233
54226
415884
257377
280304
411923
173329
230314
261935
411415
195862
163271
37698
94954
180683
157400
115744
418014
253485
252938
110020
243951
130782
239053
421373
433336
411307
90713
411280
259887
187025
92478
174191
193166
149280
431512
116649
91783
163278
157184
92396
173967
85028
291286
184765
249169
47590
427235
160661
239630
194254
122297
193176
34442
125368
11785
248554
180174
147221
417700
96561
11795
259117
290944
142730
14795
196334
153404
134214
96574
194339
416815
279594
169849
180534
188795
156469
39031
196285
194645
149052
157560
45268
246217
413498
163545
21934
162039
168424
182464
138130
194668
153501
260649
195400
156574
248237
132253
419797
250864
252608
252359
11791
137410
45053
153466
184160
245111
416989
249318
262602
91085
94871
156015
172630
180680
187728
239727
155322
117201
417048
168653
95594
125810
427870
19947
113740
195239
145865
43082
126072
54178
159650
259957
247273
31670
96163
142246
431022
155390
416915
155908
97998
181217
89932
118846
51418
119244
185205
188880
147391
188405
8667
266878
98796
98474
13425
154938
194641
187278
98989
32496
253947
98098
180743
97476
162228
161578
291270
192788
24961
143961
159652
138092
167973
291638
420031
183031
419048
418045
122355
32270
760019
291632
195394
243382
247240
136935
421891
145306
253266
17489
47490
434092
36694
145265
153226
157470
432206
32223
163410
170150
241852
170155
125988
423147
143653
37658
144672
164404
128230
34761
168919
157677
169755
191843
194139
134370
194519
38824
63896
5251
424920
411803
5526
35915
47588
14778
260397
172514
98951
183222
154756
145294
37692
161281
133764
90512
192348
125337
97015
230358
147188
12962
125583
97436
32273
170748
26112
239716
172513
138195
180040
98949
174554
37546
417951
153465
143868
281501
189239
161827
166153
419612
194497
262197
166196
48881
190495
257829
189931
121812
145300
115720
8377
97908
183789
159651
192989
196112
193993
120025
247329
187279
131345
412493
125325
36915
14776
417677
143278
415064
138812
172036
195158
424822
38201
240339
291287
257465
154915
189944
239060
157052
190827
159396
194386
97472
418994
51692
137173
33695
161577
250620
416985
97388
159157
73678
98618
192991
193363
246255
193107
244046
141293
14666
92973
165683
247585
415051
70231
44441
163269
415228
19145
423255
39060
5560
251565
172690
186959
257376
416321
106937
14709
148697
423854
12706
18516
144664
245326
290630
172688
186778
35926
166158
31438
235941
161644
262501
112038
118223
70133
148051
230783
139063
245291
413388
250655
174556
195828
97590
169876
237910
182424
169413
160093
126207
37693
184954
167607
195192
170464
95036
291288
181743
421287
279575
422884
14746
115750
55229
263084
260770
187731
36357
161407
149148
85064
244674
146459
118445
35874
151852
152453
4663
166156
290378
245659
117582
247509
115196
263778
172277
249635
253023
193560
412776
156773
252996
47786
251507
431392
97458
126075
34981
34166
156295
93822
248807
247247
259806
253853
161428
34411
119268
121534
243377
191350
8678
237929
195046
94088
54594
432434
125150
4835
76687
55456
114246
258024
29668
186731
246527
156579
47537
111099
417039
246968
95900
237927
5547
19967
141882
45770
120561
93826
133283
192358
146140
157891
15656
247521
59764
160028
118554
429179
116222
145835
193092
258259
34777
257688
117585
191696
99623
264461
291311
257398
163392
117189
170882
182431
99628
416203
256037
180686
52070
94345
290280
36970
190197
94951
419798
18514
34992
420183
97824
97717
409623
196179
168426
257768
195823
291282
411462
19741
248552
247407
154249
29664
261558
89944
246013
409959
64217
236004
59581
248627
95915
260924
409715
136832
173605
133765
250276
171481
128168
64145
156581
259349
258113
187066
189374
125989
154679
123109
238562
151535
236009
427047
253952
156534
161355
126023
257493
126309
194377
94924
124997
419454
137848
126304
115221
185604
22459
183634
241405
262788
167893
172015
247395
59881
7787
93116
89977
170674
186708
159600
196471
261865
147527
5934
261685
98891
142742
434089
190181
429034
241790
192360
38857
189113
290992
181153
238907
40805
183702
243410
138809
134380
125260
130546
141254
169725
17661
193681
415303
174014
93026
171110
161852
51620
151561
161018
413699
84124
426372
191334
259436
135823
421278
421217
241409
164699
185245
130387
29672
261687
63923
180643
160039
160446
136395
253390
125324
122663
14727
132102
17711
7788
159135
180946
122961
37625
134312
32603
36729
280825
191322
430603
173588
112498
171595
148778
188148
55475
132836
160115
180688
280301
249083
91286
142497
412159
152559
22969
184166
165874
258764
429190
151696
261578
416405
37461
157533
121149
184987
235858
127738
144788
249828
262715
151854
14696
237142
183231
98140
90171
172378
253067
191133
159853
196284
14669
126318
185247
245085
415604
29685
260389
33400
12812
120083
259751
8881
418095
418183
187860
235990
136396
417044
132538
180673
153968
192789
426380
98216
153873
245366
154689
127713
186481
95616
263034
255446
159169
125406
33229
254215
37627
127152
147507
237175
168007
113106
413983
90714
173606
46852
247871
237193
34188
291104
183823
89907
191332
190058
123587
118001
238725
243863
418208
173342
420476
261552
136574
260239
181824
257390
426862
33422
122035
89938
126052
134080
104615
264759
130173
64065
183768
195263
171112
14854
8626
151494
90297
262017
245793
132722
159247
128422
165451
181313
247724
117424
185052
39065
99626
106939
118179
126205
148700
34898
126049
257730
193409
152464
240534
230585
51596
52087
70653
167503
239663
155636
281083
180656
32874
152620
154482
51895
29683
120654
164216
32234
262933
36950
84231
125747
418693
38859
166827
148762
37484
254050
91519
161560
247241
76705
135104
246182
237297
260427
182303
247267
155864
253937
96103
93392
14883
36681
29618
141510
419747
174190
187516
193502
161999
254297
111084
192315
126099
8726
195591
114245
145429
247530
424184
14785
185248
279580
186776
760018
123153
416990
134602
260147
241385
160012
91484
184266
194159
238502
249229
230945
42741
101765
70216
245565
185477
172649
89939
167141
147280
230600
143277
169985
38628
90715
168857
33353
423920
186477
417452
135340
196515
252276
291256
39037
262624
160468
55225
168141
118602
759800
191841
167119
409539
230384
192579
252363
152250
261551
143276
253772
165418
248893
760259
171547
193401
424863
153672
248662
431391
258103
134203
39016
63918
162081
42103
160888
11788
113922
181840
117136
260472
423425
247265
246213
248798
17803
11644
11783
188093
260198
143046
250115
32700
97776
92397
168360
96173
89841
194816
21930
181691
35609
237153
92910
380389
59894
33034
253771
173534
252012
168442
48173
187882
187064
21884
192355
172710
8418
34822
281758
247501
145181
257174
259772
188794
97743
159168
125739
417701
37581
238901
47486
247520
116515
170907
180666
429726
62705
191556
36944
118735
253869
230701
262841
418258
155827
239052
173066
253673
257838
157671
153738
153223
170675
245355
189520
259956
164954
248804
185370
90427
254181
7833
411481
238892
249822
158217
238373
188622
35032
191326
37820
98884
189899
247787
247399
429907
114028
33402
434439
259408
184234
259437
195534
138561
244302
51810
172658
92391
148755
118308
421818
101655
98431
98473
244206
17243
195151
181125
147724
236070
248015
172717
169456
5553
171473
261493
246448
430576
168117
237494
291458
118625
254007
195182
162647
242280
11645
186217
192988
243923
32336
195152
153348
160159
171541
257221
143928
63922
157880
37570
245033
122294
170159
169877
190476
45741
194499
185372
154680
259343
290281
144818
153245
149082
252951
189924
47543
253959
180029
172677
230175
120081
56170
145286
126091
251869
117186
426097
117717
248555
90667
411000
96955
415567
253791
290324
35531
263103
156983
416908
189928
193950
261862
180742
422540
191757
249424
166137
187680
409655
291080
191576
196236
433247
98617
431038
195975
5541
423941
118858
422859
161427
25067
261943
260486
152816
237576
249813
154454
186484
157835
115364
144838
157417
98963
153421
167582
37509
131358
26306
430751
258614
132339
97056
252047
192475
111385
37481
5209
124721
11511
97403
187783
153745
246966
262016
410770
144945
55707
155647
169024
243789
136506
5746
230013
130633
119365
173048
193329
142438
33363
156961
239224
415825
142113
110081
185903
759691
432198
252426
250184
193091
183017
98895
235756
415030
156096
173197
238996
257381
47541
194382
236562
126063
91838
169988
145343
8673
29772
117702
91803
419807
184969
421950
136313
237379
148421
235713
11792
250724
418457
149083
147739
168425
99045
118597
280320
245495
195259
188323
97097
190724
12809
237930
123488
194599
147229
260311
186209
137618
196176
44443
5550
191653
155822
145275
247827
433232
93824
421290
55479
89906
168427
430929
173729
257163
418008
257408
422427
243598
94995
99533
25442
29700
172016
184448
109012
174632
115568
172645
110040
253766
263521
64150
160443
184983
190730
264478
148200
237400
21356
261218
248545
17633
157779
429181
121147
419529
186813
159288
94783
247541
239718
172082
51600
190753
434767
134372
409840
9176
185114
8610
257384
426316
37474
173188
145083
180678
161359
134999
192987
113739
96000
92390
94344
150367
261570
170906
37699
414354
166346
144983
167504
29900
185102
184758
187996
107087
183770
391184
38851
259912
180151
133348
148490
424889
409758
173797
416926
238304
193969
125746
433238
155731
21929
145297
798
426861
170329
147080
416917
260514
13512
38965
127852
52077
143413
185399
411023
137852
133338
119377
127488
110315
258921
186596
290283
194466
99964
246487
161348
123491
196398
174295
173050
433136
117721
97936
190590
180669
259771
187823
98893
95320
193473
237282
249816
119083
415227
162806
90662
131609
258739
429314
152655
260721
187928
93908
165894
260195
161855
55714
47625
262666
154933
36744
96061
99055
246385
427182
43858
194500
99982
42356
252940
173094
180035
121052
188411
164636
162225
184414
194751
259190
187727
18839
73679
163415
251504
5333
6049
159851
183330
192294
180840
248236
239564
12849
185284
14555
193859
190196
409832
22990
409852
249911
248014
141683
250866
141580
19129
99563
251136
148740
252325
147415
237960
170668
35843
196425
147380
147296
240092
264722
185108
246501
415804
34059
5590
118222
250185
188735
257264
29771
166666
163492
59765
173855
131885
37388
181696
185194
171538
258111
181301
236276
168257
239119
253373
290626
14679
62817
236260
245540
99044
182042
11042
262058
34841
134497
161019
107084
147387
160150
13424
249812
7829
122798
247259
37652
91081
259607
163277
30301
154461
238335
191111
425444
195486
161319
126037
280553
185106
35528
412561
257397
123155
190048
237277
181668
134495
137879
235711
167255
195261
188799
118791
418096
70592
192013
138625
134171
247029
188364
290755
290751
265592
45676
115721
166132
421288
163927
267276
239432
51817
55649
94424
196220
187202
171565
98795
138685
113301
252247
415518
119538
155740
137482
168145
425066
180193
421820
432553
138973
153874
137231
107088
290981
427107
244298
413732
99353
429406
99985
261533
156990
172680
194389
253949
418743
157369
184167
145863
262367
159421
267196
243726
155930
94889
113366
238900
291222
185896
42197
46988
165454
189131
136303
51470
136199
188737
180982
183453
5961
172671
188827
33999
420154
195196
267274
168749
25445
153511
239058
260633
262664
174015
260269
239438
93986
417687
144803
418699
194966
117669
259211
252997
253320
93687
252043
94993
171597
246055
409537
93402
163938
159166
38847
158764
191561
64068
12634
182201
98896
424921
239151
153055
14738
64210
137236
431967
146133
97822
413499
91287
290808
185100
183617
238213
147290
120082
424860
32161
250763
263022
247018
172210
247642
409630
249067
25856
258722
427049
156500
155719
172642
122739
145954
427745
11551
153346
51488
254284
136212
432040
92553
248277
167705
143661
11913
42101
236866
168595
110317
118545
12848
191140
91692
171531
155605
161808
5557
426029
264477
137567
186730
153349
94378
291028
415488
122959
417704
246957
189206
260241
137836
414363
185912
134084
257767
135187
290041
130791
158568
119362
151693
148472
185929
192955
47617
188444
165169
248187
258230
38860
244743
165064
290462
174409
250284
99914
181401
93827
45665
416913
411063
152396
432680
29701
51427
172278
153717
230254
194767
143994
256222
258849
185589
188366
55872
251561
169434
290007
416655
180659
194967
173191
263032
261019
248563
33296
258177
8297
11618
130388
252014
172711
172091
250796
154087
257884
99053
180086
169752
107082
84229
250838
185907
138816
193534
161905
192175
122632
112536
158570
252394
96185
433456
430466
11652
251692
156185
230412
194423
427685
189115
58917
117203
169460
126015
54222
171731
126092
258568
183112
138708
427042
162227
170913
240278
245307
187649
19766
194974
99631
141885
189122
173889
183115
126055
188621
18510
91549
190431
759451
185524
38160
29770
130416
118189
38159
236331
128064
131607
33324
8537
21476
391088
245835
99923
184975
157905
155447
252700
173189
6045
165777
188371
64146
167740
141318
184072
99185
126344
237858
230580
73674
70538
132421
12092
131974
13511
260777
30304
115565
172639
261897
187613
21790
192109
37585
194802
33184
64415
173204
246401
172669
290132
230351
417425
186480
261953
262195
153897
250277
162959
54595
180942
93886
93987
64203
37586
230587
259167
413255
92795
423855
261416
146770
99062
92216
45746
37289
291111
415883
169366
29914
70230
162356
193175
190745
152218
22971
230103
418488
412047
159673
43115
185401
290982
237200
253793
146065
64219
238894
195407
145377
262499
155779
151559
118852
193179
195267
230780
143772
137782
121105
239579
181228
243848
248234
759688
194740
190328
29892
140784
11651
186897
189045
291132
160187
195756
247268
142385
173181
5672
290127
230245
185185
14882
247091
426112
116076
118011
195273
187286
426125
172829
238877
264458
188162
29916
172683
248219
253762
192351
161357
118238
70077
192782
117196
240107
261858
165063
249342
230140
260507
36700
37655
157672
183827
245198
244521
120575
156982
117957
118010
136043
93821
239830
415029
427985
46851
180162
90064
54180
433080
253565
153614
412042
168888
126086
237461
432199
97921
154525
157784
427181
423772
426096
261778
249850
51911
42973
37662
138654
192356
247092
411505
412376
249425
421476
257048
13888
107598
94964
193509
153973
144979
141700
172517
251347
188322
188288
171823
414361
96573
164374
110312
250659
409467
163769
246165
182039
35914
426860
133315
237849
184978
118007
38872
189347
157651
434438
412048
32563
432121
163660
171539
289991
195592
144587
160041
146146
191132
51807
259622
160112
21941
262190
259623
173353
421545
114310
409849
190927
14802
93903
247523
153727
253236
422719
147525
123157
14553
158209
91837
172701
96746
165897
417696
253993
137413
182071
432333
280609
234592
123152
8378
186989
244196
248629
147316
24268
22937
172635
421109
37473
243381
149175
253024
151694
168255
237578
70196
415245
146033
194969
426370
254048
180639
146064
112390
414644
412496
431357
167948
8620
418738
124525
120089
180041
187323
255853
18511
145890
122734
247026
188491
230940
249815
158228
153687
230180
240763
9145
417101
153039
181238
433626
106938
14822
180674
29673
185274
24358
194616
51806
180740
51821
34964
161506
166241
248883
194758
230355
258218
149217
173673
165455
167506
182184
156308
134513
241123
120092
140985
98547
193433
155587
262085
94422
172166
163774
230662
151827
262660
190540
181220
118553
422433
157054
113358
8838
246981
186275
98599
190432
159158
164231
120110
182566
180662
172676
98952
46841
51446
253395
391183
136207
195822
144093
250629
252939
122296
99290
260503
241847
99057
12709
98475
172080
260921
134598
122387
258912
234596
252965
34767
243661
250624
245021
34198
171540
184201
181213
145273
8621
246958
118390
418185
416916
156423
172633
415563
156580
161027
97778
409903
237065
147210
166111
236083
245034
251498
250806
182434
170148
148753
237146
95999
426866
97504
12819
161764
90607
35021
291630
166832
261417
149099
11636
187285
138513
162957
137484
122963
97589
98506
416995
90987
187343
167714
19275
118617
433268
252563
243957
84230
188423
11799
48348
47273
191324
259001
432257
116091
91708
94959
45261
169548
173198
158232
259348
253265
195405
160017
22983
248659
157027
191112
246099
196116
152260
421470
189350
152221
186664
164759
195854
63900
33388
157675
51390
108780
49090
126098
261571
237909
48901
169545
416157
128532
172282
101275
165408
172231
90438
31452
35912
243749
152213
95314
172276
192590
64067
430575
172694
115805
16088
33426
415566
195829
241424
64214
190830
290014
247867
180660
415789
245000
759690
103553
258566
151447
194617
189900
99478
119554
158585
113349
56199
246092
132013
262659
159263
247410
280547
258711
260493
29691
172674
189007
174555
253237
259667
162400
158214
242113
241658
240903
416911
425779
254212
64446
248148
51264
261497
193168
248805
241362
90002
5535
97013
5521
253367
33313
699
257329
148768
254179
263101
290884
154480
194462
37821
159014
36714
138132
156529
151548
63903
171546
181525
420475
136488
236269
260501
123856
9150
419527
251140
237848
119332
36741
291140
162123
96730
247193
125669
138401
188297
119334
121968
9443
423131
162222
239227
155742
32833
173049
230417
146103
245025
260523
153716
189894
97336
236266
173663
417424
237378
186710
11641
12708
403509
138810
70342
181670
95127
184973
154088
253267
90317
253567
432611
247392
249085
426308
258908
415882
181912
420672
70539
237112
186541
187479
170628
97898
32612
185138
194404
186598
116407
185189
258565
380384
115745
127512
250625
36193
267271
41690
161350
183220
710036
98797
11642
122962
96191
259073
419440
36925
169983
230409
187340
93820
264522
290990
134381
249082
148688
138779
167919
247722
190054
249068
19998
183035
259665
422712
134498
162226
121517
91285
251567
191325
182666
93985
52085
434514
24889
237144
413193
193622
160038
173187
155276
91254
193524
416742
237543
57740
867
64212
155336
125910
183033
260769
36680
117662
185473
126065
195532
230045
426731
184076
33669
48332
136388
411861
237961
290993
193792
417514
101696
123596
419739
45742
163759
185204
37514
189889
6317
413926
172285
5616
116677
84183
64209
124277
136041
160126
173341
98502
125965
169042
132053
281082
70079
133287
181842
23497
159854
153250
96235
90721
163148
245195
160160
157836
171136
247786
230976
153424
180690
250621
170168
17488
19975
434093
247838
118470
291631
98219
246967
420935
152636
92501
251135
168799
420226
143985
95315
417382
164771
185933
409604
55223
154939
66907
112399
258631
154716
172326
48231
144661
142499
153739
107481
37490
51820
32828
248625
252393
173620
172707
11633
290285
160054
162145
90618
19636
161002
423638
117878
120663
391280
240531
186306
253487
249320
249101
59763
116270
145292
255842
413493
171532
291126
195821
70521
195757
121966
97437
39007
38123
145188
145082
290988
101256
117877
169077
188798
196474
258556
415606
118402
25857
430681
391173
119384
249991
171113
126064
237114
257689
172664
159431
260700
149081
145190
123147
134509
144599
183812
115742
160289
258450
35916
149166
419613
417682
138684
109551
139064
140497
173237
8749
127430
98402
91946
136498
171586
165053
5524
251941
93364
25895
156366
290043
113417
157416
181839
185354
5529
429189
84228
193788
37822
412495
22992
152258
425841
194775
189902
409551
192318
186272
238216
51809
180277
147389
416912
252228
115463
391185
128293
127639
184317
37471
146066
162266
415294
196327
93347
413731
187851
171108
430364
138636
194375
185183
138817
173176
160866
147388
98165
157367
5970
257797
250182
93500
189041
98289
93743
281751
163440
182982
188307
117432
89946
184117
249074
138390
193353
118841
29913
235801
425844
261857
5540
116882
147386
124886
262118
172735
230223
236258
251602
174471
134311
117784
251024
236330
42964
230419
90669
141035
290829
187282
161876
185410
182953
142739
189044
98218
181689
118004
119383
168889
243387
185201
182421
159729
33476
411800
137977
164580
411022
32236
55734
422573
191511
139056
291470
64216
290124
187281
257395
185202
253422
230428
157016
181699
249721
19356
29905
33478
112535
413539
230514
160628
195851
291312
191601
167903
421552
11798
260390
188359
136566
117191
170623
171114
124234
237113
162781
93964
174149
429404
172665
172377
244204
22453
154347
192792
172028
189923
37526
162221
182076
240199
252360
192341
159874
128244
427184
101870
236005
431008
250622
427560
166452
257116
155388
166227
171119
115733
180164
239246
259608
166653
118871
155621
193422
130353
193093
164761
54228
143040
416586
94898
194224
291161
51893
419479
158843
260262
4816
31429
161351
124122
252538
245792
159699
280190
119369
411240
131611
252249
239240
180646
260528
14764
110082
145220
187069
141317
90665
93393
189905
138549
151948
196328
147681
171000
153077
98976
11269
240920
142338
46110
7768
416123
170868
238909
147393
120555
237947
116134
263108
125977
161323
243643
144082
5304
125267
186221
413257
128186
260859
59930
239985
172382
24959
189359
260565
94958
419806
154146
167905
160435
51403
258598
759689
42725
44462
187925
155546
235838
158487
194642
190833
759798
122931
237944
171598
291637
134511
22970
291260
237409
17709
37653
257406
38862
422804
241407
163439
290985
173060
111098
195593
44472
246101
257830
134256
230779
37687
238879
171191
420481
118721
184932
153425
147675
157144
51396
36936
245356
257839
115722
261710
247242
238306
196335
19622
94952
45043
112461
145293
163427
192365
98217
427051
180172
255459
260492
96062
169338
187730
34775
118495
173451
156406
258773
180034
138595
29894
149050
247303
35927
152488
42734
132000
424862
155906
115991
254047
252934
244305
237676
235285
33428
252514
11254
144071
252537
180037
159447
134307
239281
138978
248945
192787
184169
421284
138847
291114
380388
422044
111105
118387
16195
136222
433079
173789
260912
154462
181315
433338
290455
157138
36715
161648
142164
159423
151587
411756
94343
148918
147397
251658
127951
418500
161669
158765
149263
110134
182532
119270
194406
93817
291109
153274
416605
54599
247389
8384
259341
90397
169757
101872
253877
159420
185137
182898
258187
92220
417047
59743
95035
138727
164982
252856
238916
51343
154941
409561
187585
76104
51441
429966
93726
117884
429472
238723
185181
248139
147205
153725
188441
138699
54725
155887
34799
14708
183842
31803
18843
128080
237139
126087
414244
262837
73683
5646
238112
11646
70170
194342
190434
163565
119417
251452
38942
17193
193193
391346
167177
115461
173798
22454
93401
92334
7396
247408
85010
150366
181229
422395
190433
257770
34328
148497
246517
109375
162606
245494
160925
180667
246211
166712
153411
94454
8668
19133
43832
431390
253099
418456
148399
5525
244040
433313
63870
239221
248720
47445
267200
93398
183590
248115
157658
168104
247048
189898
415888
190173
5614
260772
247051
32324
259004
41719
135001
169544
51340
260527
96195
113302
11802
76692
90007
140986
241417
118509
251506
120557
262679
159153
245358
413224
425458
152807
260776
183920
159693
252008
433517
182567
171498
155576
194221
259355
136071
432209
380483
170146
262587
99105
138813
152254
250623
253101
260511
149088
130101
5252
125326
263106
37661
190747
188047
259695
190492
426373
123490
195401
172709
118125
280768
54235
171472
257378
194769
58914
90894
427197
5610
185930
260689
117202
192591
416998
290125
138696
188370
165772
182198
98027
411975
112381
19178
236638
70537
261496
252465
128297
181749
180841
192577
131827
253775
48876
249996
173062
190052
147067
97478
230244
32605
163442
149161
159694
168100
185110
235857
123330
45945
266646
191510
243385
37476
184200
250908
125908
195406
51811
152661
12974
98503
155226
70525
188796
186447
422548
172302
18749
155539
70083
35020
161655
238999
429967
34137
189796
244025
145707
32271
5650
195150
145288
172301
193354
94457
181219
259710
101869
123150
27175
180173
238954
261936
17713
134374
194640
191846
192229
192589
195172
120971
192035
145345
186592
137569
195759
253197
254069
145713
44474
194335
251597
117795
117859
429405
419210
170295
418490
153728
195976
146372
121145
249634
155032
55737
13968
247866
46853
8753
98188
173352
253366
415716
96193
263105
190954
99512
172306
253998
244011
117530
98359
268018
250792
114296
291150
109468
153871
76697
182466
98505
155741
126208
249177
187923
146596
248929
168053
118848
236006
25062
158212
162397
185237
230177
417680
54224
230253
185234
421960
122957
253195
95322
21932
253774
189951
160290
99630
189203
281413
243500
94903
261564
161349
187222
39059
260926
49604
164956
154056
187422
240668
5519
74587
48957
119444
165701
169728
165839
252134
131608
166139
59770
94780
118414
183020
291300
122958
93725
47487
249809
137851
19759
180640
195972
196182
152784
257407
99983
243946
38227
145434
143810
18807
237201
230927
250282
11051
95820
134875
142801
8851
429631
112534
187876
259201
26316
55483
187888
759649
252086
162393
155295
230441
261945
185122
46314
11087
162223
55725
245011
172653
258952
7846
230592
156003
91339
195824
154064
107222
160703
191049
93255
193504
181524
55743
148498
253318
240006
416923
183633
230346
161397
22993
159760
119572
186952
243409
19992
130082
158230
145180
161559
237199
246410
156186
426382
193562
22452
258909
138804
195346
243499
34885
290129
19193
412258
238872
55732
230214
96771
188800
163881
186962
42322
191122
261034
434329
96526
257769
51614
162355
188361
171116
238889
183841
181237
168501
145645
184980
259951
187546
5250
166347
150808
152261
151845
416921
239290
94961
168468
131549
13774
120022
134313
121970
193737
121228
156578
151734
431617
261644
188550
433370
236267
193360
4660
150237
101866
131605
251023
36772
252564
244279
114250
250837
235805
172687
118449
14791
17800
262670
93348
237967
12476
194225
151537
163493
257709
163280
258368
139052
258895
115567
180638
157003
119265
174580
249066
146105
160161
95450
38875
91784
51667
246500
261221
421824
184084
254061
183632
115220
156251
36712
148763
6072
93428
259381
156616
173732
138363
96169
12144
144745
91821
22472
255579
290123
137786
250486
165776
8677
98286
8573
241115
249100
