    0    0    0   0.000000000   0.000000000   0.000000E+00   0.000000E+00
   -1    1    0  -0.342837640   0.342837640   0.173987E-01  -0.342851E-17
    1    1    0   0.342837640   0.342837640   0.173987E-01  -0.216560E-17
   -1   -1    0  -0.342837640  -0.342837640   0.173987E-01   0.216560E-17
    1   -1    0   0.342837640  -0.342837640   0.173987E-01   0.342851E-17
    0    2    0  -0.000000000   0.685675279   0.576874E-02   0.328362E-17
   -2    0    0  -0.685675279   0.000000000   0.576874E-02  -0.166524E-16
    0   -2    0   0.000000000  -0.685675279   0.576874E-02  -0.328362E-17
    2    0    0   0.685675279  -0.000000000   0.576874E-02   0.166524E-16
    2    2    0   0.685675279   0.685675279   0.917286E-02   0.550050E-18
   -2   -2    0  -0.685675279  -0.685675279   0.917286E-02  -0.550050E-18
    2   -2    0   0.685675279  -0.685675279   0.917286E-02   0.612488E-17
   -2    2    0  -0.685675279   0.685675279   0.917286E-02  -0.612488E-17
   -3   -1    0  -1.028512919  -0.342837640   0.700323E-02  -0.104272E-16
    3   -1    0   1.028512919  -0.342837640   0.700323E-02   0.239442E-16
    3    1    0   1.028512919   0.342837640   0.700323E-02   0.104272E-16
   -1    3    0  -0.342837640   1.028512919   0.700323E-02  -0.938668E-18
    1    3    0   0.342837640   1.028512919   0.700323E-02   0.330069E-18
   -3    1    0  -1.028512919   0.342837640   0.700323E-02  -0.239442E-16
    1   -3    0   0.342837640  -1.028512919   0.700323E-02   0.938668E-18
   -1   -3    0  -0.342837640  -1.028512919   0.700323E-02  -0.330069E-18
    0    4    0  -0.000000000   1.371350559   0.570260E-02   0.345040E-17
    0   -4    0   0.000000000  -1.371350559   0.570260E-02  -0.345040E-17
    4    0    0   1.371350559  -0.000000000   0.570260E-02   0.102447E-16
   -4    0    0  -1.371350559   0.000000000   0.570260E-02  -0.102447E-16
   -3   -3    0  -1.028512919  -1.028512919   0.978515E-02   0.200718E-17
    3   -3    0   1.028512919  -1.028512919   0.978515E-02   0.135443E-16
   -3    3    0  -1.028512919   1.028512919   0.978515E-02  -0.135443E-16
    3    3    0   1.028512919   1.028512919   0.978515E-02  -0.200718E-17
   -2    4    0  -0.685675279   1.371350559  -0.255219E-02  -0.999609E-17
    4   -2    0   1.371350559  -0.685675279  -0.255219E-02   0.634550E-17
   -4    2    0  -1.371350559   0.685675279  -0.255219E-02  -0.634550E-17
    2    4    0   0.685675279   1.371350559  -0.255219E-02   0.407707E-17
    2   -4    0   0.685675279  -1.371350559  -0.255219E-02   0.999609E-17
   -2   -4    0  -0.685675279  -1.371350559  -0.255219E-02  -0.407707E-17
   -4   -2    0  -1.371350559  -0.685675279  -0.255219E-02   0.985172E-18
    4    2    0   1.371350559   0.685675279  -0.255219E-02  -0.985172E-18
   -5    1    0  -1.714188198   0.342837640  -0.147087E-02  -0.207502E-16
    5    1    0   1.714188198   0.342837640  -0.147087E-02   0.157826E-16
   -1    5    0  -0.342837640   1.714188198  -0.147087E-02  -0.360490E-17
   -1   -5    0  -0.342837640  -1.714188198  -0.147087E-02   0.271354E-18
   -5   -1    0  -1.714188198  -0.342837640  -0.147087E-02  -0.157826E-16
    5   -1    0   1.714188198  -0.342837640  -0.147087E-02   0.207502E-16
    1   -5    0   0.342837640  -1.714188198  -0.147087E-02   0.360490E-17
    1    5    0   0.342837640   1.714188198  -0.147087E-02  -0.271354E-18
    4   -4    0   1.371350559  -1.371350559  -0.766248E-02   0.139213E-16
   -4   -4    0  -1.371350559  -1.371350559  -0.766248E-02  -0.975286E-17
    4    4    0   1.371350559   1.371350559  -0.766248E-02   0.975286E-17
   -4    4    0  -1.371350559   1.371350559  -0.766248E-02  -0.139213E-16
   -5    3    0  -1.714188198   1.028512919   0.762247E-02   0.291463E-17
    5    3    0   1.714188198   1.028512919   0.762247E-02  -0.133964E-16
   -5   -3    0  -1.714188198  -1.028512919   0.762247E-02   0.133964E-16
    5   -3    0   1.714188198  -1.028512919   0.762247E-02  -0.291463E-17
    3   -5    0   1.028512919  -1.714188198   0.762247E-02   0.117474E-16
   -3    5    0  -1.028512919   1.714188198   0.762247E-02  -0.117474E-16
    3    5    0   1.028512919   1.714188198   0.762247E-02   0.766391E-17
   -3   -5    0  -1.028512919  -1.714188198   0.762247E-02  -0.766391E-17
    0    6    0  -0.000000000   2.057025838   0.571782E-01   0.762778E-16
    6    0    0   2.057025838  -0.000000000   0.571782E-01   0.735581E-16
   -6    0    0  -2.057025838   0.000000000   0.571782E-01  -0.735581E-16
    0   -6    0   0.000000000  -2.057025838   0.571782E-01  -0.762778E-16
   -2    6    0  -0.685675279   2.057025838  -0.375674E-02   0.889791E-17
    2    6    0   0.685675279   2.057025838  -0.375674E-02  -0.234633E-17
    6    2    0   2.057025838   0.685675279  -0.375674E-02  -0.658400E-17
   -6   -2    0  -2.057025838  -0.685675279  -0.375674E-02   0.658400E-17
    2   -6    0   0.685675279  -2.057025838  -0.375674E-02  -0.889791E-17
    6   -2    0   2.057025838  -0.685675279  -0.375674E-02  -0.372386E-17
   -6    2    0  -2.057025838   0.685675279  -0.375674E-02   0.372386E-17
   -2   -6    0  -0.685675279  -2.057025838  -0.375674E-02   0.234633E-17
   -7    1    0  -2.399863478   0.342837640   0.491985E-02  -0.283988E-17
   -7   -1    0  -2.399863478  -0.342837640   0.491985E-02  -0.269543E-17
    7    1    0   2.399863478   0.342837640   0.491985E-02   0.269543E-17
    7   -1    0   2.399863478  -0.342837640   0.491985E-02   0.283988E-17
    1   -7    0   0.342837640  -2.399863478   0.491985E-02  -0.483777E-17
    1    7    0   0.342837640   2.399863478   0.491985E-02   0.100245E-16
   -1    7    0  -0.342837640   2.399863478   0.491985E-02   0.483777E-17
   -1   -7    0  -0.342837640  -2.399863478   0.491985E-02  -0.100245E-16
    5   -5    0   1.714188198  -1.714188198   0.114838E-02   0.566494E-17
   -5    5    0  -1.714188198   1.714188198   0.114838E-02  -0.566494E-17
    5    5    0   1.714188198   1.714188198   0.114838E-02   0.477054E-17
   -5   -5    0  -1.714188198  -1.714188198   0.114838E-02  -0.477054E-17
    6   -4    0   2.057025838  -1.371350559   0.457200E-02   0.188476E-16
    4   -6    0   1.371350559  -2.057025838   0.457200E-02   0.684588E-17
    6    4    0   2.057025838   1.371350559   0.457200E-02   0.426576E-18
    4    6    0   1.371350559   2.057025838   0.457200E-02   0.754981E-17
   -4    6    0  -1.371350559   2.057025838   0.457200E-02  -0.684588E-17
   -6    4    0  -2.057025838   1.371350559   0.457200E-02  -0.188476E-16
   -6   -4    0  -2.057025838  -1.371350559   0.457200E-02  -0.426576E-18
   -4   -6    0  -1.371350559  -2.057025838   0.457200E-02  -0.754981E-17
    3    7    0   1.028512919   2.399863478   0.261844E-02   0.857673E-17
    3   -7    0   1.028512919  -2.399863478   0.261844E-02   0.173170E-17
   -3    7    0  -1.028512919   2.399863478   0.261844E-02  -0.173170E-17
   -3   -7    0  -1.028512919  -2.399863478   0.261844E-02  -0.857673E-17
    7    3    0   2.399863478   1.028512919   0.261844E-02  -0.794940E-17
   -7    3    0  -2.399863478   1.028512919   0.261844E-02   0.267694E-17
    7   -3    0   2.399863478  -1.028512919   0.261844E-02  -0.267694E-17
   -7   -3    0  -2.399863478  -1.028512919   0.261844E-02   0.794940E-17
    8    0    0   2.742701117  -0.000000000   0.777017E-02   0.172302E-16
   -8    0    0  -2.742701117   0.000000000   0.777017E-02  -0.172302E-16
    0   -8    0   0.000000000  -2.742701117   0.777017E-02  -0.143657E-16
    0    8    0  -0.000000000   2.742701117   0.777017E-02   0.143657E-16
    2    8    0   0.685675279   2.742701117   0.691536E-03  -0.269883E-17
   -2    8    0  -0.685675279   2.742701117   0.691536E-03   0.250781E-17
    8   -2    0   2.742701117  -0.685675279   0.691536E-03   0.162566E-16
   -2   -8    0  -0.685675279  -2.742701117   0.691536E-03   0.269883E-17
   -8    2    0  -2.742701117   0.685675279   0.691536E-03  -0.162566E-16
    2   -8    0   0.685675279  -2.742701117   0.691536E-03  -0.250781E-17
    8    2    0   2.742701117   0.685675279   0.691536E-03   0.864836E-17
   -8   -2    0  -2.742701117  -0.685675279   0.691536E-03  -0.864836E-17
    6    6    0   2.057025838   2.057025838   0.274804E-01   0.392454E-16
   -6    6    0  -2.057025838   2.057025838   0.274804E-01  -0.640637E-16
    6   -6    0   2.057025838  -2.057025838   0.274804E-01   0.640637E-16
   -6   -6    0  -2.057025838  -2.057025838   0.274804E-01  -0.392454E-16
   -7   -5    0  -2.399863478  -1.714188198  -0.121905E-02   0.225209E-16
   -5    7    0  -1.714188198   2.399863478  -0.121905E-02  -0.184526E-16
   -7    5    0  -2.399863478   1.714188198  -0.121905E-02   0.609257E-18
    7    5    0   2.399863478   1.714188198  -0.121905E-02  -0.225209E-16
    5    7    0   1.714188198   2.399863478  -0.121905E-02   0.555811E-17
    7   -5    0   2.399863478  -1.714188198  -0.121905E-02  -0.609257E-18
   -5   -7    0  -1.714188198  -2.399863478  -0.121905E-02  -0.555811E-17
    5   -7    0   1.714188198  -2.399863478  -0.121905E-02   0.184526E-16
    4   -8    0   1.371350559  -2.742701117  -0.497132E-02   0.816702E-17
   -4    8    0  -1.371350559   2.742701117  -0.497132E-02  -0.816702E-17
    8    4    0   2.742701117   1.371350559  -0.497132E-02  -0.228496E-17
    8   -4    0   2.742701117  -1.371350559  -0.497132E-02   0.905826E-19
    4    8    0   1.371350559   2.742701117  -0.497132E-02  -0.151783E-17
   -8   -4    0  -2.742701117  -1.371350559  -0.497132E-02   0.228496E-17
   -8    4    0  -2.742701117   1.371350559  -0.497132E-02  -0.905826E-19
   -4   -8    0  -1.371350559  -2.742701117  -0.497132E-02   0.151783E-17
   -1   -9    0  -0.342837640  -3.085538757  -0.667068E-02  -0.246684E-17
    1    9    0   0.342837640   3.085538757  -0.667068E-02   0.246684E-17
   -9    1    0  -3.085538757   0.342837640  -0.667068E-02  -0.253818E-17
   -1    9    0  -0.342837640   3.085538757  -0.667068E-02  -0.247966E-17
    9    1    0   3.085538757   0.342837640  -0.667068E-02   0.448868E-17
    1   -9    0   0.342837640  -3.085538757  -0.667068E-02   0.247966E-17
    9   -1    0   3.085538757  -0.342837640  -0.667068E-02   0.253818E-17
   -9   -1    0  -3.085538757  -0.342837640  -0.667068E-02  -0.448868E-17
    3   -9    0   1.028512919  -3.085538757  -0.383970E-02   0.117156E-17
    9    3    0   3.085538757   1.028512919  -0.383970E-02  -0.454548E-18
   -9   -3    0  -3.085538757  -1.028512919  -0.383970E-02   0.454548E-18
    3    9    0   1.028512919   3.085538757  -0.383970E-02   0.173999E-17
   -3    9    0  -1.028512919   3.085538757  -0.383970E-02  -0.117156E-17
    9   -3    0   3.085538757  -1.028512919  -0.383970E-02  -0.973691E-18
   -9    3    0  -3.085538757   1.028512919  -0.383970E-02   0.973691E-18
   -3   -9    0  -1.028512919  -3.085538757  -0.383970E-02  -0.173999E-17
    7    7    0   2.399863478   2.399863478   0.113796E-01   0.167898E-16
   -7   -7    0  -2.399863478  -2.399863478   0.113796E-01  -0.167898E-16
   -7    7    0  -2.399863478   2.399863478   0.113796E-01  -0.319703E-16
    7   -7    0   2.399863478  -2.399863478   0.113796E-01   0.319703E-16
   -6   -8    0  -2.057025838  -2.742701117   0.677384E-02  -0.202033E-16
   -6    8    0  -2.057025838   2.742701117   0.677384E-02  -0.176622E-16
    8    6    0   2.742701117   2.057025838   0.677384E-02  -0.604557E-19
    6   -8    0   2.057025838  -2.742701117   0.677384E-02   0.176622E-16
   -8   -6    0  -2.742701117  -2.057025838   0.677384E-02   0.604557E-19
    8   -6    0   2.742701117  -2.057025838   0.677384E-02   0.501186E-17
    6    8    0   2.057025838   2.742701117   0.677384E-02   0.202033E-16
   -8    6    0  -2.742701117   2.057025838   0.677384E-02  -0.501186E-17
  -10    0    0  -3.428376397   0.000000000  -0.307893E-02  -0.131108E-16
   10    0    0   3.428376397  -0.000000000  -0.307893E-02   0.131108E-16
    0   10    0  -0.000000000   3.428376397  -0.307893E-02   0.917534E-17
    0  -10    0   0.000000000  -3.428376397  -0.307893E-02  -0.917534E-17
  -10    2    0  -3.428376397   0.685675279  -0.138561E-02  -0.703884E-17
  -10   -2    0  -3.428376397  -0.685675279  -0.138561E-02  -0.384513E-17
   -2  -10    0  -0.685675279  -3.428376397  -0.138561E-02   0.200400E-17
   10    2    0   3.428376397   0.685675279  -0.138561E-02   0.384513E-17
   10   -2    0   3.428376397  -0.685675279  -0.138561E-02   0.703884E-17
   -2   10    0  -0.685675279   3.428376397  -0.138561E-02  -0.289506E-17
    2  -10    0   0.685675279  -3.428376397  -0.138561E-02   0.289506E-17
    2   10    0   0.685675279   3.428376397  -0.138561E-02  -0.200400E-17
    9    5    0   3.085538757   1.714188198  -0.225067E-02   0.561524E-17
    9   -5    0   3.085538757  -1.714188198  -0.225067E-02  -0.761047E-18
    5   -9    0   1.714188198  -3.085538757  -0.225067E-02   0.505380E-17
   -5   -9    0  -1.714188198  -3.085538757  -0.225067E-02  -0.697459E-17
   -9   -5    0  -3.085538757  -1.714188198  -0.225067E-02  -0.561524E-17
   -9    5    0  -3.085538757   1.714188198  -0.225067E-02   0.761047E-18
   -5    9    0  -1.714188198   3.085538757  -0.225067E-02  -0.505380E-17
    5    9    0   1.714188198   3.085538757  -0.225067E-02   0.697459E-17
  -10   -4    0  -3.428376397  -1.371350559  -0.376785E-02  -0.162244E-16
   -4   10    0  -1.371350559   3.428376397  -0.376785E-02   0.568867E-17
   10    4    0   3.428376397   1.371350559  -0.376785E-02   0.162244E-16
    4   10    0   1.371350559   3.428376397  -0.376785E-02   0.598772E-17
  -10    4    0  -3.428376397   1.371350559  -0.376785E-02  -0.627296E-17
   10   -4    0   3.428376397  -1.371350559  -0.376785E-02   0.627296E-17
    4  -10    0   1.371350559  -3.428376397  -0.376785E-02  -0.568867E-17
   -4  -10    0  -1.371350559  -3.428376397  -0.376785E-02  -0.598772E-17
   11    1    0   3.771214036   0.342837640  -0.394436E-02  -0.432422E-17
   -1  -11    0  -0.342837640  -3.771214036  -0.394436E-02   0.189789E-18
   -1   11    0  -0.342837640   3.771214036  -0.394436E-02  -0.646400E-17
    1  -11    0   0.342837640  -3.771214036  -0.394436E-02   0.646400E-17
   11   -1    0   3.771214036  -0.342837640  -0.394436E-02  -0.151393E-17
  -11   -1    0  -3.771214036  -0.342837640  -0.394436E-02   0.432422E-17
    1   11    0   0.342837640   3.771214036  -0.394436E-02  -0.189789E-18
  -11    1    0  -3.771214036   0.342837640  -0.394436E-02   0.151393E-17
   -8   -8    0  -2.742701117  -2.742701117   0.936810E-02   0.101520E-16
    8    8    0   2.742701117   2.742701117   0.936810E-02  -0.101520E-16
    8   -8    0   2.742701117  -2.742701117   0.936810E-02   0.933708E-18
   -8    8    0  -2.742701117   2.742701117   0.936810E-02  -0.933708E-18
   -7    9    0  -2.399863478   3.085538757   0.223944E-02  -0.749628E-17
   11   -3    0   3.771214036  -1.028512919   0.295790E-02   0.165105E-16
    3   11    0   1.028512919   3.771214036   0.295790E-02   0.642712E-17
  -11   -3    0  -3.771214036  -1.028512919   0.295790E-02  -0.118853E-16
   11    3    0   3.771214036   1.028512919   0.295790E-02   0.118853E-16
    7   -9    0   2.399863478  -3.085538757   0.223944E-02   0.749628E-17
    3  -11    0   1.028512919  -3.771214036   0.295790E-02  -0.367194E-17
  -11    3    0  -3.771214036   1.028512919   0.295790E-02  -0.165105E-16
   -9    7    0  -3.085538757   2.399863478   0.223944E-02  -0.487057E-17
    9   -7    0   3.085538757  -2.399863478   0.223944E-02   0.487057E-17
   -9   -7    0  -3.085538757  -2.399863478   0.223944E-02   0.136663E-17
    7    9    0   2.399863478   3.085538757   0.223944E-02   0.245853E-17
    9    7    0   3.085538757   2.399863478   0.223944E-02  -0.136663E-17
   -3   11    0  -1.028512919   3.771214036   0.295790E-02   0.367194E-17
   -3  -11    0  -1.028512919  -3.771214036   0.295790E-02  -0.642712E-17
   -7   -9    0  -2.399863478  -3.085538757   0.223944E-02  -0.245853E-17
  -10    6    0  -3.428376397   2.057025838   0.249148E-02   0.693455E-17
   10   -6    0   3.428376397  -2.057025838   0.249148E-02  -0.693455E-17
   -6   10    0  -2.057025838   3.428376397   0.249148E-02  -0.828578E-17
    6   10    0   2.057025838   3.428376397   0.249148E-02   0.121406E-16
   10    6    0   3.428376397   2.057025838   0.249148E-02   0.629262E-17
   -6  -10    0  -2.057025838  -3.428376397   0.249148E-02  -0.121406E-16
  -10   -6    0  -3.428376397  -2.057025838   0.249148E-02  -0.629262E-17
    6  -10    0   2.057025838  -3.428376397   0.249148E-02   0.828578E-17
  -12    0    0  -4.114051676   0.000000000   0.214053E-01  -0.578056E-16
    0  -12    0   0.000000000  -4.114051676   0.214053E-01  -0.556949E-16
   12    0    0   4.114051676  -0.000000000   0.214053E-01   0.578056E-16
    0   12    0  -0.000000000   4.114051676   0.214053E-01   0.556949E-16
  -11    5    0  -3.771214036   1.714188198   0.307696E-02  -0.184424E-16
   -5  -11    0  -1.714188198  -3.771214036   0.307696E-02   0.123432E-16
   11    5    0   3.771214036   1.714188198   0.307696E-02   0.631460E-17
   -5   11    0  -1.714188198   3.771214036   0.307696E-02   0.447949E-17
   11   -5    0   3.771214036  -1.714188198   0.307696E-02   0.184424E-16
  -11   -5    0  -3.771214036  -1.714188198   0.307696E-02  -0.631460E-17
    5  -11    0   1.714188198  -3.771214036   0.307696E-02  -0.447949E-17
    5   11    0   1.714188198   3.771214036   0.307696E-02  -0.123432E-16
  -12   -2    0  -4.114051676  -0.685675279  -0.102961E-01   0.376701E-16
    2   12    0   0.685675279   4.114051676  -0.102961E-01  -0.375799E-16
    2  -12    0   0.685675279  -4.114051676  -0.102961E-01  -0.327137E-16
   12    2    0   4.114051676   0.685675279  -0.102961E-01  -0.376701E-16
   -2  -12    0  -0.685675279  -4.114051676  -0.102961E-01   0.375799E-16
   12   -2    0   4.114051676  -0.685675279  -0.102961E-01  -0.471416E-16
   -2   12    0  -0.685675279   4.114051676  -0.102961E-01   0.327137E-16
  -12    2    0  -4.114051676   0.685675279  -0.102961E-01   0.471416E-16
  -12   -4    0  -4.114051676  -1.371350559  -0.175411E-02   0.256685E-18
   12    4    0   4.114051676   1.371350559  -0.175411E-02  -0.256685E-18
   -4   12    0  -1.371350559   4.114051676  -0.175411E-02   0.699559E-18
   -4  -12    0  -1.371350559  -4.114051676  -0.175411E-02  -0.121284E-17
  -12    4    0  -4.114051676   1.371350559  -0.175411E-02  -0.380241E-17
    4  -12    0   1.371350559  -4.114051676  -0.175411E-02  -0.699559E-18
   12   -4    0   4.114051676  -1.371350559  -0.175411E-02   0.380241E-17
    4   12    0   1.371350559   4.114051676  -0.175411E-02   0.121284E-17
   -9   -9    0  -3.085538757  -3.085538757  -0.101700E-02  -0.650611E-17
    9    9    0   3.085538757   3.085538757  -0.101700E-02   0.650611E-17
   -9    9    0  -3.085538757   3.085538757  -0.101700E-02  -0.813014E-17
    9   -9    0   3.085538757  -3.085538757  -0.101700E-02   0.813014E-17
  -10   -8    0  -3.428376397  -2.742701117   0.710544E-03   0.183804E-17
    8  -10    0   2.742701117  -3.428376397   0.710544E-03   0.924588E-17
    8   10    0   2.742701117   3.428376397   0.710544E-03   0.470945E-17
   -8   10    0  -2.742701117   3.428376397   0.710544E-03  -0.924588E-17
   10    8    0   3.428376397   2.742701117   0.710544E-03  -0.183804E-17
   10   -8    0   3.428376397  -2.742701117   0.710544E-03   0.226151E-17
   -8  -10    0  -2.742701117  -3.428376397   0.710544E-03  -0.470945E-17
  -10    8    0  -3.428376397   2.742701117   0.710544E-03  -0.226151E-17
   13    1    0   4.456889316   0.342837640   0.333190E-02  -0.332318E-18
    1   13    0   0.342837640   4.456889316   0.333190E-02  -0.944136E-17
   13   -1    0   4.456889316  -0.342837640   0.333190E-02   0.126959E-16
  -11   -7    0  -3.771214036  -2.399863478  -0.221191E-02  -0.328918E-17
   11    7    0   3.771214036   2.399863478  -0.221191E-02   0.328918E-17
   11   -7    0   3.771214036  -2.399863478  -0.221191E-02  -0.162430E-19
   -1  -13    0  -0.342837640  -4.456889316   0.333190E-02   0.944136E-17
    7   11    0   2.399863478   3.771214036  -0.221191E-02  -0.601509E-17
   -1   13    0  -0.342837640   4.456889316   0.333190E-02  -0.968336E-18
   -7   11    0  -2.399863478   3.771214036  -0.221191E-02   0.165927E-16
  -13   -1    0  -4.456889316  -0.342837640   0.333190E-02   0.332318E-18
    1  -13    0   0.342837640  -4.456889316   0.333190E-02   0.968336E-18
    7  -11    0   2.399863478  -3.771214036  -0.221191E-02  -0.165927E-16
  -13    1    0  -4.456889316   0.342837640   0.333190E-02  -0.126959E-16
  -11    7    0  -3.771214036   2.399863478  -0.221191E-02   0.162430E-19
   -7  -11    0  -2.399863478  -3.771214036  -0.221191E-02   0.601509E-17
    3  -13    0   1.028512919  -4.456889316   0.507017E-02   0.146626E-17
   13    3    0   4.456889316   1.028512919   0.507017E-02  -0.159024E-17
   -3  -13    0  -1.028512919  -4.456889316   0.507017E-02   0.458737E-17
    3   13    0   1.028512919   4.456889316   0.507017E-02  -0.458737E-17
  -13    3    0  -4.456889316   1.028512919   0.507017E-02   0.831770E-18
   -3   13    0  -1.028512919   4.456889316   0.507017E-02  -0.146626E-17
   13   -3    0   4.456889316  -1.028512919   0.507017E-02  -0.831770E-18
  -13   -3    0  -4.456889316  -1.028512919   0.507017E-02   0.159024E-17
  -12   -6    0  -4.114051676  -2.057025838   0.122433E-01  -0.300934E-16
   12    6    0   4.114051676   2.057025838   0.122433E-01   0.300934E-16
   -6  -12    0  -2.057025838  -4.114051676   0.122433E-01  -0.522774E-16
   12   -6    0   4.114051676  -2.057025838   0.122433E-01   0.373105E-16
   -6   12    0  -2.057025838   4.114051676   0.122433E-01  -0.485054E-16
    6   12    0   2.057025838   4.114051676   0.122433E-01   0.522774E-16
  -12    6    0  -4.114051676   2.057025838   0.122433E-01  -0.373105E-16
    6  -12    0   2.057025838  -4.114051676   0.122433E-01   0.485054E-16
   13   -5    0   4.456889316  -1.714188198   0.210277E-02  -0.185840E-17
    5   13    0   1.714188198   4.456889316   0.210277E-02  -0.124516E-16
  -13   -5    0  -4.456889316  -1.714188198   0.210277E-02   0.975205E-17
   -5  -13    0  -1.714188198  -4.456889316   0.210277E-02   0.124516E-16
  -13    5    0  -4.456889316   1.714188198   0.210277E-02   0.185840E-17
   -5   13    0  -1.714188198   4.456889316   0.210277E-02   0.756563E-18
   13    5    0   4.456889316   1.714188198   0.210277E-02  -0.975205E-17
    5  -13    0   1.714188198  -4.456889316   0.210277E-02  -0.756563E-18
    0  -14    0   0.000000000  -4.799726955   0.240476E-02  -0.870117E-17
  -14    0    0  -4.799726955   0.000000000   0.240476E-02  -0.749453E-17
    0   14    0  -0.000000000   4.799726955   0.240476E-02   0.870117E-17
   14    0    0   4.799726955  -0.000000000   0.240476E-02   0.749453E-17
  -14    2    0  -4.799726955   0.685675279   0.640872E-03  -0.671737E-17
  -14   -2    0  -4.799726955  -0.685675279   0.640872E-03   0.129749E-16
    2   14    0   0.685675279   4.799726955   0.640872E-03   0.106310E-16
   14    2    0   4.799726955   0.685675279   0.640872E-03  -0.129749E-16
    2  -14    0   0.685675279  -4.799726955   0.640872E-03  -0.447302E-17
   -2  -14    0  -0.685675279  -4.799726955   0.640872E-03  -0.106310E-16
   -2   14    0  -0.685675279   4.799726955   0.640872E-03   0.447302E-17
   14   -2    0   4.799726955  -0.685675279   0.640872E-03   0.671737E-17
   10  -10    0   3.428376397  -3.428376397  -0.110681E-02   0.940135E-17
  -10  -10    0  -3.428376397  -3.428376397  -0.110681E-02  -0.606915E-18
   10   10    0   3.428376397   3.428376397  -0.110681E-02   0.606915E-18
  -10   10    0  -3.428376397   3.428376397  -0.110681E-02  -0.940135E-17
   11   -9    0   3.771214036  -3.085538757  -0.335577E-02  -0.858919E-17
   -9  -11    0  -3.085538757  -3.771214036  -0.335577E-02  -0.165105E-17
   -9   11    0  -3.085538757   3.771214036  -0.335577E-02   0.435511E-17
   11    9    0   3.771214036   3.085538757  -0.335577E-02  -0.103359E-17
    9   11    0   3.085538757   3.771214036  -0.335577E-02   0.165105E-17
    9  -11    0   3.085538757  -3.771214036  -0.335577E-02  -0.435511E-17
  -11   -9    0  -3.771214036  -3.085538757  -0.335577E-02   0.103359E-17
  -11    9    0  -3.771214036   3.085538757  -0.335577E-02   0.858919E-17
  -12    8    0  -4.114051676   2.742701117  -0.558879E-02   0.394493E-16
   12   -8    0   4.114051676  -2.742701117  -0.558879E-02  -0.394493E-16
   12    8    0   4.114051676   2.742701117  -0.558879E-02  -0.242283E-16
   -8   12    0  -2.742701117   4.114051676  -0.558879E-02   0.101595E-16
   -8  -12    0  -2.742701117  -4.114051676  -0.558879E-02   0.694219E-17
    8   12    0   2.742701117   4.114051676  -0.558879E-02  -0.694219E-17
    8  -12    0   2.742701117  -4.114051676  -0.558879E-02  -0.101595E-16
  -12   -8    0  -4.114051676  -2.742701117  -0.558879E-02   0.242283E-16
   -4   14    0  -1.371350559   4.799726955  -0.189393E-02  -0.405661E-17
    4   14    0   1.371350559   4.799726955  -0.189393E-02  -0.754775E-17
   14   -4    0   4.799726955  -1.371350559  -0.189393E-02  -0.514996E-17
  -14    4    0  -4.799726955   1.371350559  -0.189393E-02   0.514996E-17
   14    4    0   4.799726955   1.371350559  -0.189393E-02  -0.628097E-18
   -4  -14    0  -1.371350559  -4.799726955  -0.189393E-02   0.754775E-17
    4  -14    0   1.371350559  -4.799726955  -0.189393E-02   0.405661E-17
  -14   -4    0  -4.799726955  -1.371350559  -0.189393E-02   0.628097E-18
  -13   -7    0  -4.456889316  -2.399863478   0.695584E-02  -0.262132E-17
    7   13    0   2.399863478   4.456889316   0.695584E-02  -0.108031E-16
  -13    7    0  -4.456889316   2.399863478   0.695584E-02  -0.532508E-17
    7  -13    0   2.399863478  -4.456889316   0.695584E-02  -0.261795E-17
   -7   13    0  -2.399863478   4.456889316   0.695584E-02   0.261795E-17
   -7  -13    0  -2.399863478  -4.456889316   0.695584E-02   0.108031E-16
   13    7    0   4.456889316   2.399863478   0.695584E-02   0.262132E-17
   13   -7    0   4.456889316  -2.399863478   0.695584E-02   0.532508E-17
   -1  -15    0  -0.342837640  -5.142564595  -0.464845E-02  -0.157459E-16
    1  -15    0   0.342837640  -5.142564595  -0.464845E-02  -0.899277E-17
  -15    1    0  -5.142564595   0.342837640  -0.464845E-02  -0.152603E-16
   15   -1    0   5.142564595  -0.342837640  -0.464845E-02   0.152603E-16
  -15   -1    0  -5.142564595  -0.342837640  -0.464845E-02  -0.282230E-16
    1   15    0   0.342837640   5.142564595  -0.464845E-02   0.157459E-16
   15    1    0   5.142564595   0.342837640  -0.464845E-02   0.282230E-16
   -1   15    0  -0.342837640   5.142564595  -0.464845E-02   0.899277E-17
  -14    6    0  -4.799726955   2.057025838   0.946063E-03   0.312579E-17
   -6  -14    0  -2.057025838  -4.799726955   0.946063E-03   0.882699E-17
    6  -14    0   2.057025838  -4.799726955   0.946063E-03   0.106199E-16
   -6   14    0  -2.057025838   4.799726955   0.946063E-03  -0.106199E-16
  -14   -6    0  -4.799726955  -2.057025838   0.946063E-03   0.144312E-17
    6   14    0   2.057025838   4.799726955   0.946063E-03  -0.882699E-17
   14   -6    0   4.799726955  -2.057025838   0.946063E-03  -0.312579E-17
   14    6    0   4.799726955   2.057025838   0.946063E-03  -0.144312E-17
  -15   -3    0  -5.142564595  -1.028512919  -0.656268E-02  -0.900340E-17
   15   -3    0   5.142564595  -1.028512919  -0.656268E-02   0.124023E-16
    3   15    0   1.028512919   5.142564595  -0.656268E-02   0.285298E-16
   -3   15    0  -1.028512919   5.142564595  -0.656268E-02   0.193418E-16
   15    3    0   5.142564595   1.028512919  -0.656268E-02   0.900340E-17
   -3  -15    0  -1.028512919  -5.142564595  -0.656268E-02  -0.285298E-16
  -15    3    0  -5.142564595   1.028512919  -0.656268E-02  -0.124023E-16
    3  -15    0   1.028512919  -5.142564595  -0.656268E-02  -0.193418E-16
   11   11    0   3.771214036   3.771214036   0.404338E-02  -0.268467E-17
  -11   11    0  -3.771214036   3.771214036   0.404338E-02  -0.125345E-16
   11  -11    0   3.771214036  -3.771214036   0.404338E-02   0.125345E-16
  -11  -11    0  -3.771214036  -3.771214036   0.404338E-02   0.268467E-17
   12  -10    0   4.114051676  -3.428376397  -0.405623E-02  -0.173207E-16
  -10   12    0  -3.428376397   4.114051676  -0.405623E-02   0.367299E-17
  -12  -10    0  -4.114051676  -3.428376397  -0.405623E-02   0.797773E-17
   12   10    0   4.114051676   3.428376397  -0.405623E-02  -0.797773E-17
   10  -12    0   3.428376397  -4.114051676  -0.405623E-02  -0.367299E-17
   10   12    0   3.428376397   4.114051676  -0.405623E-02   0.229333E-18
  -10  -12    0  -3.428376397  -4.114051676  -0.405623E-02  -0.229333E-18
  -12   10    0  -4.114051676   3.428376397  -0.405623E-02   0.173207E-16
  -13   -9    0  -4.456889316  -3.085538757   0.624507E-03  -0.671043E-18
   13    9    0   4.456889316   3.085538757   0.624507E-03   0.671043E-18
   -9  -13    0  -3.085538757  -4.456889316   0.624507E-03   0.137092E-16
   13   -9    0   4.456889316  -3.085538757   0.624507E-03   0.145323E-16
   -9   13    0  -3.085538757   4.456889316   0.624507E-03   0.769697E-17
  -13    9    0  -4.456889316   3.085538757   0.624507E-03  -0.145323E-16
    9   13    0   3.085538757   4.456889316   0.624507E-03  -0.137092E-16
    9  -13    0   3.085538757  -4.456889316   0.624507E-03  -0.769697E-17
  -15   -5    0  -5.142564595  -1.714188198  -0.500412E-02  -0.139810E-16
   15   -5    0   5.142564595  -1.714188198  -0.500412E-02   0.233704E-17
    5   15    0   1.714188198   5.142564595  -0.500412E-02   0.310882E-16
    5  -15    0   1.714188198  -5.142564595  -0.500412E-02  -0.128601E-17
   15    5    0   5.142564595   1.714188198  -0.500412E-02   0.139810E-16
   -5   15    0  -1.714188198   5.142564595  -0.500412E-02   0.128601E-17
  -15    5    0  -5.142564595   1.714188198  -0.500412E-02  -0.233704E-17
   -5  -15    0  -1.714188198  -5.142564595  -0.500412E-02  -0.310882E-16
    0  -16    0   0.000000000  -5.485402235   0.947912E-02   0.128909E-17
    0   16    0  -0.000000000   5.485402235   0.947912E-02  -0.128909E-17
  -16    0    0  -5.485402235   0.000000000   0.947912E-02  -0.411767E-18
   16    0    0   5.485402235  -0.000000000   0.947912E-02   0.411767E-18
   -2  -16    0  -0.685675279  -5.485402235  -0.134747E-02  -0.183355E-17
    2  -16    0   0.685675279  -5.485402235  -0.134747E-02  -0.188040E-17
   14   -8    0   4.799726955  -2.742701117   0.453130E-02   0.153988E-16
    2   16    0   0.685675279   5.485402235  -0.134747E-02   0.183355E-17
   16    2    0   5.485402235   0.685675279  -0.134747E-02   0.458221E-17
  -14   -8    0  -4.799726955  -2.742701117   0.453130E-02  -0.137011E-16
   -8  -14    0  -2.742701117  -4.799726955   0.453130E-02  -0.459859E-17
   -2   16    0  -0.685675279   5.485402235  -0.134747E-02   0.188040E-17
   14    8    0   4.799726955   2.742701117   0.453130E-02   0.137011E-16
   16   -2    0   5.485402235  -0.685675279  -0.134747E-02   0.249047E-17
    8  -14    0   2.742701117  -4.799726955   0.453130E-02  -0.128631E-16
   -8   14    0  -2.742701117   4.799726955   0.453130E-02   0.128631E-16
    8   14    0   2.742701117   4.799726955   0.453130E-02   0.459859E-17
  -14    8    0  -4.799726955   2.742701117   0.453130E-02  -0.153988E-16
  -16    2    0  -5.485402235   0.685675279  -0.134747E-02  -0.249047E-17
  -16   -2    0  -5.485402235  -0.685675279  -0.134747E-02  -0.458221E-17
   -4   16    0  -1.371350559   5.485402235  -0.608901E-02   0.209584E-17
   16   -4    0   5.485402235  -1.371350559  -0.608901E-02  -0.743241E-17
  -16    4    0  -5.485402235   1.371350559  -0.608901E-02   0.743241E-17
   16    4    0   5.485402235   1.371350559  -0.608901E-02  -0.146212E-16
    4  -16    0   1.371350559  -5.485402235  -0.608901E-02  -0.209584E-17
  -16   -4    0  -5.485402235  -1.371350559  -0.608901E-02   0.146212E-16
   -4  -16    0  -1.371350559  -5.485402235  -0.608901E-02   0.910343E-17
    4   16    0   1.371350559   5.485402235  -0.608901E-02  -0.910343E-17
   15   -7    0   5.142564595  -2.399863478  -0.687491E-03   0.148235E-16
  -15    7    0  -5.142564595   2.399863478  -0.687491E-03  -0.148235E-16
  -15   -7    0  -5.142564595  -2.399863478  -0.687491E-03  -0.886395E-17
    7   15    0   2.399863478   5.142564595  -0.687491E-03   0.233804E-17
   -7   15    0  -2.399863478   5.142564595  -0.687491E-03  -0.707552E-17
   15    7    0   5.142564595   2.399863478  -0.687491E-03   0.886395E-17
    7  -15    0   2.399863478  -5.142564595  -0.687491E-03   0.707552E-17
   -7  -15    0  -2.399863478  -5.142564595  -0.687491E-03  -0.233804E-17
   12  -12    0   4.114051676  -4.114051676   0.772172E-02   0.517201E-16
  -12  -12    0  -4.114051676  -4.114051676   0.772172E-02  -0.356188E-16
   12   12    0   4.114051676   4.114051676   0.772172E-02   0.356188E-16
  -12   12    0  -4.114051676   4.114051676   0.772172E-02  -0.517201E-16
  -11   13    0  -3.771214036   4.456889316   0.754340E-03  -0.344695E-18
  -13  -11    0  -4.456889316  -3.771214036   0.754340E-03   0.228521E-17
   -1  -17    0  -0.342837640  -5.828239874   0.297408E-03  -0.207719E-17
   13   11    0   4.456889316   3.771214036   0.754340E-03  -0.228521E-17
   13  -11    0   4.456889316  -3.771214036   0.754340E-03  -0.785620E-17
   17   -1    0   5.828239874  -0.342837640   0.297408E-03  -0.102791E-17
    1   17    0   0.342837640   5.828239874   0.297408E-03   0.207719E-17
   17    1    0   5.828239874   0.342837640   0.297408E-03  -0.120963E-16
  -13   11    0  -4.456889316   3.771214036   0.754340E-03   0.785620E-17
   11   13    0   3.771214036   4.456889316   0.754340E-03   0.522097E-17
  -17   -1    0  -5.828239874  -0.342837640   0.297408E-03   0.120963E-16
  -17    1    0  -5.828239874   0.342837640   0.297408E-03   0.102791E-17
   11  -13    0   3.771214036  -4.456889316   0.754340E-03   0.344695E-18
    1  -17    0   0.342837640  -5.828239874   0.297408E-03   0.116232E-17
  -11  -13    0  -3.771214036  -4.456889316   0.754340E-03  -0.522097E-17
   -1   17    0  -0.342837640   5.828239874   0.297408E-03  -0.116232E-17
   -6  -16    0  -2.057025838  -5.485402235   0.911953E-02  -0.128904E-16
  -16    6    0  -5.485402235   2.057025838   0.911953E-02   0.154570E-16
   16    6    0   5.485402235   2.057025838   0.911953E-02  -0.443659E-19
    6   16    0   2.057025838   5.485402235   0.911953E-02   0.128904E-16
    6  -16    0   2.057025838  -5.485402235   0.911953E-02   0.110125E-17
   -6   16    0  -2.057025838   5.485402235   0.911953E-02  -0.110125E-17
  -16   -6    0  -5.485402235  -2.057025838   0.911953E-02   0.443659E-19
   16   -6    0   5.485402235  -2.057025838   0.911953E-02  -0.154570E-16
   10   14    0   3.428376397   4.799726955   0.477625E-03  -0.542719E-17
  -10   14    0  -3.428376397   4.799726955   0.477625E-03   0.877459E-17
   10  -14    0   3.428376397  -4.799726955   0.477625E-03  -0.877459E-17
   14   10    0   4.799726955   3.428376397   0.477625E-03  -0.113811E-16
  -14   10    0  -4.799726955   3.428376397   0.477625E-03   0.293478E-17
  -14  -10    0  -4.799726955  -3.428376397   0.477625E-03   0.113811E-16
   14  -10    0   4.799726955  -3.428376397   0.477625E-03  -0.293478E-17
  -10  -14    0  -3.428376397  -4.799726955   0.477625E-03   0.542719E-17
  -17   -3    0  -5.828239874  -1.028512919  -0.255495E-02   0.146624E-16
   17    3    0   5.828239874   1.028512919  -0.255495E-02  -0.146624E-16
  -17    3    0  -5.828239874   1.028512919  -0.255495E-02   0.172314E-16
   -3  -17    0  -1.028512919  -5.828239874  -0.255495E-02   0.156109E-16
    3  -17    0   1.028512919  -5.828239874  -0.255495E-02   0.771045E-17
    3   17    0   1.028512919   5.828239874  -0.255495E-02  -0.156109E-16
   -3   17    0  -1.028512919   5.828239874  -0.255495E-02  -0.771045E-17
   17   -3    0   5.828239874  -1.028512919  -0.255495E-02  -0.172314E-16
  -15   -9    0  -5.142564595  -3.085538757  -0.372547E-02  -0.230993E-18
   15   -9    0   5.142564595  -3.085538757  -0.372547E-02  -0.275899E-17
   -9   15    0  -3.085538757   5.142564595  -0.372547E-02  -0.110524E-16
    9  -15    0   3.085538757  -5.142564595  -0.372547E-02   0.110524E-16
    9   15    0   3.085538757   5.142564595  -0.372547E-02  -0.101947E-16
  -15    9    0  -5.142564595   3.085538757  -0.372547E-02   0.275899E-17
   15    9    0   5.142564595   3.085538757  -0.372547E-02   0.230993E-18
   -9  -15    0  -3.085538757  -5.142564595  -0.372547E-02   0.101947E-16
    5  -17    0   1.714188198  -5.828239874   0.203592E-02  -0.437040E-17
  -17    5    0  -5.828239874   1.714188198   0.203592E-02  -0.349557E-17
  -17   -5    0  -5.828239874  -1.714188198   0.203592E-02  -0.267543E-18
    5   17    0   1.714188198   5.828239874   0.203592E-02  -0.566045E-17
   17    5    0   5.828239874   1.714188198   0.203592E-02   0.267543E-18
   17   -5    0   5.828239874  -1.714188198   0.203592E-02   0.349557E-17
   -5  -17    0  -1.714188198  -5.828239874   0.203592E-02   0.566045E-17
   -5   17    0  -1.714188198   5.828239874   0.203592E-02   0.437040E-17
   -8   16    0  -2.742701117   5.485402235   0.119038E-02   0.610265E-18
  -16   -8    0  -5.485402235  -2.742701117   0.119038E-02   0.206678E-17
    8   16    0   2.742701117   5.485402235   0.119038E-02  -0.214317E-17
    8  -16    0   2.742701117  -5.485402235   0.119038E-02  -0.610265E-18
   -8  -16    0  -2.742701117  -5.485402235   0.119038E-02   0.214317E-17
   16   -8    0   5.485402235  -2.742701117   0.119038E-02  -0.310767E-17
   16    8    0   5.485402235   2.742701117   0.119038E-02  -0.206678E-17
  -16    8    0  -5.485402235   2.742701117   0.119038E-02   0.310767E-17
  -18    0    0  -6.171077514   0.000000000   0.562300E-02   0.427643E-18
   18    0    0   6.171077514  -0.000000000   0.562300E-02  -0.427643E-18
    0   18    0  -0.000000000   6.171077514   0.562300E-02  -0.476691E-17
    0  -18    0   0.000000000  -6.171077514   0.562300E-02   0.476691E-17
   -2  -18    0  -0.685675279  -6.171077514  -0.624054E-02  -0.772041E-17
    2   18    0   0.685675279   6.171077514  -0.624054E-02   0.772041E-17
    2  -18    0   0.685675279  -6.171077514  -0.624054E-02  -0.703882E-17
  -18   -2    0  -6.171077514  -0.685675279  -0.624054E-02  -0.218836E-17
   18   -2    0   6.171077514  -0.685675279  -0.624054E-02   0.612408E-18
   18    2    0   6.171077514   0.685675279  -0.624054E-02   0.218836E-17
  -18    2    0  -6.171077514   0.685675279  -0.624054E-02  -0.612408E-18
   -2   18    0  -0.685675279   6.171077514  -0.624054E-02   0.703882E-17
   13  -13    0   4.456889316  -4.456889316   0.766905E-02  -0.100469E-16
  -13   13    0  -4.456889316   4.456889316   0.766905E-02   0.100469E-16
    7   17    0   2.399863478   5.828239874  -0.892747E-04  -0.882968E-17
   -7  -17    0  -2.399863478  -5.828239874  -0.892747E-04   0.882968E-17
  -17   -7    0  -5.828239874  -2.399863478  -0.892747E-04  -0.458660E-17
   -7   17    0  -2.399863478   5.828239874  -0.892747E-04   0.396508E-18
   17   -7    0   5.828239874  -2.399863478  -0.892747E-04   0.460405E-17
   13   13    0   4.456889316   4.456889316   0.766905E-02  -0.359366E-16
   17    7    0   5.828239874   2.399863478  -0.892747E-04   0.458660E-17
    7  -17    0   2.399863478  -5.828239874  -0.892747E-04  -0.396508E-18
  -13  -13    0  -4.456889316  -4.456889316   0.766905E-02   0.359366E-16
  -17    7    0  -5.828239874   2.399863478  -0.892747E-04  -0.460405E-17
   14  -12    0   4.799726955  -4.114051676  -0.576524E-02  -0.177764E-16
   12   14    0   4.114051676   4.799726955  -0.576524E-02  -0.215739E-16
  -12   14    0  -4.114051676   4.799726955  -0.576524E-02   0.532960E-16
  -14   12    0  -4.799726955   4.114051676  -0.576524E-02   0.177764E-16
   14   12    0   4.799726955   4.114051676  -0.576524E-02  -0.228292E-16
  -14  -12    0  -4.799726955  -4.114051676  -0.576524E-02   0.228292E-16
  -12  -14    0  -4.114051676  -4.799726955  -0.576524E-02   0.215739E-16
   12  -14    0   4.114051676  -4.799726955  -0.576524E-02  -0.532960E-16
   -4   18    0  -1.371350559   6.171077514  -0.112370E-02  -0.285023E-18
    4   18    0   1.371350559   6.171077514  -0.112370E-02  -0.158808E-17
   18   -4    0   6.171077514  -1.371350559  -0.112370E-02   0.116628E-16
   18    4    0   6.171077514   1.371350559  -0.112370E-02   0.523314E-17
   -4  -18    0  -1.371350559  -6.171077514  -0.112370E-02   0.158808E-17
  -18   -4    0  -6.171077514  -1.371350559  -0.112370E-02  -0.523314E-17
    4  -18    0   1.371350559  -6.171077514  -0.112370E-02   0.285023E-18
  -18    4    0  -6.171077514   1.371350559  -0.112370E-02  -0.116628E-16
   15  -11    0   5.142564595  -3.771214036  -0.526186E-02   0.207260E-18
   11  -15    0   3.771214036  -5.142564595  -0.526186E-02  -0.772307E-17
   15   11    0   5.142564595   3.771214036  -0.526186E-02   0.923746E-17
  -15  -11    0  -5.142564595  -3.771214036  -0.526186E-02  -0.923746E-17
  -15   11    0  -5.142564595   3.771214036  -0.526186E-02  -0.207260E-18
  -11   15    0  -3.771214036   5.142564595  -0.526186E-02   0.772307E-17
  -11  -15    0  -3.771214036  -5.142564595  -0.526186E-02   0.219374E-16
   11   15    0   3.771214036   5.142564595  -0.526186E-02  -0.219374E-16
   16  -10    0   5.485402235  -3.428376397  -0.294433E-02   0.474831E-17
   10  -16    0   3.428376397  -5.485402235  -0.294433E-02   0.851179E-17
  -10   16    0  -3.428376397   5.485402235  -0.294433E-02  -0.851179E-17
  -10  -16    0  -3.428376397  -5.485402235  -0.294433E-02  -0.489536E-17
   16   10    0   5.485402235   3.428376397  -0.294433E-02   0.869747E-17
   10   16    0   3.428376397   5.485402235  -0.294433E-02   0.489536E-17
  -16  -10    0  -5.485402235  -3.428376397  -0.294433E-02  -0.869747E-17
  -16   10    0  -5.485402235   3.428376397  -0.294433E-02  -0.474831E-17
  -18   -6    0  -6.171077514  -2.057025838   0.673908E-03  -0.846030E-18
    6   18    0   2.057025838   6.171077514   0.673908E-03   0.413736E-17
   18   -6    0   6.171077514  -2.057025838   0.673908E-03   0.495559E-17
   -6   18    0  -2.057025838   6.171077514   0.673908E-03  -0.599494E-17
   18    6    0   6.171077514   2.057025838   0.673908E-03   0.846030E-18
   -6  -18    0  -2.057025838  -6.171077514   0.673908E-03  -0.413736E-17
  -18    6    0  -6.171077514   2.057025838   0.673908E-03  -0.495559E-17
    6  -18    0   2.057025838  -6.171077514   0.673908E-03   0.599494E-17
    1  -19    0   0.342837640  -6.513915154   0.147253E-02  -0.763383E-17
  -19   -1    0  -6.513915154  -0.342837640   0.147253E-02   0.196260E-17
   19    1    0   6.513915154   0.342837640   0.147253E-02  -0.196260E-17
    1   19    0   0.342837640   6.513915154   0.147253E-02   0.578652E-17
   19   -1    0   6.513915154  -0.342837640   0.147253E-02  -0.128086E-17
  -19    1    0  -6.513915154   0.342837640   0.147253E-02   0.128086E-17
   -1  -19    0  -0.342837640  -6.513915154   0.147253E-02  -0.578652E-17
   -1   19    0  -0.342837640   6.513915154   0.147253E-02   0.763383E-17
    9  -17    0   3.085538757  -5.828239874  -0.444481E-02  -0.962706E-17
   -9   17    0  -3.085538757   5.828239874  -0.444481E-02   0.962706E-17
  -17   -9    0  -5.828239874  -3.085538757  -0.444481E-02   0.300652E-17
    3   19    0   1.028512919   6.513915154   0.660186E-02   0.108813E-16
  -19    3    0  -6.513915154   1.028512919   0.660186E-02   0.115323E-16
  -17    9    0  -5.828239874   3.085538757  -0.444481E-02   0.276683E-16
   -9  -17    0  -3.085538757  -5.828239874  -0.444481E-02   0.243999E-17
   17    9    0   5.828239874   3.085538757  -0.444481E-02  -0.300652E-17
   19    3    0   6.513915154   1.028512919   0.660186E-02   0.568774E-17
    9   17    0   3.085538757   5.828239874  -0.444481E-02  -0.243999E-17
   19   -3    0   6.513915154  -1.028512919   0.660186E-02  -0.115323E-16
  -19   -3    0  -6.513915154  -1.028512919   0.660186E-02  -0.568774E-17
    3  -19    0   1.028512919  -6.513915154   0.660186E-02  -0.132087E-16
   17   -9    0   5.828239874  -3.085538757  -0.444481E-02  -0.276683E-16
   -3   19    0  -1.028512919   6.513915154   0.660186E-02   0.132087E-16
   -3  -19    0  -1.028512919  -6.513915154   0.660186E-02  -0.108813E-16
    5   19    0   1.714188198   6.513915154   0.191157E-02  -0.582273E-17
   19   -5    0   6.513915154  -1.714188198   0.191157E-02  -0.577173E-17
   19    5    0   6.513915154   1.714188198   0.191157E-02  -0.697245E-17
   -5  -19    0  -1.714188198  -6.513915154   0.191157E-02   0.582273E-17
  -19   -5    0  -6.513915154  -1.714188198   0.191157E-02   0.697245E-17
  -19    5    0  -6.513915154   1.714188198   0.191157E-02   0.577173E-17
   -5   19    0  -1.714188198   6.513915154   0.191157E-02   0.699012E-17
    5  -19    0   1.714188198  -6.513915154   0.191157E-02  -0.699012E-17
   -8  -18    0  -2.742701117  -6.171077514  -0.513402E-02  -0.210870E-16
  -18    8    0  -6.171077514   2.742701117  -0.513402E-02  -0.252928E-17
   18    8    0   6.171077514   2.742701117  -0.513402E-02   0.640431E-17
    8  -18    0   2.742701117  -6.171077514  -0.513402E-02   0.451201E-17
  -18   -8    0  -6.171077514  -2.742701117  -0.513402E-02  -0.640431E-17
   18   -8    0   6.171077514  -2.742701117  -0.513402E-02   0.252928E-17
    8   18    0   2.742701117   6.171077514  -0.513402E-02   0.210870E-16
   -8   18    0  -2.742701117   6.171077514  -0.513402E-02  -0.451201E-17
  -14   14    0  -4.799726955   4.799726955   0.367911E-02  -0.175963E-16
  -14  -14    0  -4.799726955  -4.799726955   0.367911E-02  -0.100577E-16
   14  -14    0   4.799726955  -4.799726955   0.367911E-02   0.175963E-16
   14   14    0   4.799726955   4.799726955   0.367911E-02   0.100577E-16
   15   13    0   5.142564595   4.456889316  -0.890834E-03   0.609398E-17
  -13  -15    0  -4.456889316  -5.142564595  -0.890834E-03   0.211309E-17
  -13   15    0  -4.456889316   5.142564595  -0.890834E-03  -0.745301E-17
  -15   13    0  -5.142564595   4.456889316  -0.890834E-03  -0.108420E-16
   13   15    0   4.456889316   5.142564595  -0.890834E-03  -0.211309E-17
   13  -15    0   4.456889316  -5.142564595  -0.890834E-03   0.745301E-17
  -15  -13    0  -5.142564595  -4.456889316  -0.890834E-03  -0.609398E-17
   15  -13    0   5.142564595  -4.456889316  -0.890834E-03   0.108420E-16
  -12  -16    0  -4.114051676  -5.485402235   0.258462E-02   0.476453E-17
  -16   12    0  -5.485402235   4.114051676   0.258462E-02  -0.614703E-17
  -16  -12    0  -5.485402235  -4.114051676   0.258462E-02  -0.721604E-17
   12  -16    0   4.114051676  -5.485402235   0.258462E-02  -0.707274E-18
   16   12    0   5.485402235   4.114051676   0.258462E-02   0.721604E-17
   12   16    0   4.114051676   5.485402235   0.258462E-02  -0.476453E-17
   16  -12    0   5.485402235  -4.114051676   0.258462E-02   0.614703E-17
  -12   16    0  -4.114051676   5.485402235   0.258462E-02   0.707274E-18
    0  -20    0   0.000000000  -6.856752793   0.429766E-02   0.859609E-17
    0   20    0  -0.000000000   6.856752793   0.429766E-02  -0.859609E-17
  -20    0    0  -6.856752793   0.000000000   0.429766E-02   0.520361E-17
   20    0    0   6.856752793  -0.000000000   0.429766E-02  -0.520361E-17
    2  -20    0   0.685675279  -6.856752793  -0.789442E-03  -0.532352E-18
   20    2    0   6.856752793   0.685675279  -0.789442E-03  -0.746937E-18
  -20    2    0  -6.856752793   0.685675279  -0.789442E-03  -0.945459E-18
   20   -2    0   6.856752793  -0.685675279  -0.789442E-03   0.945459E-18
  -20   -2    0  -6.856752793  -0.685675279  -0.789442E-03   0.746937E-18
   -2   20    0  -0.685675279   6.856752793  -0.789442E-03   0.532352E-18
    2   20    0   0.685675279   6.856752793  -0.789442E-03  -0.118630E-17
   -2  -20    0  -0.685675279  -6.856752793  -0.789442E-03   0.118630E-17
    7   19    0   2.399863478   6.513915154   0.299264E-02   0.559933E-18
   17   11    0   5.828239874   3.771214036   0.371165E-02   0.624011E-17
  -17   11    0  -5.828239874   3.771214036   0.371165E-02  -0.147383E-16
  -11   17    0  -3.771214036   5.828239874   0.371165E-02  -0.191067E-16
  -11  -17    0  -3.771214036  -5.828239874   0.371165E-02  -0.937201E-17
  -17  -11    0  -5.828239874  -3.771214036   0.371165E-02  -0.624011E-17
  -19   -7    0  -6.513915154  -2.399863478   0.299264E-02  -0.901981E-17
   -7  -19    0  -2.399863478  -6.513915154   0.299264E-02  -0.559933E-18
    7  -19    0   2.399863478  -6.513915154   0.299264E-02  -0.119708E-16
   -7   19    0  -2.399863478   6.513915154   0.299264E-02   0.119708E-16
   11  -17    0   3.771214036  -5.828239874   0.371165E-02   0.191067E-16
  -19    7    0  -6.513915154   2.399863478   0.299264E-02  -0.104654E-16
   19    7    0   6.513915154   2.399863478   0.299264E-02   0.901981E-17
   11   17    0   3.771214036   5.828239874   0.371165E-02   0.937201E-17
   17  -11    0   5.828239874  -3.771214036   0.371165E-02   0.147383E-16
   19   -7    0   6.513915154  -2.399863478   0.299264E-02   0.104654E-16
   20   -4    0   6.856752793  -1.371350559  -0.120932E-02   0.269249E-17
    4  -20    0   1.371350559  -6.856752793  -0.120932E-02  -0.325418E-17
   -4   20    0  -1.371350559   6.856752793  -0.120932E-02   0.325418E-17
   -4  -20    0  -1.371350559  -6.856752793  -0.120932E-02  -0.408809E-17
    4   20    0   1.371350559   6.856752793  -0.120932E-02   0.408809E-17
   20    4    0   6.856752793   1.371350559  -0.120932E-02   0.996989E-17
  -20    4    0  -6.856752793   1.371350559  -0.120932E-02  -0.269249E-17
  -20   -4    0  -6.856752793  -1.371350559  -0.120932E-02  -0.996989E-17
  -10   18    0  -3.428376397   6.171077514  -0.159113E-02  -0.451951E-17
   10  -18    0   3.428376397  -6.171077514  -0.159113E-02   0.451951E-17
   10   18    0   3.428376397   6.171077514  -0.159113E-02   0.521481E-17
  -18  -10    0  -6.171077514  -3.428376397  -0.159113E-02  -0.632847E-17
   18   10    0   6.171077514   3.428376397  -0.159113E-02   0.632847E-17
  -10  -18    0  -3.428376397  -6.171077514  -0.159113E-02  -0.521481E-17
   18  -10    0   6.171077514  -3.428376397  -0.159113E-02  -0.403157E-18
  -18   10    0  -6.171077514   3.428376397  -0.159113E-02   0.403157E-18
  -20    6    0  -6.856752793   2.057025838   0.291730E-02   0.102574E-16
   -6  -20    0  -2.057025838  -6.856752793   0.291730E-02  -0.107874E-16
    6  -20    0   2.057025838  -6.856752793   0.291730E-02   0.982709E-17
    6   20    0   2.057025838   6.856752793   0.291730E-02   0.107874E-16
   20   -6    0   6.856752793  -2.057025838   0.291730E-02  -0.102574E-16
   20    6    0   6.856752793   2.057025838   0.291730E-02  -0.161280E-16
  -20   -6    0  -6.856752793  -2.057025838   0.291730E-02   0.161280E-16
   -6   20    0  -2.057025838   6.856752793   0.291730E-02  -0.982709E-17
   19   -9    0   6.513915154  -3.085538757   0.180756E-02  -0.142888E-17
   19    9    0   6.513915154   3.085538757   0.180756E-02  -0.219523E-17
    9   19    0   3.085538757   6.513915154   0.180756E-02  -0.870918E-17
  -19   -9    0  -6.513915154  -3.085538757   0.180756E-02   0.219523E-17
    9  -19    0   3.085538757  -6.513915154   0.180756E-02  -0.168185E-16
   -9   19    0  -3.085538757   6.513915154   0.180756E-02   0.168185E-16
  -19    9    0  -6.513915154   3.085538757   0.180756E-02   0.142888E-17
   -9  -19    0  -3.085538757  -6.513915154   0.180756E-02   0.870918E-17
   15  -15    0   5.142564595  -5.142564595  -0.240556E-02  -0.592329E-18
   15   15    0   5.142564595   5.142564595  -0.240556E-02   0.413806E-17
  -15   15    0  -5.142564595   5.142564595  -0.240556E-02   0.592329E-18
  -15  -15    0  -5.142564595  -5.142564595  -0.240556E-02  -0.413806E-17
   16  -14    0   5.485402235  -4.799726955   0.303218E-02   0.591902E-17
   14   16    0   4.799726955   5.485402235   0.303218E-02  -0.370644E-18
  -14  -16    0  -4.799726955  -5.485402235   0.303218E-02   0.370644E-18
  -16  -14    0  -5.485402235  -4.799726955   0.303218E-02  -0.671581E-17
   14  -16    0   4.799726955  -5.485402235   0.303218E-02   0.171565E-17
  -16   14    0  -5.485402235   4.799726955   0.303218E-02  -0.591902E-17
  -14   16    0  -4.799726955   5.485402235   0.303218E-02  -0.171565E-17
   16   14    0   5.485402235   4.799726955   0.303218E-02   0.671581E-17
  -13   17    0  -4.456889316   5.828239874   0.254269E-02  -0.146377E-17
   13  -17    0   4.456889316  -5.828239874   0.254269E-02   0.146377E-17
   17   13    0   5.828239874   4.456889316   0.254269E-02   0.214192E-16
   13   17    0   4.456889316   5.828239874   0.254269E-02  -0.320989E-17
  -13  -17    0  -4.456889316  -5.828239874   0.254269E-02   0.320989E-17
   17  -13    0   5.828239874  -4.456889316   0.254269E-02  -0.343713E-17
  -17  -13    0  -5.828239874  -4.456889316   0.254269E-02  -0.214192E-16
  -17   13    0  -5.828239874   4.456889316   0.254269E-02   0.343713E-17
   -8   20    0  -2.742701117   6.856752793   0.216713E-03  -0.342683E-17
    8  -20    0   2.742701117  -6.856752793   0.216713E-03   0.342683E-17
   -8  -20    0  -2.742701117  -6.856752793   0.216713E-03  -0.173955E-17
    8   20    0   2.742701117   6.856752793   0.216713E-03   0.173955E-17
  -20    8    0  -6.856752793   2.742701117   0.216713E-03   0.467251E-17
  -20   -8    0  -6.856752793  -2.742701117   0.216713E-03   0.553734E-17
   20   -8    0   6.856752793  -2.742701117   0.216713E-03  -0.467251E-17
   20    8    0   6.856752793   2.742701117   0.216713E-03  -0.553734E-17
   18   12    0   6.171077514   4.114051676   0.186401E-02   0.100571E-16
  -18   12    0  -6.171077514   4.114051676   0.186401E-02  -0.138877E-16
  -18  -12    0  -6.171077514  -4.114051676   0.186401E-02  -0.100571E-16
  -12  -18    0  -4.114051676  -6.171077514   0.186401E-02  -0.339145E-16
   18  -12    0   6.171077514  -4.114051676   0.186401E-02   0.138877E-16
   12  -18    0   4.114051676  -6.171077514   0.186401E-02   0.180819E-16
  -12   18    0  -4.114051676   6.171077514   0.186401E-02  -0.180819E-16
   12   18    0   4.114051676   6.171077514   0.186401E-02   0.339145E-16
  -19   11    0  -6.513915154   3.771214036   0.312410E-02   0.234494E-17
   11   19    0   3.771214036   6.513915154   0.312410E-02  -0.467399E-17
  -11   19    0  -3.771214036   6.513915154   0.312410E-02   0.707192E-17
   19  -11    0   6.513915154  -3.771214036   0.312410E-02  -0.234494E-17
   11  -19    0   3.771214036  -6.513915154   0.312410E-02  -0.707192E-17
   19   11    0   6.513915154   3.771214036   0.312410E-02   0.799311E-17
  -11  -19    0  -3.771214036  -6.513915154   0.312410E-02   0.467399E-17
  -19  -11    0  -6.513915154  -3.771214036   0.312410E-02  -0.799311E-17
  -20  -10    0  -6.856752793  -3.428376397  -0.314798E-03  -0.553099E-17
   10  -20    0   3.428376397  -6.856752793  -0.314798E-03   0.184977E-17
  -10   20    0  -3.428376397   6.856752793  -0.314798E-03  -0.184977E-17
  -20   10    0  -6.856752793   3.428376397  -0.314798E-03   0.259281E-17
   20   10    0   6.856752793   3.428376397  -0.314798E-03   0.553099E-17
   20  -10    0   6.856752793  -3.428376397  -0.314798E-03  -0.259281E-17
   10   20    0   3.428376397   6.856752793  -0.314798E-03   0.186149E-17
  -10  -20    0  -3.428376397  -6.856752793  -0.314798E-03  -0.186149E-17
   16   16    0   5.485402235   5.485402235  -0.978166E-03  -0.805250E-19
  -16   16    0  -5.485402235   5.485402235  -0.978166E-03  -0.842604E-17
   16  -16    0   5.485402235  -5.485402235  -0.978166E-03   0.842604E-17
  -16  -16    0  -5.485402235  -5.485402235  -0.978166E-03   0.805250E-19
   17   15    0   5.828239874   5.142564595  -0.343089E-02  -0.143996E-17
  -17  -15    0  -5.828239874  -5.142564595  -0.343089E-02   0.143996E-17
   15  -17    0   5.142564595  -5.828239874  -0.343089E-02   0.689617E-17
  -15   17    0  -5.142564595   5.828239874  -0.343089E-02  -0.689617E-17
  -17   15    0  -5.828239874   5.142564595  -0.343089E-02   0.246356E-17
   15   17    0   5.142564595   5.828239874  -0.343089E-02   0.169387E-16
  -15  -17    0  -5.142564595  -5.828239874  -0.343089E-02  -0.169387E-16
   17  -15    0   5.828239874  -5.142564595  -0.343089E-02  -0.246356E-17
   18   14    0   6.171077514   4.799726955  -0.441293E-02   0.155157E-16
   14   18    0   4.799726955   6.171077514  -0.441293E-02  -0.200701E-16
  -18  -14    0  -6.171077514  -4.799726955  -0.441293E-02  -0.155157E-16
  -18   14    0  -6.171077514   4.799726955  -0.441293E-02   0.940162E-17
  -14   18    0  -4.799726955   6.171077514  -0.441293E-02  -0.300240E-17
   14  -18    0   4.799726955  -6.171077514  -0.441293E-02   0.300240E-17
   18  -14    0   6.171077514  -4.799726955  -0.441293E-02  -0.940162E-17
  -14  -18    0  -4.799726955  -6.171077514  -0.441293E-02   0.200701E-16
  -19   13    0  -6.513915154   4.456889316   0.684553E-02   0.233291E-17
   19   13    0   6.513915154   4.456889316   0.684553E-02   0.221252E-16
   13  -19    0   4.456889316  -6.513915154   0.684553E-02  -0.301076E-16
  -19  -13    0  -6.513915154  -4.456889316   0.684553E-02  -0.221252E-16
   13   19    0   4.456889316   6.513915154   0.684553E-02  -0.130077E-16
   19  -13    0   6.513915154  -4.456889316   0.684553E-02  -0.233291E-17
  -13  -19    0  -4.456889316  -6.513915154   0.684553E-02   0.130077E-16
  -13   19    0  -4.456889316   6.513915154   0.684553E-02   0.301076E-16
  -20   12    0  -6.856752793   4.114051676  -0.133867E-04   0.132397E-17
   20   12    0   6.856752793   4.114051676  -0.133867E-04   0.995190E-17
  -20  -12    0  -6.856752793  -4.114051676  -0.133867E-04  -0.995190E-17
   20  -12    0   6.856752793  -4.114051676  -0.133867E-04  -0.132397E-17
  -12   20    0  -4.114051676   6.856752793  -0.133867E-04   0.435847E-17
   12  -20    0   4.114051676  -6.856752793  -0.133867E-04  -0.435847E-17
   12   20    0   4.114051676   6.856752793  -0.133867E-04  -0.441299E-17
  -12  -20    0  -4.114051676  -6.856752793  -0.133867E-04   0.441299E-17
   17   17    0   5.828239874   5.828239874   0.386118E-02   0.107851E-16
  -17  -17    0  -5.828239874  -5.828239874   0.386118E-02  -0.107851E-16
  -17   17    0  -5.828239874   5.828239874   0.386118E-02  -0.163179E-16
   17  -17    0   5.828239874  -5.828239874   0.386118E-02   0.163179E-16
  -18  -16    0  -6.171077514  -5.485402235   0.231285E-02   0.710556E-17
   18   16    0   6.171077514   5.485402235   0.231285E-02  -0.710556E-17
   16   18    0   5.485402235   6.171077514   0.231285E-02   0.384947E-17
  -16  -18    0  -5.485402235  -6.171077514   0.231285E-02  -0.384947E-17
  -18   16    0  -6.171077514   5.485402235   0.231285E-02   0.102530E-16
   18  -16    0   6.171077514  -5.485402235   0.231285E-02  -0.102530E-16
   16  -18    0   5.485402235  -6.171077514   0.231285E-02   0.726993E-17
  -16   18    0  -5.485402235   6.171077514   0.231285E-02  -0.726993E-17
  -15  -19    0  -5.142564595  -6.513915154  -0.838361E-03  -0.115506E-16
   19   15    0   6.513915154   5.142564595  -0.838361E-03   0.592310E-17
   15   19    0   5.142564595   6.513915154  -0.838361E-03   0.115506E-16
   15  -19    0   5.142564595  -6.513915154  -0.838361E-03   0.886772E-17
  -15   19    0  -5.142564595   6.513915154  -0.838361E-03  -0.886772E-17
  -19   15    0  -6.513915154   5.142564595  -0.838361E-03  -0.678391E-17
  -19  -15    0  -6.513915154  -5.142564595  -0.838361E-03  -0.592310E-17
   19  -15    0   6.513915154  -5.142564595  -0.838361E-03   0.678391E-17
  -14  -20    0  -4.799726955  -6.856752793   0.680565E-03   0.293918E-17
   20  -14    0   6.856752793  -4.799726955   0.680565E-03  -0.619981E-17
  -20  -14    0  -6.856752793  -4.799726955   0.680565E-03   0.218239E-17
  -14   20    0  -4.799726955   6.856752793   0.680565E-03  -0.217798E-17
   14   20    0   4.799726955   6.856752793   0.680565E-03  -0.293918E-17
   14  -20    0   4.799726955  -6.856752793   0.680565E-03   0.217798E-17
  -20   14    0  -6.856752793   4.799726955   0.680565E-03   0.619981E-17
   20   14    0   6.856752793   4.799726955   0.680565E-03  -0.218239E-17
  -18  -18    0  -6.171077514  -6.171077514  -0.138585E-02  -0.675957E-17
   18   18    0   6.171077514   6.171077514  -0.138585E-02   0.675957E-17
   18  -18    0   6.171077514  -6.171077514  -0.138585E-02   0.978698E-17
  -18   18    0  -6.171077514   6.171077514  -0.138585E-02  -0.978698E-17
  -19  -17    0  -6.513915154  -5.828239874   0.241860E-02  -0.188495E-17
   19  -17    0   6.513915154  -5.828239874   0.241860E-02   0.415360E-18
   19   17    0   6.513915154   5.828239874   0.241860E-02   0.188495E-17
  -19   17    0  -6.513915154   5.828239874   0.241860E-02  -0.415360E-18
  -17   19    0  -5.828239874   6.513915154   0.241860E-02  -0.103466E-16
   17   19    0   5.828239874   6.513915154   0.241860E-02  -0.779500E-17
   17  -19    0   5.828239874  -6.513915154   0.241860E-02   0.103466E-16
  -17  -19    0  -5.828239874  -6.513915154   0.241860E-02   0.779500E-17
   20   16    0   6.856752793   5.485402235  -0.623319E-03   0.674407E-17
  -20  -16    0  -6.856752793  -5.485402235  -0.623319E-03  -0.674407E-17
  -16   20    0  -5.485402235   6.856752793  -0.623319E-03   0.442317E-17
   16  -20    0   5.485402235  -6.856752793  -0.623319E-03  -0.442317E-17
  -20   16    0  -6.856752793   5.485402235  -0.623319E-03  -0.146891E-17
   20  -16    0   6.856752793  -5.485402235  -0.623319E-03   0.146891E-17
  -16  -20    0  -5.485402235  -6.856752793  -0.623319E-03  -0.342160E-17
   16   20    0   5.485402235   6.856752793  -0.623319E-03   0.342160E-17
  -19   19    0  -6.513915154   6.513915154   0.701917E-02  -0.288408E-16
   19  -19    0   6.513915154  -6.513915154   0.701917E-02   0.288408E-16
   19   19    0   6.513915154   6.513915154   0.701917E-02  -0.141734E-16
  -19  -19    0  -6.513915154  -6.513915154   0.701917E-02   0.141734E-16
   20   18    0   6.856752793   6.171077514  -0.130401E-02  -0.399224E-18
  -20   18    0  -6.856752793   6.171077514  -0.130401E-02  -0.670573E-17
  -18  -20    0  -6.171077514  -6.856752793  -0.130401E-02   0.338029E-18
   18   20    0   6.171077514   6.856752793  -0.130401E-02  -0.338029E-18
  -20  -18    0  -6.856752793  -6.171077514  -0.130401E-02   0.399224E-18
   20  -18    0   6.856752793  -6.171077514  -0.130401E-02   0.670573E-17
  -18   20    0  -6.171077514   6.856752793  -0.130401E-02  -0.440646E-17
   18  -20    0   6.171077514  -6.856752793  -0.130401E-02   0.440646E-17
  -20   20    0  -6.856752793   6.856752793   0.108152E-02   0.859712E-17
   20  -20    0   6.856752793  -6.856752793   0.108152E-02  -0.859712E-17
  -20  -20    0  -6.856752793  -6.856752793   0.108152E-02   0.700055E-17
   20   20    0   6.856752793   6.856752793   0.108152E-02  -0.700055E-17
