    0    0    0   0.000000000   0.000000000   0.268802E-18   0.746978E-05
    0    1    0  -0.000000000   0.432021096  -0.149197E-16   0.137880E-04
   -1    0    0  -0.432021096   0.000000000  -0.191827E-16   0.137880E-04
    1    0    0   0.432021096  -0.000000000  -0.191827E-16   0.137880E-04
    0   -1    0   0.000000000  -0.432021096  -0.149197E-16   0.137880E-04
    1   -1    0   0.432021096  -0.432021096  -0.195909E-05  -0.364627E-02
   -1    1    0  -0.432021096   0.432021096   0.195909E-05   0.364627E-02
    1    1    0   0.432021096   0.432021096  -0.195909E-05  -0.364627E-02
   -1   -1    0  -0.432021096  -0.432021096   0.195909E-05   0.364627E-02
   -2    0    0  -0.864042192   0.000000000  -0.356061E-05  -0.129745E-17
    0    2    0  -0.000000000   0.864042192  -0.356061E-05  -0.416352E-17
    2    0    0   0.864042192  -0.000000000  -0.356061E-05   0.112391E-17
    0   -2    0   0.000000000  -0.864042192  -0.356061E-05   0.398999E-17
    2   -1    0   0.864042192  -0.432021096  -0.233610E-02  -0.887944E-18
    1   -2    0   0.432021096  -0.864042192   0.751162E-05   0.234361E-02
   -1   -2    0  -0.432021096  -0.864042192   0.751162E-05   0.234361E-02
   -2    1    0  -0.864042192   0.432021096  -0.233610E-02   0.919143E-18
   -2   -1    0  -0.864042192  -0.432021096   0.235112E-02  -0.353720E-17
    1    2    0   0.432021096   0.864042192  -0.751162E-05  -0.234361E-02
    2    1    0   0.864042192   0.432021096   0.235112E-02   0.356840E-17
   -1    2    0  -0.432021096   0.864042192  -0.751162E-05  -0.234361E-02
    2    2    0   0.864042192   0.864042192   0.113904E-03   0.463084E-17
   -2   -2    0  -0.864042192  -0.864042192   0.113904E-03  -0.417155E-17
    2   -2    0   0.864042192  -0.864042192   0.113904E-03   0.125484E-16
   -2    2    0  -0.864042192   0.864042192   0.113904E-03  -0.120891E-16
    0   -3    0   0.000000000  -1.296063288   0.100843E-05  -0.317218E-17
    0    3    0  -0.000000000   1.296063288   0.100843E-05   0.235997E-17
   -3    0    0  -1.296063288   0.000000000   0.100843E-05  -0.145485E-16
    3    0    0   1.296063288  -0.000000000   0.100843E-05   0.137363E-16
   -1    3    0  -0.432021096   1.296063288   0.330798E-04  -0.351072E-02
   -3   -1    0  -1.296063288  -0.432021096  -0.330798E-04   0.351072E-02
    3   -1    0   1.296063288  -0.432021096   0.330798E-04  -0.351072E-02
    1    3    0   0.432021096   1.296063288  -0.330798E-04   0.351072E-02
    1   -3    0   0.432021096  -1.296063288  -0.330798E-04   0.351072E-02
   -1   -3    0  -0.432021096  -1.296063288   0.330798E-04  -0.351072E-02
    3    1    0   1.296063288   0.432021096   0.330798E-04  -0.351072E-02
   -3    1    0  -1.296063288   0.432021096  -0.330798E-04   0.351072E-02
   -3    2    0  -1.296063288   0.864042192  -0.168457E-04   0.397481E-02
    3    2    0   1.296063288   0.864042192  -0.168457E-04   0.397481E-02
   -2   -3    0  -0.864042192  -1.296063288   0.395797E-02  -0.254116E-17
   -3   -2    0  -1.296063288  -0.864042192   0.168457E-04  -0.397481E-02
    2   -3    0   0.864042192  -1.296063288  -0.399166E-02   0.443596E-17
   -2    3    0  -0.864042192   1.296063288  -0.399166E-02  -0.435414E-17
    3   -2    0   1.296063288  -0.864042192   0.168457E-04  -0.397481E-02
    2    3    0   0.864042192   1.296063288   0.395797E-02   0.262298E-17
    0    4    0  -0.000000000   1.728084384  -0.156307E-01  -0.537055E-04
    0   -4    0   0.000000000  -1.728084384  -0.156307E-01  -0.537055E-04
   -4    0    0  -1.728084384   0.000000000  -0.156307E-01  -0.537055E-04
    4    0    0   1.728084384  -0.000000000  -0.156307E-01  -0.537055E-04
   -1    4    0  -0.432021096   1.728084384   0.525129E-18  -0.194454E-02
   -4   -1    0  -1.728084384  -0.432021096  -0.197459E-02   0.300559E-04
    4    1    0   1.728084384   0.432021096  -0.197459E-02   0.300559E-04
    1    4    0   0.432021096   1.728084384  -0.541590E-18  -0.194454E-02
   -1   -4    0  -0.432021096  -1.728084384   0.200395E-18   0.200465E-02
   -4    1    0  -1.728084384   0.432021096   0.197459E-02   0.300559E-04
    1   -4    0   0.432021096  -1.728084384   0.126711E-17   0.200465E-02
    4   -1    0   1.728084384  -0.432021096   0.197459E-02   0.300559E-04
    3   -3    0   1.296063288  -1.296063288  -0.125937E-04   0.395614E-02
    3    3    0   1.296063288   1.296063288  -0.125937E-04   0.395614E-02
   -3   -3    0  -1.296063288  -1.296063288   0.125937E-04  -0.395614E-02
   -3    3    0  -1.296063288   1.296063288   0.125937E-04  -0.395614E-02
   -4   -2    0  -1.728084384  -0.864042192   0.822452E-02   0.332731E-04
    4   -2    0   1.728084384  -0.864042192   0.822452E-02   0.332731E-04
   -2    4    0  -0.864042192   1.728084384  -0.822452E-02   0.332731E-04
    4    2    0   1.728084384   0.864042192   0.822452E-02   0.332731E-04
   -4    2    0  -1.728084384   0.864042192   0.822452E-02   0.332731E-04
    2   -4    0   0.864042192  -1.728084384  -0.822452E-02   0.332731E-04
   -2   -4    0  -0.864042192  -1.728084384  -0.822452E-02   0.332731E-04
    2    4    0   0.864042192   1.728084384  -0.822452E-02   0.332731E-04
    4    3    0   1.728084384   1.296063288   0.437448E-02   0.426573E-04
   -3    4    0  -1.296063288   1.728084384   0.167389E-16  -0.433182E-02
    3   -4    0   1.296063288  -1.728084384   0.166600E-16   0.441714E-02
    3    4    0   1.296063288   1.728084384   0.300124E-16  -0.433182E-02
    4   -3    0   1.728084384  -1.296063288  -0.437448E-02   0.426573E-04
   -3   -4    0  -1.296063288  -1.728084384   0.299335E-16   0.441714E-02
   -4   -3    0  -1.728084384  -1.296063288   0.437448E-02   0.426573E-04
   -4    3    0  -1.728084384   1.296063288  -0.437448E-02   0.426573E-04
    5    0    0   2.160105480  -0.000000000  -0.873240E-17  -0.337499E-04
   -5    0    0  -2.160105480   0.000000000  -0.873240E-17  -0.337499E-04
    0    5    0  -0.000000000   2.160105480  -0.712816E-17  -0.337499E-04
    0   -5    0   0.000000000  -2.160105480  -0.712816E-17  -0.337499E-04
    1   -5    0   0.432021096  -2.160105480   0.906440E-04  -0.216288E-01
    5   -1    0   2.160105480  -0.432021096   0.906440E-04  -0.216288E-01
   -1    5    0  -0.432021096   2.160105480  -0.906440E-04   0.216288E-01
   -1   -5    0  -0.432021096  -2.160105480  -0.906440E-04   0.216288E-01
    1    5    0   0.432021096   2.160105480   0.906440E-04  -0.216288E-01
    5    1    0   2.160105480   0.432021096   0.906440E-04  -0.216288E-01
   -5    1    0  -2.160105480   0.432021096  -0.906440E-04   0.216288E-01
   -5   -1    0  -2.160105480  -0.432021096  -0.906440E-04   0.216288E-01
   -2   -5    0  -0.864042192  -2.160105480  -0.151572E-01  -0.732803E-04
   -5    2    0  -2.160105480   0.864042192   0.285875E-17   0.150840E-01
    5   -2    0   2.160105480  -0.864042192   0.298408E-17  -0.152305E-01
    2    5    0   0.864042192   2.160105480  -0.151572E-01  -0.732803E-04
    5    2    0   2.160105480   0.864042192  -0.371365E-16   0.150840E-01
   -2    5    0  -0.864042192   2.160105480   0.151572E-01  -0.732803E-04
    2   -5    0   0.864042192  -2.160105480   0.151572E-01  -0.732803E-04
   -5   -2    0  -2.160105480  -0.864042192  -0.370112E-16  -0.152305E-01
    4    4    0   1.728084384   1.728084384   0.166218E-01   0.646288E-04
    4   -4    0   1.728084384  -1.728084384   0.166218E-01   0.646288E-04
   -4   -4    0  -1.728084384  -1.728084384   0.166218E-01   0.646288E-04
   -4    4    0  -1.728084384   1.728084384   0.166218E-01   0.646288E-04
   -3    5    0  -1.296063288   2.160105480  -0.525552E-17   0.147894E-02
    5    3    0   2.160105480   1.296063288  -0.194492E-16   0.147894E-02
   -5   -3    0  -2.160105480  -1.296063288  -0.198707E-16  -0.145333E-02
    3   -5    0   1.296063288  -2.160105480  -0.567708E-17  -0.145333E-02
    5   -3    0   2.160105480  -1.296063288  -0.210346E-17   0.147894E-02
   -3   -5    0  -1.296063288  -2.160105480   0.131599E-16   0.147894E-02
   -5    3    0  -2.160105480   1.296063288  -0.252503E-17  -0.145333E-02
    3    5    0   1.296063288   2.160105480   0.127383E-16  -0.145333E-02
    6    0    0   2.592126576  -0.000000000  -0.206773E-16  -0.298996E-05
    0    6    0  -0.000000000   2.592126576  -0.184299E-16  -0.298996E-05
    0   -6    0   0.000000000  -2.592126576  -0.184299E-16  -0.298996E-05
   -6    0    0  -2.592126576   0.000000000  -0.206773E-16  -0.298996E-05
    1    6    0   0.432021096   2.592126576  -0.928692E-06   0.362056E-02
   -6   -1    0  -2.592126576  -0.432021096  -0.362149E-02  -0.123577E-16
   -1    6    0  -0.432021096   2.592126576  -0.928692E-06   0.362056E-02
   -1   -6    0  -0.432021096  -2.592126576   0.928692E-06  -0.362056E-02
   -6    1    0  -2.592126576   0.432021096   0.361963E-02  -0.498952E-16
    6   -1    0   2.592126576  -0.432021096   0.361963E-02   0.499711E-16
    6    1    0   2.592126576   0.432021096  -0.362149E-02   0.124336E-16
    1   -6    0   0.432021096  -2.592126576   0.928692E-06  -0.362056E-02
   -2   -6    0  -0.864042192  -2.592126576   0.656824E-03  -0.597753E-17
    2    6    0   0.864042192   2.592126576   0.656824E-03   0.666098E-17
    6    2    0   2.592126576   0.864042192   0.656824E-03  -0.675883E-17
    6   -2    0   2.592126576  -0.864042192   0.656824E-03   0.106933E-16
   -6   -2    0  -2.592126576  -0.864042192   0.656824E-03   0.744228E-17
   -2    6    0  -0.864042192   2.592126576   0.656824E-03   0.317875E-18
    2   -6    0   0.864042192  -2.592126576   0.656824E-03   0.365581E-18
   -6    2    0  -2.592126576   0.864042192   0.656824E-03  -0.100099E-16
    4   -5    0   1.728084384  -2.160105480   0.226876E-02   0.147839E-17
    5    4    0   2.160105480   1.728084384   0.435973E-04  -0.231236E-02
   -4   -5    0  -1.728084384  -2.160105480  -0.235596E-02   0.255060E-17
   -4    5    0  -1.728084384   2.160105480   0.226876E-02  -0.116629E-17
   -5   -4    0  -2.160105480  -1.728084384  -0.435973E-04   0.231236E-02
    4    5    0   1.728084384   2.160105480  -0.235596E-02  -0.223850E-17
   -5    4    0  -2.160105480   1.728084384   0.435973E-04  -0.231236E-02
    5   -4    0   2.160105480  -1.728084384  -0.435973E-04   0.231236E-02
   -6   -3    0  -2.592126576  -1.296063288  -0.337039E-02  -0.320419E-04
    6    3    0   2.592126576   1.296063288  -0.337039E-02  -0.320419E-04
    6   -3    0   2.592126576  -1.296063288   0.337039E-02  -0.320419E-04
    3    6    0   1.296063288   2.592126576   0.480566E-17  -0.340243E-02
   -6    3    0  -2.592126576   1.296063288   0.337039E-02  -0.320419E-04
   -3    6    0  -1.296063288   2.592126576   0.264592E-17  -0.340243E-02
   -3   -6    0  -1.296063288  -2.592126576   0.438022E-17   0.333835E-02
    3   -6    0   1.296063288  -2.592126576   0.222048E-17   0.333835E-02
   -7    0    0  -3.024147672   0.000000000   0.179965E-04  -0.146778E-16
    7    0    0   3.024147672  -0.000000000   0.179965E-04   0.147754E-16
    0   -7    0   0.000000000  -3.024147672   0.179965E-04  -0.105938E-16
    0    7    0  -0.000000000   3.024147672   0.179965E-04   0.106914E-16
   -1    7    0  -0.432021096   3.024147672  -0.456744E-17   0.164918E-02
    5    5    0   2.160105480   2.160105480  -0.410471E-04   0.425586E-02
    5   -5    0   2.160105480  -2.160105480  -0.410471E-04   0.425586E-02
    1   -7    0   0.432021096  -3.024147672  -0.475700E-17  -0.167454E-02
    7    1    0   3.024147672   0.432021096  -0.904634E-17   0.164918E-02
   -5   -5    0  -2.160105480  -2.160105480   0.410471E-04  -0.425586E-02
   -1   -7    0  -0.432021096  -3.024147672  -0.233122E-17   0.164918E-02
   -5    5    0  -2.160105480   2.160105480   0.410471E-04  -0.425586E-02
    7   -1    0   3.024147672  -0.432021096  -0.180098E-16   0.164918E-02
   -7   -1    0  -3.024147672  -0.432021096  -0.923590E-17  -0.167454E-02
   -7    1    0  -3.024147672   0.432021096  -0.181994E-16  -0.167454E-02
    1    7    0   0.432021096   3.024147672  -0.252078E-17  -0.167454E-02
    4    6    0   1.728084384   2.592126576  -0.421795E-02  -0.259070E-04
   -4   -6    0  -1.728084384  -2.592126576  -0.421795E-02  -0.259070E-04
    6   -4    0   2.592126576  -1.728084384   0.421795E-02  -0.259070E-04
   -6    4    0  -2.592126576   1.728084384   0.421795E-02  -0.259070E-04
    4   -6    0   1.728084384  -2.592126576  -0.421795E-02  -0.259070E-04
   -4    6    0  -1.728084384   2.592126576  -0.421795E-02  -0.259070E-04
    6    4    0   2.592126576   1.728084384   0.421795E-02  -0.259070E-04
   -6   -4    0  -2.592126576  -1.728084384   0.421795E-02  -0.259070E-04
   -2    7    0  -0.864042192   3.024147672  -0.356571E-02   0.212910E-04
    2   -7    0   0.864042192  -3.024147672  -0.356571E-02   0.212910E-04
    2    7    0   0.864042192   3.024147672   0.356571E-02   0.212910E-04
   -2   -7    0  -0.864042192  -3.024147672   0.356571E-02   0.212910E-04
   -7    2    0  -3.024147672   0.864042192   0.555835E-17   0.358700E-02
    7    2    0   3.024147672   0.864042192  -0.260626E-16   0.358700E-02
    7   -2    0   3.024147672  -0.864042192   0.552306E-17  -0.354442E-02
   -7   -2    0  -3.024147672  -0.864042192  -0.260979E-16  -0.354442E-02
   -3    7    0  -1.296063288   3.024147672  -0.275514E-04   0.108443E-01
    3    7    0   1.296063288   3.024147672   0.275514E-04  -0.108443E-01
   -7   -3    0  -3.024147672  -1.296063288  -0.275514E-04   0.108443E-01
    7   -3    0   3.024147672  -1.296063288   0.275514E-04  -0.108443E-01
   -3   -7    0  -1.296063288  -3.024147672  -0.275514E-04   0.108443E-01
   -7    3    0  -3.024147672   1.296063288  -0.275514E-04   0.108443E-01
    7    3    0   3.024147672   1.296063288   0.275514E-04  -0.108443E-01
    3   -7    0   1.296063288  -3.024147672   0.275514E-04  -0.108443E-01
   -5    6    0  -2.160105480   2.592126576   0.172952E-16   0.185247E-02
    5   -6    0   2.160105480  -2.592126576   0.179931E-16  -0.188733E-02
   -5   -6    0  -2.160105480  -2.592126576  -0.295189E-17  -0.188733E-02
    6   -5    0   2.592126576  -2.160105480   0.186990E-02  -0.174319E-04
    6    5    0   2.592126576   2.160105480  -0.186990E-02  -0.174319E-04
   -6    5    0  -2.592126576   2.160105480   0.186990E-02  -0.174319E-04
   -6   -5    0  -2.592126576  -2.160105480  -0.186990E-02  -0.174319E-04
    5    6    0   2.160105480   2.592126576  -0.364978E-17   0.185247E-02
    8    0    0   3.456168767  -0.000000000  -0.999571E-02  -0.769853E-04
    0   -8    0   0.000000000  -3.456168767  -0.999571E-02  -0.769853E-04
   -8    0    0  -3.456168767   0.000000000  -0.999571E-02  -0.769853E-04
    0    8    0  -0.000000000   3.456168767  -0.999571E-02  -0.769853E-04
    1    8    0   0.432021096   3.456168767   0.123415E-17   0.163242E-02
   -1   -8    0  -0.432021096  -3.456168767   0.222264E-17  -0.157967E-02
    1   -8    0   0.432021096  -3.456168767   0.693690E-18  -0.157967E-02
   -1    8    0  -0.432021096   3.456168767  -0.294802E-18   0.163242E-02
   -8   -1    0  -3.456168767  -0.432021096   0.160605E-02   0.263776E-04
   -8    1    0  -3.456168767   0.432021096  -0.160605E-02   0.263776E-04
    8   -1    0   3.456168767  -0.432021096  -0.160605E-02   0.263776E-04
    8    1    0   3.456168767   0.432021096   0.160605E-02   0.263776E-04
   -7    4    0  -3.024147672   1.728084384  -0.192720E-04   0.223387E-02
    4   -7    0   1.728084384  -3.024147672   0.221459E-02   0.190179E-16
   -7   -4    0  -3.024147672  -1.728084384   0.192720E-04  -0.223387E-02
   -4    7    0  -1.728084384   3.024147672   0.221459E-02  -0.185472E-16
    4    7    0   1.728084384   3.024147672  -0.225314E-02  -0.247734E-17
    7    4    0   3.024147672   1.728084384  -0.192720E-04   0.223387E-02
   -4   -7    0  -1.728084384  -3.024147672  -0.225314E-02   0.294794E-17
    7   -4    0   3.024147672  -1.728084384   0.192720E-04  -0.223387E-02
    2    8    0   0.864042192   3.456168767   0.123669E-01   0.714637E-04
   -2    8    0  -0.864042192   3.456168767   0.123669E-01   0.714637E-04
    8    2    0   3.456168767   0.864042192  -0.123669E-01   0.714637E-04
   -8   -2    0  -3.456168767  -0.864042192  -0.123669E-01   0.714637E-04
   -2   -8    0  -0.864042192  -3.456168767   0.123669E-01   0.714637E-04
   -8    2    0  -3.456168767   0.864042192  -0.123669E-01   0.714637E-04
    8   -2    0   3.456168767  -0.864042192  -0.123669E-01   0.714637E-04
    2   -8    0   0.864042192  -3.456168767   0.123669E-01   0.714637E-04
   -6   -6    0  -2.592126576  -2.592126576   0.297661E-02   0.151818E-04
    6   -6    0   2.592126576  -2.592126576   0.297661E-02   0.151818E-04
    6    6    0   2.592126576   2.592126576   0.297661E-02   0.151818E-04
   -6    6    0  -2.592126576   2.592126576   0.297661E-02   0.151818E-04
    8   -3    0   3.456168767  -1.296063288  -0.173889E-02   0.849109E-17
   -8    3    0  -3.456168767   1.296063288  -0.173889E-02  -0.847122E-17
   -8   -3    0  -3.456168767  -1.296063288   0.171605E-02  -0.152757E-16
    3    8    0   1.296063288   3.456168767   0.114211E-04  -0.172747E-02
    8    3    0   3.456168767   1.296063288   0.171605E-02   0.152955E-16
    3   -8    0   1.296063288  -3.456168767  -0.114211E-04   0.172747E-02
   -3    8    0  -1.296063288   3.456168767   0.114211E-04  -0.172747E-02
   -3   -8    0  -1.296063288  -3.456168767  -0.114211E-04   0.172747E-02
   -7   -5    0  -3.024147672  -2.160105480  -0.162333E-04   0.497041E-02
   -5    7    0  -2.160105480   3.024147672   0.162333E-04  -0.497041E-02
   -5   -7    0  -2.160105480  -3.024147672   0.162333E-04  -0.497041E-02
   -7    5    0  -3.024147672   2.160105480  -0.162333E-04   0.497041E-02
    7   -5    0   3.024147672  -2.160105480   0.162333E-04  -0.497041E-02
    7    5    0   3.024147672   2.160105480   0.162333E-04  -0.497041E-02
    5   -7    0   2.160105480  -3.024147672  -0.162333E-04   0.497041E-02
    5    7    0   2.160105480   3.024147672  -0.162333E-04   0.497041E-02
   -8   -4    0  -3.456168767  -1.728084384   0.206073E-03  -0.508151E-17
    8   -4    0   3.456168767  -1.728084384   0.206073E-03   0.753691E-17
    8    4    0   3.456168767   1.728084384   0.206073E-03   0.668944E-17
    4    8    0   1.728084384   3.456168767   0.206073E-03  -0.372707E-17
   -8    4    0  -3.456168767   1.728084384   0.206073E-03  -0.592898E-17
    4   -8    0   1.728084384  -3.456168767   0.206073E-03  -0.634231E-17
   -4    8    0  -1.728084384   3.456168767   0.206073E-03   0.795024E-17
   -4   -8    0  -1.728084384  -3.456168767   0.206073E-03   0.533500E-17
   -9    0    0  -3.888189863   0.000000000   0.579587E-17  -0.164569E-05
    0   -9    0   0.000000000  -3.888189863   0.247612E-17  -0.164569E-05
    9    0    0   3.888189863  -0.000000000   0.579587E-17  -0.164569E-05
    0    9    0  -0.000000000   3.888189863   0.247612E-17  -0.164569E-05
    9    1    0   3.888189863   0.432021096  -0.128023E-04   0.107469E-02
    1    9    0   0.432021096   3.888189863  -0.128023E-04   0.107469E-02
   -1   -9    0  -0.432021096  -3.888189863   0.128023E-04  -0.107469E-02
   -9    1    0  -3.888189863   0.432021096   0.128023E-04  -0.107469E-02
   -1    9    0  -0.432021096   3.888189863   0.128023E-04  -0.107469E-02
   -9   -1    0  -3.888189863  -0.432021096   0.128023E-04  -0.107469E-02
    9   -1    0   3.888189863  -0.432021096  -0.128023E-04   0.107469E-02
    1   -9    0   0.432021096  -3.888189863  -0.128023E-04   0.107469E-02
   -2    9    0  -0.864042192   3.888189863  -0.175884E-02  -0.276537E-04
   -2   -9    0  -0.864042192  -3.888189863   0.175884E-02  -0.276537E-04
   -9   -2    0  -3.888189863  -0.864042192   0.280707E-16   0.173119E-02
   -9    2    0  -3.888189863   0.864042192   0.203327E-16  -0.178650E-02
    9   -2    0   3.888189863  -0.864042192   0.205546E-16   0.173119E-02
    2    9    0   0.864042192   3.888189863   0.175884E-02  -0.276537E-04
    2   -9    0   0.864042192  -3.888189863  -0.175884E-02  -0.276537E-04
    9    2    0   3.888189863   0.864042192   0.278487E-16  -0.178650E-02
    7    6    0   3.024147672   2.592126576   0.291817E-17   0.213710E-03
    7   -6    0   3.024147672  -2.592126576   0.144247E-16  -0.227422E-03
   -7    6    0  -3.024147672   2.592126576   0.146471E-16   0.213710E-03
   -6    7    0  -2.592126576   3.024147672  -0.220566E-03  -0.685626E-05
   -7   -6    0  -3.024147672  -2.592126576   0.269575E-17  -0.227422E-03
   -6   -7    0  -2.592126576  -3.024147672   0.220566E-03  -0.685626E-05
    6   -7    0   2.592126576  -3.024147672  -0.220566E-03  -0.685626E-05
    6    7    0   2.592126576   3.024147672   0.220566E-03  -0.685626E-05
    8   -5    0   3.456168767  -2.160105480  -0.109767E-02   0.179136E-04
    8    5    0   3.456168767   2.160105480   0.109767E-02   0.179136E-04
    5    8    0   2.160105480   3.456168767  -0.451131E-17   0.111558E-02
   -8    5    0  -3.456168767   2.160105480  -0.109767E-02   0.179136E-04
    5   -8    0   2.160105480  -3.456168767  -0.657514E-17  -0.107976E-02
   -8   -5    0  -3.456168767  -2.160105480   0.109767E-02   0.179136E-04
   -5    8    0  -2.160105480   3.456168767  -0.672251E-17   0.111558E-02
   -5   -8    0  -2.160105480  -3.456168767  -0.436395E-17  -0.107976E-02
    9   -3    0   3.888189863  -1.296063288   0.468077E-04  -0.523050E-02
   -9    3    0  -3.888189863   1.296063288  -0.468077E-04   0.523050E-02
   -3   -9    0  -1.296063288  -3.888189863   0.468077E-04  -0.523050E-02
   -3    9    0  -1.296063288   3.888189863   0.468077E-04  -0.523050E-02
    3   -9    0   1.296063288  -3.888189863  -0.468077E-04   0.523050E-02
   -9   -3    0  -3.888189863  -1.296063288  -0.468077E-04   0.523050E-02
    9    3    0   3.888189863   1.296063288   0.468077E-04  -0.523050E-02
    3    9    0   1.296063288   3.888189863  -0.468077E-04   0.523050E-02
    4   -9    0   1.728084384  -3.888189863  -0.162296E-02  -0.363359E-17
   -9   -4    0  -3.888189863  -1.728084384   0.628999E-05  -0.161667E-02
   -9    4    0  -3.888189863   1.728084384  -0.628999E-05   0.161667E-02
   -4   -9    0  -1.728084384  -3.888189863   0.161038E-02  -0.510665E-18
    9   -4    0   3.888189863  -1.728084384   0.628999E-05  -0.161667E-02
   -4    9    0  -1.728084384   3.888189863  -0.162296E-02   0.352378E-17
    9    4    0   3.888189863   1.728084384  -0.628999E-05   0.161667E-02
    4    9    0   1.728084384   3.888189863   0.161038E-02   0.400855E-18
   -7   -7    0  -3.024147672  -3.024147672   0.166981E-16   0.233378E-02
    7    7    0   3.024147672   3.024147672   0.167276E-16  -0.233478E-02
    7   -7    0   3.024147672  -3.024147672  -0.209091E-16  -0.233478E-02
   -7    7    0  -3.024147672   3.024147672  -0.209386E-16   0.233378E-02
   -6    8    0  -2.592126576   3.456168767  -0.402682E-02  -0.383926E-04
    6   -8    0   2.592126576  -3.456168767  -0.402682E-02  -0.383926E-04
    6    8    0   2.592126576   3.456168767  -0.402682E-02  -0.383926E-04
   -6   -8    0  -2.592126576  -3.456168767  -0.402682E-02  -0.383926E-04
    8    6    0   3.456168767   2.592126576   0.402682E-02  -0.383926E-04
   -8   -6    0  -3.456168767  -2.592126576   0.402682E-02  -0.383926E-04
   -8    6    0  -3.456168767   2.592126576   0.402682E-02  -0.383926E-04
    8   -6    0   3.456168767  -2.592126576   0.402682E-02  -0.383926E-04
    0  -10    0   0.000000000  -4.320210959   0.122651E-17  -0.387771E-05
  -10    0    0  -4.320210959   0.000000000  -0.159991E-17  -0.387771E-05
    0   10    0  -0.000000000   4.320210959   0.122651E-17  -0.387771E-05
   10    0    0   4.320210959  -0.000000000  -0.159991E-17  -0.387771E-05
    1  -10    0   0.432021096  -4.320210959   0.256458E-17  -0.115293E-02
  -10   -1    0  -4.320210959  -0.432021096  -0.113150E-02  -0.214343E-04
   -1   10    0  -0.432021096   4.320210959   0.340214E-17   0.111006E-02
   10   -1    0   4.320210959  -0.432021096   0.113150E-02  -0.214343E-04
  -10    1    0  -4.320210959   0.432021096   0.113150E-02  -0.214343E-04
   -1  -10    0  -0.432021096  -4.320210959  -0.113148E-16  -0.115293E-02
   10    1    0   4.320210959   0.432021096  -0.113150E-02  -0.214343E-04
    1   10    0   0.432021096   4.320210959  -0.104772E-16   0.111006E-02
   -2   10    0  -0.864042192   4.320210959  -0.106324E-02  -0.191431E-04
   10   -2    0   4.320210959  -0.864042192  -0.106324E-02  -0.191431E-04
   -2  -10    0  -0.864042192  -4.320210959  -0.106324E-02  -0.191431E-04
   10    2    0   4.320210959   0.864042192  -0.106324E-02  -0.191431E-04
    2  -10    0   0.864042192  -4.320210959  -0.106324E-02  -0.191431E-04
  -10   -2    0  -4.320210959  -0.864042192  -0.106324E-02  -0.191431E-04
  -10    2    0  -4.320210959   0.864042192  -0.106324E-02  -0.191431E-04
    2   10    0   0.864042192   4.320210959  -0.106324E-02  -0.191431E-04
   -9    5    0  -3.888189863   2.160105480   0.190932E-05   0.739335E-03
   -5   -9    0  -2.160105480  -3.888189863   0.190932E-05   0.739335E-03
   -5    9    0  -2.160105480   3.888189863   0.190932E-05   0.739335E-03
    9   -5    0   3.888189863  -2.160105480  -0.190932E-05  -0.739335E-03
    5    9    0   2.160105480   3.888189863  -0.190932E-05  -0.739335E-03
   -9   -5    0  -3.888189863  -2.160105480   0.190932E-05   0.739335E-03
    9    5    0   3.888189863   2.160105480  -0.190932E-05  -0.739335E-03
    5   -9    0   2.160105480  -3.888189863  -0.190932E-05  -0.739335E-03
  -10   -3    0  -4.320210959  -1.296063288   0.343276E-02   0.396160E-04
    3  -10    0   1.296063288  -4.320210959  -0.654576E-17  -0.339315E-02
  -10    3    0  -4.320210959   1.296063288  -0.343276E-02   0.396160E-04
   -3   10    0  -1.296063288   4.320210959  -0.602792E-17   0.347238E-02
   -3  -10    0  -1.296063288  -4.320210959  -0.706828E-17  -0.339315E-02
    3   10    0   1.296063288   4.320210959  -0.655044E-17   0.347238E-02
   10   -3    0   4.320210959  -1.296063288  -0.343276E-02   0.396160E-04
   10    3    0   4.320210959   1.296063288   0.343276E-02   0.396160E-04
   -8    7    0  -3.456168767   3.024147672  -0.366614E-02  -0.280531E-04
    8   -7    0   3.456168767  -3.024147672  -0.366614E-02  -0.280531E-04
   -8   -7    0  -3.456168767  -3.024147672   0.366614E-02  -0.280531E-04
   -7    8    0  -3.024147672   3.456168767   0.871131E-17  -0.369419E-02
    7   -8    0   3.024147672  -3.456168767   0.892968E-17   0.363809E-02
    7    8    0   3.024147672   3.456168767   0.148709E-16  -0.369419E-02
    8    7    0   3.456168767   3.024147672   0.366614E-02  -0.280531E-04
   -7   -8    0  -3.024147672  -3.456168767   0.150893E-16   0.363809E-02
   10    4    0   4.320210959   1.728084384  -0.119907E-03  -0.109744E-17
    4   10    0   1.728084384   4.320210959   0.140797E-03  -0.376435E-17
   -4  -10    0  -1.728084384  -4.320210959   0.140797E-03   0.407689E-17
   10   -4    0   4.320210959  -1.728084384  -0.119907E-03   0.123249E-16
  -10   -4    0  -4.320210959  -1.728084384  -0.119907E-03   0.140998E-17
    4  -10    0   1.728084384  -4.320210959   0.140797E-03   0.144870E-16
  -10    4    0  -4.320210959   1.728084384  -0.119907E-03  -0.120124E-16
   -4   10    0  -1.728084384   4.320210959   0.140797E-03  -0.141745E-16
   -9   -6    0  -3.888189863  -2.592126576  -0.338915E-05   0.217305E-03
   -9    6    0  -3.888189863   2.592126576   0.338915E-05  -0.217305E-03
   -6   -9    0  -2.592126576  -3.888189863   0.213915E-03   0.469311E-17
   -6    9    0  -2.592126576   3.888189863  -0.220694E-03   0.579657E-17
    6    9    0   2.592126576   3.888189863   0.213915E-03  -0.507764E-17
    9   -6    0   3.888189863  -2.592126576  -0.338915E-05   0.217305E-03
    6   -9    0   2.592126576  -3.888189863  -0.220694E-03  -0.618110E-17
    9    6    0   3.888189863   2.592126576   0.338915E-05  -0.217305E-03
   11    0    0   4.752232055  -0.000000000   0.142209E-16   0.229767E-04
  -11    0    0  -4.752232055   0.000000000   0.142209E-16   0.229767E-04
    0  -11    0   0.000000000  -4.752232055  -0.259629E-18   0.229767E-04
    0   11    0  -0.000000000   4.752232055  -0.259629E-18   0.229767E-04
   -1   11    0  -0.432021096   4.752232055  -0.669362E-05  -0.363604E-02
   11   -1    0   4.752232055  -0.432021096  -0.669362E-05  -0.363604E-02
    1  -11    0   0.432021096  -4.752232055   0.669362E-05   0.363604E-02
  -11    1    0  -4.752232055   0.432021096   0.669362E-05   0.363604E-02
   -1  -11    0  -0.432021096  -4.752232055  -0.669362E-05  -0.363604E-02
  -11   -1    0  -4.752232055  -0.432021096   0.669362E-05   0.363604E-02
   11    1    0   4.752232055   0.432021096  -0.669362E-05  -0.363604E-02
    1   11    0   0.432021096   4.752232055   0.669362E-05   0.363604E-02
    2   11    0   0.864042192   4.752232055   0.269899E-02   0.349795E-04
    5  -10    0   2.160105480  -4.320210959   0.170135E-04  -0.231244E-02
   11    2    0   4.752232055   0.864042192  -0.930337E-17   0.273397E-02
    2  -11    0   0.864042192  -4.752232055  -0.269899E-02   0.349795E-04
   -5   10    0  -2.160105480   4.320210959  -0.170135E-04   0.231244E-02
   -2  -11    0  -0.864042192  -4.752232055   0.269899E-02   0.349795E-04
   -5  -10    0  -2.160105480  -4.320210959   0.170135E-04  -0.231244E-02
  -11    2    0  -4.752232055   0.864042192   0.874385E-17   0.273397E-02
   -2   11    0  -0.864042192   4.752232055  -0.269899E-02   0.349795E-04
  -10   -5    0  -4.320210959  -2.160105480  -0.232945E-02   0.729427E-17
   11   -2    0   4.752232055  -0.864042192   0.906639E-17  -0.266401E-02
  -10    5    0  -4.320210959   2.160105480   0.229543E-02  -0.169874E-17
   10   -5    0   4.320210959  -2.160105480   0.229543E-02   0.172292E-17
   10    5    0   4.320210959   2.160105480  -0.232945E-02  -0.727008E-17
    5   10    0   2.160105480   4.320210959  -0.170135E-04   0.231244E-02
  -11   -2    0  -4.752232055  -0.864042192  -0.898082E-17  -0.266401E-02
   -8    8    0  -3.456168767   3.456168767   0.491037E-03   0.736354E-17
    8    8    0   3.456168767   3.456168767   0.491037E-03   0.184901E-16
    8   -8    0   3.456168767  -3.456168767   0.491037E-03  -0.714406E-17
   -8   -8    0  -3.456168767  -3.456168767   0.491037E-03  -0.182706E-16
    9    7    0   3.888189863   3.024147672  -0.498554E-04   0.521781E-02
    7   -9    0   3.024147672  -3.888189863   0.498554E-04  -0.521781E-02
    7    9    0   3.024147672   3.888189863   0.498554E-04  -0.521781E-02
   -9    7    0  -3.888189863   3.024147672   0.498554E-04  -0.521781E-02
   -7    9    0  -3.024147672   3.888189863  -0.498554E-04   0.521781E-02
   -7   -9    0  -3.024147672  -3.888189863  -0.498554E-04   0.521781E-02
    9   -7    0   3.888189863  -3.024147672  -0.498554E-04   0.521781E-02
   -9   -7    0  -3.888189863  -3.024147672   0.498554E-04  -0.521781E-02
  -11   -3    0  -4.752232055  -1.296063288   0.336129E-04  -0.718484E-04
   11   -3    0   4.752232055  -1.296063288  -0.336129E-04   0.718484E-04
    3  -11    0   1.296063288  -4.752232055  -0.336129E-04   0.718484E-04
   -3   11    0  -1.296063288   4.752232055   0.336129E-04  -0.718484E-04
   -3  -11    0  -1.296063288  -4.752232055   0.336129E-04  -0.718484E-04
   11    3    0   4.752232055   1.296063288  -0.336129E-04   0.718484E-04
    3   11    0   1.296063288   4.752232055  -0.336129E-04   0.718484E-04
  -11    3    0  -4.752232055   1.296063288   0.336129E-04  -0.718484E-04
  -10   -6    0  -4.320210959  -2.592126576   0.461064E-02   0.234565E-04
   -6   10    0  -2.592126576   4.320210959   0.461064E-02   0.234565E-04
   10   -6    0   4.320210959  -2.592126576   0.461064E-02   0.234565E-04
  -10    6    0  -4.320210959   2.592126576   0.461064E-02   0.234565E-04
   10    6    0   4.320210959   2.592126576   0.461064E-02   0.234565E-04
    6  -10    0   2.592126576  -4.320210959   0.461064E-02   0.234565E-04
    6   10    0   2.592126576   4.320210959   0.461064E-02   0.234565E-04
   -6  -10    0  -2.592126576  -4.320210959   0.461064E-02   0.234565E-04
    4   11    0   1.728084384   4.752232055   0.178196E-02   0.120813E-04
   11   -4    0   4.752232055  -1.728084384  -0.272456E-16   0.179405E-02
    4  -11    0   1.728084384  -4.752232055  -0.178196E-02   0.120813E-04
  -11    4    0  -4.752232055   1.728084384  -0.269038E-16  -0.176988E-02
   -4  -11    0  -1.728084384  -4.752232055   0.178196E-02   0.120813E-04
   -4   11    0  -1.728084384   4.752232055  -0.178196E-02   0.120813E-04
   11    4    0   4.752232055   1.728084384  -0.175520E-16  -0.176988E-02
  -11   -4    0  -4.752232055  -1.728084384  -0.178939E-16   0.179405E-02
    0  -12    0   0.000000000  -5.184253151   0.650297E-03  -0.269944E-04
    0   12    0  -0.000000000   5.184253151   0.650297E-03  -0.269944E-04
  -12    0    0  -5.184253151   0.000000000   0.650297E-03  -0.269944E-04
   12    0    0   5.184253151  -0.000000000   0.650297E-03  -0.269944E-04
   12   -1    0   5.184253151  -0.432021096  -0.651094E-03   0.275962E-16
    9   -8    0   3.888189863  -3.456168767   0.917973E-05  -0.722982E-03
  -12   -1    0  -5.184253151  -0.432021096   0.608190E-03  -0.345038E-16
   -1  -12    0  -0.432021096  -5.184253151   0.214518E-04  -0.629642E-03
    8   -9    0   3.456168767  -3.888189863  -0.732162E-03   0.932119E-17
   -8   -9    0  -3.456168767  -3.888189863   0.713802E-03  -0.181799E-16
    1  -12    0   0.432021096  -5.184253151   0.214518E-04  -0.629642E-03
   -1   12    0  -0.432021096   5.184253151  -0.214518E-04   0.629642E-03
    9    8    0   3.888189863   3.456168767  -0.917973E-05   0.722982E-03
   -9   -8    0  -3.888189863  -3.456168767   0.917973E-05  -0.722982E-03
    8    9    0   3.456168767   3.888189863   0.713802E-03   0.182778E-16
   -9    8    0  -3.888189863   3.456168767  -0.917973E-05   0.722982E-03
    1   12    0   0.432021096   5.184253151  -0.214518E-04   0.629642E-03
   12    1    0   5.184253151   0.432021096   0.608190E-03   0.344509E-16
  -12    1    0  -5.184253151   0.432021096  -0.651094E-03  -0.276491E-16
   -8    9    0  -3.456168767   3.888189863  -0.732162E-03  -0.922329E-17
    5  -11    0   2.160105480  -4.752232055   0.303223E-17   0.225931E-02
  -11    5    0  -4.752232055   2.160105480  -0.166111E-16   0.225931E-02
   -5   11    0  -2.160105480   4.752232055   0.252730E-17  -0.216784E-02
   -5  -11    0  -2.160105480  -4.752232055  -0.259973E-16  -0.216784E-02
   11   -5    0   4.752232055  -2.160105480  -0.171160E-16  -0.216784E-02
   11    5    0   4.752232055   2.160105480   0.264290E-16  -0.216784E-02
  -11   -5    0  -4.752232055  -2.160105480   0.269339E-16   0.225931E-02
    5   11    0   2.160105480   4.752232055  -0.254923E-16   0.225931E-02
   12    2    0   5.184253151   0.864042192   0.804208E-03  -0.362664E-17
    2  -12    0   0.864042192  -5.184253151  -0.807665E-03   0.106922E-16
  -12    2    0  -5.184253151   0.864042192   0.804208E-03  -0.206264E-16
  -12   -2    0  -5.184253151  -0.864042192   0.804208E-03   0.374054E-17
   12   -2    0   5.184253151  -0.864042192   0.804208E-03   0.207403E-16
   -2  -12    0  -0.864042192  -5.184253151  -0.807665E-03   0.362572E-17
   -2   12    0  -0.864042192   5.184253151  -0.807665E-03  -0.105783E-16
    2   12    0   0.864042192   5.184253151  -0.807665E-03  -0.351183E-17
   -7  -10    0  -3.024147672  -4.320210959   0.165659E-17  -0.330149E-02
   10    7    0   4.320210959   3.024147672   0.331967E-02   0.181825E-04
   -7   10    0  -3.024147672   4.320210959  -0.100748E-17   0.333785E-02
   10   -7    0   4.320210959  -3.024147672  -0.331967E-02   0.181825E-04
    7  -10    0   3.024147672  -4.320210959  -0.119144E-17  -0.330149E-02
  -10   -7    0  -4.320210959  -3.024147672   0.331967E-02   0.181825E-04
    7   10    0   3.024147672   4.320210959   0.184055E-17   0.333785E-02
  -10    7    0  -4.320210959   3.024147672  -0.331967E-02   0.181825E-04
   -3  -12    0  -1.296063288  -5.184253151  -0.511438E-17  -0.303753E-03
   12    3    0   5.184253151   1.296063288  -0.303753E-03  -0.135439E-16
    3   12    0   1.296063288   5.184253151  -0.504394E-17   0.303753E-03
    3  -12    0   1.296063288  -5.184253151  -0.666060E-17  -0.303753E-03
  -12    3    0  -5.184253151   1.296063288   0.303753E-03  -0.283855E-17
   12   -3    0   5.184253151  -1.296063288   0.303753E-03   0.299141E-17
  -12   -3    0  -5.184253151  -1.296063288  -0.303753E-03   0.136968E-16
   -3   12    0  -1.296063288   5.184253151  -0.659016E-17   0.303753E-03
  -11    6    0  -4.752232055   2.592126576  -0.471996E-04   0.456449E-02
  -11   -6    0  -4.752232055  -2.592126576   0.471996E-04  -0.456449E-02
   11   -6    0   4.752232055  -2.592126576   0.471996E-04  -0.456449E-02
    6   11    0   2.592126576   4.752232055   0.451729E-02   0.302412E-16
    6  -11    0   2.592126576  -4.752232055  -0.461169E-02  -0.665217E-17
   11    6    0   4.752232055   2.592126576  -0.471996E-04   0.456449E-02
   -6   11    0  -2.592126576   4.752232055  -0.461169E-02   0.662618E-17
   -6  -11    0  -2.592126576  -4.752232055   0.451729E-02  -0.302672E-16
   -4  -12    0  -1.728084384  -5.184253151  -0.825800E-02  -0.451215E-04
   12   -4    0   5.184253151  -1.728084384  -0.825800E-02  -0.451215E-04
  -12   -4    0  -5.184253151  -1.728084384  -0.825800E-02  -0.451215E-04
   -4   12    0  -1.728084384   5.184253151  -0.825800E-02  -0.451215E-04
   12    4    0   5.184253151   1.728084384  -0.825800E-02  -0.451215E-04
    4  -12    0   1.728084384  -5.184253151  -0.825800E-02  -0.451215E-04
  -12    4    0  -5.184253151   1.728084384  -0.825800E-02  -0.451215E-04
    4   12    0   1.728084384   5.184253151  -0.825800E-02  -0.451215E-04
   -9    9    0  -3.888189863   3.888189863   0.487422E-04  -0.370097E-02
    9   -9    0   3.888189863  -3.888189863  -0.487422E-04   0.370097E-02
    9    9    0   3.888189863   3.888189863  -0.487422E-04   0.370097E-02
   -9   -9    0  -3.888189863  -3.888189863   0.487422E-04  -0.370097E-02
    8  -10    0   3.456168767  -4.320210959   0.228075E-02   0.193893E-17
   -8   10    0  -3.456168767   4.320210959   0.228075E-02  -0.292626E-17
  -10   -8    0  -4.320210959  -3.456168767  -0.236796E-02   0.593070E-17
   10   -8    0   4.320210959  -3.456168767  -0.236796E-02   0.263278E-17
  -10    8    0  -4.320210959   3.456168767  -0.236796E-02  -0.362010E-17
   10    8    0   4.320210959   3.456168767  -0.236796E-02  -0.691802E-17
   -8  -10    0  -3.456168767  -4.320210959   0.228075E-02   0.731432E-17
    8   10    0   3.456168767   4.320210959   0.228075E-02  -0.830164E-17
  -13    0    0  -5.616274247   0.000000000   0.130608E-06  -0.388937E-18
    0  -13    0   0.000000000  -5.616274247   0.130608E-06   0.112041E-16
   13    0    0   5.616274247  -0.000000000   0.130608E-06   0.149982E-17
    0   13    0  -0.000000000   5.616274247   0.130608E-06  -0.100932E-16
   -5  -12    0  -2.160105480  -5.184253151  -0.161216E-16  -0.641593E-02
   12   -5    0   5.184253151  -2.160105480  -0.637251E-02  -0.434175E-04
   -5   12    0  -2.160105480   5.184253151  -0.236525E-16   0.632909E-02
  -12    5    0  -5.184253151   2.160105480  -0.637251E-02  -0.434175E-04
    5  -12    0   2.160105480  -5.184253151  -0.240601E-16  -0.641593E-02
    5   12    0   2.160105480   5.184253151  -0.157140E-16   0.632909E-02
   12    5    0   5.184253151   2.160105480   0.637251E-02  -0.434175E-04
  -12   -5    0  -5.184253151  -2.160105480   0.637251E-02  -0.434175E-04
   -1  -13    0  -0.432021096  -5.616274247   0.411638E-04  -0.385476E-02
   -1   13    0  -0.432021096   5.616274247   0.411638E-04  -0.385476E-02
    1  -13    0   0.432021096  -5.616274247  -0.411638E-04   0.385476E-02
   13   -1    0   5.616274247  -0.432021096  -0.411638E-04   0.385476E-02
    1   13    0   0.432021096   5.616274247  -0.411638E-04   0.385476E-02
   13    1    0   5.616274247   0.432021096  -0.411638E-04   0.385476E-02
  -13   -1    0  -5.616274247  -0.432021096   0.411638E-04  -0.385476E-02
  -13    1    0  -5.616274247   0.432021096   0.411638E-04  -0.385476E-02
   -7   11    0  -3.024147672   4.752232055   0.260317E-04  -0.861627E-03
    7  -11    0   3.024147672  -4.752232055  -0.260317E-04   0.861627E-03
   11   -7    0   4.752232055  -3.024147672  -0.260317E-04   0.861627E-03
  -11   -7    0  -4.752232055  -3.024147672   0.260317E-04  -0.861627E-03
   11    7    0   4.752232055   3.024147672  -0.260317E-04   0.861627E-03
    7   11    0   3.024147672   4.752232055  -0.260317E-04   0.861627E-03
  -11    7    0  -4.752232055   3.024147672   0.260317E-04  -0.861627E-03
   -7  -11    0  -3.024147672  -4.752232055   0.260317E-04  -0.861627E-03
  -13   -2    0  -5.616274247  -0.864042192   0.231995E-16   0.214552E-02
   -2   13    0  -0.864042192   5.616274247  -0.217949E-02  -0.339643E-04
    2   13    0   0.864042192   5.616274247   0.217949E-02  -0.339643E-04
   -2  -13    0  -0.864042192  -5.616274247   0.217949E-02  -0.339643E-04
    2  -13    0   0.864042192  -5.616274247  -0.217949E-02  -0.339643E-04
   13    2    0   5.616274247   0.864042192   0.243408E-16  -0.221345E-02
  -13    2    0  -5.616274247   0.864042192  -0.205239E-16  -0.221345E-02
   13   -2    0   5.616274247  -0.864042192  -0.216652E-16   0.214552E-02
  -13   -3    0  -5.616274247  -1.296063288   0.179663E-17  -0.483157E-03
   13   -3    0   5.616274247  -1.296063288  -0.306898E-17   0.486751E-03
   13    3    0   5.616274247   1.296063288   0.170251E-17   0.486751E-03
    3  -13    0   1.296063288  -5.616274247   0.154378E-17  -0.483157E-03
   -3   13    0  -1.296063288   5.616274247   0.144965E-17   0.486751E-03
    3   13    0   1.296063288   5.616274247   0.808737E-17  -0.483157E-03
   -3  -13    0  -1.296063288  -5.616274247   0.799324E-17   0.486751E-03
  -13    3    0  -5.616274247   1.296063288  -0.297486E-17  -0.483157E-03
  -12   -6    0  -5.184253151  -2.592126576  -0.347396E-02  -0.241865E-04
    6   12    0   2.592126576   5.184253151   0.347396E-02  -0.241865E-04
   12    6    0   5.184253151   2.592126576  -0.347396E-02  -0.241865E-04
  -12    6    0  -5.184253151   2.592126576  -0.347396E-02  -0.241865E-04
    6  -12    0   2.592126576  -5.184253151   0.347396E-02  -0.241865E-04
   12   -6    0   5.184253151  -2.592126576  -0.347396E-02  -0.241865E-04
   -6  -12    0  -2.592126576  -5.184253151   0.347396E-02  -0.241865E-04
   -6   12    0  -2.592126576   5.184253151   0.347396E-02  -0.241865E-04
   10   -9    0   4.320210959  -3.888189863  -0.565826E-03  -0.377102E-17
  -10   -9    0  -4.320210959  -3.888189863   0.568453E-03  -0.749051E-18
   -9   10    0  -3.888189863   4.320210959  -0.131369E-05  -0.567140E-03
    9   10    0   3.888189863   4.320210959  -0.131369E-05  -0.567140E-03
    9  -10    0   3.888189863  -4.320210959   0.131369E-05   0.567140E-03
  -10    9    0  -4.320210959   3.888189863  -0.565826E-03   0.397075E-17
   10    9    0   4.320210959   3.888189863   0.568453E-03   0.948780E-18
   -9  -10    0  -3.888189863  -4.320210959   0.131369E-05   0.567140E-03
   13    4    0   5.616274247   1.728084384   0.250817E-04  -0.164019E-02
   -4   13    0  -1.728084384   5.616274247   0.161511E-02   0.384043E-17
  -13   -4    0  -5.616274247  -1.728084384  -0.250817E-04   0.164019E-02
   13   -4    0   5.616274247  -1.728084384  -0.250817E-04   0.164019E-02
  -13    4    0  -5.616274247   1.728084384   0.250817E-04  -0.164019E-02
    4   13    0   1.728084384   5.616274247  -0.166527E-02  -0.178468E-16
    4  -13    0   1.728084384  -5.616274247   0.161511E-02  -0.376576E-17
   -4  -13    0  -1.728084384  -5.616274247  -0.166527E-02   0.179215E-16
    8   11    0   3.456168767   4.752232055  -0.284855E-04  -0.266628E-04
  -11    8    0  -4.752232055   3.456168767   0.719170E-17   0.182270E-05
  -11   -8    0  -4.752232055  -3.456168767   0.976212E-18  -0.551483E-04
    8  -11    0   3.456168767  -4.752232055   0.284855E-04  -0.266628E-04
   -8  -11    0  -3.456168767  -4.752232055  -0.284855E-04  -0.266628E-04
   11   -8    0   4.752232055  -3.456168767   0.646525E-17  -0.551483E-04
   11    8    0   4.752232055   3.456168767   0.170266E-17   0.182270E-05
   -8   11    0  -3.456168767   4.752232055   0.284855E-04  -0.266628E-04
   12    7    0   5.184253151   3.024147672   0.156826E-02   0.188343E-04
  -12   -7    0  -5.184253151  -3.024147672   0.156826E-02   0.188343E-04
    7  -12    0   3.024147672  -5.184253151   0.116355E-16   0.158709E-02
   -7   12    0  -3.024147672   5.184253151   0.121129E-16  -0.154942E-02
  -12    7    0  -5.184253151   3.024147672  -0.156826E-02   0.188343E-04
    7   12    0   3.024147672   5.184253151   0.129874E-16  -0.154942E-02
   -7  -12    0  -3.024147672  -5.184253151   0.125100E-16   0.158709E-02
   12   -7    0   5.184253151  -3.024147672  -0.156826E-02   0.188343E-04
  -13    5    0  -5.616274247   2.160105480  -0.176842E-17   0.179547E-02
   13    5    0   5.616274247   2.160105480   0.304433E-16  -0.182251E-02
    5  -13    0   2.160105480  -5.616274247  -0.131996E-16  -0.182251E-02
   -5   13    0  -2.160105480   5.616274247  -0.141079E-16   0.179547E-02
    5   13    0   2.160105480   5.616274247   0.145575E-16  -0.182251E-02
   13   -5    0   5.616274247  -2.160105480  -0.860108E-18  -0.182251E-02
  -13   -5    0  -5.616274247  -2.160105480   0.295350E-16   0.179547E-02
   -5  -13    0  -2.160105480  -5.616274247   0.136492E-16   0.179547E-02
    0  -14    0   0.000000000  -6.048295343   0.468775E-17   0.326138E-04
    0   14    0  -0.000000000   6.048295343   0.468775E-17   0.326138E-04
  -14    0    0  -6.048295343   0.000000000  -0.174164E-16   0.326138E-04
   14    0    0   6.048295343  -0.000000000  -0.174164E-16   0.326138E-04
  -14    1    0  -6.048295343   0.432021096   0.349942E-02   0.358105E-04
   -1   14    0  -0.432021096   6.048295343  -0.715462E-17   0.353523E-02
   14   -1    0   6.048295343  -0.432021096   0.349942E-02   0.358105E-04
  -14   -1    0  -6.048295343  -0.432021096  -0.349942E-02   0.358105E-04
   14    1    0   6.048295343   0.432021096  -0.349942E-02   0.358105E-04
   -1  -14    0  -0.432021096  -6.048295343  -0.584158E-17  -0.346361E-02
    1   14    0   0.432021096   6.048295343  -0.573519E-17   0.353523E-02
    1  -14    0   0.432021096  -6.048295343  -0.726102E-17  -0.346361E-02
    2  -14    0   0.864042192  -6.048295343   0.186720E-03   0.121729E-17
   14   -2    0   6.048295343  -0.864042192   0.186720E-03  -0.536080E-17
   10  -10    0   4.320210959  -4.320210959  -0.458332E-03   0.129494E-04
   14    2    0   6.048295343   0.864042192   0.186720E-03   0.189185E-16
   -2   14    0  -0.864042192   6.048295343   0.186720E-03  -0.905863E-18
  -10  -10    0  -4.320210959  -4.320210959  -0.458332E-03   0.129494E-04
   10   10    0   4.320210959   4.320210959  -0.458332E-03   0.129494E-04
  -10   10    0  -4.320210959   4.320210959  -0.458332E-03   0.129494E-04
  -14   -2    0  -6.048295343  -0.864042192   0.186720E-03  -0.186071E-16
  -14    2    0  -6.048295343   0.864042192   0.186720E-03   0.567223E-17
   -2  -14    0  -0.864042192  -6.048295343   0.186720E-03   0.830003E-17
    2   14    0   0.864042192   6.048295343   0.186720E-03  -0.798860E-17
  -11    9    0  -4.752232055   3.888189863   0.221205E-04  -0.340018E-02
   -9   11    0  -3.888189863   4.752232055  -0.221205E-04   0.340018E-02
   11   -9    0   4.752232055  -3.888189863  -0.221205E-04   0.340018E-02
   -9  -11    0  -3.888189863  -4.752232055  -0.221205E-04   0.340018E-02
    9  -11    0   3.888189863  -4.752232055   0.221205E-04  -0.340018E-02
  -11   -9    0  -4.752232055  -3.888189863   0.221205E-04  -0.340018E-02
    9   11    0   3.888189863   4.752232055   0.221205E-04  -0.340018E-02
   11    9    0   4.752232055   3.888189863  -0.221205E-04   0.340018E-02
   13   -6    0   5.616274247  -2.592126576  -0.608244E-04   0.348173E-02
   -6   13    0  -2.592126576   5.616274247  -0.354255E-02   0.695685E-18
  -13   -6    0  -5.616274247  -2.592126576  -0.608244E-04   0.348173E-02
    6   13    0   2.592126576   5.616274247   0.342090E-02   0.233260E-16
   -6  -13    0  -2.592126576  -5.616274247   0.342090E-02  -0.243330E-16
  -13    6    0  -5.616274247   2.592126576   0.608244E-04  -0.348173E-02
    6  -13    0   2.592126576  -5.616274247  -0.354255E-02  -0.170270E-17
   13    6    0   5.616274247   2.592126576   0.608244E-04  -0.348173E-02
  -14   -3    0  -6.048295343  -1.296063288  -0.149237E-02   0.145045E-04
   -3  -14    0  -1.296063288  -6.048295343   0.687508E-17   0.150687E-02
  -14    3    0  -6.048295343   1.296063288   0.149237E-02   0.145045E-04
   14   -3    0   6.048295343  -1.296063288   0.149237E-02   0.145045E-04
    3  -14    0   1.296063288  -6.048295343   0.783205E-17   0.150687E-02
   14    3    0   6.048295343   1.296063288  -0.149237E-02   0.145045E-04
    3   14    0   1.296063288   6.048295343   0.716099E-17  -0.147786E-02
   -3   14    0  -1.296063288   6.048295343   0.811796E-17  -0.147786E-02
   -8  -12    0  -3.456168767  -5.184253151  -0.853162E-03  -0.230631E-17
   12   -8    0   5.184253151  -3.456168767  -0.853162E-03   0.376508E-17
    8  -12    0   3.456168767  -5.184253151  -0.853162E-03   0.837702E-17
    8   12    0   3.456168767   5.184253151  -0.853162E-03   0.229614E-17
   -8   12    0  -3.456168767   5.184253151  -0.853162E-03  -0.838719E-17
   12    8    0   5.184253151   3.456168767  -0.853162E-03  -0.155631E-16
  -12    8    0  -5.184253151   3.456168767  -0.853162E-03  -0.377525E-17
  -12   -8    0  -5.184253151  -3.456168767  -0.853162E-03   0.155529E-16
  -14   -4    0  -6.048295343  -1.728084384  -0.365497E-02  -0.357106E-04
  -14    4    0  -6.048295343   1.728084384  -0.365497E-02  -0.357106E-04
    4  -14    0   1.728084384  -6.048295343   0.365497E-02  -0.357106E-04
   -4   14    0  -1.728084384   6.048295343   0.365497E-02  -0.357106E-04
   14   -4    0   6.048295343  -1.728084384  -0.365497E-02  -0.357106E-04
   14    4    0   6.048295343   1.728084384  -0.365497E-02  -0.357106E-04
    4   14    0   1.728084384   6.048295343   0.365497E-02  -0.357106E-04
   -4  -14    0  -1.728084384  -6.048295343   0.365497E-02  -0.357106E-04
   -7   13    0  -3.024147672   5.616274247   0.317861E-04  -0.280971E-02
   -7  -13    0  -3.024147672  -5.616274247   0.317861E-04  -0.280971E-02
  -13    7    0  -5.616274247   3.024147672  -0.317861E-04   0.280971E-02
    7   13    0   3.024147672   5.616274247  -0.317861E-04   0.280971E-02
    7  -13    0   3.024147672  -5.616274247  -0.317861E-04   0.280971E-02
  -13   -7    0  -5.616274247  -3.024147672  -0.317861E-04   0.280971E-02
   13    7    0   5.616274247   3.024147672   0.317861E-04  -0.280971E-02
   13   -7    0   5.616274247  -3.024147672   0.317861E-04  -0.280971E-02
  -11   10    0  -4.752232055   4.320210959   0.163707E-16   0.635337E-03
   -5  -14    0  -2.160105480  -6.048295343  -0.883787E-04   0.727493E-02
   11  -10    0   4.752232055  -4.320210959   0.163718E-16  -0.663303E-03
  -14    5    0  -6.048295343   2.160105480  -0.736330E-02   0.245665E-16
  -14   -5    0  -6.048295343  -2.160105480   0.718655E-02  -0.389892E-16
   10  -11    0   4.320210959  -4.752232055  -0.649320E-03  -0.139828E-04
   14    5    0   6.048295343   2.160105480   0.718655E-02   0.401667E-16
    5   14    0   2.160105480   6.048295343   0.883787E-04  -0.727493E-02
   -5   14    0  -2.160105480   6.048295343   0.883787E-04  -0.727493E-02
   14   -5    0   6.048295343  -2.160105480  -0.736330E-02  -0.233890E-16
  -10   11    0  -4.320210959   4.752232055  -0.649320E-03  -0.139828E-04
   11   10    0   4.752232055   4.320210959   0.201974E-17   0.635337E-03
  -10  -11    0  -4.320210959  -4.752232055   0.649320E-03  -0.139828E-04
   10   11    0   4.320210959   4.752232055   0.649320E-03  -0.139828E-04
  -11  -10    0  -4.752232055  -4.320210959   0.202081E-17  -0.663303E-03
    5  -14    0   2.160105480  -6.048295343  -0.883787E-04   0.727493E-02
   12   -9    0   5.184253151  -3.888189863   0.260013E-02   0.899895E-18
   -9  -12    0  -3.888189863  -5.184253151  -0.210854E-04   0.262122E-02
  -12   -9    0  -5.184253151  -3.888189863  -0.264230E-02   0.333302E-16
   12    9    0   5.184253151   3.888189863  -0.264230E-02  -0.327900E-16
   -9   12    0  -3.888189863   5.184253151   0.210854E-04  -0.262122E-02
    9   12    0   3.888189863   5.184253151   0.210854E-04  -0.262122E-02
  -12    9    0  -5.184253151   3.888189863   0.260013E-02  -0.359667E-18
    9  -12    0   3.888189863  -5.184253151  -0.210854E-04   0.262122E-02
   14   -6    0   6.048295343  -2.592126576  -0.380570E-02  -0.308519E-04
  -14   -6    0  -6.048295343  -2.592126576  -0.380570E-02  -0.308519E-04
   -6   14    0  -2.592126576   6.048295343  -0.380570E-02  -0.308519E-04
    6  -14    0   2.592126576  -6.048295343  -0.380570E-02  -0.308519E-04
  -14    6    0  -6.048295343   2.592126576  -0.380570E-02  -0.308519E-04
   14    6    0   6.048295343   2.592126576  -0.380570E-02  -0.308519E-04
   -6  -14    0  -2.592126576  -6.048295343  -0.380570E-02  -0.308519E-04
    6   14    0   2.592126576   6.048295343  -0.380570E-02  -0.308519E-04
   -8  -13    0  -3.456168767  -5.616274247  -0.226862E-02   0.317660E-16
  -13   -8    0  -5.616274247  -3.456168767  -0.139580E-04   0.225466E-02
   13    8    0   5.616274247   3.456168767   0.139580E-04  -0.225466E-02
    8  -13    0   3.456168767  -5.616274247   0.224070E-02  -0.689157E-17
   13   -8    0   5.616274247  -3.456168767  -0.139580E-04   0.225466E-02
   -8   13    0  -3.456168767   5.616274247   0.224070E-02   0.701027E-17
    8   13    0   3.456168767   5.616274247  -0.226862E-02  -0.316473E-16
  -13    8    0  -5.616274247   3.456168767   0.139580E-04  -0.225466E-02
   11  -11    0   4.752232055  -4.752232055   0.637729E-04  -0.513027E-02
  -11  -11    0  -4.752232055  -4.752232055  -0.637729E-04   0.513027E-02
   11   11    0   4.752232055   4.752232055   0.637729E-04  -0.513027E-02
  -11   11    0  -4.752232055   4.752232055  -0.637729E-04   0.513027E-02
  -10   12    0  -4.320210959   5.184253151  -0.420696E-02  -0.343706E-04
  -12   10    0  -5.184253151   4.320210959   0.420696E-02  -0.343706E-04
  -12  -10    0  -5.184253151  -4.320210959   0.420696E-02  -0.343706E-04
   12   10    0   5.184253151   4.320210959   0.420696E-02  -0.343706E-04
  -10  -12    0  -4.320210959  -5.184253151  -0.420696E-02  -0.343706E-04
   10   12    0   4.320210959   5.184253151  -0.420696E-02  -0.343706E-04
   10  -12    0   4.320210959  -5.184253151  -0.420696E-02  -0.343706E-04
   12  -10    0   5.184253151  -4.320210959   0.420696E-02  -0.343706E-04
  -14   -7    0  -6.048295343  -3.024147672  -0.570454E-03  -0.111078E-16
    7   14    0   3.024147672   6.048295343  -0.109003E-04  -0.581354E-03
   -7   14    0  -3.024147672   6.048295343  -0.109003E-04  -0.581354E-03
   14    7    0   6.048295343   3.024147672  -0.570454E-03   0.111243E-16
   -7  -14    0  -3.024147672  -6.048295343   0.109003E-04   0.581354E-03
  -14    7    0  -6.048295343   3.024147672   0.592255E-03   0.130280E-17
   14   -7    0   6.048295343  -3.024147672   0.592255E-03  -0.128630E-17
    7  -14    0   3.024147672  -6.048295343   0.109003E-04   0.581354E-03
    9  -13    0   3.888189863  -5.616274247   0.285592E-04  -0.312275E-02
  -13   -9    0  -5.616274247  -3.888189863  -0.285592E-04   0.312275E-02
   -9   13    0  -3.888189863   5.616274247  -0.285592E-04   0.312275E-02
   13    9    0   5.616274247   3.888189863   0.285592E-04  -0.312275E-02
   13   -9    0   5.616274247  -3.888189863   0.285592E-04  -0.312275E-02
  -13    9    0  -5.616274247   3.888189863  -0.285592E-04   0.312275E-02
    9   13    0   3.888189863   5.616274247   0.285592E-04  -0.312275E-02
   -9  -13    0  -3.888189863  -5.616274247  -0.285592E-04   0.312275E-02
   -8   14    0  -3.456168767   6.048295343  -0.172065E-02  -0.458256E-17
  -14    8    0  -6.048295343   3.456168767   0.170506E-02  -0.497028E-17
   14   -8    0   6.048295343  -3.456168767   0.170506E-02   0.494271E-17
   -8  -14    0  -3.456168767  -6.048295343  -0.172065E-02   0.373845E-17
   14    8    0   6.048295343   3.456168767   0.170506E-02   0.145848E-16
  -14   -8    0  -6.048295343  -3.456168767   0.170506E-02  -0.146124E-16
    8  -14    0   3.456168767  -6.048295343  -0.172065E-02   0.455500E-17
    8   14    0   3.456168767   6.048295343  -0.172065E-02  -0.376601E-17
  -12   11    0  -5.184253151   4.752232055  -0.264797E-03  -0.183680E-16
   11   12    0   4.752232055   5.184253151  -0.709309E-05  -0.271891E-03
  -11  -12    0  -4.752232055  -5.184253151   0.709309E-05   0.271891E-03
   12  -11    0   5.184253151  -4.752232055  -0.264797E-03   0.183302E-16
   11  -12    0   4.752232055  -5.184253151   0.709309E-05   0.271891E-03
  -11   12    0  -4.752232055   5.184253151  -0.709309E-05  -0.271891E-03
  -12  -11    0  -5.184253151  -4.752232055   0.278984E-03  -0.260199E-16
   12   11    0   5.184253151   4.752232055   0.278984E-03   0.259821E-16
  -13   10    0  -5.616274247   4.320210959  -0.215212E-05   0.232963E-03
  -13  -10    0  -5.616274247  -4.320210959   0.215212E-05  -0.232963E-03
   13  -10    0   5.616274247  -4.320210959   0.215212E-05  -0.232963E-03
  -10   13    0  -4.320210959   5.616274247   0.230811E-03  -0.735736E-17
   10  -13    0   4.320210959  -5.616274247   0.230811E-03   0.719991E-17
   10   13    0   4.320210959   5.616274247  -0.235115E-03  -0.155894E-16
   13   10    0   5.616274247   4.320210959  -0.215212E-05   0.232963E-03
  -10  -13    0  -4.320210959  -5.616274247  -0.235115E-03   0.154320E-16
   14   -9    0   6.048295343  -3.888189863   0.145526E-03   0.271915E-17
  -14    9    0  -6.048295343   3.888189863   0.145526E-03  -0.163832E-17
    9  -14    0   3.888189863  -6.048295343  -0.709793E-05  -0.138428E-03
   -9   14    0  -3.888189863   6.048295343   0.709793E-05   0.138428E-03
   14    9    0   6.048295343   3.888189863  -0.131330E-03  -0.869914E-18
   -9  -14    0  -3.888189863  -6.048295343  -0.709793E-05  -0.138428E-03
  -14   -9    0  -6.048295343  -3.888189863  -0.131330E-03   0.195074E-17
    9   14    0   3.888189863   6.048295343   0.709793E-05   0.138428E-03
   12   12    0   5.184253151   5.184253151   0.382558E-03  -0.209871E-05
   12  -12    0   5.184253151  -5.184253151   0.382558E-03  -0.209871E-05
  -12  -12    0  -5.184253151  -5.184253151   0.382558E-03  -0.209871E-05
  -12   12    0  -5.184253151   5.184253151   0.382558E-03  -0.209871E-05
   11   13    0   4.752232055   5.616274247   0.387970E-04  -0.166781E-02
  -13  -11    0  -5.616274247  -4.752232055   0.387970E-04  -0.166781E-02
  -11  -13    0  -4.752232055  -5.616274247  -0.387970E-04   0.166781E-02
  -13   11    0  -5.616274247   4.752232055   0.387970E-04  -0.166781E-02
  -11   13    0  -4.752232055   5.616274247  -0.387970E-04   0.166781E-02
   11  -13    0   4.752232055  -5.616274247   0.387970E-04  -0.166781E-02
   13  -11    0   5.616274247  -4.752232055  -0.387970E-04   0.166781E-02
   13   11    0   5.616274247   4.752232055  -0.387970E-04   0.166781E-02
  -14   10    0  -6.048295343   4.320210959  -0.161129E-02  -0.249960E-04
  -14  -10    0  -6.048295343  -4.320210959  -0.161129E-02  -0.249960E-04
   10  -14    0   4.320210959  -6.048295343  -0.161129E-02  -0.249960E-04
   14  -10    0   6.048295343  -4.320210959  -0.161129E-02  -0.249960E-04
   14   10    0   6.048295343   4.320210959  -0.161129E-02  -0.249960E-04
  -10  -14    0  -4.320210959  -6.048295343  -0.161129E-02  -0.249960E-04
  -10   14    0  -4.320210959   6.048295343  -0.161129E-02  -0.249960E-04
   10   14    0   4.320210959   6.048295343  -0.161129E-02  -0.249960E-04
  -12  -13    0  -5.184253151  -5.616274247   0.991531E-03  -0.717485E-17
   12  -13    0   5.184253151  -5.616274247  -0.100715E-02   0.746495E-17
  -13   12    0  -5.616274247   5.184253151  -0.780685E-05   0.999338E-03
  -13  -12    0  -5.616274247  -5.184253151   0.780685E-05  -0.999338E-03
   13   12    0   5.616274247   5.184253151  -0.780685E-05   0.999338E-03
  -12   13    0  -5.184253151   5.616274247  -0.100715E-02  -0.767594E-17
   12   13    0   5.184253151   5.616274247   0.991531E-03   0.696386E-17
   13  -12    0   5.616274247  -5.184253151   0.780685E-05  -0.999338E-03
   11  -14    0   4.752232055  -6.048295343  -0.743585E-04   0.525343E-02
  -11   14    0  -4.752232055   6.048295343   0.743585E-04  -0.525343E-02
  -14  -11    0  -6.048295343  -4.752232055  -0.532779E-02   0.850945E-17
  -14   11    0  -6.048295343   4.752232055   0.517907E-02   0.529220E-17
  -11  -14    0  -4.752232055  -6.048295343  -0.743585E-04   0.525343E-02
   14  -11    0   6.048295343  -4.752232055   0.517907E-02  -0.526390E-17
   11   14    0   4.752232055   6.048295343   0.743585E-04  -0.525343E-02
   14   11    0   6.048295343   4.752232055  -0.532779E-02  -0.848116E-17
  -13   13    0  -5.616274247   5.616274247   0.552419E-05  -0.801646E-03
   13   13    0   5.616274247   5.616274247  -0.552419E-05   0.801646E-03
  -13  -13    0  -5.616274247  -5.616274247   0.552419E-05  -0.801646E-03
   13  -13    0   5.616274247  -5.616274247  -0.552419E-05   0.801646E-03
   14  -12    0   6.048295343  -5.184253151  -0.449050E-02  -0.450499E-04
  -12  -14    0  -5.184253151  -6.048295343   0.449050E-02  -0.450499E-04
   14   12    0   6.048295343   5.184253151  -0.449050E-02  -0.450499E-04
   12  -14    0   5.184253151  -6.048295343   0.449050E-02  -0.450499E-04
   12   14    0   5.184253151   6.048295343   0.449050E-02  -0.450499E-04
  -14  -12    0  -6.048295343  -5.184253151  -0.449050E-02  -0.450499E-04
  -12   14    0  -5.184253151   6.048295343   0.449050E-02  -0.450499E-04
  -14   12    0  -6.048295343   5.184253151  -0.449050E-02  -0.450499E-04
  -14  -13    0  -6.048295343  -5.616274247   0.177011E-03  -0.390203E-17
   14   13    0   6.048295343   5.616274247   0.177011E-03   0.513684E-17
  -13  -14    0  -5.616274247  -6.048295343   0.205116E-04   0.156499E-03
  -13   14    0  -5.616274247   6.048295343  -0.205116E-04  -0.156499E-03
   14  -13    0   6.048295343  -5.616274247  -0.135988E-03   0.400869E-17
   13   14    0   5.616274247   6.048295343  -0.205116E-04  -0.156499E-03
   13  -14    0   5.616274247  -6.048295343   0.205116E-04   0.156499E-03
  -14   13    0  -6.048295343   5.616274247  -0.135988E-03  -0.277387E-17
  -14   14    0  -6.048295343   6.048295343   0.169265E-02   0.200050E-04
   14  -14    0   6.048295343  -6.048295343   0.169265E-02   0.200050E-04
  -14  -14    0  -6.048295343  -6.048295343   0.169265E-02   0.200050E-04
   14   14    0   6.048295343   6.048295343   0.169265E-02   0.200050E-04
