    0    0    0   0.000000000   0.000000000   0.000000E+00   0.000000E+00
    0    1    0  -0.000000000   1.001352279  -0.494934E-16  -0.500840E-17
   -1    0    0  -1.001352279   0.000000000  -0.492738E-16   0.499532E-17
    1    0    0   1.001352279  -0.000000000  -0.492738E-16  -0.499532E-17
    0   -1    0   0.000000000  -1.001352279  -0.494934E-16   0.500840E-17
    1   -1    0   1.001352279  -1.001352279   0.857162E-17   0.693702E-02
   -1    1    0  -1.001352279   1.001352279   0.857162E-17  -0.693702E-02
    1    1    0   1.001352279   1.001352279  -0.156582E-16   0.693702E-02
   -1   -1    0  -1.001352279  -1.001352279  -0.156582E-16  -0.693702E-02
   -2    0    0  -2.002704557   0.000000000  -0.489219E-16  -0.520417E-17
    0    2    0  -0.000000000   2.002704557  -0.453978E-16   0.565874E-17
    2    0    0   2.002704557  -0.000000000  -0.489219E-16   0.520417E-17
    0   -2    0   0.000000000  -2.002704557  -0.453978E-16  -0.565874E-17
    2   -1    0   2.002704557  -1.001352279   0.297634E-01  -0.116682E-16
    1   -2    0   1.001352279  -2.002704557  -0.326625E-16  -0.297634E-01
   -1   -2    0  -1.001352279  -2.002704557  -0.410098E-16  -0.297634E-01
   -2    1    0  -2.002704557   1.001352279   0.297634E-01   0.116682E-16
   -2   -1    0  -2.002704557  -1.001352279  -0.297634E-01   0.944544E-16
    1    2    0   1.001352279   2.002704557  -0.410098E-16   0.297634E-01
    2    1    0   2.002704557   1.001352279  -0.297634E-01  -0.944544E-16
   -1    2    0  -1.001352279   2.002704557  -0.326625E-16   0.297634E-01
    2    2    0   2.002704557   2.002704557  -0.798066E-02  -0.222189E-16
   -2   -2    0  -2.002704557  -2.002704557  -0.798066E-02   0.222189E-16
    2   -2    0   2.002704557  -2.002704557  -0.798066E-02   0.153037E-16
   -2    2    0  -2.002704557   2.002704557  -0.798066E-02  -0.153037E-16
    0   -3    0   0.000000000  -3.004056836  -0.972391E-17  -0.128479E-16
    0    3    0  -0.000000000   3.004056836  -0.972391E-17   0.128479E-16
   -3    0    0  -3.004056836   0.000000000   0.275914E-16  -0.226474E-16
    3    0    0   3.004056836  -0.000000000   0.275914E-16   0.226474E-16
   -1    3    0  -1.001352279   3.004056836   0.306967E-16  -0.711934E-01
   -3   -1    0  -3.004056836  -1.001352279   0.968594E-16   0.711934E-01
    3   -1    0   3.004056836  -1.001352279   0.304492E-16  -0.711934E-01
    1    3    0   1.001352279   3.004056836  -0.182992E-15   0.711934E-01
    1   -3    0   1.001352279  -3.004056836   0.306967E-16   0.711934E-01
   -1   -3    0  -1.001352279  -3.004056836  -0.182992E-15  -0.711934E-01
    3    1    0   3.004056836   1.001352279   0.968594E-16  -0.711934E-01
   -3    1    0  -3.004056836   1.001352279   0.304492E-16   0.711934E-01
   -3    2    0  -3.004056836   2.002704557   0.259681E-17   0.132900E-02
    3    2    0   3.004056836   2.002704557   0.759781E-16   0.132900E-02
   -2   -3    0  -2.002704557  -3.004056836   0.132900E-02   0.253941E-16
   -3   -2    0  -3.004056836  -2.002704557   0.759781E-16  -0.132900E-02
    2   -3    0   2.002704557  -3.004056836  -0.132900E-02   0.857047E-18
   -2    3    0  -2.002704557   3.004056836  -0.132900E-02  -0.857047E-18
    3   -2    0   3.004056836  -2.002704557   0.259681E-17  -0.132900E-02
    2    3    0   2.002704557   3.004056836   0.132900E-02  -0.253941E-16
    0    4    0  -0.000000000   4.005409114  -0.164195E-01  -0.483926E-16
    0   -4    0   0.000000000  -4.005409114  -0.164195E-01   0.483926E-16
   -4    0    0  -4.005409114   0.000000000  -0.164195E-01   0.485848E-16
    4    0    0   4.005409114  -0.000000000  -0.164195E-01  -0.485848E-16
   -1    4    0  -1.001352279   4.005409114  -0.316991E-16   0.103863E-01
   -4   -1    0  -4.005409114  -1.001352279   0.103863E-01  -0.451674E-16
    4    1    0   4.005409114   1.001352279   0.103863E-01   0.451674E-16
    1    4    0   1.001352279   4.005409114  -0.302267E-16   0.103863E-01
   -1   -4    0  -1.001352279  -4.005409114  -0.302267E-16  -0.103863E-01
   -4    1    0  -4.005409114   1.001352279  -0.103863E-01  -0.242014E-16
    1   -4    0   1.001352279  -4.005409114  -0.316991E-16  -0.103863E-01
    4   -1    0   4.005409114  -1.001352279  -0.103863E-01   0.242014E-16
    3   -3    0   3.004056836  -3.004056836   0.126266E-17   0.160224E-01
    3    3    0   3.004056836   3.004056836   0.633431E-17   0.160224E-01
   -3   -3    0  -3.004056836  -3.004056836   0.633431E-17  -0.160224E-01
   -3    3    0  -3.004056836   3.004056836   0.126266E-17  -0.160224E-01
   -4   -2    0  -4.005409114  -2.002704557   0.301025E-01  -0.144255E-15
    4   -2    0   4.005409114  -2.002704557   0.301025E-01   0.432592E-16
   -2    4    0  -2.002704557   4.005409114  -0.301025E-01  -0.808011E-16
    4    2    0   4.005409114   2.002704557   0.301025E-01   0.144255E-15
   -4    2    0  -4.005409114   2.002704557   0.301025E-01  -0.432592E-16
    2   -4    0   2.002704557  -4.005409114  -0.301025E-01   0.808011E-16
   -2   -4    0  -2.002704557  -4.005409114  -0.301025E-01   0.106142E-15
    2    4    0   2.002704557   4.005409114  -0.301025E-01  -0.106142E-15
    5    0    0   5.006761393  -0.000000000  -0.511490E-17   0.390617E-17
    0   -5    0   0.000000000  -5.006761393  -0.168862E-16   0.522851E-17
    0    5    0  -0.000000000   5.006761393  -0.168862E-16  -0.522851E-17
   -5    0    0  -5.006761393   0.000000000  -0.511490E-17  -0.390617E-17
    4   -3    0   4.005409114  -3.004056836  -0.301077E-01  -0.365065E-16
   -3   -4    0  -3.004056836  -4.005409114   0.405276E-16   0.301077E-01
    4    3    0   4.005409114   3.004056836   0.301077E-01   0.800077E-16
   -4   -3    0  -4.005409114  -3.004056836   0.301077E-01  -0.800077E-16
   -4    3    0  -4.005409114   3.004056836  -0.301077E-01   0.365065E-16
    3    4    0   3.004056836   4.005409114   0.405276E-16  -0.301077E-01
    3   -4    0   3.004056836  -4.005409114   0.519277E-16   0.301077E-01
   -3    4    0  -3.004056836   4.005409114   0.519277E-16  -0.301077E-01
    1   -5    0   1.001352279  -5.006761393  -0.430510E-16  -0.210821E-01
    5   -1    0   5.006761393  -1.001352279   0.885962E-17  -0.210821E-01
   -1    5    0  -1.001352279   5.006761393  -0.430510E-16   0.210821E-01
   -1   -5    0  -1.001352279  -5.006761393   0.678638E-16   0.210821E-01
    1    5    0   1.001352279   5.006761393   0.678638E-16  -0.210821E-01
    5    1    0   5.006761393   1.001352279   0.117716E-15  -0.210821E-01
   -5    1    0  -5.006761393   1.001352279   0.885962E-17   0.210821E-01
   -5   -1    0  -5.006761393  -1.001352279   0.117716E-15   0.210821E-01
   -2   -5    0  -2.002704557  -5.006761393  -0.349391E-01   0.126940E-15
   -5    2    0  -5.006761393   2.002704557   0.554337E-16   0.349391E-01
    5   -2    0   5.006761393  -2.002704557   0.554337E-16  -0.349391E-01
    2    5    0   2.002704557   5.006761393  -0.349391E-01  -0.126940E-15
    5    2    0   5.006761393   2.002704557  -0.252843E-15   0.349391E-01
   -2    5    0  -2.002704557   5.006761393   0.349391E-01   0.783673E-16
    2   -5    0   2.002704557  -5.006761393   0.349391E-01  -0.783673E-16
   -5   -2    0  -5.006761393  -2.002704557  -0.252843E-15  -0.349391E-01
    4    4    0   4.005409114   4.005409114  -0.107080E-01  -0.232571E-17
    4   -4    0   4.005409114  -4.005409114  -0.107080E-01  -0.108097E-16
   -4   -4    0  -4.005409114  -4.005409114  -0.107080E-01   0.232571E-17
   -4    4    0  -4.005409114   4.005409114  -0.107080E-01   0.108097E-16
   -3    5    0  -3.004056836   5.006761393  -0.279488E-17  -0.552343E-02
    5    3    0   5.006761393   3.004056836  -0.287136E-16  -0.552343E-02
   -5   -3    0  -5.006761393  -3.004056836  -0.287136E-16   0.552343E-02
    3   -5    0   3.004056836  -5.006761393  -0.279488E-17   0.552343E-02
    5   -3    0   5.006761393  -3.004056836   0.681611E-16  -0.552343E-02
   -3   -5    0  -3.004056836  -5.006761393  -0.156560E-16  -0.552343E-02
   -5    3    0  -5.006761393   3.004056836   0.681611E-16   0.552343E-02
    3    5    0   3.004056836   5.006761393  -0.156560E-16   0.552343E-02
    6    0    0   6.008113671  -0.000000000  -0.601016E-16   0.199493E-16
    0    6    0  -0.000000000   6.008113671  -0.164034E-16   0.553251E-17
    0   -6    0   0.000000000  -6.008113671  -0.164034E-16  -0.553251E-17
   -6    0    0  -6.008113671   0.000000000  -0.601016E-16  -0.199493E-16
    1    6    0   1.001352279   6.008113671   0.136320E-15  -0.300181E-01
   -6   -1    0  -6.008113671  -1.001352279   0.300181E-01  -0.506931E-16
   -1    6    0  -1.001352279   6.008113671   0.321558E-16  -0.300181E-01
   -1   -6    0  -1.001352279  -6.008113671   0.136320E-15   0.300181E-01
   -6    1    0  -6.008113671   1.001352279  -0.300181E-01   0.126603E-16
    6   -1    0   6.008113671  -1.001352279  -0.300181E-01  -0.126603E-16
    6    1    0   6.008113671   1.001352279   0.300181E-01   0.506931E-16
    1   -6    0   1.001352279  -6.008113671   0.321558E-16   0.300181E-01
   -2   -6    0  -2.002704557  -6.008113671  -0.478146E-02   0.190489E-16
    2    6    0   2.002704557   6.008113671  -0.478146E-02  -0.190489E-16
    6    2    0   6.008113671   2.002704557  -0.478146E-02  -0.357998E-16
    6   -2    0   6.008113671  -2.002704557  -0.478146E-02   0.496794E-16
   -6   -2    0  -6.008113671  -2.002704557  -0.478146E-02   0.357998E-16
   -2    6    0  -2.002704557   6.008113671  -0.478146E-02   0.133342E-16
    2   -6    0   2.002704557  -6.008113671  -0.478146E-02  -0.133342E-16
   -6    2    0  -6.008113671   2.002704557  -0.478146E-02  -0.496794E-16
    4   -5    0   4.005409114  -5.006761393  -0.117834E-02   0.245628E-16
    5    4    0   5.006761393   4.005409114   0.265549E-16   0.117834E-02
   -4   -5    0  -4.005409114  -5.006761393   0.117834E-02  -0.739586E-16
   -4    5    0  -4.005409114   5.006761393  -0.117834E-02  -0.245628E-16
   -5   -4    0  -5.006761393  -4.005409114   0.265549E-16  -0.117834E-02
    4    5    0   4.005409114   5.006761393   0.117834E-02   0.739586E-16
   -5    4    0  -5.006761393   4.005409114   0.497452E-16   0.117834E-02
    5   -4    0   5.006761393  -4.005409114   0.497452E-16  -0.117834E-02
   -6   -3    0  -6.008113671  -3.004056836  -0.192548E-01   0.750997E-16
    6    3    0   6.008113671   3.004056836  -0.192548E-01  -0.750997E-16
    6   -3    0   6.008113671  -3.004056836   0.192548E-01   0.197591E-16
    3    6    0   3.004056836   6.008113671   0.110407E-15  -0.192548E-01
   -6    3    0  -6.008113671   3.004056836   0.192548E-01  -0.197591E-16
   -3    6    0  -3.004056836   6.008113671   0.102542E-16  -0.192548E-01
   -3   -6    0  -3.004056836  -6.008113671   0.110407E-15   0.192548E-01
    3   -6    0   3.004056836  -6.008113671   0.102542E-16   0.192548E-01
   -7    0    0  -7.009465950   0.000000000  -0.438978E-16  -0.211992E-16
    7    0    0   7.009465950  -0.000000000  -0.438978E-16   0.211992E-16
    0   -7    0   0.000000000  -7.009465950  -0.313705E-16  -0.120839E-16
    0    7    0  -0.000000000   7.009465950  -0.313705E-16   0.120839E-16
    5   -5    0   5.006761393  -5.006761393  -0.269704E-16   0.299431E-01
    5    5    0   5.006761393   5.006761393  -0.206456E-15   0.299431E-01
   -5   -5    0  -5.006761393  -5.006761393  -0.206456E-15  -0.299431E-01
   -5    5    0  -5.006761393   5.006761393  -0.269704E-16  -0.299431E-01
   -1    7    0  -1.001352279   7.009465950   0.178670E-16  -0.866350E-03
    1   -7    0   1.001352279  -7.009465950   0.178670E-16   0.866350E-03
   -7    1    0  -7.009465950   1.001352279   0.123345E-16   0.866350E-03
   -1   -7    0  -1.001352279  -7.009465950  -0.137083E-16  -0.866350E-03
    7   -1    0   7.009465950  -1.001352279   0.123345E-16  -0.866350E-03
   -7   -1    0  -7.009465950  -1.001352279  -0.272412E-16   0.866350E-03
    7    1    0   7.009465950   1.001352279  -0.272412E-16  -0.866350E-03
    1    7    0   1.001352279   7.009465950  -0.137083E-16   0.866350E-03
    4    6    0   4.005409114   6.008113671  -0.714507E-02   0.191664E-16
   -4   -6    0  -4.005409114  -6.008113671  -0.714507E-02  -0.191664E-16
    6   -4    0   6.008113671  -4.005409114   0.714507E-02  -0.168947E-16
   -6    4    0  -6.008113671   4.005409114   0.714507E-02   0.168947E-16
    4   -6    0   4.005409114  -6.008113671  -0.714507E-02  -0.549618E-16
   -4    6    0  -4.005409114   6.008113671  -0.714507E-02   0.549618E-16
    6    4    0   6.008113671   4.005409114   0.714507E-02  -0.388798E-18
   -6   -4    0  -6.008113671  -4.005409114   0.714507E-02   0.388798E-18
   -2    7    0  -2.002704557   7.009465950   0.200125E-01   0.466816E-16
    2   -7    0   2.002704557  -7.009465950   0.200125E-01  -0.466816E-16
    2    7    0   2.002704557   7.009465950  -0.200125E-01  -0.720434E-16
   -2   -7    0  -2.002704557  -7.009465950  -0.200125E-01   0.720434E-16
   -7    2    0  -7.009465950   2.002704557  -0.713953E-16  -0.200125E-01
    7    2    0   7.009465950   2.002704557   0.490365E-16  -0.200125E-01
    7   -2    0   7.009465950  -2.002704557  -0.713953E-16   0.200125E-01
   -7   -2    0  -7.009465950  -2.002704557   0.490365E-16   0.200125E-01
   -3    7    0  -3.004056836   7.009465950   0.130468E-16  -0.108140E-01
    3    7    0   3.004056836   7.009465950  -0.633244E-17   0.108140E-01
   -7   -3    0  -7.009465950  -3.004056836   0.133376E-16  -0.108140E-01
    7   -3    0   7.009465950  -3.004056836  -0.685584E-16   0.108140E-01
   -3   -7    0  -3.004056836  -7.009465950  -0.633244E-17  -0.108140E-01
   -7    3    0  -7.009465950   3.004056836  -0.685584E-16  -0.108140E-01
    7    3    0   7.009465950   3.004056836   0.133376E-16   0.108140E-01
    3   -7    0   3.004056836  -7.009465950   0.130468E-16   0.108140E-01
   -5    6    0  -5.006761393   6.008113671   0.586963E-16   0.293066E-01
    5   -6    0   5.006761393  -6.008113671   0.586963E-16  -0.293066E-01
   -5   -6    0  -5.006761393  -6.008113671  -0.164908E-15  -0.293066E-01
    6   -5    0   6.008113671  -5.006761393   0.293066E-01   0.929628E-17
    6    5    0   6.008113671   5.006761393  -0.293066E-01  -0.129265E-15
   -6    5    0  -6.008113671   5.006761393   0.293066E-01  -0.929628E-17
   -6   -5    0  -6.008113671  -5.006761393  -0.293066E-01   0.129265E-15
    5    6    0   5.006761393   6.008113671  -0.164908E-15   0.293066E-01
    8    0    0   8.010818228  -0.000000000  -0.229039E-01  -0.614878E-16
    0   -8    0   0.000000000  -8.010818228  -0.229039E-01   0.614054E-16
   -8    0    0  -8.010818228   0.000000000  -0.229039E-01   0.614878E-16
    0    8    0  -0.000000000   8.010818228  -0.229039E-01  -0.614054E-16
   -7    4    0  -7.009465950   4.005409114  -0.240582E-16   0.742594E-02
    1    8    0   1.001352279   8.010818228  -0.224230E-16   0.861715E-02
   -7   -4    0  -7.009465950  -4.005409114  -0.296408E-17  -0.742594E-02
   -1   -8    0  -1.001352279  -8.010818228  -0.224230E-16  -0.861715E-02
    4   -7    0   4.005409114  -7.009465950   0.742594E-02  -0.468018E-16
   -8   -1    0  -8.010818228  -1.001352279   0.861715E-02  -0.252642E-16
   -8    1    0  -8.010818228   1.001352279  -0.861715E-02   0.403134E-16
    1   -8    0   1.001352279  -8.010818228  -0.199823E-16  -0.861715E-02
   -1    8    0  -1.001352279   8.010818228  -0.199823E-16   0.861715E-02
    7    4    0   7.009465950   4.005409114  -0.296408E-17   0.742594E-02
    8    1    0   8.010818228   1.001352279   0.861715E-02   0.252642E-16
   -4    7    0  -4.005409114   7.009465950   0.742594E-02   0.468018E-16
    4    7    0   4.005409114   7.009465950  -0.742594E-02  -0.697420E-16
    8   -1    0   8.010818228  -1.001352279  -0.861715E-02  -0.403134E-16
   -4   -7    0  -4.005409114  -7.009465950  -0.742594E-02   0.697420E-16
    7   -4    0   7.009465950  -4.005409114  -0.240582E-16  -0.742594E-02
    2    8    0   2.002704557   8.010818228   0.192515E-01   0.612657E-16
   -2    8    0  -2.002704557   8.010818228   0.192515E-01   0.505884E-16
    8    2    0   8.010818228   2.002704557  -0.192515E-01  -0.104606E-15
   -8   -2    0  -8.010818228  -2.002704557  -0.192515E-01   0.104606E-15
   -2   -8    0  -2.002704557  -8.010818228   0.192515E-01  -0.612657E-16
   -8    2    0  -8.010818228   2.002704557  -0.192515E-01   0.654749E-16
    8   -2    0   8.010818228  -2.002704557  -0.192515E-01  -0.654749E-16
    2   -8    0   2.002704557  -8.010818228   0.192515E-01  -0.505884E-16
   -6   -6    0  -6.008113671  -6.008113671   0.589990E-02   0.105074E-16
    6   -6    0   6.008113671  -6.008113671   0.589990E-02   0.275934E-16
    6    6    0   6.008113671   6.008113671   0.589990E-02  -0.105074E-16
   -6    6    0  -6.008113671   6.008113671   0.589990E-02  -0.275934E-16
    8   -3    0   8.010818228  -3.004056836  -0.106994E-01  -0.219041E-16
   -8    3    0  -8.010818228   3.004056836  -0.106994E-01   0.219041E-16
   -8   -3    0  -8.010818228  -3.004056836   0.106994E-01  -0.737731E-16
    3    8    0   3.004056836   8.010818228   0.501756E-16  -0.106994E-01
    8    3    0   8.010818228   3.004056836   0.106994E-01   0.737731E-16
    3   -8    0   3.004056836  -8.010818228   0.464548E-16   0.106994E-01
   -3    8    0  -3.004056836   8.010818228   0.464548E-16  -0.106994E-01
   -3   -8    0  -3.004056836  -8.010818228   0.501756E-16   0.106994E-01
   -7   -5    0  -7.009465950  -5.006761393   0.165771E-16  -0.106523E-01
   -5    7    0  -5.006761393   7.009465950  -0.167562E-16   0.106523E-01
   -5   -7    0  -5.006761393  -7.009465950   0.861070E-16   0.106523E-01
   -7    5    0  -7.009465950   5.006761393  -0.505150E-16  -0.106523E-01
    7   -5    0   7.009465950  -5.006761393  -0.505150E-16   0.106523E-01
    7    5    0   7.009465950   5.006761393   0.165771E-16   0.106523E-01
    5   -7    0   5.006761393  -7.009465950  -0.167562E-16  -0.106523E-01
    5    7    0   5.006761393   7.009465950   0.861070E-16  -0.106523E-01
   -8   -4    0  -8.010818228  -4.005409114   0.108732E-01  -0.936458E-16
    8   -4    0   8.010818228  -4.005409114   0.108732E-01   0.382236E-16
    8    4    0   8.010818228   4.005409114   0.108732E-01   0.936458E-16
    4    8    0   4.005409114   8.010818228   0.108732E-01   0.687927E-16
   -8    4    0  -8.010818228   4.005409114   0.108732E-01  -0.382236E-16
    4   -8    0   4.005409114  -8.010818228   0.108732E-01  -0.412031E-16
   -4    8    0  -4.005409114   8.010818228   0.108732E-01   0.412031E-16
   -4   -8    0  -4.005409114  -8.010818228   0.108732E-01  -0.687927E-16
   -9    0    0  -9.012170507   0.000000000  -0.511010E-17  -0.812468E-18
    0   -9    0   0.000000000  -9.012170507   0.544240E-17  -0.527134E-17
    9    0    0   9.012170507  -0.000000000  -0.511010E-17   0.812468E-18
    0    9    0  -0.000000000   9.012170507   0.544240E-17   0.527134E-17
    9    1    0   9.012170507   1.001352279   0.204613E-17  -0.102757E-01
    1    9    0   1.001352279   9.012170507   0.401712E-16  -0.102757E-01
   -1   -9    0  -1.001352279  -9.012170507   0.401712E-16   0.102757E-01
   -9    1    0  -9.012170507   1.001352279   0.471248E-16   0.102757E-01
   -1    9    0  -1.001352279   9.012170507  -0.214534E-16   0.102757E-01
   -9   -1    0  -9.012170507  -1.001352279   0.204613E-17   0.102757E-01
    9   -1    0   9.012170507  -1.001352279   0.471248E-16  -0.102757E-01
    1   -9    0   1.001352279  -9.012170507  -0.214534E-16  -0.102757E-01
   -6    7    0  -6.008113671   7.009465950   0.600837E-02   0.148505E-16
   -7   -6    0  -7.009465950  -6.008113671   0.727776E-16   0.600837E-02
    7   -6    0   7.009465950  -6.008113671   0.920686E-17   0.600837E-02
    7    6    0   7.009465950   6.008113671   0.727776E-16  -0.600837E-02
    6    7    0   6.008113671   7.009465950  -0.600837E-02  -0.665892E-16
    6   -7    0   6.008113671  -7.009465950   0.600837E-02  -0.148505E-16
   -7    6    0  -7.009465950   6.008113671   0.920686E-17  -0.600837E-02
   -6   -7    0  -6.008113671  -7.009465950  -0.600837E-02   0.665892E-16
   -2   -9    0  -2.002704557  -9.012170507   0.121663E-01  -0.268670E-16
   -9   -2    0  -9.012170507  -2.002704557   0.799501E-16   0.121663E-01
    2   -9    0   2.002704557  -9.012170507  -0.121663E-01   0.286843E-16
   -2    9    0  -2.002704557   9.012170507  -0.121663E-01  -0.286843E-16
    9   -2    0   9.012170507  -2.002704557   0.158544E-16   0.121663E-01
    9    2    0   9.012170507   2.002704557   0.799501E-16  -0.121663E-01
   -9    2    0  -9.012170507   2.002704557   0.158544E-16  -0.121663E-01
    2    9    0   2.002704557   9.012170507   0.121663E-01   0.268670E-16
    8   -5    0   8.010818228  -5.006761393  -0.195322E-02  -0.357034E-16
    8    5    0   8.010818228   5.006761393   0.195322E-02  -0.499403E-16
    5    8    0   5.006761393   8.010818228  -0.503414E-16   0.195322E-02
   -8    5    0  -8.010818228   5.006761393  -0.195322E-02   0.357034E-16
    5   -8    0   5.006761393  -8.010818228  -0.264107E-16  -0.195322E-02
   -8   -5    0  -8.010818228  -5.006761393   0.195322E-02   0.499403E-16
   -5    8    0  -5.006761393   8.010818228  -0.264107E-16   0.195322E-02
   -5   -8    0  -5.006761393  -8.010818228  -0.503414E-16  -0.195322E-02
    9   -3    0   9.012170507  -3.004056836  -0.103450E-16  -0.119458E-02
   -9    3    0  -9.012170507   3.004056836  -0.103450E-16   0.119458E-02
   -3   -9    0  -3.004056836  -9.012170507   0.339473E-17  -0.119458E-02
   -3    9    0  -3.004056836   9.012170507  -0.897912E-17  -0.119458E-02
    3   -9    0   3.004056836  -9.012170507  -0.897912E-17   0.119458E-02
   -9   -3    0  -9.012170507  -3.004056836   0.240958E-16   0.119458E-02
    9    3    0   9.012170507   3.004056836   0.240958E-16  -0.119458E-02
    3    9    0   3.004056836   9.012170507   0.339473E-17   0.119458E-02
    4   -9    0   4.005409114  -9.012170507  -0.156513E-01   0.102092E-16
   -9   -4    0  -9.012170507  -4.005409114  -0.100013E-15  -0.156513E-01
   -9    4    0  -9.012170507   4.005409114   0.491496E-16   0.156513E-01
   -4   -9    0  -4.005409114  -9.012170507   0.156513E-01  -0.136693E-15
    9   -4    0   9.012170507  -4.005409114   0.491496E-16  -0.156513E-01
   -4    9    0  -4.005409114   9.012170507  -0.156513E-01  -0.102092E-16
    9    4    0   9.012170507   4.005409114  -0.100013E-15   0.156513E-01
    4    9    0   4.005409114   9.012170507   0.156513E-01   0.136693E-15
   -7   -7    0  -7.009465950  -7.009465950   0.715108E-16   0.118899E-01
    7    7    0   7.009465950   7.009465950   0.715108E-16  -0.118899E-01
    7   -7    0   7.009465950  -7.009465950  -0.247052E-16  -0.118899E-01
   -7    7    0  -7.009465950   7.009465950  -0.247052E-16   0.118899E-01
    0  -10    0   0.000000000 -10.013522785  -0.524722E-17   0.308728E-17
    0   10    0  -0.000000000  10.013522785  -0.524722E-17  -0.308728E-17
   10    0    0  10.013522785  -0.000000000   0.470276E-17   0.264545E-16
  -10    0    0 -10.013522785   0.000000000   0.470276E-17  -0.264545E-16
   -6    8    0  -6.008113671   8.010818228  -0.610415E-02  -0.205685E-16
    6   -8    0   6.008113671  -8.010818228  -0.610415E-02   0.205685E-16
   -6   -8    0  -6.008113671  -8.010818228  -0.610415E-02   0.327267E-16
   -8    6    0  -8.010818228   6.008113671   0.610415E-02   0.104102E-16
    6    8    0   6.008113671   8.010818228  -0.610415E-02  -0.327267E-16
   -8   -6    0  -8.010818228  -6.008113671   0.610415E-02  -0.751238E-16
    8    6    0   8.010818228   6.008113671   0.610415E-02   0.751238E-16
    8   -6    0   8.010818228  -6.008113671   0.610415E-02  -0.104102E-16
    1  -10    0   1.001352279 -10.013522785  -0.652931E-16  -0.112083E-01
  -10   -1    0 -10.013522785  -1.001352279  -0.112083E-01   0.145250E-16
   -1   10    0  -1.001352279  10.013522785  -0.652931E-16   0.112083E-01
   10   -1    0  10.013522785  -1.001352279   0.112083E-01   0.133384E-15
  -10    1    0 -10.013522785   1.001352279   0.112083E-01  -0.133384E-15
   -1  -10    0  -1.001352279 -10.013522785  -0.806775E-16  -0.112083E-01
   10    1    0  10.013522785   1.001352279  -0.112083E-01  -0.145250E-16
    1   10    0   1.001352279  10.013522785  -0.806775E-16   0.112083E-01
   -2   10    0  -2.002704557  10.013522785   0.365327E-02   0.238585E-16
   10   -2    0  10.013522785  -2.002704557   0.365327E-02  -0.108880E-16
   -2  -10    0  -2.002704557 -10.013522785   0.365327E-02  -0.179917E-16
   10    2    0  10.013522785   2.002704557   0.365327E-02   0.480568E-16
    2  -10    0   2.002704557 -10.013522785   0.365327E-02  -0.238585E-16
  -10   -2    0 -10.013522785  -2.002704557   0.365327E-02  -0.480568E-16
  -10    2    0 -10.013522785   2.002704557   0.365327E-02   0.108880E-16
    2   10    0   2.002704557  10.013522785   0.365327E-02   0.179917E-16
   -9    5    0  -9.012170507   5.006761393  -0.128760E-16   0.207585E-02
   -5   -9    0  -5.006761393  -9.012170507  -0.150300E-17   0.207585E-02
   -5    9    0  -5.006761393   9.012170507   0.307373E-16   0.207585E-02
    9   -5    0   9.012170507  -5.006761393  -0.128760E-16  -0.207585E-02
    5    9    0   5.006761393   9.012170507  -0.150300E-17  -0.207585E-02
   -9   -5    0  -9.012170507  -5.006761393  -0.198342E-17   0.207585E-02
    9    5    0   9.012170507   5.006761393  -0.198342E-17  -0.207585E-02
    5   -9    0   5.006761393  -9.012170507   0.307373E-16  -0.207585E-02
  -10   -3    0 -10.013522785  -3.004056836   0.970113E-02  -0.126984E-15
    3  -10    0   3.004056836 -10.013522785  -0.719008E-16  -0.970113E-02
  -10    3    0 -10.013522785   3.004056836  -0.970113E-02   0.414569E-16
   -3   10    0  -3.004056836  10.013522785  -0.719008E-16   0.970113E-02
   -3  -10    0  -3.004056836 -10.013522785  -0.811672E-16  -0.970113E-02
    3   10    0   3.004056836  10.013522785  -0.811672E-16   0.970113E-02
   10   -3    0  10.013522785  -3.004056836  -0.970113E-02  -0.414569E-16
   10    3    0  10.013522785   3.004056836   0.970113E-02   0.126984E-15
   -8    7    0  -8.010818228   7.009465950  -0.100340E-02  -0.380267E-16
    8   -7    0   8.010818228  -7.009465950  -0.100340E-02   0.380267E-16
   -8   -7    0  -8.010818228  -7.009465950   0.100340E-02  -0.489287E-16
   -7    8    0  -7.009465950   8.010818228  -0.119798E-16  -0.100340E-02
    7   -8    0   7.009465950  -8.010818228  -0.119798E-16   0.100340E-02
    7    8    0   7.009465950   8.010818228   0.133113E-16  -0.100340E-02
    8    7    0   8.010818228   7.009465950   0.100340E-02   0.489287E-16
   -7   -8    0  -7.009465950  -8.010818228   0.133113E-16   0.100340E-02
   10    4    0  10.013522785   4.005409114   0.107274E-01   0.253616E-16
    4   10    0   4.005409114  10.013522785  -0.107274E-01  -0.841878E-16
   -4  -10    0  -4.005409114 -10.013522785  -0.107274E-01   0.841878E-16
   10   -4    0  10.013522785  -4.005409114   0.107274E-01   0.136867E-15
  -10   -4    0 -10.013522785  -4.005409114   0.107274E-01  -0.253616E-16
    4  -10    0   4.005409114 -10.013522785  -0.107274E-01   0.754741E-16
  -10    4    0 -10.013522785   4.005409114   0.107274E-01  -0.136867E-15
   -4   10    0  -4.005409114  10.013522785  -0.107274E-01  -0.754741E-16
   -9   -6    0  -9.012170507  -6.008113671  -0.319996E-16  -0.542014E-02
   -9    6    0  -9.012170507   6.008113671  -0.127108E-16   0.542014E-02
   -6   -9    0  -6.008113671  -9.012170507  -0.542014E-02   0.672423E-16
   -6    9    0  -6.008113671   9.012170507   0.542014E-02   0.106786E-16
    6    9    0   6.008113671   9.012170507  -0.542014E-02  -0.672423E-16
    9   -6    0   9.012170507  -6.008113671  -0.127108E-16  -0.542014E-02
    6   -9    0   6.008113671  -9.012170507   0.542014E-02  -0.106786E-16
    9    6    0   9.012170507   6.008113671  -0.319996E-16   0.542014E-02
   11    0    0  11.014875064  -0.000000000  -0.453758E-16  -0.783632E-17
  -11    0    0 -11.014875064   0.000000000  -0.453758E-16   0.783632E-17
    0  -11    0   0.000000000 -11.014875064  -0.760125E-17  -0.103888E-16
    0   11    0  -0.000000000  11.014875064  -0.760125E-17   0.103888E-16
   -1   11    0  -1.001352279  11.014875064  -0.475615E-16   0.106532E-01
   11   -1    0  11.014875064  -1.001352279  -0.116475E-15   0.106532E-01
    1  -11    0   1.001352279 -11.014875064  -0.475615E-16  -0.106532E-01
  -11    1    0 -11.014875064   1.001352279  -0.116475E-15  -0.106532E-01
   -1  -11    0  -1.001352279 -11.014875064   0.564758E-16   0.106532E-01
  -11   -1    0 -11.014875064  -1.001352279  -0.860213E-16  -0.106532E-01
   11    1    0  11.014875064   1.001352279  -0.860213E-16   0.106532E-01
    1   11    0   1.001352279  11.014875064   0.564758E-16  -0.106532E-01
    5  -10    0   5.006761393 -10.013522785   0.440866E-16   0.546973E-02
   -5  -10    0  -5.006761393 -10.013522785   0.619261E-16   0.546973E-02
    5   10    0   5.006761393  10.013522785   0.619261E-16  -0.546973E-02
  -10   -5    0 -10.013522785  -5.006761393   0.546973E-02  -0.299026E-16
   -5   10    0  -5.006761393  10.013522785   0.440866E-16  -0.546973E-02
   10   -5    0  10.013522785  -5.006761393  -0.546973E-02  -0.631219E-16
   10    5    0  10.013522785   5.006761393   0.546973E-02   0.299026E-16
  -10    5    0 -10.013522785   5.006761393  -0.546973E-02   0.631219E-16
   11    2    0  11.014875064   2.002704557  -0.861654E-17   0.126972E-02
    2   11    0   2.002704557  11.014875064   0.126972E-02   0.140351E-16
   11   -2    0  11.014875064  -2.002704557   0.323706E-16  -0.126972E-02
   -2   11    0  -2.002704557  11.014875064  -0.126972E-02  -0.172255E-16
   -2  -11    0  -2.002704557 -11.014875064   0.126972E-02  -0.140351E-16
    2  -11    0   2.002704557 -11.014875064  -0.126972E-02   0.172255E-16
  -11    2    0 -11.014875064   2.002704557   0.323706E-16   0.126972E-02
  -11   -2    0 -11.014875064  -2.002704557  -0.861654E-17  -0.126972E-02
   -8    8    0  -8.010818228   8.010818228   0.754331E-04   0.147114E-17
    8    8    0   8.010818228   8.010818228   0.754331E-04   0.231501E-16
    8   -8    0   8.010818228  -8.010818228   0.754331E-04  -0.147114E-17
   -8   -8    0  -8.010818228  -8.010818228   0.754331E-04  -0.231501E-16
  -11   -3    0 -11.014875064  -3.004056836  -0.104739E-15  -0.840280E-02
    3  -11    0   3.004056836 -11.014875064   0.354637E-16   0.840280E-02
   -3  -11    0  -3.004056836 -11.014875064  -0.334265E-16  -0.840280E-02
   11   -3    0  11.014875064  -3.004056836  -0.345919E-17   0.840280E-02
   11    3    0  11.014875064   3.004056836  -0.104739E-15   0.840280E-02
   -3   11    0  -3.004056836  11.014875064   0.354637E-16  -0.840280E-02
  -11    3    0 -11.014875064   3.004056836  -0.345919E-17  -0.840280E-02
    3   11    0   3.004056836  11.014875064  -0.334265E-16   0.840280E-02
    7   -9    0   7.009465950  -9.012170507  -0.450701E-17  -0.468115E-02
    9    7    0   9.012170507   7.009465950  -0.144381E-16   0.468115E-02
   -7    9    0  -7.009465950   9.012170507  -0.450701E-17   0.468115E-02
   -7   -9    0  -7.009465950  -9.012170507   0.540662E-16   0.468115E-02
    9   -7    0   9.012170507  -7.009465950   0.123054E-16   0.468115E-02
   -9   -7    0  -9.012170507  -7.009465950  -0.144381E-16  -0.468115E-02
    7    9    0   7.009465950   9.012170507   0.540662E-16  -0.468115E-02
   -9    7    0  -9.012170507   7.009465950   0.123054E-16  -0.468115E-02
  -10   -6    0 -10.013522785  -6.008113671   0.769541E-03  -0.249886E-16
   -6   10    0  -6.008113671  10.013522785   0.769541E-03  -0.158387E-17
   10   -6    0  10.013522785  -6.008113671   0.769541E-03  -0.332260E-16
  -10    6    0 -10.013522785   6.008113671   0.769541E-03   0.332260E-16
   10    6    0  10.013522785   6.008113671   0.769541E-03   0.249886E-16
    6  -10    0   6.008113671 -10.013522785   0.769541E-03   0.158387E-17
    6   10    0   6.008113671  10.013522785   0.769541E-03   0.117681E-16
   -6  -10    0  -6.008113671 -10.013522785   0.769541E-03  -0.117681E-16
    4   11    0   4.005409114  11.014875064   0.500954E-02   0.292217E-16
   11   -4    0  11.014875064  -4.005409114  -0.456626E-16   0.500954E-02
    4  -11    0   4.005409114 -11.014875064  -0.500954E-02   0.144932E-16
  -11    4    0 -11.014875064   4.005409114  -0.456626E-16  -0.500954E-02
   -4  -11    0  -4.005409114 -11.014875064   0.500954E-02  -0.292217E-16
   -4   11    0  -4.005409114  11.014875064  -0.500954E-02  -0.144932E-16
   11    4    0  11.014875064   4.005409114   0.117129E-16  -0.500954E-02
  -11   -4    0 -11.014875064  -4.005409114   0.117129E-16   0.500954E-02
    0  -12    0   0.000000000 -12.016227342  -0.161325E-01   0.294971E-16
    0   12    0  -0.000000000  12.016227342  -0.161325E-01  -0.294971E-16
  -12    0    0 -12.016227342   0.000000000  -0.161325E-01   0.342608E-16
   12    0    0  12.016227342  -0.000000000  -0.161325E-01  -0.342608E-16
   12   -1    0  12.016227342  -1.001352279   0.150102E-03  -0.223877E-16
    9   -8    0   9.012170507  -8.010818228  -0.203785E-16  -0.298053E-02
  -12   -1    0 -12.016227342  -1.001352279  -0.150102E-03   0.103937E-16
   -1  -12    0  -1.001352279 -12.016227342   0.389414E-17   0.150102E-03
    8   -9    0   8.010818228  -9.012170507  -0.298053E-02   0.776583E-17
   -8   -9    0  -8.010818228  -9.012170507   0.298053E-02  -0.389180E-16
    1  -12    0   1.001352279 -12.016227342   0.202465E-18   0.150102E-03
   -1   12    0  -1.001352279  12.016227342   0.202465E-18  -0.150102E-03
    9    8    0   9.012170507   8.010818228  -0.329818E-16   0.298053E-02
   -9   -8    0  -9.012170507  -8.010818228  -0.329818E-16  -0.298053E-02
    8    9    0   8.010818228   9.012170507   0.298053E-02   0.389180E-16
   -9    8    0  -9.012170507   8.010818228  -0.203785E-16   0.298053E-02
    1   12    0   1.001352279  12.016227342   0.389414E-17  -0.150102E-03
   12    1    0  12.016227342   1.001352279  -0.150102E-03  -0.103937E-16
  -12    1    0 -12.016227342   1.001352279   0.150102E-03   0.223877E-16
   -8    9    0  -8.010818228   9.012170507  -0.298053E-02  -0.776583E-17
    5  -11    0   5.006761393 -11.014875064   0.394368E-17   0.908021E-02
  -11    5    0 -11.014875064   5.006761393   0.332421E-16   0.908021E-02
   -5   11    0  -5.006761393  11.014875064   0.394368E-17  -0.908021E-02
   -5  -11    0  -5.006761393 -11.014875064  -0.396857E-16  -0.908021E-02
   11   -5    0  11.014875064  -5.006761393   0.332421E-16  -0.908021E-02
   11    5    0  11.014875064   5.006761393   0.740595E-16  -0.908021E-02
  -11   -5    0 -11.014875064  -5.006761393   0.740595E-16   0.908021E-02
    5   11    0   5.006761393  11.014875064  -0.396857E-16   0.908021E-02
   12    2    0  12.016227342   2.002704557   0.131331E-02  -0.335023E-16
    2  -12    0   2.002704557 -12.016227342  -0.131331E-02  -0.504618E-17
  -12    2    0 -12.016227342   2.002704557   0.131331E-02  -0.184253E-16
  -12   -2    0 -12.016227342  -2.002704557   0.131331E-02   0.335023E-16
   12   -2    0  12.016227342  -2.002704557   0.131331E-02   0.184253E-16
   -2  -12    0  -2.002704557 -12.016227342  -0.131331E-02   0.285995E-17
   -2   12    0  -2.002704557  12.016227342  -0.131331E-02   0.504618E-17
    2   12    0   2.002704557  12.016227342  -0.131331E-02  -0.285995E-17
   -7  -10    0  -7.009465950 -10.013522785   0.699365E-16   0.537305E-02
   10    7    0  10.013522785   7.009465950  -0.537305E-02  -0.558866E-16
   -7   10    0  -7.009465950  10.013522785   0.551052E-16  -0.537305E-02
   10   -7    0  10.013522785  -7.009465950   0.537305E-02   0.136535E-16
    7  -10    0   7.009465950 -10.013522785   0.551052E-16   0.537305E-02
  -10   -7    0 -10.013522785  -7.009465950  -0.537305E-02   0.558866E-16
    7   10    0   7.009465950  10.013522785   0.699365E-16  -0.537305E-02
  -10    7    0 -10.013522785   7.009465950   0.537305E-02  -0.136535E-16
   -3  -12    0  -3.004056836 -12.016227342  -0.482999E-16  -0.460865E-02
   12    3    0  12.016227342   3.004056836  -0.460865E-02  -0.131642E-16
    3   12    0   3.004056836  12.016227342  -0.482999E-16   0.460865E-02
    3  -12    0   3.004056836 -12.016227342  -0.875528E-17  -0.460865E-02
  -12    3    0 -12.016227342   3.004056836   0.460865E-02   0.181567E-16
   12   -3    0  12.016227342  -3.004056836   0.460865E-02  -0.181567E-16
  -12   -3    0 -12.016227342  -3.004056836  -0.460865E-02   0.131642E-16
   -3   12    0  -3.004056836  12.016227342  -0.875528E-17   0.460865E-02
  -11    6    0 -11.014875064   6.008113671   0.262158E-16   0.149196E-01
  -11   -6    0 -11.014875064  -6.008113671  -0.136760E-15  -0.149196E-01
   11   -6    0  11.014875064  -6.008113671   0.262158E-16  -0.149196E-01
    6   11    0   6.008113671  11.014875064   0.149196E-01   0.666735E-16
    6  -11    0   6.008113671 -11.014875064  -0.149196E-01   0.582206E-16
   11    6    0  11.014875064   6.008113671  -0.136760E-15   0.149196E-01
   -6   11    0  -6.008113671  11.014875064  -0.149196E-01  -0.582206E-16
   -6  -11    0  -6.008113671 -11.014875064   0.149196E-01  -0.666735E-16
   -4  -12    0  -4.005409114 -12.016227342   0.157172E-02  -0.355586E-17
   12   -4    0  12.016227342  -4.005409114   0.157172E-02   0.108261E-16
  -12   -4    0 -12.016227342  -4.005409114   0.157172E-02   0.387833E-17
   -4   12    0  -4.005409114  12.016227342   0.157172E-02  -0.377480E-17
   12    4    0  12.016227342   4.005409114   0.157172E-02  -0.387833E-17
    4  -12    0   4.005409114 -12.016227342   0.157172E-02   0.377480E-17
  -12    4    0 -12.016227342   4.005409114   0.157172E-02  -0.108261E-16
    4   12    0   4.005409114  12.016227342   0.157172E-02   0.355586E-17
   -9    9    0  -9.012170507   9.012170507  -0.427533E-17  -0.918212E-03
    9   -9    0   9.012170507  -9.012170507  -0.427533E-17   0.918212E-03
    9    9    0   9.012170507   9.012170507  -0.583633E-17   0.918212E-03
   -9   -9    0  -9.012170507  -9.012170507  -0.583633E-17  -0.918212E-03
    8  -10    0   8.010818228 -10.013522785   0.113322E-01   0.500448E-16
   -8   10    0  -8.010818228  10.013522785   0.113322E-01  -0.500448E-16
  -10   -8    0 -10.013522785  -8.010818228  -0.113322E-01   0.119865E-15
   10   -8    0  10.013522785  -8.010818228  -0.113322E-01   0.802043E-17
  -10    8    0 -10.013522785   8.010818228  -0.113322E-01  -0.802043E-17
   10    8    0  10.013522785   8.010818228  -0.113322E-01  -0.119865E-15
   -8  -10    0  -8.010818228 -10.013522785   0.113322E-01  -0.822685E-16
    8   10    0   8.010818228  10.013522785   0.113322E-01   0.822685E-16
  -13    0    0 -13.017579621   0.000000000   0.623093E-16  -0.360185E-17
    0  -13    0   0.000000000 -13.017579621   0.645021E-16  -0.678756E-18
   13    0    0  13.017579621  -0.000000000   0.623093E-16   0.360185E-17
    0   13    0  -0.000000000  13.017579621   0.645021E-16   0.678756E-18
   -5  -12    0  -5.006761393 -12.016227342   0.472166E-17  -0.143210E-03
   12   -5    0  12.016227342  -5.006761393  -0.143210E-03   0.110131E-16
   -5   12    0  -5.006761393  12.016227342   0.111234E-17   0.143210E-03
  -12    5    0 -12.016227342   5.006761393  -0.143210E-03  -0.110131E-16
    5  -12    0   5.006761393 -12.016227342   0.111234E-17  -0.143210E-03
    5   12    0   5.006761393  12.016227342   0.472166E-17   0.143210E-03
   12    5    0  12.016227342   5.006761393   0.143210E-03  -0.376274E-17
  -12   -5    0 -12.016227342  -5.006761393   0.143210E-03   0.376274E-17
   11    7    0  11.014875064   7.009465950   0.378836E-16  -0.117800E-02
   -1  -13    0  -1.001352279 -13.017579621  -0.266809E-16  -0.365542E-02
    1  -13    0   1.001352279 -13.017579621   0.209000E-16   0.365542E-02
   -7   11    0  -7.009465950  11.014875064   0.310150E-16   0.117800E-02
   13   -1    0  13.017579621  -1.001352279  -0.436318E-16   0.365542E-02
    7  -11    0   7.009465950 -11.014875064   0.310150E-16  -0.117800E-02
   -1   13    0  -1.001352279  13.017579621   0.209000E-16  -0.365542E-02
   13    1    0  13.017579621   1.001352279  -0.204509E-16   0.365542E-02
   11   -7    0  11.014875064  -7.009465950  -0.143379E-16  -0.117800E-02
  -13   -1    0 -13.017579621  -1.001352279  -0.204509E-16  -0.365542E-02
  -13    1    0 -13.017579621   1.001352279  -0.436318E-16  -0.365542E-02
  -11   -7    0 -11.014875064  -7.009465950   0.378836E-16   0.117800E-02
    1   13    0   1.001352279  13.017579621  -0.266809E-16   0.365542E-02
    7   11    0   7.009465950  11.014875064  -0.565011E-17  -0.117800E-02
  -11    7    0 -11.014875064   7.009465950  -0.143379E-16   0.117800E-02
   -7  -11    0  -7.009465950 -11.014875064  -0.565011E-17   0.117800E-02
  -13   -2    0 -13.017579621  -2.002704557   0.717163E-16   0.653153E-02
   -2   13    0  -2.002704557  13.017579621  -0.653153E-02  -0.387801E-16
    2   13    0   2.002704557  13.017579621   0.653153E-02   0.616539E-16
   -2  -13    0  -2.002704557 -13.017579621   0.653153E-02  -0.616539E-16
    2  -13    0   2.002704557 -13.017579621  -0.653153E-02   0.387801E-16
   13    2    0  13.017579621   2.002704557   0.717163E-16  -0.653153E-02
  -13    2    0 -13.017579621   2.002704557  -0.393265E-16  -0.653153E-02
   13   -2    0  13.017579621  -2.002704557  -0.393265E-16   0.653153E-02
  -13   -3    0 -13.017579621  -3.004056836   0.732330E-16   0.617265E-02
   13   -3    0  13.017579621  -3.004056836   0.522207E-16  -0.617265E-02
   13    3    0  13.017579621   3.004056836   0.732330E-16  -0.617265E-02
    3  -13    0   3.004056836 -13.017579621   0.536695E-16   0.617265E-02
   -3   13    0  -3.004056836  13.017579621   0.536695E-16  -0.617265E-02
    3   13    0   3.004056836  13.017579621  -0.452030E-16   0.617265E-02
   -3  -13    0  -3.004056836 -13.017579621  -0.452030E-16  -0.617265E-02
  -13    3    0 -13.017579621   3.004056836   0.522207E-16   0.617265E-02
  -12   -6    0 -12.016227342  -6.008113671  -0.479539E-03   0.232560E-16
    6   12    0   6.008113671  12.016227342   0.479539E-03   0.672200E-17
   12    6    0  12.016227342   6.008113671  -0.479539E-03  -0.232560E-16
  -12    6    0 -12.016227342   6.008113671  -0.479539E-03  -0.337629E-16
    6  -12    0   6.008113671 -12.016227342   0.479539E-03  -0.633768E-17
   12   -6    0  12.016227342  -6.008113671  -0.479539E-03   0.337629E-16
   -6  -12    0  -6.008113671 -12.016227342   0.479539E-03  -0.672200E-17
   -6   12    0  -6.008113671  12.016227342   0.479539E-03   0.633768E-17
   10   -9    0  10.013522785  -9.012170507  -0.609945E-02  -0.263221E-16
  -10   -9    0 -10.013522785  -9.012170507   0.609945E-02  -0.327534E-16
   -9   10    0  -9.012170507  10.013522785  -0.279895E-16  -0.609945E-02
    9   10    0   9.012170507  10.013522785   0.673851E-17  -0.609945E-02
    9  -10    0   9.012170507 -10.013522785  -0.279895E-16   0.609945E-02
  -10    9    0 -10.013522785   9.012170507  -0.609945E-02   0.263221E-16
   10    9    0  10.013522785   9.012170507   0.609945E-02   0.327534E-16
   -9  -10    0  -9.012170507 -10.013522785   0.673851E-17   0.609945E-02
   13    4    0  13.017579621   4.005409114   0.101507E-15  -0.759178E-02
   13   -4    0  13.017579621  -4.005409114  -0.621629E-16   0.759178E-02
  -13   -4    0 -13.017579621  -4.005409114   0.101507E-15   0.759178E-02
    8   11    0   8.010818228  11.014875064   0.718787E-03   0.156968E-16
   -8   11    0  -8.010818228  11.014875064  -0.718787E-03  -0.709750E-18
   11    8    0  11.014875064   8.010818228   0.279801E-16  -0.718787E-03
    4  -13    0   4.005409114 -13.017579621   0.759178E-02  -0.528118E-16
  -13    4    0 -13.017579621   4.005409114  -0.621629E-16  -0.759178E-02
  -11   -8    0 -11.014875064  -8.010818228   0.279801E-16   0.718787E-03
  -11    8    0 -11.014875064   8.010818228   0.445011E-16  -0.718787E-03
    8  -11    0   8.010818228 -11.014875064  -0.718787E-03   0.709750E-18
    4   13    0   4.005409114  13.017579621  -0.759178E-02  -0.671495E-16
   -8  -11    0  -8.010818228 -11.014875064   0.718787E-03  -0.156968E-16
   11   -8    0  11.014875064  -8.010818228   0.445011E-16   0.718787E-03
   -4   13    0  -4.005409114  13.017579621   0.759178E-02   0.528118E-16
   -4  -13    0  -4.005409114 -13.017579621  -0.759178E-02   0.671495E-16
   12    7    0  12.016227342   7.009465950   0.299626E-02   0.971494E-17
  -12   -7    0 -12.016227342  -7.009465950   0.299626E-02  -0.971494E-17
    7  -12    0   7.009465950 -12.016227342   0.741822E-17   0.299626E-02
   -7   12    0  -7.009465950  12.016227342   0.741822E-17  -0.299626E-02
  -12    7    0 -12.016227342   7.009465950  -0.299626E-02  -0.690769E-17
    7   12    0   7.009465950  12.016227342   0.395281E-16  -0.299626E-02
   -7  -12    0  -7.009465950 -12.016227342   0.395281E-16   0.299626E-02
   12   -7    0  12.016227342  -7.009465950  -0.299626E-02   0.690769E-17
  -13    5    0 -13.017579621   5.006761393  -0.351918E-16   0.170453E-02
   13    5    0  13.017579621   5.006761393   0.479989E-16  -0.170453E-02
    5  -13    0   5.006761393 -13.017579621  -0.127062E-16  -0.170453E-02
   -5   13    0  -5.006761393  13.017579621  -0.127062E-16   0.170453E-02
    5   13    0   5.006761393  13.017579621   0.191394E-16  -0.170453E-02
   13   -5    0  13.017579621  -5.006761393  -0.351918E-16  -0.170453E-02
  -13   -5    0 -13.017579621  -5.006761393   0.479989E-16   0.170453E-02
   -5  -13    0  -5.006761393 -13.017579621   0.191394E-16   0.170453E-02
    0  -14    0   0.000000000 -14.018931900   0.235323E-16  -0.333123E-17
    0   14    0  -0.000000000  14.018931900   0.235323E-16   0.333123E-17
  -14    0    0 -14.018931900   0.000000000   0.258440E-16  -0.260209E-17
   14    0    0  14.018931900  -0.000000000   0.258440E-16   0.260209E-17
  -14    1    0 -14.018931900   1.001352279  -0.223860E-02   0.991195E-17
   -1   14    0  -1.001352279  14.018931900   0.891229E-17  -0.223860E-02
   14   -1    0  14.018931900  -1.001352279  -0.223860E-02  -0.991195E-17
  -14   -1    0 -14.018931900  -1.001352279   0.223860E-02  -0.865159E-17
   14    1    0  14.018931900   1.001352279   0.223860E-02   0.865159E-17
   -1  -14    0  -1.001352279 -14.018931900   0.110848E-16   0.223860E-02
    1   14    0   1.001352279  14.018931900   0.110848E-16  -0.223860E-02
    1  -14    0   1.001352279 -14.018931900   0.891229E-17   0.223860E-02
  -10   10    0 -10.013522785  10.013522785  -0.335992E-02   0.102601E-16
   10  -10    0  10.013522785 -10.013522785  -0.335992E-02  -0.102601E-16
  -10  -10    0 -10.013522785 -10.013522785  -0.335992E-02   0.256924E-16
   10   10    0  10.013522785  10.013522785  -0.335992E-02  -0.256924E-16
    2  -14    0   2.002704557 -14.018931900   0.388206E-02  -0.196725E-16
   14    2    0  14.018931900   2.002704557   0.388206E-02   0.526323E-16
   14   -2    0  14.018931900  -2.002704557   0.388206E-02   0.244766E-16
  -14   -2    0 -14.018931900  -2.002704557   0.388206E-02  -0.526323E-16
   -2   14    0  -2.002704557  14.018931900   0.388206E-02   0.196725E-16
  -14    2    0 -14.018931900   2.002704557   0.388206E-02  -0.244766E-16
   -2  -14    0  -2.002704557 -14.018931900   0.388206E-02  -0.222224E-16
    2   14    0   2.002704557  14.018931900   0.388206E-02   0.222224E-16
  -11    9    0 -11.014875064   9.012170507   0.631806E-16   0.598385E-02
   -9   11    0  -9.012170507  11.014875064   0.586791E-16  -0.598385E-02
   11   -9    0  11.014875064  -9.012170507   0.631806E-16  -0.598385E-02
   -9  -11    0  -9.012170507 -11.014875064  -0.656556E-16  -0.598385E-02
    9  -11    0   9.012170507 -11.014875064   0.586791E-16   0.598385E-02
  -11   -9    0 -11.014875064  -9.012170507   0.265837E-16   0.598385E-02
    9   11    0   9.012170507  11.014875064  -0.656556E-16   0.598385E-02
   11    9    0  11.014875064   9.012170507   0.265837E-16  -0.598385E-02
   13   -6    0  13.017579621  -6.008113671  -0.158461E-16   0.363401E-03
   -6   13    0  -6.008113671  13.017579621  -0.363401E-03   0.587915E-17
  -13   -6    0 -13.017579621  -6.008113671  -0.131760E-16   0.363401E-03
    6   13    0   6.008113671  13.017579621   0.363401E-03   0.185918E-16
   -6  -13    0  -6.008113671 -13.017579621   0.363401E-03  -0.185918E-16
  -13    6    0 -13.017579621   6.008113671  -0.158461E-16  -0.363401E-03
    6  -13    0   6.008113671 -13.017579621  -0.363401E-03  -0.587915E-17
   13    6    0  13.017579621   6.008113671  -0.131760E-16  -0.363401E-03
  -14   -3    0 -14.018931900  -3.004056836  -0.590953E-03  -0.758301E-17
   -3  -14    0  -3.004056836 -14.018931900   0.232431E-17   0.590953E-03
  -14    3    0 -14.018931900   3.004056836   0.590953E-03   0.246178E-16
   14   -3    0  14.018931900  -3.004056836   0.590953E-03  -0.246178E-16
    3  -14    0   3.004056836 -14.018931900   0.166597E-16   0.590953E-03
   14    3    0  14.018931900   3.004056836  -0.590953E-03   0.758301E-17
    3   14    0   3.004056836  14.018931900   0.232431E-17  -0.590953E-03
   -3   14    0  -3.004056836  14.018931900   0.166597E-16  -0.590953E-03
   -8  -12    0  -8.010818228 -12.016227342   0.266349E-02  -0.338624E-16
   12   -8    0  12.016227342  -8.010818228   0.266349E-02   0.333262E-18
    8  -12    0   8.010818228 -12.016227342   0.266349E-02   0.270711E-17
    8   12    0   8.010818228  12.016227342   0.266349E-02   0.338624E-16
   -8   12    0  -8.010818228  12.016227342   0.266349E-02  -0.270711E-17
   12    8    0  12.016227342   8.010818228   0.266349E-02   0.695768E-17
  -12    8    0 -12.016227342   8.010818228   0.266349E-02  -0.333262E-18
  -12   -8    0 -12.016227342  -8.010818228   0.266349E-02  -0.695768E-17
  -14   -4    0 -14.018931900  -4.005409114   0.135835E-02  -0.545012E-16
  -14    4    0 -14.018931900   4.005409114   0.135835E-02   0.291219E-16
    4  -14    0   4.005409114 -14.018931900  -0.135835E-02   0.135740E-16
   -4   14    0  -4.005409114  14.018931900  -0.135835E-02  -0.135740E-16
   14   -4    0  14.018931900  -4.005409114   0.135835E-02  -0.291219E-16
   14    4    0  14.018931900   4.005409114   0.135835E-02   0.545012E-16
    4   14    0   4.005409114  14.018931900  -0.135835E-02  -0.199832E-16
   -4  -14    0  -4.005409114 -14.018931900  -0.135835E-02   0.199832E-16
   -7   13    0  -7.009465950  13.017579621   0.332575E-17   0.278699E-03
   -7  -13    0  -7.009465950 -13.017579621  -0.568427E-17   0.278699E-03
  -13    7    0 -13.017579621   7.009465950  -0.494003E-16  -0.278699E-03
    7   13    0   7.009465950  13.017579621  -0.568427E-17  -0.278699E-03
    7  -13    0   7.009465950 -13.017579621   0.332575E-17  -0.278699E-03
  -13   -7    0 -13.017579621  -7.009465950   0.388303E-16  -0.278699E-03
   13    7    0  13.017579621   7.009465950   0.388303E-16   0.278699E-03
   13   -7    0  13.017579621  -7.009465950  -0.494003E-16   0.278699E-03
  -11   10    0 -11.014875064  10.013522785  -0.195072E-16  -0.701759E-02
   -5  -14    0  -5.006761393 -14.018931900   0.671155E-16   0.942717E-02
   11  -10    0  11.014875064 -10.013522785  -0.195072E-16   0.701759E-02
  -14    5    0 -14.018931900   5.006761393  -0.942717E-02   0.372698E-16
  -14   -5    0 -14.018931900  -5.006761393   0.942717E-02  -0.100207E-15
   10  -11    0  10.013522785 -11.014875064   0.701759E-02  -0.260824E-16
   14    5    0  14.018931900   5.006761393   0.942717E-02   0.100207E-15
    5   14    0   5.006761393  14.018931900   0.671155E-16  -0.942717E-02
   -5   14    0  -5.006761393  14.018931900   0.192804E-16  -0.942717E-02
   14   -5    0  14.018931900  -5.006761393  -0.942717E-02  -0.372698E-16
  -10   11    0 -10.013522785  11.014875064   0.701759E-02   0.260824E-16
   11   10    0  11.014875064  10.013522785   0.763299E-16  -0.701759E-02
  -10  -11    0 -10.013522785 -11.014875064  -0.701759E-02   0.111624E-15
   10   11    0  10.013522785  11.014875064  -0.701759E-02  -0.111624E-15
  -11  -10    0 -11.014875064 -10.013522785   0.763299E-16   0.701759E-02
    5  -14    0   5.006761393 -14.018931900   0.192804E-16   0.942717E-02
   12   -9    0  12.016227342  -9.012170507   0.604129E-02   0.249828E-16
   -9  -12    0  -9.012170507 -12.016227342   0.527083E-16   0.604129E-02
  -12   -9    0 -12.016227342  -9.012170507  -0.604129E-02   0.319217E-16
   12    9    0  12.016227342   9.012170507  -0.604129E-02  -0.319217E-16
   -9   12    0  -9.012170507  12.016227342   0.200046E-16  -0.604129E-02
    9   12    0   9.012170507  12.016227342   0.527083E-16  -0.604129E-02
  -12    9    0 -12.016227342   9.012170507   0.604129E-02  -0.249828E-16
    9  -12    0   9.012170507 -12.016227342   0.200046E-16   0.604129E-02
   14   -6    0  14.018931900  -6.008113671  -0.328944E-02  -0.221380E-16
  -14   -6    0 -14.018931900  -6.008113671  -0.328944E-02   0.301229E-16
   -6   14    0  -6.008113671  14.018931900  -0.328944E-02  -0.353584E-17
    6  -14    0   6.008113671 -14.018931900  -0.328944E-02   0.353584E-17
  -14    6    0 -14.018931900   6.008113671  -0.328944E-02   0.221380E-16
   14    6    0  14.018931900   6.008113671  -0.328944E-02  -0.301229E-16
   -6  -14    0  -6.008113671 -14.018931900  -0.328944E-02   0.276896E-16
    6   14    0   6.008113671  14.018931900  -0.328944E-02  -0.276896E-16
   -8  -13    0  -8.010818228 -13.017579621  -0.390816E-02   0.203482E-16
  -13   -8    0 -13.017579621  -8.010818228   0.252372E-16   0.390816E-02
   13    8    0  13.017579621   8.010818228   0.252372E-16  -0.390816E-02
    8  -13    0   8.010818228 -13.017579621   0.390816E-02  -0.363650E-17
   13   -8    0  13.017579621  -8.010818228  -0.320365E-16   0.390816E-02
   -8   13    0  -8.010818228  13.017579621   0.390816E-02   0.363650E-17
    8   13    0   8.010818228  13.017579621  -0.390816E-02  -0.203482E-16
  -13    8    0 -13.017579621   8.010818228  -0.320365E-16  -0.390816E-02
   11  -11    0  11.014875064 -11.014875064  -0.106131E-16  -0.701423E-02
  -11  -11    0 -11.014875064 -11.014875064   0.116992E-15   0.701423E-02
   11   11    0  11.014875064  11.014875064   0.116992E-15  -0.701423E-02
  -11   11    0 -11.014875064  11.014875064  -0.106131E-16   0.701423E-02
  -10   12    0 -10.013522785  12.016227342   0.104869E-02   0.202281E-16
  -12   10    0 -12.016227342  10.013522785  -0.104869E-02   0.294631E-17
  -12  -10    0 -12.016227342 -10.013522785  -0.104869E-02  -0.258842E-16
   12   10    0  12.016227342  10.013522785  -0.104869E-02   0.258842E-16
  -10  -12    0 -10.013522785 -12.016227342   0.104869E-02  -0.493257E-16
   10   12    0  10.013522785  12.016227342   0.104869E-02   0.493257E-16
   10  -12    0  10.013522785 -12.016227342   0.104869E-02  -0.202281E-16
   12  -10    0  12.016227342 -10.013522785  -0.104869E-02  -0.294631E-17
  -14   -7    0 -14.018931900  -7.009465950   0.818831E-02  -0.615130E-16
    7   14    0   7.009465950  14.018931900  -0.379570E-16   0.818831E-02
   -7   14    0  -7.009465950  14.018931900  -0.319543E-16   0.818831E-02
   14    7    0  14.018931900   7.009465950   0.818831E-02   0.615130E-16
   -7  -14    0  -7.009465950 -14.018931900  -0.379570E-16  -0.818831E-02
  -14    7    0 -14.018931900   7.009465950  -0.818831E-02   0.397005E-16
   14   -7    0  14.018931900  -7.009465950  -0.818831E-02  -0.397005E-16
    7  -14    0   7.009465950 -14.018931900  -0.319543E-16  -0.818831E-02
    9  -13    0   9.012170507 -13.017579621   0.183676E-16   0.452841E-02
  -13   -9    0 -13.017579621  -9.012170507  -0.719989E-16  -0.452841E-02
   -9   13    0  -9.012170507  13.017579621   0.183676E-16  -0.452841E-02
   13    9    0  13.017579621   9.012170507  -0.719989E-16   0.452841E-02
   13   -9    0  13.017579621  -9.012170507  -0.120321E-16   0.452841E-02
  -13    9    0 -13.017579621   9.012170507  -0.120321E-16  -0.452841E-02
    9   13    0   9.012170507  13.017579621  -0.177254E-16   0.452841E-02
   -9  -13    0  -9.012170507 -13.017579621  -0.177254E-16  -0.452841E-02
   -8   14    0  -8.010818228  14.018931900   0.162736E-02  -0.846308E-18
  -14    8    0 -14.018931900   8.010818228  -0.162736E-02   0.237767E-16
   14   -8    0  14.018931900  -8.010818228  -0.162736E-02  -0.237767E-16
   -8  -14    0  -8.010818228 -14.018931900   0.162736E-02  -0.127524E-16
   14    8    0  14.018931900   8.010818228  -0.162736E-02  -0.167508E-17
  -14   -8    0 -14.018931900  -8.010818228  -0.162736E-02   0.167508E-17
    8  -14    0   8.010818228 -14.018931900   0.162736E-02   0.846308E-18
    8   14    0   8.010818228  14.018931900   0.162736E-02   0.127524E-16
  -12   11    0 -12.016227342  11.014875064   0.236055E-02  -0.137843E-17
   11   12    0  11.014875064  12.016227342  -0.103945E-17   0.236055E-02
  -11  -12    0 -11.014875064 -12.016227342  -0.103945E-17  -0.236055E-02
   12  -11    0  12.016227342 -11.014875064   0.236055E-02   0.137843E-17
   11  -12    0  11.014875064 -12.016227342   0.230376E-16  -0.236055E-02
  -11   12    0 -11.014875064  12.016227342   0.230376E-16   0.236055E-02
  -12  -11    0 -12.016227342 -11.014875064  -0.236055E-02  -0.274328E-17
   12   11    0  12.016227342  11.014875064  -0.236055E-02   0.274328E-17
  -13   10    0 -13.017579621  10.013522785  -0.323812E-17   0.237006E-03
  -13  -10    0 -13.017579621 -10.013522785   0.350524E-17  -0.237006E-03
   13  -10    0  13.017579621 -10.013522785  -0.323812E-17  -0.237006E-03
  -10   13    0 -10.013522785  13.017579621   0.237006E-03   0.110805E-16
   10  -13    0  10.013522785 -13.017579621   0.237006E-03  -0.110805E-16
   10   13    0  10.013522785  13.017579621  -0.237006E-03  -0.130300E-16
   13   10    0  13.017579621  10.013522785   0.350524E-17   0.237006E-03
  -10  -13    0 -10.013522785 -13.017579621  -0.237006E-03   0.130300E-16
   14   -9    0  14.018931900  -9.012170507   0.512423E-02   0.574708E-17
  -14    9    0 -14.018931900   9.012170507   0.512423E-02  -0.574708E-17
    9  -14    0   9.012170507 -14.018931900  -0.303126E-16  -0.512423E-02
   -9   14    0  -9.012170507  14.018931900  -0.303126E-16   0.512423E-02
   14    9    0  14.018931900   9.012170507  -0.512423E-02  -0.530633E-16
   -9  -14    0  -9.012170507 -14.018931900  -0.628594E-16  -0.512423E-02
  -14   -9    0 -14.018931900  -9.012170507  -0.512423E-02   0.530633E-16
    9   14    0   9.012170507  14.018931900  -0.628594E-16   0.512423E-02
   12   12    0  12.016227342  12.016227342   0.796205E-02   0.888573E-16
   12  -12    0  12.016227342 -12.016227342   0.796205E-02  -0.154478E-16
  -12  -12    0 -12.016227342 -12.016227342   0.796205E-02  -0.888573E-16
  -12   12    0 -12.016227342  12.016227342   0.796205E-02   0.154478E-16
   11   13    0  11.014875064  13.017579621   0.936277E-18   0.850617E-03
  -13  -11    0 -13.017579621 -11.014875064   0.153750E-17   0.850617E-03
  -11  -13    0 -11.014875064 -13.017579621   0.936277E-18  -0.850617E-03
  -13   11    0 -13.017579621  11.014875064  -0.141096E-16   0.850617E-03
  -11   13    0 -11.014875064  13.017579621  -0.160791E-16  -0.850617E-03
   11  -13    0  11.014875064 -13.017579621  -0.160791E-16   0.850617E-03
   13  -11    0  13.017579621 -11.014875064  -0.141096E-16  -0.850617E-03
   13   11    0  13.017579621  11.014875064   0.153750E-17  -0.850617E-03
  -14   10    0 -14.018931900  10.013522785  -0.260385E-02   0.145521E-16
  -14  -10    0 -14.018931900 -10.013522785  -0.260385E-02   0.116183E-16
   10  -14    0  10.013522785 -14.018931900  -0.260385E-02   0.163315E-16
   14  -10    0  14.018931900 -10.013522785  -0.260385E-02  -0.145521E-16
   14   10    0  14.018931900  10.013522785  -0.260385E-02  -0.116183E-16
  -10  -14    0 -10.013522785 -14.018931900  -0.260385E-02   0.610452E-16
  -10   14    0 -10.013522785  14.018931900  -0.260385E-02  -0.163315E-16
   10   14    0  10.013522785  14.018931900  -0.260385E-02  -0.610452E-16
  -12  -13    0 -12.016227342 -13.017579621   0.310898E-02  -0.304622E-16
   12  -13    0  12.016227342 -13.017579621  -0.310898E-02  -0.130089E-16
  -13   12    0 -13.017579621  12.016227342  -0.280991E-16   0.310898E-02
  -13  -12    0 -13.017579621 -12.016227342  -0.910199E-16  -0.310898E-02
   13   12    0  13.017579621  12.016227342  -0.910199E-16   0.310898E-02
  -12   13    0 -12.016227342  13.017579621  -0.310898E-02   0.130089E-16
   12   13    0  12.016227342  13.017579621   0.310898E-02   0.304622E-16
   13  -12    0  13.017579621 -12.016227342  -0.280991E-16  -0.310898E-02
   11  -14    0  11.014875064 -14.018931900   0.877894E-19   0.157536E-02
  -11   14    0 -11.014875064  14.018931900   0.877894E-19  -0.157536E-02
  -14  -11    0 -14.018931900 -11.014875064  -0.157536E-02   0.123957E-16
  -14   11    0 -14.018931900  11.014875064   0.157536E-02  -0.133602E-16
  -11  -14    0 -11.014875064 -14.018931900   0.224228E-16   0.157536E-02
   14  -11    0  14.018931900 -11.014875064   0.157536E-02   0.133602E-16
   11   14    0  11.014875064  14.018931900   0.224228E-16  -0.157536E-02
   14   11    0  14.018931900  11.014875064  -0.157536E-02  -0.123957E-16
  -13   13    0 -13.017579621  13.017579621   0.344707E-16   0.158538E-02
   13   13    0  13.017579621  13.017579621  -0.153708E-17  -0.158538E-02
  -13  -13    0 -13.017579621 -13.017579621  -0.153708E-17   0.158538E-02
   13  -13    0  13.017579621 -13.017579621   0.344707E-16  -0.158538E-02
   14  -12    0  14.018931900 -12.016227342   0.169645E-03   0.136022E-16
  -12  -14    0 -12.016227342 -14.018931900  -0.169645E-03  -0.170460E-16
   14   12    0  14.018931900  12.016227342   0.169645E-03  -0.291613E-16
   12  -14    0  12.016227342 -14.018931900  -0.169645E-03  -0.505637E-17
   12   14    0  12.016227342  14.018931900  -0.169645E-03   0.170460E-16
  -14  -12    0 -14.018931900 -12.016227342   0.169645E-03   0.291613E-16
  -12   14    0 -12.016227342  14.018931900  -0.169645E-03   0.505637E-17
  -14   12    0 -14.018931900  12.016227342   0.169645E-03  -0.136022E-16
  -14  -13    0 -14.018931900 -13.017579621  -0.315024E-02   0.413600E-16
   14   13    0  14.018931900  13.017579621  -0.315024E-02  -0.413600E-16
  -13  -14    0 -13.017579621 -14.018931900  -0.405641E-16  -0.315024E-02
  -13   14    0 -13.017579621  14.018931900   0.107939E-16   0.315024E-02
   14  -13    0  14.018931900 -13.017579621   0.315024E-02   0.147932E-17
   13   14    0  13.017579621  14.018931900  -0.405641E-16   0.315024E-02
   13  -14    0  13.017579621 -14.018931900   0.107939E-16  -0.315024E-02
  -14   13    0 -14.018931900  13.017579621   0.315024E-02  -0.147932E-17
  -14   14    0 -14.018931900  14.018931900   0.191041E-02  -0.135025E-16
   14  -14    0  14.018931900 -14.018931900   0.191041E-02   0.135025E-16
  -14  -14    0 -14.018931900 -14.018931900   0.191041E-02  -0.359316E-16
   14   14    0  14.018931900  14.018931900   0.191041E-02   0.359316E-16
