13511
171597
161401
64208
134370
117203
252939
249090
138363
246976
196399
262098
97674
63900
45554
290120
237001
230344
184084
194424
254244
194702
156536
419734
169024
181521
182627
253916
94760
162221
247544
423425
64290
153873
251590
166132
70218
51587
127838
290456
156774
144852
257393
159264
152346
237143
291161
160034
183464
97014
125965
138930
156011
59581
54917
22972
5542
151705
89964
91528
174567
260690
403513
119159
36729
183296
54868
147682
46128
195857
417682
262351
185151
119368
156616
194742
194737
237909
117882
11639
165449
247001
66908
237343
249850
5586
391181
185590
154145
118335
92334
163392
262500
145442
5333
250658
172326
429314
121776
419226
160020
193434
63938
116081
146598
164226
134167
19993
167582
142740
247407
241843
255807
184986
93938
157675
193030
413297
245870
193561
45277
153808
230505
146132
156534
196397
166712
427182
184169
280547
259706
11042
127980
420824
243386
426865
290007
251940
195988
247721
257178
125739
192277
70621
159694
253101
230569
409936
172683
5152
194374
159443
118470
243406
39066
98894
137784
415803
188357
168423
90487
160029
291637
247091
249094
124614
29672
240247
291313
281456
192363
111839
120663
258849
257392
230940
140986
180579
230329
57768
91226
160648
424155
14813
194640
54223
134207
261936
85072
96745
153026
262134
98888
166226
138685
126206
18517
163877
34175
19530
145303
246404
147316
183823
189058
262058
98796
240007
253478
21929
64217
169863
236046
230631
166989
131349
153748
423920
34442
156489
252695
92226
31438
120107
37481
189203
93902
151732
194735
245732
150094
187342
48704
254296
99624
153039
7391
154465
253001
104710
27141
55742
133373
93856
413390
262840
140985
94011
131343
25442
128231
418490
156091
235907
173480
194379
423267
185612
54594
98952
433457
147259
253412
174197
163391
98470
95068
421563
254061
416528
63924
92478
51461
107082
142335
237193
160097
236267
11652
38965
182532
253936
117814
418737
117532
70260
93900
111346
94282
190828
180173
241115
91053
156003
248893
182303
125995
107094
164378
132724
238502
22994
91168
90005
230635
416813
59926
164907
432250
248887
122355
426703
434620
250368
411204
403298
248551
145307
110590
415198
193624
417047
29914
93393
122304
107481
418007
158221
162365
259352
192011
291287
257932
181212
230217
261220
428177
174580
153672
189018
194749
143474
168097
124973
291192
104669
230375
259116
8696
418258
248562
267270
98475
247409
248555
148750
418270
235896
247327
433336
259117
290260
253792
191651
258911
41690
248401
190494
240092
90988
156012
164449
37570
180654
145311
264190
93882
90064
258568
54599
289994
161905
125997
430466
121165
144475
180040
158766
55726
253869
259912
160863
9118
252084
195270
126074
114010
194223
422849
98095
115221
54229
92195
117878
260864
760259
164366
118860
259744
429725
185923
261235
157906
245033
183088
241871
93490
180942
420480
34389
713
155730
759799
181654
253695
259608
109466
19975
182432
109551
194774
190773
194065
193109
117088
235903
230245
421476
183086
239361
29915
145038
35928
156426
187223
25980
122298
156381
14675
138391
97717
121997
98217
185297
148905
174445
12849
160876
142801
137968
166287
237558
5966
114311
8523
149149
131529
247240
759649
413255
238552
154091
252931
248272
174464
259702
172517
423637
180642
160388
112461
123149
192946
97553
240903
187225
144166
123148
290283
180655
190808
76685
430928
127042
143771
230405
159431
132053
91079
29685
174188
96944
161339
281679
160645
148771
36714
95817
144677
115522
91877
154934
93899
98504
186733
124233
45946
411861
415885
281757
257465
172305
190103
113337
185245
186566
163394
240198
154086
109553
180028
172651
162395
426031
34152
120145
257530
110312
152217
416357
186952
251068
237319
249827
51785
120937
249158
172162
230942
145284
168096
193746
241393
249818
31931
251567
182618
239711
116391
186713
245196
189239
114312
258722
14564
186582
260474
257504
154790
257487
113922
183351
186882
236947
160467
32230
98569
153060
70539
97941
167317
258057
141499
162729
11511
34144
193166
258550
63870
96933
118625
147232
245024
237174
119385
262715
12848
230188
152251
433086
427050
230316
191535
236332
155753
5963
95321
253271
119417
181226
130015
192013
235743
7392
38731
230780
247047
414356
94964
252249
120558
157836
121223
189017
98965
161338
291111
143973
138816
258735
93475
195269
45983
195822
48358
32745
147498
187836
138681
250832
235900
95317
76701
118551
149130
70168
253239
120146
127488
249911
699
147066
59928
162143
163427
160091
164231
194382
39037
409903
90447
425779
117416
260528
181748
251026
187029
158570
141223
117701
38753
154980
172632
158585
425260
47944
186221
412042
247838
411238
161396
96530
260526
250837
230053
123151
173663
242111
238804
417471
156581
160392
420113
420823
759637
159600
126026
89936
249021
133312
433626
34980
90510
239051
267197
192501
262663
411063
181657
35914
250115
260492
172302
193622
103553
412998
417540
117887
415246
183810
118514
11634
241409
421825
251601
246965
258681
99052
409616
290130
237849
32834
163671
5962
415029
22956
434188
182920
139297
391174
252934
155278
101872
291630
56233
188456
183749
147387
257041
159020
118007
155637
418456
89977
249157
247465
261710
243791
183106
153527
245201
29586
172671
248889
99085
257904
174147
157003
121754
135340
237297
92387
125597
247638
165417
128166
423919
165704
192006
173231
194311
156013
418994
117784
417456
261841
247580
191848
262060
155597
29475
137858
33304
194334
254046
91572
98798
128421
54918
144803
96233
262973
196335
247542
156960
411860
415247
247635
94345
128347
46849
195259
43008
170322
31404
250796
97410
37658
426551
248571
195169
62633
430977
183614
152717
259786
245565
258366
159655
111474
51909
155602
155546
410925
186481
291104
147552
90668
230781
34825
151534
70217
128168
180162
33354
192797
8726
250211
138513
243726
254636
155887
172710
261572
161481
172078
415342
166134
190747
156992
188360
138831
412044
264192
138935
259341
17637
421279
195794
245659
172688
64145
93907
125147
2997
169934
248236
117795
230311
418849
85037
415789
247458
260504
84231
91225
420370
409846
186482
249831
119334
36748
403510
414559
118722
155573
258176
239727
433122
84230
99262
249880
172301
192322
420934
192451
254177
155382
137231
418183
244567
238605
51343
186973
247295
417685
89844
234591
162355
411280
183105
427051
152609
161652
5304
117201
98616
121999
161387
109467
51390
247582
239305
260494
85236
106936
194385
14683
254024
241562
257871
30304
248735
255719
128422
133965
416912
160009
5620
12818
148402
433244
260928
173532
127153
125151
122290
196530
117859
144313
230819
155620
163042
145189
167950
251478
8422
417382
169078
190727
170581
180577
47542
185899
416260
39036
90718
167994
122000
247538
195263
194741
173787
255718
180026
126087
35026
166666
188297
11801
186977
167506
164616
139055
259956
187422
70301
238916
32610
121104
184447
243958
248114
195399
237050
117757
112057
262664
258101
152461
193100
261943
181680
13968
10697
118553
190493
96569
426338
29900
151693
415226
237519
239290
250797
241561
237778
167607
159014
230178
163441
147295
118859
113920
191576
264760
14709
133372
431966
56199
416814
97088
416203
280320
128182
163397
259408
111081
90648
149005
190689
164374
425767
189943
190101
239049
419525
245689
164230
194052
246487
33177
172678
35532
417677
121227
260778
249065
249829
162362
160470
117530
133764
426552
429726
249318
156578
126016
257838
118624
47591
119332
121054
125260
137849
290625
156991
54230
188653
255825
433338
119269
145308
241481
127856
181237
123155
33183
170913
189870
32234
262656
240929
142499
76705
189899
181315
194383
248608
95830
290117
161853
172308
94421
186484
260508
291026
260500
32369
186864
126309
188095
195418
153747
257485
249988
124717
230593
253549
117197
412376
11144
184954
191577
29758
112039
159150
237087
260240
188621
161345
147660
124786
155122
261577
33229
428098
192566
58913
262679
186737
154778
259354
95395
33182
417455
262587
260532
107245
255805
191122
5594
260631
29477
193891
258912
187094
185114
113354
193994
160022
262732
153896
154066
165776
131630
247022
258236
90894
14802
163440
34120
290376
133765
260516
137782
113349
38754
193132
150095
171589
33188
237142
258741
425109
190929
12144
118507
250909
184598
122958
194404
32271
291325
186053
421555
257332
116135
118179
49498
164375
257381
113917
252363
187064
192884
168215
260486
84425
425443
190474
428541
94343
173812
155666
173186
413503
127979
5563
162648
281675
186883
154464
39023
189166
127828
11087
45587
184730
188295
192341
154722
245307
260427
115196
433247
409758
185140
380388
90436
146596
247266
97073
124229
236863
153351
162929
158220
183636
260523
186863
260269
155276
127002
134084
187926
430696
113890
260498
18580
130353
119336
126069
150097
250626
19756
182071
264523
13774
138812
29618
159263
281066
254295
419067
4679
237405
97676
159286
261708
99100
157561
192452
150463
230419
11802
240013
419740
136495
431969
118550
190057
419612
415883
253485
418090
415224
192278
92220
154938
98219
118001
39018
290913
136576
159166
116120
169968
243789
138196
186779
166058
125337
413926
55069
19742
111095
159873
158567
193619
173533
243409
186730
38216
189212
170946
149272
46989
189906
253774
266645
172076
238900
182076
414602
244240
118495
89944
89907
251023
263093
34137
37602
32613
103758
258060
421479
260027
5670
238214
56138
143886
426373
99623
126305
291144
125988
70794
57780
251564
153895
36665
59891
169461
164640
247393
17489
33185
171542
123278
237139
66935
55730
11052
181399
111838
247533
118849
187860
161570
181683
47540
248350
167993
32035
91285
380510
391172
230586
131605
163939
11551
29911
171599
89932
154481
189210
157880
94344
9177
23459
160162
181840
172307
98984
17709
156366
183730
195345
125967
158765
171531
153230
429878
99938
5324
151826
38611
168860
173353
164232
139063
125411
144832
182314
230700
409469
147280
37514
3302
157534
99064
12706
156775
183789
115568
412003
98469
155593
124239
253422
105484
158211
98170
32599
153970
241114
417045
119443
187673
154939
98886
155322
92224
191466
125598
185931
59894
148751
246225
409832
51252
247238
49832
163419
261867
9103
118598
416712
194335
433232
250911
195406
156308
413732
230036
248115
417043
166923
19947
194375
120003
249998
182970
112394
94891
245663
184974
290029
170908
168887
421193
195191
36774
127511
163759
253568
84229
98963
124121
248661
250276
42983
193122
419227
422798
172630
185928
164373
112498
22936
7844
262091
432680
168424
94314
51446
96931
190769
17713
291483
148718
243799
180862
258110
187670
136854
162731
186669
237150
95623
192787
191562
150238
156583
422397
7776
251639
138712
230218
62634
54178
290939
156776
174015
35822
259424
192183
433337
173331
252035
172160
134374
417049
230345
116077
238304
253696
431972
12812
154689
181046
160045
29691
429179
251515
93439
258504
239109
252228
250623
260311
12709
117551
411803
291268
261704
190954
89294
35849
416920
110313
156384
183034
183467
180678
182647
428096
144660
155606
45042
153229
193121
172649
6025
417702
117191
259211
164169
13510
423306
173230
239627
418699
253912
258064
426862
191844
45632
164633
247268
194649
261810
236258
241154
160195
409605
418015
155588
11799
163677
154385
184013
171536
180650
12807
249104
419421
41782
70888
111085
280549
190837
118537
416746
119369
134309
48701
5540
116091
195168
98216
54605
250841
157886
91705
5973
192844
759364
117533
252324
258555
183703
189369
424583
36313
186954
126063
141314
9934
33999
252595
126039
173196
42113
419802
141883
70348
156978
430604
94390
142744
167256
126263
148497
264138
261019
194344
759450
117885
14789
138819
760466
182306
85986
172717
19622
189223
6003
138810
290123
25856
137484
194803
138561
431965
144326
263091
182043
182924
148472
99980
236331
257174
136225
118720
94512
130645
165896
192896
409959
32324
172095
433216
163668
192789
237176
260147
148717
193176
192792
239630
185194
257167
430564
183700
147296
119310
243929
187288
144587
260721
45986
171678
47508
159874
164999
155603
245154
193853
185617
93260
190177
21938
171120
152786
93586
128295
417502
154403
19623
134513
91530
116082
119383
135827
54614
21928
257312
248623
260768
230361
154936
172646
183231
261552
182772
167156
261901
429967
52070
189893
235757
188491
5965
248046
128292
415227
416911
760019
258470
8418
180739
144983
57895
259743
120559
37472
188789
11053
186535
35917
4659
262601
97940
252242
243407
152213
249101
126036
418502
11656
243660
262665
17632
190476
259969
186480
34775
36993
240920
417694
126089
126191
138392
159857
261855
710030
161323
122844
146770
133399
187516
8622
117195
290722
57740
49856
262460
192360
157313
5617
186500
433221
38159
191567
116653
190046
138971
180745
181522
241476
759451
5525
173798
260921
429734
182773
182467
64212
168103
166232
145285
19766
257399
192886
91049
290004
94906
254181
98162
121055
126049
92921
160391
183032
117204
237178
499448
237612
188983
416463
98989
138131
31478
153053
181433
431916
145289
262410
121950
158839
430975
27026
252327
144978
51815
36681
418500
132732
189122
230352
291105
162647
186767
136790
93254
180810
51419
97898
156185
250621
96185
161352
416922
262284
172718
192981
234592
11919
126050
181217
99511
245717
191841
96195
161808
174556
117618
152796
230463
173976
17636
260687
421285
190496
136575
156529
291280
156617
290626
260503
49874
150366
118538
47273
37693
149166
423443
98500
185240
167158
259742
147686
184564
254293
95072
160113
125345
186527
99045
250278
187613
239584
421478
17097
244108
255579
33244
173855
187284
192004
170291
160434
39033
148790
157050
417680
262624
37653
180651
191118
410814
262261
196471
59930
245360
185373
261223
418185
192315
429189
33231
421246
190043
409465
241404
257397
97388
245497
142436
230347
49857
250182
430576
138689
248892
188293
257526
260243
290981
128229
253099
149147
189125
194618
33476
5533
37652
22991
193865
169842
189003
417962
93547
241010
185358
249067
164377
5306
70762
135032
182922
185115
145713
241940
90723
113918
90662
132520
230327
235897
4660
115219
164834
192560
190225
54234
252008
186884
159198
25860
22938
113921
138548
413823
426404
426030
430751
125989
91819
423444
193173
31760
186664
187343
257396
260051
191842
172013
230420
420846
93772
253365
193401
419839
247011
120551
247723
251869
411239
189902
131358
257390
141293
290285
155874
259801
431393
196053
115516
70077
230388
173103
35609
417940
11915
138468
191117
17711
173821
257746
8847
253320
230428
99617
155649
164771
163192
418014
17710
5619
154060
243598
157957
415605
90724
180987
166651
421179
125916
171119
180677
252426
137854
169565
136241
41073
281088
33168
186768
261357
236262
258551
416924
281498
33426
193357
239721
163881
128079
249083
237929
422234
126214
98783
136045
180741
259203
8727
185248
145359
261496
171596
290894
38733
409837
169983
145187
111084
37510
116657
380344
236004
419162
33962
159670
122798
243862
93026
99062
430974
158104
156230
27177
54878
290125
172081
158217
117417
425122
115520
105976
172709
188195
186711
163976
134082
134031
181839
165451
187498
144744
145835
169756
37489
189848
149092
97206
420132
156154
130794
118548
290124
91837
267278
33477
46331
169231
47490
416993
411756
180943
193031
98954
111099
93207
136489
168255
239298
172712
235859
248187
158843
149160
91240
86005
239801
47821
184983
63894
183113
76687
185473
241362
166201
95036
235712
38876
195826
194388
127154
35611
259737
159136
33170
14669
262367
138779
415825
6521
172698
237543
127953
253586
195267
113357
260920
261689
98022
154189
237281
169751
182566
162227
239663
111094
245495
291311
122294
254294
55070
143039
119170
258548
169452
188047
259270
258503
409647
253386
196326
429877
141710
248650
172647
162228
153242
147659
91468
25858
193646
170911
415028
117559
50225
429181
174151
29905
180121
151557
234580
77259
185244
409511
433077
241330
290118
185246
70219
188790
186209
46853
190927
157674
47288
246501
257380
12816
421988
43115
13887
93973
183600
263033
420131
186477
125583
113153
168703
5645
14761
188423
190055
259349
196235
19355
99979
257636
391088
45263
280825
259141
147229
261222
134312
169619
236009
261551
416909
187614
8749
109376
429404
154454
237575
143968
70799
247294
29813
432201
128052
259159
70082
194466
420183
183812
128064
432121
291107
113474
185239
118004
89940
192807
8700
244027
259364
117531
158486
191510
5602
257382
230045
121052
155226
428738
192573
258061
35856
137413
411925
39034
172304
193859
93382
99478
413086
25065
157871
174149
259350
187287
156115
48698
141775
252361
239060
191530
185354
163940
433183
195401
168101
146133
247301
149216
29881
257702
239360
186495
416885
112295
157407
136395
144319
262654
160281
138975
430565
196220
29936
8669
151948
189204
169876
124245
124888
147428
290622
193408
249228
98096
196113
195978
136347
186776
158769
409833
415487
96171
183104
259351
280609
192324
194814
49124
187615
93820
133344
237964
184202
426097
420114
51817
32273
153745
171540
189892
156008
173732
93626
187999
267275
164983
160888
64214
98975
107098
182424
147505
38625
167973
186170
76103
259770
241853
33401
156015
190820
422797
247675
97077
260493
894
159444
97554
93985
138549
147211
267277
124243
124889
264721
125409
230250
262655
144672
126190
230132
430821
95319
137618
168117
159135
96108
119348
192816
141318
237583
419069
195757
426371
237576
153967
422618
235840
113734
11254
237579
117424
156983
38095
35916
261643
94902
122934
258598
167999
113002
290457
5297
118412
118449
154457
145434
113358
156331
109556
98165
260984
155596
194061
15656
413109
70660
161537
76697
247827
247871
186975
148769
415695
155279
257829
51693
147490
253762
155390
36740
162287
290131
127994
31429
429416
29700
45267
261134
93747
246050
31452
64215
259667
420421
421645
93448
413528
257158
416916
115567
172662
240015
421291
146372
145254
133348
190495
190744
36691
167921
291613
429033
48900
107273
252619
144943
118511
54182
418735
148358
180689
104625
191561
230516
258775
230973
190644
248169
45561
290829
181687
189927
161999
153738
126086
145188
173062
157185
155464
247584
29907
248056
172654
240107
154460
254261
128410
422137
95379
13888
45044
11803
190691
14954
38227
257770
52137
51667
8624
93871
118387
421373
249049
145222
259068
154479
36712
239281
409850
237965
4662
253948
162403
189800
31501
98664
37650
248048
47921
14618
101279
261012
251566
169035
27606
148789
136202
183750
5550
258751
184979
173237
180670
255643
418045
248804
186479
160094
173330
99984
143173
133132
30141
159712
195827
409710
138900
428060
171482
193098
243915
188126
188704
149280
263097
12095
257405
172084
94952
184073
98795
258062
250281
155827
91254
122932
192793
191132
49859
190536
259241
250629
255641
260004
172285
154935
194802
142385
185474
34797
249817
260517
247051
258565
253321
19512
427597
124996
110041
90717
159647
419212
261548
154320
14728
194431
433267
262365
185369
48359
8639
145321
172735
98027
258739
13425
167903
19356
153720
417044
243500
428059
19659
33688
154073
422523
19744
258615
417678
156963
191519
93827
251942
429880
138805
123598
425726
131829
97822
159652
92543
194386
154455
128051
55731
163277
163745
92501
281412
235838
253208
252088
151448
192155
12810
170949
192227
55660
172094
19720
113004
159729
183731
413809
169023
195182
183615
230378
432114
126193
167920
51820
172164
166348
261569
427232
418130
154940
191284
57017
235800
191136
132225
417499
193107
135348
111131
55226
194499
125908
249103
125399
157284
253387
188801
153973
238908
258475
188405
138380
188729
239052
144585
145715
183733
187730
409566
181699
37463
185397
90716
146599
136839
37654
252391
160062
259342
109171
70092
36775
154716
170198
49090
180814
413698
63888
230415
420193
193354
180738
64213
422752
57271
5305
174544
291577
429501
418967
164981
247190
55727
280997
182188
145288
266272
245011
192175
416601
101867
118728
173684
120478
262426
158586
149168
187800
409735
291114
155229
38958
246575
186810
262935
194381
159239
113001
163801
152559
193525
33353
238903
91676
247545
246738
5560
148208
246054
95608
94963
193625
14684
246218
172082
236269
415735
259748
136354
261870
118858
237888
235756
5748
236010
417040
167031
418436
240669
260198
143273
188372
144981
173729
238495
432978
181044
155336
258712
91103
117324
411554
243863
181152
251025
260522
158215
180671
33424
98898
143291
161427
423736
291563
239579
291143
154986
183500
191556
93903
123144
257173
125986
245366
111347
422795
118599
173182
434696
29913
419208
188546
163410
194736
263104
119362
185109
194926
156423
189004
249820
96522
238878
411415
170329
32275
243848
281758
97620
160444
125976
185139
160038
240278
148778
260777
253919
422083
259789
257579
186860
141683
120577
257531
153419
42197
263090
290367
115720
91823
259383
194770
136571
107081
248973
169699
55483
290126
188799
119364
137569
147291
412048
115813
267276
161764
190044
250114
195987
184972
182933
43116
116234
258187
184168
5964
188093
42765
230465
117723
148767
280418
151522
47617
187066
64073
36193
147485
159656
253788
189532
119084
187927
92042
112037
17635
174555
426761
252989
174576
246517
253197
36715
145955
11051
149241
247585
165918
168856
91077
257222
247267
169381
192988
248621
235184
116352
260926
182528
159645
245688
64071
426868
171590
412257
426869
163197
237712
412840
184586
118741
413251
111732
182066
119365
230432
85038
5488
51666
194602
411462
409596
37624
188370
113106
415197
181742
291326
172653
51487
153688
12474
132577
251625
181219
96318
189115
120010
170674
156002
128297
181571
151733
251024
37484
261764
186592
249081
174378
167997
195992
291110
418689
90663
33443
416655
154723
122038
161357
70254
247394
193016
37477
418016
190489
415225
14794
153108
93502
236005
236867
259764
118445
412043
22459
181301
415030
159659
190175
153420
152248
114250
236865
145299
429875
291146
433182
48881
144663
192588
119382
118535
95318
93630
124276
193620
162759
246410
191849
93726
119416
173195
161575
182567
431388
759689
118857
42237
195189
184083
165163
8673
138176
32605
123153
432353
152662
251383
194377
138132
136069
238005
22969
162400
247641
237144
157035
181665
111082
38155
22456
259005
152936
32223
99298
182191
418693
15918
151494
261237
409993
35027
126052
191110
138978
32497
94422
417695
173197
263022
168115
257116
37689
38764
93476
251488
51880
186251
142165
147681
239564
51812
425725
36679
90720
90040
253395
248546
192321
97069
253009
290042
48784
153333
194092
418210
291108
192729
7845
250846
193043
152348
18231
168102
253198
125149
8399
264503
409715
125267
421480
143987
5567
267273
261133
414179
421217
147347
45571
155335
168095
423442
180656
90323
164216
189123
194224
186483
172694
238564
291103
236638
31416
172682
126266
73717
131848
193454
166990
257155
18512
125410
194260
134497
245174
759449
32836
118509
6065
158763
123488
152556
426095
156092
169380
248015
158185
237408
156961
42101
21932
418745
92920
182918
113299
237999
421822
156065
261860
416918
258065
99300
267201
96140
12819
186660
162350
151447
155619
97551
126213
25291
188964
193228
409561
169935
115750
261682
187922
42361
165667
34767
245293
33366
125582
17778
166231
166136
429208
265024
417384
432040
258258
117196
19316
188369
260135
235801
171278
119290
117786
230249
192980
173751
145645
119277
180666
230414
155032
429034
187555
106939
117410
238607
238806
169601
160628
195438
250654
258713
73670
105982
291254
247870
121968
291029
59743
191150
253424
417215
168855
118842
196475
168444
96170
156490
238892
245291
194418
240021
162101
246251
133714
248473
126075
280622
192356
126306
290886
191326
165700
261685
257488
193995
417701
24889
291301
154090
146114
140784
147911
419441
180842
73675
161028
54664
29987
159445
248173
180363
64203
260505
154686
142498
246042
261945
419753
153900
51895
153461
164227
14955
121517
119333
257043
181021
90324
185185
252016
184166
125323
249342
183331
181397
261547
99916
267741
193432
107503
166158
101277
5338
246226
434514
260501
253375
188706
163486
418659
250619
194763
391131
290895
32236
189520
193997
239050
250210
146780
257493
247237
186540
281315
127068
237854
195344
246397
192350
99306
11786
252564
123154
186969
133437
236032
47820
98472
166653
163913
413501
759797
97998
185619
235855
185849
247234
412508
55229
186712
138480
163566
6060
238545
196120
260489
280946
240907
29699
70259
257931
419805
147231
132220
237318
181220
35905
97633
144756
242099
99987
167040
230413
426550
92214
96061
113152
164636
165420
415196
238153
11653
416275
111384
248150
120572
185233
411758
166836
250863
167996
180966
127043
38762
118390
113108
412159
196221
237962
291312
137409
106937
147397
124896
89939
246502
291028
85035
261274
173190
170263
172663
144476
258909
429169
96954
237860
172024
49830
98359
194745
9513
143985
174527
11640
415027
180684
118223
91253
190748
247017
113914
260533
160041
429472
246266
250541
70081
163306
159908
145097
51814
14854
11259
759462
35929
247048
290455
191652
5535
145181
99081
73680
163438
230181
185234
240749
112389
146141
123791
157138
163437
191131
290989
191512
119493
131999
90427
93906
186181
420706
171586
95315
421209
142497
145186
153240
234594
37388
237163
17667
260262
158101
48902
93687
160010
173731
252791
194762
34895
193179
8405
144746
173479
155761
95697
247026
159189
187413
196178
155447
11555
64447
426125
759691
31598
246972
95899
127061
237766
247639
188751
413699
136300
94889
165701
195823
44434
432904
39016
95616
248723
5650
194964
37697
185238
147343
37546
119415
154056
125152
416886
249823
93255
236330
257387
92216
109468
247391
146190
291510
63923
155388
195845
243656
193353
187650
95956
247667
418850
47786
159156
424343
187069
95561
94900
174152
417684
5549
415223
32364
248807
174270
36927
194514
240775
35546
261136
237141
131346
193364
185196
180576
230224
252071
290811
186595
418861
258709
416461
30301
250535
413493
237065
414343
147910
253779
189364
122297
182921
193174
248177
93400
290014
230766
168858
281499
14750
59881
152254
156135
230662
94520
421131
251136
251842
98617
290006
91703
230013
38750
250303
194967
261624
159851
99291
181732
237928
290992
7787
262366
19757
254201
70238
426554
119344
425873
130633
420226
158764
143275
137132
183116
117895
230263
238685
183225
251078
254013
427042
193676
64146
119538
157780
118746
238688
117412
168734
236266
193123
115718
380356
194969
131550
189042
29771
247242
62817
43832
189348
52087
34761
145347
261857
192581
126174
150367
416204
194515
185285
196238
257386
192979
424887
172097
190328
427639
195150
149134
253772
170775
182465
98961
172656
161854
47537
58917
237116
189006
246100
76690
64077
172677
163393
192357
29916
181239
187278
145190
267272
193165
414371
188912
171029
45740
240917
42128
192032
291634
135349
260488
245867
426340
70342
251589
34981
136224
162223
121147
17320
94998
160753
162593
186050
409796
160096
239151
238112
156136
103771
172660
127639
164481
245793
92793
96162
173857
250367
126189
151827
191578
171484
194343
152463
158196
32604
237966
147444
192033
160704
245010
34883
183465
152661
147355
51819
185236
412777
172691
142745
188827
172016
247023
134203
91078
173607
430699
137568
187729
132836
48561
237199
96521
411801
193403
245496
90318
99056
186326
153717
418272
413697
89726
247412
190928
195256
158219
431822
188446
425458
253479
180041
181401
192359
164956
157397
186729
190827
151890
424860
148786
261683
192808
138195
133690
185189
193363
259769
422540
423773
54226
261558
431021
237153
142743
165804
230277
98220
154942
133346
35032
172298
117583
423255
132013
236061
250212
280735
153976
118650
52077
63922
170290
174409
157484
157400
99489
38628
66931
415567
94839
90321
261565
163485
419807
95129
55033
236012
166114
247397
126068
150096
427049
161002
420224
165419
109465
145290
258910
422044
259860
247581
98505
184976
241337
412258
181745
416743
259209
117384
115731
33686
155067
172299
235937
34988
163878
38872
250795
246227
144826
247328
101256
55741
11789
241842
249096
91745
182768
171404
244040
164697
157651
38861
33230
11649
38201
262196
122387
145956
149277
421477
253776
243382
138700
252270
257220
116001
188624
161348
262936
195155
8521
246385
187649
154250
247720
154147
380384
188411
51441
12639
91820
262846
117620
230583
173590
172679
155393
174135
413854
189921
112264
417048
146065
422653
136569
174554
96573
254069
237692
238319
249160
240860
166892
107006
22970
120576
413988
243659
411442
144325
142742
191695
258633
158940
244206
64066
164233
182426
37461
184340
134214
258737
173823
95930
427234
35020
147527
96993
155559
182252
416531
250185
159312
260245
96174
247579
261416
124999
165453
424900
130885
90607
189900
166346
99044
194594
189008
290043
155216
167642
131332
34822
230140
180039
147083
160967
190802
125540
93558
409808
281753
195398
143928
260649
70801
247519
54706
261846
134083
238488
191145
193528
56231
152208
260150
189894
252696
141709
47487
236353
237713
146062
70911
147391
416917
49599
152038
118736
425125
45046
124721
250865
25058
97504
121263
38771
188102
90711
245185
97944
143046
19989
125407
239231
261550
162575
98402
132637
247247
243657
174189
255446
42202
55949
136222
22968
95559
188735
38981
174552
172659
8632
143485
185218
89935
142807
152655
168654
263062
190054
240014
117702
45043
180674
245868
418908
161400
14679
25062
150093
247193
159697
99267
245806
419211
249813
230636
34376
411483
181679
158244
14784
230944
257217
150759
291080
173793
172616
189005
183748
195265
11618
99631
6030
139052
160443
252132
432041
14764
252940
36358
148496
164758
55871
161343
158218
45742
155386
191575
423640
34131
421820
248181
187201
150808
237191
261863
92974
291222
138683
291132
188124
155906
180680
168706
10903
118336
144082
170784
10624
174471
193532
290983
153070
258242
184342
249828
153909
251139
158863
181701
194740
153716
180663
173200
139056
192349
149087
246041
415518
134372
107007
183091
172092
95900
161001
8881
118785
155368
159154
291256
182976
165494
127494
11651
415606
189794
281752
51607
185391
411481
193411
48756
422264
248014
180841
155822
112139
258115
257862
131937
247509
185287
181682
186651
151694
194243
413034
37576
415565
163679
190435
118855
122959
37544
196334
147204
142198
422654
32270
153528
195860
186152
101765
136670
153344
47588
70531
191045
261718
33184
19284
163270
238222
194756
189901
159168
132921
107498
140082
165933
415997
167702
258564
235804
156582
195355
261034
62626
151748
98503
170035
416921
246217
156531
186862
159105
181659
120556
258113
157658
181743
138800
145838
54214
97908
94504
430630
413529
191112
147389
181519
144673
237379
119270
93823
168257
26296
245364
431357
249098
196419
160033
34294
159630
172711
22465
132102
193950
257394
183632
163280
424342
147427
45770
13424
19131
181223
258922
148754
37491
64216
160447
410838
91691
240476
11637
116290
54681
163926
171448
17804
94960
115805
96765
6017
248658
191467
258936
419796
290751
188160
26112
119376
189923
16195
17347
93628
249989
184217
259297
238901
290749
192589
160928
99608
257470
262596
190058
252275
416985
172515
5982
263778
247389
188469
145890
8753
91081
167906
415498
21930
97028
36950
254213
55456
419048
194767
248469
92577
173327
431580
171547
417412
172703
237175
291575
150464
157184
47856
170052
162220
432947
413174
247239
248139
115524
252273
434449
5519
245308
239048
188157
188288
95459
156009
189903
163850
92986
380483
237192
48242
117886
156017
37662
419526
148063
152767
249832
94870
429207
99548
236088
188366
97503
171474
159396
144980
414365
190432
417324
252322
91484
174610
33422
19741
124344
165899
234590
173977
254071
186598
186662
238894
236144
243951
195064
34900
241869
51621
35610
241870
55728
99073
168106
174450
236264
259783
185122
48348
84239
97403
238218
182431
267195
420420
259344
159447
7218
33694
241387
133890
14778
173531
244011
413391
186406
58521
182201
119345
244041
156409
116608
21940
63890
39156
171731
117649
115717
432333
138401
37579
169985
24927
415337
167144
186526
172372
41694
142496
98287
171108
156016
51488
120573
39059
145865
230180
9438
244198
89938
237676
251651
258547
185476
5747
153977
259401
113005
14667
261644
291112
38827
89946
259887
161421
235285
43117
431356
36929
142639
426407
11795
262672
33175
419747
48174
258259
426167
113417
33337
55224
430571
161670
160114
149050
174545
109793
167714
147205
132424
122804
92768
188736
98911
144794
90727
187068
96973
238723
186564
429311
140984
255578
759643
418488
154915
253377
145274
187339
182935
118710
34773
159448
153350
45266
251847
166137
168595
239830
31927
264711
151756
36940
192991
111840
164761
243319
195865
180865
429520
192209
73671
158213
32269
255459
94898
140497
245608
171537
91690
187728
162752
7394
124572
23494
266646
163251
248277
135823
237403
138746
101870
36354
70620
261605
257713
428699
245025
99290
27176
130082
248720
174079
173184
120106
252244
422533
117184
160018
5616
190540
259957
47543
430616
189384
257764
195123
143974
143653
253946
191324
433308
247975
163772
117758
121226
432203
148785
162645
187348
192275
95494
172667
51344
230600
154757
238550
17633
98878
180737
161578
146375
145251
239693
101283
43083
142223
244303
192339
411326
186777
158226
423941
164586
159714
380386
63921
99353
162806
47486
29877
85030
96958
239580
246099
252962
290040
425845
116003
184978
253843
133315
119204
185113
162658
136041
416586
117812
38860
63349
120080
145292
237147
70534
230927
155909
248561
181215
118414
192409
190743
91287
55485
238046
190746
136488
34754
194257
118626
253196
421959
193410
14671
125402
97992
243413
143885
162886
120561
191465
34197
191990
184973
189911
133338
48957
7846
170628
118016
257159
148758
110021
110317
249941
146778
149088
409872
419453
160966
230537
411307
426863
127513
134172
253267
37627
190176
116665
416124
37821
180644
243384
19178
230179
45982
120079
230580
138847
165683
252998
195633
128228
190348
238864
97997
188798
132584
247019
147738
185712
432113
290128
182253
195258
262017
118721
174612
152886
64069
259118
184932
421178
114258
258109
188622
158223
411218
266257
185247
180679
241006
160927
238725
173788
241847
182771
238805
39061
125403
244204
195153
117648
262325
193433
252951
255854
181670
146138
130099
239227
51598
266259
248219
141254
151843
172539
184234
261573
117432
186051
90667
194430
193172
55223
37656
142164
147421
153411
64590
96192
124890
263106
290287
421903
240339
156528
160707
257310
180157
12475
191146
241405
162743
241365
239558
188292
154411
190724
157384
134381
152795
249720
423772
243414
418738
182434
416926
7829
132221
260608
180867
63919
46110
165179
248806
427635
174446
194980
166796
423660
419479
155281
159646
194461
145275
422652
249004
248794
262174
230747
248662
413105
54793
162402
290630
185501
5672
93112
54222
38850
11800
258632
109416
98286
245362
152209
130417
96568
230108
173344
37490
45725
38748
134648
156064
237145
138799
427174
185101
421011
94546
260531
142846
64132
434079
70661
117202
137421
290121
111104
195484
172282
162191
237927
155916
189007
92393
19133
416868
49604
195991
184343
31467
260510
267203
191559
92222
191046
97824
44462
94951
97096
187283
172303
6006
155303
171136
182953
96744
90439
413731
261098
414355
4680
138842
31804
138972
290748
253998
192364
34002
19632
257872
51389
154142
98366
29762
29918
158247
136832
184162
122663
126310
11050
130100
165061
8379
247532
162829
427181
157315
253248
10672
237146
432611
70347
159854
245353
19965
427670
414558
168705
58470
8668
190468
33324
11730
193177
160160
186670
137411
32276
180840
117523
155743
25857
45622
160887
32161
418993
134646
93901
147567
173095
91337
32873
119378
21937
159149
259002
430602
290364
5647
196398
237847
11806
97936
253952
412238
5251
91708
64416
160448
117193
113167
54741
111348
36680
163565
70536
196286
104657
181749
256037
420477
186871
181671
186780
426405
195245
191757
125917
93904
180742
190833
160014
194761
192361
258613
260310
194158
263521
12092
181209
186541
55649
11644
162224
90131
418532
147388
96193
260022
156574
138724
230174
145301
154941
91293
248740
243724
128294
95052
261771
420444
159171
112038
101766
422341
92212
244163
172571
147443
185273
189807
14738
181689
259704
249807
125148
180926
155587
120021
191655
190385
93391
91518
36745
157416
138692
173768
123356
148743
85009
194497
238373
33035
43084
151695
159730
182663
121781
167998
117198
262050
180838
147500
195197
187887
17619
181240
420154
173194
126312
37582
14552
264712
260633
124997
51264
258272
84218
107036
418164
166827
11784
19999
99054
243616
146844
159673
22269
252627
194338
249129
93825
264723
263096
29772
112390
97505
250908
164580
98951
244194
416994
152214
144679
163469
415294
164568
253102
235711
91822
247014
22995
230014
188420
145362
91519
261942
194648
259907
165063
160866
148697
180597
419797
188708
167141
159875
138211
195048
141222
413491
291136
93401
191845
153346
90297
138718
166285
90483
120082
92249
113913
38852
185198
145264
240404
153743
421274
195404
253566
180747
184085
163927
423254
245649
423638
239438
174634
255804
187344
260535
142167
59655
152784
157317
247546
171533
195266
412779
167971
257877
35601
184589
134671
162353
247398
76104
34170
122043
403366
132253
257876
196237
19127
150344
128193
96746
192351
25457
131827
148489
145345
165839
142338
235989
118522
135345
412841
417738
251598
248189
145382
189783
192317
260132
261960
153386
32274
252936
419066
120083
263108
174014
137977
156010
429811
152259
169415
136239
17712
34378
188123
417425
267274
258718
168445
180460
237582
193150
186454
54597
290624
32671
194221
124240
98097
55294
94961
421548
760317
182280
154756
126015
51391
243615
258450
33171
185326
96111
190091
98039
121323
419070
149148
104615
258274
164955
187823
249002
192725
98884
174408
195159
91702
96735
136838
7941
171481
257688
118237
426375
147390
35078
417700
169754
195756
35821
260390
195591
153424
29903
257042
162229
160007
249826
33468
155585
157676
137732
134523
172689
172680
37488
58933
37651
253763
172231
22454
148762
195260
248840
184330
146769
254472
118307
116222
59614
153211
128360
230012
173392
230633
105150
97097
193864
190056
238217
96062
89906
291286
258838
189346
193092
94783
193486
180638
51893
136313
189220
230216
413498
182530
230128
194771
190636
159691
422858
59767
173183
253782
118807
136207
8678
152397
22455
41028
415957
163990
186809
180657
125810
247012
34885
122930
92227
48334
149270
113923
290994
29708
8692
188835
126065
171485
252013
96574
236260
5528
183811
171593
290953
8667
172719
418177
170776
143770
251318
156469
250907
247868
117721
19992
4816
417037
164583
90134
417703
184082
237128
168114
165168
417687
8782
243646
125969
172635
160163
144838
119320
423113
235387
46830
162145
416815
118840
413500
126062
95602
14792
252393
167835
432042
186665
191614
143772
173588
267962
57739
432615
237752
5548
413984
290993
145300
37584
168857
167041
94995
157532
189374
230464
416913
132223
258952
5649
192631
55732
190431
192571
261721
431391
122295
196111
253100
253103
409615
189261
31803
253423
48879
281083
182069
99185
171473
148490
194051
258273
159428
267200
237693
144391
165169
289986
246000
180168
172516
188441
257285
165410
119366
237889
424582
291590
194979
37508
161772
260239
250282
5541
149182
37690
112399
188641
133724
181227
187822
93821
73678
182079
253356
145119
171112
97501
190327
290041
240748
183616
39032
51692
124995
248545
253764
249419
181841
419439
253855
153099
37694
230214
195862
187504
145429
173228
421483
134029
90702
182908
380389
247018
8838
64408
408970
234586
422396
240155
239059
257331
171030
123491
98495
36682
260924
239223
158372
259762
156535
99982
143967
164765
426096
127642
126056
427393
240006
117560
45947
169338
46136
161669
144652
133892
159408
149175
236052
167010
195405
411541
163774
421620
183588
430132
171546
191048
45589
410999
238549
29710
279579
417905
51818
81950
180658
144786
238907
238340
236333
195825
126260
90666
159650
184754
118603
230337
153722
236073
193484
258614
6020
152451
180667
90987
158229
244249
190590
64218
135181
126211
258721
426168
246092
192176
131611
163882
238638
186279
254068
170907
155550
38832
32233
432569
34059
118620
259665
139064
192475
259238
253488
248676
195164
188635
41719
29668
230976
189121
251941
97533
121105
115521
126216
155575
121225
148742
143274
44429
240573
143871
39192
193792
248574
249097
5521
31794
249071
163722
95820
162222
97068
191351
173752
161353
112536
421290
280996
257873
11641
145309
93500
433238
167039
94901
93363
238879
423136
186227
121224
237162
245792
250835
160999
138576
122306
431354
184145
418657
239119
45739
161645
411276
5252
5546
421818
91294
173822
19353
159663
259348
96125
195397
191509
33221
165665
93396
182194
258773
426169
33478
99621
238606
236067
258299
155605
258692
14765
167640
236626
90512
245687
5270
189890
161654
418862
22457
262092
135000
106938
98892
93987
46314
161876
239583
167890
148422
173606
417039
280849
126070
172668
412047
418567
238004
55749
419774
97056
99981
430364
195435
115733
137836
163797
94871
184414
189929
51915
160035
239593
144668
64067
131226
257525
193093
119265
173189
54877
51614
151706
14811
59764
94392
120660
23158
133347
148752
426860
257406
238904
260509
237858
45262
144945
154228
257316
19740
193404
120100
429966
93587
55699
141580
118333
150191
128409
117658
34266
154412
137801
188163
55695
157563
118806
195989
90199
190433
29919
142766
230699
172091
32874
194189
189015
262118
249723
185393
259115
432256
193526
158225
35808
127951
168998
147080
155601
154252
112397
195151
412494
70230
131528
92034
96000
172378
125977
262848
125999
173191
11920
266688
194162
246731
291324
414081
186272
430972
150806
246211
248809
173794
121051
185930
38964
147484
153971
252027
238544
149278
193409
185098
99053
253517
12006
257333
90019
260487
55115
237115
139060
243411
185116
38824
153349
39191
29894
414357
248883
263102
182554
251826
70215
409840
192597
170687
425440
51402
84223
152453
186663
194925
261861
189970
185822
173054
264191
42736
93742
258610
174295
99985
182767
237710
113006
418501
181236
144655
239054
193473
159766
239448
188792
194384
252011
195532
159649
196472
48362
110020
187882
8675
91261
34001
96969
99047
260866
262419
264533
94959
167639
186735
243366
90506
17339
181207
115523
248659
193931
259363
193500
92213
114309
96558
418686
184977
193422
238372
168094
136935
70256
185146
18516
422476
246017
154468
243379
114313
25067
110083
162957
117136
48347
433079
29741
112309
31510
146066
127512
253853
138894
14882
14989
167891
290127
262997
260779
424920
172511
5515
195396
248563
31417
261566
97072
188833
258477
181127
246400
247027
130791
183022
247527
125326
29902
155752
162384
252565
414361
118278
433268
262081
431052
191049
246967
180672
182769
158224
42734
126156
290324
432207
70797
419739
260525
146956
409530
291262
251939
55663
252372
152797
192794
249102
246094
131152
230379
138699
188166
90055
260775
246193
45555
188936
117753
235807
153251
168707
247000
258468
237963
884
419611
107084
126099
147739
166229
192987
59770
428744
247949
120109
70083
165932
51790
418257
194160
431027
117785
425442
418601
249085
99604
159423
186956
259006
92913
120971
425843
230037
153744
95917
12049
161856
194635
96571
194053
154251
257379
134307
281680
137481
145346
91785
257743
38856
189350
172615
36770
21936
240958
90384
29920
249089
185094
132491
98284
159695
99051
267403
247010
246215
8296
22452
64068
130344
160013
48339
122933
239728
279594
258173
170675
119008
165455
96167
35848
170868
37291
150099
194744
98473
154664
267199
247523
257165
427686
55740
263031
19634
46103
143870
249100
124120
411448
120346
241424
237111
161146
409852
93047
193506
11790
257377
290122
118601
173856
136044
411022
193737
248132
239718
168256
241657
155116
5537
136506
883
291636
150315
180533
136394
117192
230264
260947
172277
291631
189873
250246
138937
193745
253761
230591
112294
37659
189209
117183
101764
163733
5576
191019
247029
138562
422572
162123
163442
166793
230044
115737
188371
170465
190745
12476
183590
167685
189120
33669
188984
420672
427388
35159
259775
194977
14883
154416
31940
260871
193534
145283
425441
150241
173682
160442
260771
7768
34992
415488
37698
422574
143769
163278
759452
156067
165423
430695
185179
128237
98277
251347
417692
29687
57060
419806
5119
122961
51685
123330
21321
122291
417698
431957
147726
258631
160042
113912
164699
431389
120555
89943
152563
194759
237887
247410
258710
239058
120554
136077
192158
145377
190831
12707
149052
238884
188725
5961
162187
116660
194743
189461
147380
90018
111096
290986
183768
123220
260999
247332
235808
124232
172093
239717
55738
418743
126192
157139
252089
261709
246981
160893
125744
149183
96730
195046
184446
194433
418096
14777
380482
145083
148421
180690
159291
416995
251602
119325
124901
97904
418600
133375
162958
237200
154981
230363
14800
234595
432199
247392
157610
165774
51596
159123
164957
250356
48231
126090
138553
153756
136071
230215
84124
159855
172676
136811
19281
411476
126308
91076
155621
415950
173605
193789
191430
162266
124790
188754
130101
259951
195261
172096
169469
174337
172276
118724
154467
139001
184339
251855
247408
259774
194434
193647
281750
134647
157418
34799
17789
112036
161425
252425
423653
255806
415051
192017
409856
113000
9178
159294
291591
173767
243823
147415
186709
174553
14615
135905
159426
37580
137851
180740
136566
195152
251498
185368
140987
239053
258736
51694
126097
193504
64080
47411
230227
193329
32566
190668
162144
239283
93814
54227
8297
169340
159289
430681
421716
37822
133429
252137
141035
230130
247528
248928
250280
257048
47614
48787
150807
5529
169982
150915
152880
111969
107083
134713
44443
26316
291281
261533
42970
250252
172802
118582
139000
195247
133285
167009
137136
238335
161647
155539
421109
189201
280551
136505
154932
172025
190329
98891
250534
194244
121222
137852
238382
57782
138818
180370
160155
99043
147065
416321
99061
237177
230377
134522
173199
136226
418008
184985
193863
14790
162165
13513
183033
185472
263099
419631
48883
97480
253773
414354
191847
154461
155123
163941
422718
281759
156119
186811
291632
413224
152785
135104
180647
252085
158231
257164
10625
280793
170293
259763
63895
244010
156532
125324
151768
144135
45746
158157
93727
248805
36970
251657
125325
160505
34129
151537
11798
180858
249811
247786
148779
147507
169025
411976
173109
249424
162360
424151
64210
11996
195976
98460
257408
189930
116515
37289
132731
189951
181509
9143
159159
94759
166922
146456
196333
260136
136198
85951
247243
230280
252047
156584
194251
417781
252933
35930
11599
237283
99340
132366
17727
112680
99533
246522
261400
258516
12974
90841
180164
63903
244077
96001
418687
427389
230592
141700
254302
185471
169095
419804
155907
196112
163775
33444
422804
253565
238876
92102
112392
182040
47622
187340
130644
193505
157367
253786
55736
55725
59808
93816
195993
119363
13512
168005
36743
246968
138682
259032
157052
98883
126079
123857
38857
160703
432380
423409
127510
182468
186539
119274
138815
258102
759639
230350
154679
124370
414174
260527
196328
195190
139049
21355
32340
85064
157678
230587
163461
281674
241475
131344
418746
51404
165705
260529
38763
181480
121146
173041
252421
93364
99626
241844
161395
421272
101869
97781
94873
259340
172297
430593
239289
39198
180988
433277
194161
33400
122300
173450
260340
262094
192883
168141
172674
153867
422587
154928
19899
186778
152212
423131
144134
18747
132425
237406
138708
171498
143872
413696
194342
417739
159152
421277
250839
195668
131078
165900
161407
185237
261604
161648
184988
169482
195166
245655
122039
96945
165719
160093
160090
90319
237930
184198
168100
257466
191322
92538
246221
152345
32221
99442
169988
172687
158105
167919
247033
89934
290884
107215
107271
142113
259161
174289
51397
152396
36697
189060
183107
14670
187429
121195
258546
183085
418691
185401
138595
183635
154316
421917
419736
280398
189131
246408
164831
30303
42975
174635
186217
429308
257490
118623
98024
120024
191323
253373
34167
96955
191570
118536
38831
157784
258843
158487
430556
130546
162953
121534
184165
195262
131974
291109
187637
170912
35531
188623
166918
252865
189897
250834
159169
249910
192596
64211
241872
163470
90651
96145
8383
418271
236562
245034
236625
194196
156985
160151
428532
181400
162937
188705
262621
122832
180839
32336
141919
252043
97337
189942
141711
153246
419228
188793
11081
260496
257905
249068
191574
187801
159769
409853
164958
419527
64167
34148
149165
153898
185137
188648
35135
95127
192354
153255
31019
120345
128240
157670
167704
249821
8621
12958
93824
137567
64070
136574
261859
192340
38755
419454
134030
93886
17666
261174
247526
172017
191542
174631
110134
416157
136352
90171
416742
245141
230376
119266
148715
55476
160187
249078
417697
181151
195122
180743
230346
118729
290982
94519
243916
118238
99457
160445
181229
133438
188753
137967
165803
5970
138089
124043
46105
190003
160061
19270
429397
425681
251565
97015
234593
154524
423639
92197
259436
34836
138698
37492
159732
258738
254179
148753
150803
36936
236065
248482
237493
12813
417696
192355
121991
45591
118092
423646
153054
193759
172695
163879
230225
427235
14957
236056
174632
291150
193902
125978
290039
259765
239056
9174
90721
149215
8822
426859
127993
281751
180535
8537
162357
11918
237277
144104
167177
249426
267202
429907
291635
138636
281754
418744
245092
159044
164639
189968
37721
142246
186270
112462
253910
414359
252634
186959
19636
253909
136351
194647
261497
194616
160697
151828
257529
246165
190635
236627
98547
132219
19967
418267
251597
116677
152867
156307
37509
247329
411863
137220
97435
290379
190826
291030
151639
95301
182045
239359
247236
125595
162356
280736
162007
94926
150802
156579
161653
154758
8385
416358
134380
181467
31805
85407
11659
95322
259766
416713
168422
95654
187880
109460
236013
252166
99627
5618
254048
128177
159658
5558
11638
290896
145304
150760
238367
290872
251483
173010
142170
144130
159046
126204
426870
237998
92536
161018
8655
180692
45040
59920
39065
247259
187852
417380
25063
192957
243838
238219
252935
149085
159155
146124
158228
31040
182044
160161
252514
153905
185846
181520
419798
418645
424861
254058
136043
425661
114310
169434
12809
135072
92394
230110
180661
181211
188307
47539
123825
249069
250093
109897
51725
32298
127544
186434
115719
169545
248549
168143
95999
291458
251140
230560
174633
257768
190491
194138
253418
161561
128186
91876
258519
148918
248261
92444
158230
239221
99186
126316
189359
19198
159731
290808
247092
174171
173452
44380
33436
157671
35022
169998
421210
142730
42766
47590
168708
260700
118057
151546
120557
421821
194390
137482
428745
431617
112007
153244
98289
35872
261862
194248
262990
96002
421482
252186
248554
158195
149033
117534
172652
7220
155598
258549
428533
76704
237926
97437
11660
237819
171114
154933
165421
181515
159778
158216
159420
192595
115716
47589
425844
186142
260361
281413
262661
169559
9175
237202
188321
230348
134645
193168
99988
190488
136067
254050
128293
415566
121166
185100
97502
268018
259165
250357
425659
417686
417953
143887
251825
237961
12007
38749
123782
245085
245355
55737
424154
411859
253195
187585
259075
22472
57127
51808
117582
182531
114314
191327
12633
153225
433235
28431
154087
185193
253390
33232
236006
11783
117199
160021
98962
195486
185235
248620
253367
186861
240038
133111
258772
120093
194159
252538
185616
195047
257175
119553
98429
70196
55713
130782
19144
138761
759458
261494
163271
238865
107574
237748
114003
81437
180652
36935
38982
246216
423855
126318
172666
195970
185102
160040
24936
188752
92922
196179
63892
258938
429191
281375
8493
248629
122036
167684
134964
32278
32237
185542
255849
32267
194387
172829
190434
132222
262045
428429
135718
148741
125991
421488
171532
96316
429205
73683
143966
430566
190048
422744
252632
9936
241011
152620
99915
186485
252010
250656
97906
161643
134313
110315
93986
156125
148766
194240
188373
151556
125899
159770
92612
242037
145293
263032
117787
230358
185371
143773
5566
138804
163773
4835
159151
230549
138780
134961
230103
156773
196529
59763
261020
155712
132718
155394
90320
194389
172639
403511
254301
243497
429405
190490
133281
173791
240665
183453
252213
249074
261043
253770
89947
253366
119446
64415
168704
230354
154692
26932
45265
155228
130415
8880
51734
153223
113924
37483
38942
44474
169456
188367
117756
119244
180033
142166
158212
161426
172648
172015
240102
243644
412842
107543
113151
415596
136242
96163
113369
186593
138693
230120
121530
186781
192318
109559
5250
257727
91082
157777
95876
9443
160498
90448
187202
24268
97921
11515
239397
138705
89841
251015
173792
254060
91946
138848
191568
185867
131849
137293
163744
181686
4849
230975
422796
429406
97070
133430
180744
194752
42155
29671
99188
259749
194772
261897
291139
118545
262680
51426
97970
156464
156994
196216
250401
185475
243498
92910
246098
258842
95234
11794
45269
131976
183226
247016
260507
33362
262427
18509
261964
260925
124241
432257
430574
187273
248553
246234
240199
185099
196325
137879
246166
167669
257311
183820
245650
167740
117608
19193
196181
174139
247303
32231
159767
22453
98497
159425
5527
170295
38853
193512
416276
186534
237140
253787
190986
152663
131549
154991
125396
248884
160875
248560
153740
161019
245716
240188
415563
186052
147220
97476
185052
91037
54232
190196
259745
432205
418266
33296
416986
186668
171544
188787
281746
262764
234578
290477
238213
168749
93908
196515
190399
112535
244743
290383
73677
167115
156014
190832
249229
254072
183819
183330
48266
252932
261762
46126
185201
91803
125259
168653
418726
32381
290032
95413
247869
29766
161318
166655
259049
159160
430133
96687
427233
5554
172209
252699
160064
32337
180534
172664
19145
173094
42725
245786
85036
34841
113508
90325
193406
115991
186734
182036
429313
180591
235902
290629
239055
243388
160452
182305
244150
260026
251692
245835
49858
259070
249048
192084
183612
246355
117425
35912
96165
7396
424636
90449
5569
262847
165772
92390
237201
126215
64147
51471
112296
8900
262766
125740
172371
257527
252999
94922
118399
259771
247502
132365
163388
64065
423939
238948
170163
413824
188797
122738
123147
422427
188620
421552
48576
128053
264460
33305
171191
262667
259250
427140
184075
237402
99458
134170
188795
121153
235854
118846
170882
153874
185866
188851
158222
123109
291562
237378
290750
241242
230341
162654
141316
183114
94872
134601
117522
170664
186731
155668
159247
431022
156577
93399
120974
195954
235802
117984
13418
104645
97071
251716
90425
195045
243864
413983
148764
245356
254018
143869
424011
91898
147356
133288
105820
144508
246971
391425
411553
117580
250792
137234
244241
235899
38858
237969
36773
98890
115742
260770
19128
134875
127855
189908
152479
59197
195239
93258
193170
261623
253949
428540
120022
251505
249420
17801
245275
421484
186671
257383
172650
64444
252938
159238
152260
147823
391186
264729
155908
63896
195251
131263
155562
172514
172633
144681
230262
189928
186139
38985
99456
147938
157891
260472
193511
120101
37478
188550
42764
59761
123078
8377
98099
413700
422712
426380
195535
126222
143868
70902
117858
180193
137881
257933
251514
91675
260695
151528
37530
32835
5517
11654
135001
165409
138133
245084
245197
180675
416631
236014
193866
154721
159292
181228
429495
147496
118595
162606
63917
230535
136671
51469
29746
122960
230411
183223
250653
413127
245022
230955
423423
431823
142007
161349
238886
153686
421284
172669
138092
128080
138625
391183
23497
260244
291288
423424
247828
188796
159187
239716
35543
252423
99628
117957
49846
241873
259166
148051
147780
252950
161702
257040
248550
37660
171545
156993
189207
113740
249819
5538
35031
258840
14788
249814
188308
290363
186455
44389
155929
168145
291151
259346
162396
415882
260860
5671
137958
240477
434089
32315
189961
259355
261576
248262
98893
291162
185110
83730
186305
253011
142222
427784
92548
182433
128532
416174
181849
186525
253888
19275
421278
235938
151467
144314
422343
253675
426383
253389
138803
181469
37687
162122
138558
261706
107090
118280
91224
117189
417939
263121
115715
235988
241845
252362
164760
118554
189909
190753
254215
109419
73682
236439
194974
194417
182950
89905
85066
93773
245336
59831
29664
98507
163488
180038
169077
101866
260859
257728
96234
122937
165931
239368
154373
120972
137102
180946
92215
252360
70887
38760
22990
426382
167319
172706
163279
169460
128298
118600
244047
136507
433217
152866
187067
249816
182558
190482
421287
152219
432538
30302
37585
116270
37691
172690
139312
254407
145867
119361
193682
147373
150824
239446
246499
246093
119324
249815
262195
258478
46162
123587
159926
90484
7393
116079
161734
245198
230688
168258
96194
260241
134882
434658
171478
261607
430575
92770
230506
159158
98188
136223
263768
193861
157907
259074
250640
97714
172644
433625
263107
171591
99622
418269
184266
38830
121250
189221
261568
35160
55319
128348
51681
127919
153511
431392
18876
37476
118404
151621
185284
158768
191408
258808
257550
419801
417251
253918
36636
239761
96166
415303
416745
33687
5229
180975
230351
194220
70622
101871
189891
249722
413497
111385
152450
109389
168443
430979
37661
112172
183788
159920
37586
291576
181842
156500
257769
241852
51806
185195
251600
238761
164830
32008
192228
45268
257874
152261
97386
119554
90637
168139
170155
153718
119572
180464
168501
247501
153726
186605
180816
168425
22988
410992
11841
262653
409537
127044
180462
110310
262666
192858
155230
424862
151587
160290
145302
33033
148765
141395
425444
185541
134602
238877
117429
161559
425657
163741
167159
107092
18544
280554
54855
172080
409655
95914
8536
42261
160446
173061
147825
70350
136073
252143
174196
230691
434439
148699
156341
165873
165777
138974
113297
122632
260686
150445
138194
416710
128227
246980
121970
190535
186278
265179
95687
8336
96137
147497
193509
264710
186276
147084
153398
9173
411557
173451
94456
19204
238562
173048
98221
51470
420509
188703
193681
152218
238905
412144
70592
259071
19667
33695
8625
195243
101696
19746
118334
250275
187727
254925
154384
96141
126210
195972
193194
247025
434438
432206
418545
147067
70087
181231
415064
117717
93983
257766
172278
51690
264215
14666
172629
194498
153725
183224
123158
19635
250655
195416
135070
263035
244025
253790
412667
391189
186597
133283
184273
122962
181700
194785
153510
163675
90714
193524
35938
37820
153241
258534
118776
149274
759461
253950
427095
155215
259260
169753
260530
119328
184072
247951
429182
160054
243387
252422
290038
262348
54233
136303
118520
152253
127824
5615
250836
192154
254045
180637
290116
46135
33358
260632
391133
160026
7788
144670
124238
171117
38772
42102
32851
248664
194254
411065
181213
155864
262095
117663
427184
62705
253759
431555
173503
9150
252427
243642
245138
42738
186807
91169
181218
70240
186273
99983
131074
144509
14553
173050
152215
230408
70251
144944
126118
140254
432112
251599
415603
249050
237910
238745
262671
31807
166642
170146
121155
119447
251034
138402
291116
153739
239152
160024
409912
433136
250166
48382
260521
95401
116649
262659
17634
252424
230043
54552
133282
19194
19738
412780
128320
114028
264722
248148
107576
258921
113228
45264
235839
86019
182766
94903
35913
189945
105141
154150
173815
12051
151830
163484
253771
89933
181523
110309
99722
180948
422394
154249
154891
238890
59907
194768
260867
118763
291327
171585
173204
252608
122042
187731
5562
243415
152636
254059
126092
117186
194816
121154
147424
151903
187476
45051
37657
114296
192788
247302
172704
11921
290812
195436
191846
249091
92223
235713
95378
423854
414363
243380
154459
131347
186174
5584
122852
250801
191843
12962
290603
156309
98026
181697
192019
280999
12814
44284
19831
253319
172210
95639
257156
430929
257330
157144
63920
196473
424863
161397
189114
259799
51301
163487
114245
291300
93819
249423
426376
186169
259750
187263
417941
158209
280998
131886
125401
426731
181313
163424
291149
245029
156295
155930
417453
11636
96771
414244
141221
157369
262244
31409
427684
86501
185274
163769
403512
133891
44461
867
130916
246824
290458
194519
248167
121049
85048
258256
58463
185929
194378
118791
117411
119497
190829
194817
239416
138802
161655
182693
145297
262554
145220
90618
195594
91875
144676
97943
154517
7395
260134
160016
157863
194432
230410
427458
238913
27605
99914
166349
194668
189924
160373
257866
97458
182020
265592
430697
148761
153405
425682
262082
187289
257391
161423
258518
117883
259249
152452
156986
141882
99625
260565
55739
191333
51586
403509
419799
164641
94424
195923
195172
164365
187070
280417
172284
263094
30963
249830
148700
193134
8380
185403
121149
426867
759423
237377
190726
252130
193623
172658
419492
11787
262602
192630
417424
64149
133343
17731
247525
145954
238906
240594
252323
258517
170897
189799
759688
180174
262837
138129
42755
416132
57988
253911
121151
260100
70521
189772
416925
133436
236637
12143
258467
33365
170159
259888
96495
260389
415195
156979
134496
430438
181232
99368
194972
418455
17630
258024
421842
51710
48170
257630
423410
416741
409604
258476
120560
237409
165454
432209
147213
187875
182338
239220
244048
144982
230589
409578
43858
798
291258
164376
94779
184312
161459
96956
150458
14797
126027
134028
250622
14677
99443
241012
170292
122935
172693
169037
181655
172513
415889
124119
185524
238891
190104
248891
290860
190347
187282
110081
416998
7839
97336
99459
12708
36744
192784
185187
150809
95296
7833
12009
230252
90326
45734
118851
247395
51807
93898
138951
35025
149051
165898
246358
157399
149099
142248
185181
192109
125412
262678
423940
34777
413185
165702
419065
249079
186736
262788
90397
156980
96773
152460
132785
193621
14555
171472
99978
90710
423426
33356
138696
162081
29674
428097
156183
32354
245031
31670
249177
257468
252862
165064
193510
96957
39022
253791
259167
409480
432215
418208
186220
144825
148399
59753
148362
120553
29892
97613
253024
192575
136280
246182
173187
96168
11657
181653
259139
185933
155469
193529
187879
253783
34086
160390
253793
55482
161342
38738
180640
180192
148755
106935
192558
256222
418095
244046
11646
165874
262765
34166
195977
110311
290984
193862
115747
260606
14930
235856
161577
148033
418457
243416
104648
188444
264486
39031
250183
92397
163269
249996
174190
189368
245494
245173
182421
133439
141317
37290
126304
156124
259708
125153
250284
188800
261856
432258
173057
166873
183702
261716
248632
130254
187323
759690
116134
138544
433080
94999
32338
8522
172889
415293
420476
136200
162364
131885
5652
184034
119380
184729
5588
425842
261251
160088
409865
196222
136497
36700
189847
174148
185927
165728
238374
155302
150090
165775
422859
194748
244196
38826
250625
163416
260511
99129
98506
236268
121972
184987
150239
237848
55228
122292
5577
97439
45054
142495
263021
90446
174311
261606
152270
424184
59769
432214
155779
146067
166832
117194
431964
194500
261575
230784
239396
194225
145291
8851
262191
125915
184279
248237
159170
124998
249066
105989
180641
119263
249425
186897
250794
182464
290462
93116
166798
7843
116078
185144
434092
255853
5553
246055
25895
267198
118719
161420
280553
148768
187546
158568
81716
165422
253378
157053
194405
257839
182035
98498
173858
258935
196494
156306
185200
189888
260688
153425
259385
145265
153243
21934
230409
135826
247020
119143
118332
146502
140255
266726
259663
154914
191653
92391
118506
32380
126055
173620
54777
237324
250659
93989
51497
432208
433627
37625
151852
160705
9979
144648
245195
111083
428908
153025
36942
143961
152343
238881
180746
263034
5261
96295
183663
51911
243946
125146
185399
254308
166792
96497
266258
252278
97552
161644
172661
421817
236007
261953
416991
172166
166241
244298
29689
63889
419440
186581
180665
124122
434091
128243
166452
152053
73708
156353
97905
247520
230762
259800
165666
180027
194462
159794
91278
11788
264526
130388
31411
76707
230116
95402
195181
239826
194336
173181
169343
33428
141255
36694
180151
187692
260922
239128
152036
32496
235857
416919
417516
159246
95788
164667
158279
236072
119338
426374
138703
89942
230255
248499
188398
171534
245111
432906
241408
120585
167905
241413
38202
424717
21475
183704
121056
235939
252134
46851
180927
145294
99512
230357
46285
99912
253376
431028
250864
157140
193507
180681
34154
194064
188707
247015
429512
147228
165038
290999
118808
169544
8752
431512
257160
91286
84228
98882
155387
47541
249947
54231
172665
428427
169454
126085
64168
173328
121819
163660
145082
280322
433628
249093
12972
52076
186666
153728
98494
119083
184235
160389
5557
124235
194520
114038
24358
230609
173066
22957
182328
8897
291574
148773
154466
281501
181234
11913
96939
5574
237272
185359
153727
151844
92794
191565
152816
147394
291633
409539
248075
167995
165894
261578
257398
157051
149031
247797
193626
156310
291561
195149
183697
259735
160092
85230
4639
172637
290845
153404
127982
257469
147725
154525
29909
191558
261057
168113
133333
125408
258597
184315
38758
259607
164581
259347
235842
99630
153402
55951
180341
171565
165902
423422
18578
157750
168467
417452
258908
419334
144946
181011
118828
239725
420481
99964
134999
230637
180669
186171
189889
249882
6045
187680
250723
70910
187280
238996
45703
171543
155600
117877
257486
190480
422691
161431
117894
149279
174526
170168
173592
8821
96181
242113
253937
239449
96456
160647
760465
429307
91170
172522
173673
260514
34328
262553
260801
107089
291283
290318
184981
188165
128195
107419
152221
187013
245866
64209
247799
98288
29880
152457
253023
63891
93402
4658
262841
188099
240128
236864
247524
163282
120973
251452
163276
414644
419068
144818
243376
391185
157905
238001
184975
70090
255577
45745
192294
151734
122384
237946
142221
238909
245540
230778
155321
239246
95806
51496
46978
147188
253067
426098
261417
160646
148200
122957
260397
238880
421891
118416
4817
234587
122296
159450
131836
120275
37541
281497
45562
237805
230173
186896
120563
158312
161422
380295
134168
290132
186182
186732
136498
174322
137051
157333
191566
45923
242122
167581
119367
248628
193897
33404
5646
192592
146122
120968
230466
194758
42718
257724
80951
147381
243643
49847
247787
150092
173329
196420
247872
173453
254188
258723
411820
157783
45248
93725
184200
248921
59214
159288
290988
413492
167267
264477
196236
174574
426029
159583
185591
239445
132255
144071
254635
166286
54224
281082
167668
424822
173826
182952
136240
114246
257256
144225
93383
257385
261022
258554
159165
257388
167255
149150
117759
173818
55714
240166
172643
241849
185136
241423
290005
258848
194617
174551
187286
112338
14801
37475
248278
230118
159793
280301
95916
119264
434437
247722
94457
143040
58924
117623
190478
434419
419210
248890
166048
43118
188640
152455
237495
98273
188100
246448
419741
90703
432252
38825
189222
184765
187921
116136
246739
261574
159045
249095
421823
172700
166709
193193
237857
149082
42322
260025
111971
97590
14746
149086
253947
250866
419626
183562
95320
188356
42767
261858
8626
189796
194641
426112
241978
236008
173188
168007
236948
247273
99629
170150
84219
159167
147555
186496
192034
172090
259160
42964
252563
236624
760463
421270
431186
264458
126317
243822
160154
146356
253000
165418
417539
160387
434088
97514
171749
173766
9172
162777
132254
167250
33169
164759
186215
185138
117549
118236
190730
99806
48361
261865
427047
189237
140546
289991
257840
230223
99105
153208
251506
434621
180036
258809
194734
44472
230213
92396
261139
260515
417517
194751
409630
36667
261021
230189
14798
34155
153072
187404
29912
237751
291432
19129
156420
170568
257767
170748
425694
134106
245499
32700
16078
172905
37125
195215
153872
134883
137236
55664
240711
34150
433384
90665
147480
195995
230404
174642
422380
425546
121690
5746
249636
118616
195586
6050
173232
426406
43082
182770
257221
128296
131936
249310
35952
413298
14748
415249
161415
253385
193818
186562
250802
186233
4640
192160
98960
230285
5524
267271
419664
185183
118735
32212
8378
246089
260518
125590
253010
122831
190002
188164
418685
259767
169810
25982
193788
32828
186960
196180
119271
193164
12820
164229
291140
142739
413499
58914
195534
239282
147724
38990
253486
148760
167578
169548
188159
195124
250820
131579
14793
431038
253673
125747
17661
145255
183301
147425
412390
236286
132728
158537
195204
245335
257489
238897
250283
250838
161574
190925
191569
118368
93398
33178
190045
188125
182402
252090
185477
122040
230121
431967
167116
138130
193562
12010
123152
138557
35541
186453
189113
93690
122037
433818
145863
18586
144667
93421
7940
134217
94454
180653
261564
120130
163395
243385
122264
14760
759800
163387
184131
11265
126077
124900
195070
116531
38979
258566
184597
429761
409994
170227
93214
188794
248097
134080
187224
55831
167738
159395
156984
42973
183770
45260
126064
195160
418688
173967
101819
155742
107599
147499
145383
160925
188296
171116
95316
247244
160060
32232
130173
113003
191134
118277
159727
18515
6072
190830
291106
97776
163909
38214
37581
247839
180662
116675
90002
168799
93491
5974
259437
55479
193124
113874
250600
146790
33034
112040
259003
172367
257329
113298
260133
249076
169755
259108
126208
421819
98782
237960
153480
433119
417829
131487
262660
167972
156982
29709
238338
169459
191325
254166
230248
153250
32846
5552
246447
169342
416989
42360
70793
180982
101655
119219
252697
246313
195264
6639
14668
136798
249064
157339
155740
430246
261864
19739
151290
138923
151780
237326
430973
258177
187281
155560
193569
238976
195180
250277
95314
184233
133374
171539
98467
171483
29712
70900
38156
173591
247500
411804
143811
5968
125404
117407
429497
183870
45743
134958
6317
164551
426730
250620
265063
432200
117190
291160
137853
248733
253784
189044
34127
230244
238896
159424
38761
120122
120565
180659
235803
120144
264759
194739
192471
247170
184313
143361
155595
237809
187275
246957
146123
190834
94378
152807
191335
161355
187222
253844
230460
187924
152264
192035
66716
160436
153467
230355
116269
188407
119321
141681
186898
98953
196327
173060
194423
433278
246966
70349
145312
248548
19820
32371
163373
122936
76691
427685
11642
159651
236259
48785
107087
147820
181214
189199
8820
414264
182527
143768
247867
187219
195914
190926
93489
188399
194345
42971
41743
47293
111100
167892
135071
36937
184077
196474
153614
194815
186659
182919
184161
113302
144651
290129
156186
155993
264522
238872
13326
260769
181206
414360
416997
110040
131350
117622
76706
46104
280390
137256
195807
131606
188322
173639
21954
195156
174013
250091
258748
249169
36711
243658
120939
118848
127738
119243
125944
173703
156357
412639
154480
248920
38123
70346
162363
166155
8750
123856
254007
138707
168442
252083
230226
90715
138814
247640
47445
248798
431463
194421
117876
121053
266973
153897
181154
415884
136936
434436
411025
155667
167948
137733
55227
186782
239452
29666
146922
239299
417518
181696
70079
91339
36678
391424
107085
241410
155280
37626
99723
159692
247642
51821
181043
38859
160017
248255
99346
416443
12634
262078
109417
189531
710062
421130
158210
258596
162890
257882
14763
162367
247875
257467
132420
262262
230783
413339
119323
413129
188959
246013
98025
426316
759798
115741
64151
154775
185693
246931
126072
29588
196218
111097
237861
189205
44470
162146
237674
190400
5204
430976
144661
151638
116663
181510
251077
155224
182042
249088
252428
261778
134311
259947
19827
173325
160657
168889
185141
183115
143476
161346
426509
155018
238887
118318
171237
150237
93762
257830
166157
143988
121721
195241
189969
418268
37823
258370
263100
8620
162577
259201
5253
418499
159856
433456
262589
239224
426760
290746
245294
429224
243542
183633
188880
135186
253777
184980
194406
145305
156593
37512
417676
156962
8819
155443
117669
95877
230314
416910
32564
195196
126051
172098
11617
97478
137412
411062
126037
432204
262933
183219
112005
89941
160945
259751
64142
241241
133314
189922
37692
291639
195851
163880
191697
33355
118010
262756
172645
17800
246740
188158
137477
290632
412839
96169
187996
261687
158373
164005
29904
240763
238287
48876
290755
244521
196332
167742
90372
183222
245935
244186
249080
128361
160025
291353
51620
35823
258271
131884
246081
164006
185864
409698
153274
243948
117619
169752
153342
247521
247331
188355
153719
432905
417699
173176
411862
170464
186926
174613
168142
132774
168104
173730
140988
37482
187338
146597
291260
759444
139022
97472
162351
99547
187923
189931
49597
180925
46127
258112
180682
243412
130416
150810
136396
134509
34132
159421
45676
162196
119275
189227
34188
261493
257214
433311
169026
5288
241563
291431
153125
151980
249822
190497
251027
182962
247873
425202
172382
132035
258515
261570
118850
250867
258567
135824
137103
171823
181668
54595
182891
185711
5598
11785
422395
290987
195272
42364
165062
182666
171594
134171
196176
169849
131580
162359
262190
14696
127853
180860
22993
49861
248185
154396
257384
115736
24436
51737
91900
144913
180645
183092
186726
152220
165415
51425
181235
168099
32268
258224
259700
237112
230585
171471
91080
194506
192159
230782
93815
172365
164624
118856
159852
166795
5644
98285
252465
244300
155315
123490
11517
234588
99563
14727
36771
42719
172685
249721
164996
166227
416990
169013
181669
192211
145282
166139
243405
259906
95297
249082
415050
421826
36710
155594
421644
259710
171115
171111
161424
194501
116080
246043
149128
118618
173765
165664
173352
119313
185410
431968
423441
416679
63904
259806
172028
107097
187888
189300
172183
35850
122034
256319
426381
171463
159188
290990
29768
230190
122789
142245
261926
253781
174444
186667
153228
163944
257389
249997
132224
193868
145868
190634
243645
189111
155647
181233
432537
193402
51805
149271
93261
94342
160019
126071
34142
146060
239057
142337
118190
190178
106925
411505
245121
123355
195400
145185
185865
196256
14556
5648
101868
37529
248234
230380
186783
124244
153226
155030
119339
415888
112165
237925
193113
235841
107598
96526
426370
93771
145256
118015
161127
262592
187881
98887
189793
421918
183035
160468
99913
138817
187998
117884
186661
121097
195167
242280
429306
155558
152594
119322
185003
134498
171715
90322
158232
90006
135180
154462
191650
95528
290882
290421
127713
35843
180578
192885
98948
189846
151696
5269
66907
164582
125397
157544
5209
55662
230101
260524
431970
170668
153723
251561
122044
55477
156385
380383
94780
5526
38829
127981
157340
33467
96936
173789
246096
163439
29701
236002
51813
419800
148418
157835
291459
238772
42266
97743
281500
97087
166507
96235
187065
259606
33323
153505
151559
291126
143990
33414
181230
117415
291284
5573
92547
118841
180941
248808
184696
258552
192316
259001
192353
162761
246213
145306
240531
192956
192887
160150
411975
193089
156585
155295
403414
239240
416992
138556
240037
107504
196114
172309
148788
418265
48173
143810
167606
257867
121974
151845
165413
149032
98977
14787
258466
24580
32272
243410
49093
193099
157781
135822
189910
253062
164431
36772
180685
45747
98462
73674
260506
238898
159157
90317
185097
254212
33403
187345
167318
125405
159728
18843
115364
160165
148701
253194
25066
259623
291545
190825
25445
188878
70232
193527
125745
133134
148367
118621
246999
253959
421271
246262
253769
118124
257315
193391
428512
252126
245498
169725
434090
414364
163607
43120
148320
118178
70537
230945
259242
247241
11269
147675
192358
261719
153077
93813
98502
153466
51340
121221
192989
187479
165980
116083
97939
98885
250806
55729
168144
93392
128244
172801
255447
110080
116076
77890
19745
433121
193633
94874
155599
183090
161350
146063
126169
169535
159592
187025
122963
138390
130643
38963
149132
51600
291602
184076
163147
37506
252247
8754
43081
433312
96164
33186
142741
116221
167641
263092
185589
29770
118403
95594
291127
128238
98881
32563
161027
172377
19688
243725
259119
189792
291314
5614
152456
431581
181511
130021
11263
260070
409854
415886
245785
154062
123156
122199
93588
411024
165036
250798
187285
119379
93803
126080
5749
247050
35915
125400
180660
47428
429876
25057
138811
33469
258937
239985
33388
99721
239432
154482
236866
33470
246011
6319
195130
427596
421286
181911
431971
244199
47813
264720
157368
126021
254049
34411
237862
17081
122371
184232
9145
411800
134536
6048
191334
123459
259004
257744
109012
22436
425857
166919
183011
422884
187850
120575
253363
183017
150394
162760
99620
242112
40805
94899
70807
259343
248353
173831
4669
244162
245061
144680
147292
151854
51403
246488
49598
94958
166347
51791
262446
235858
143994
261495
247411
161347
51289
98896
92795
193371
193356
99720
427928
426094
180755
180949
173326
193680
99909
163396
412561
230315
245811
12811
125369
180030
290281
8384
230941
159699
252698
180686
182422
182304
250764
193531
258146
43095
91838
189045
5213
107086
112124
230701
51809
115740
97012
70936
8610
115463
250833
26306
253238
194376
245370
95563
236083
118402
95997
182001
93883
29673
188472
245306
259773
133313
159265
42741
168342
189912
433907
264699
161359
28414
259788
38873
259168
98936
258951
237968
413496
118011
256219
32565
171541
159153
196118
250710
174138
166111
90719
93632
239184
252856
59762
258901
423608
49860
150240
238902
154387
157834
186494
432553
146779
98431
47625
169232
281563
257122
230581
235898
243404
181744
180646
192523
154386
192796
145039
237730
253765
38999
279580
250800
165408
246311
159164
426372
64079
246097
163195
137563
4682
120092
137848
169366
258656
122198
160371
74587
70814
154937
12510
119329
280304
119377
159615
260341
32193
191989
391184
167120
110042
152250
183220
413207
391173
13667
182423
47650
98501
119485
240666
416988
19637
412776
70345
259768
136048
171491
237578
90438
194518
38190
188442
96974
156106
159161
245640
239629
141256
418766
115749
415696
246503
246051
248627
230049
191677
238691
113300
121103
37493
259695
33313
416744
155068
169558
11916
189907
421960
192229
153975
257218
54707
246214
192292
138813
253877
159451
243947
144461
280190
422340
159853
168105
190000
167157
180187
187221
107088
115746
230779
18587
184117
163885
18749
155370
291141
186710
96172
433078
117879
11793
48559
196260
5565
119330
172675
91821
290747
237411
256677
169757
760467
160015
257745
793
17243
165771
33297
98499
416406
161573
418176
192591
193530
5651
245937
136577
156576
171598
5536
127852
165411
257264
254057
14554
154687
258691
429631
415228
421545
180639
192352
164982
19678
137619
169610
164683
