    0    0    0   0.000000000   0.000000000  -0.539905E-19  -0.136813E-04
    0    2    0  -0.000000000   1.800984691   0.272895E-01   0.174838E-02
   -2    0    0  -1.800984691   0.000000000   0.272895E-01   0.174838E-02
    2    0    0   1.800984691  -0.000000000   0.272895E-01   0.174838E-02
    0   -2    0   0.000000000  -1.800984691   0.272895E-01   0.174838E-02
    2   -2    0   1.800984691  -1.800984691   0.759712E-01   0.340654E-02
   -2    2    0  -1.800984691   1.800984691   0.759712E-01   0.340654E-02
    2    2    0   1.800984691   1.800984691   0.759712E-01   0.340654E-02
   -2   -2    0  -1.800984691  -1.800984691   0.759712E-01   0.340654E-02
   -4    0    0  -3.601969382   0.000000000   0.247618E-02   0.209796E-02
    0    4    0  -0.000000000   3.601969382   0.247618E-02   0.209796E-02
    4    0    0   3.601969382  -0.000000000   0.247618E-02   0.209796E-02
    0   -4    0   0.000000000  -3.601969382   0.247618E-02   0.209796E-02
    4   -2    0   3.601969382  -1.800984691   0.738523E-02   0.151041E-02
    2   -4    0   1.800984691  -3.601969382   0.738523E-02   0.151041E-02
   -2   -4    0  -1.800984691  -3.601969382   0.738523E-02   0.151041E-02
   -4    2    0  -3.601969382   1.800984691   0.738523E-02   0.151041E-02
   -4   -2    0  -3.601969382  -1.800984691   0.738523E-02   0.151041E-02
    2    4    0   1.800984691   3.601969382   0.738523E-02   0.151041E-02
    4    2    0   3.601969382   1.800984691   0.738523E-02   0.151041E-02
   -2    4    0  -1.800984691   3.601969382   0.738523E-02   0.151041E-02
    4    4    0   3.601969382   3.601969382   0.746808E-01   0.426101E-02
   -4   -4    0  -3.601969382  -3.601969382   0.746808E-01   0.426101E-02
    4   -4    0   3.601969382  -3.601969382   0.746808E-01   0.426101E-02
   -4    4    0  -3.601969382   3.601969382   0.746808E-01   0.426101E-02
    0   -6    0   0.000000000  -5.402954074   0.825833E-03   0.130395E-02
    0    6    0  -0.000000000   5.402954074   0.825833E-03   0.130395E-02
   -6    0    0  -5.402954074   0.000000000   0.825833E-03   0.130395E-02
    6    0    0   5.402954074  -0.000000000   0.825833E-03   0.130395E-02
   -2    6    0  -1.800984691   5.402954074   0.326962E-01   0.304746E-02
   -6   -2    0  -5.402954074  -1.800984691   0.326962E-01   0.304746E-02
    6   -2    0   5.402954074  -1.800984691   0.326962E-01   0.304746E-02
    2    6    0   1.800984691   5.402954074   0.326962E-01   0.304746E-02
    2   -6    0   1.800984691  -5.402954074   0.326962E-01   0.304746E-02
   -2   -6    0  -1.800984691  -5.402954074   0.326962E-01   0.304746E-02
    6    2    0   5.402954074   1.800984691   0.326962E-01   0.304746E-02
   -6    2    0  -5.402954074   1.800984691   0.326962E-01   0.304746E-02
   -6    4    0  -5.402954074   3.601969382   0.110439E-01   0.165076E-02
    6    4    0   5.402954074   3.601969382   0.110439E-01   0.165076E-02
   -4   -6    0  -3.601969382  -5.402954074   0.110439E-01   0.165076E-02
   -6   -4    0  -5.402954074  -3.601969382   0.110439E-01   0.165076E-02
    4   -6    0   3.601969382  -5.402954074   0.110439E-01   0.165076E-02
   -4    6    0  -3.601969382   5.402954074   0.110439E-01   0.165076E-02
    6   -4    0   5.402954074  -3.601969382   0.110439E-01   0.165076E-02
    4    6    0   3.601969382   5.402954074   0.110439E-01   0.165076E-02
    0    8    0  -0.000000000   7.203938765   0.473980E-01   0.384921E-02
    0   -8    0   0.000000000  -7.203938765   0.473980E-01   0.384921E-02
   -8    0    0  -7.203938765   0.000000000   0.473980E-01   0.384921E-02
    8    0    0   7.203938765  -0.000000000   0.473980E-01   0.384921E-02
   -2    8    0  -1.800984691   7.203938765   0.638941E-02   0.145803E-02
   -8   -2    0  -7.203938765  -1.800984691   0.638941E-02   0.145803E-02
    8    2    0   7.203938765   1.800984691   0.638941E-02   0.145803E-02
    2    8    0   1.800984691   7.203938765   0.638941E-02   0.145803E-02
   -2   -8    0  -1.800984691  -7.203938765   0.638941E-02   0.145803E-02
   -8    2    0  -7.203938765   1.800984691   0.638941E-02   0.145803E-02
    2   -8    0   1.800984691  -7.203938765   0.638941E-02   0.145803E-02
    8   -2    0   7.203938765  -1.800984691   0.638941E-02   0.145803E-02
    6   -6    0   5.402954074  -5.402954074   0.229342E-01   0.283336E-02
    6    6    0   5.402954074   5.402954074   0.229342E-01   0.283336E-02
   -6   -6    0  -5.402954074  -5.402954074   0.229342E-01   0.283336E-02
   -6    6    0  -5.402954074   5.402954074   0.229342E-01   0.283336E-02
   -8   -4    0  -7.203938765  -3.601969382   0.962681E-03   0.180679E-02
    8   -4    0   7.203938765  -3.601969382   0.962681E-03   0.180679E-02
   -4    8    0  -3.601969382   7.203938765   0.962681E-03   0.180679E-02
    8    4    0   7.203938765   3.601969382   0.962681E-03   0.180679E-02
   -8    4    0  -7.203938765   3.601969382   0.962681E-03   0.180679E-02
    4   -8    0   3.601969382  -7.203938765   0.962681E-03   0.180679E-02
   -4   -8    0  -3.601969382  -7.203938765   0.962681E-03   0.180679E-02
    4    8    0   3.601969382   7.203938765   0.962681E-03   0.180679E-02
    8    6    0   7.203938765   5.402954074   0.848518E-03   0.113066E-02
   -6    8    0  -5.402954074   7.203938765   0.848518E-03   0.113066E-02
    0   10    0  -0.000000000   9.004923456   0.916550E-02   0.157953E-02
    6    8    0   5.402954074   7.203938765   0.848518E-03   0.113066E-02
    8   -6    0   7.203938765  -5.402954074   0.848518E-03   0.113066E-02
   -6   -8    0  -5.402954074  -7.203938765   0.848518E-03   0.113066E-02
   10    0    0   9.004923456  -0.000000000   0.916550E-02   0.157953E-02
   -8   -6    0  -7.203938765  -5.402954074   0.848518E-03   0.113066E-02
   -8    6    0  -7.203938765   5.402954074   0.848518E-03   0.113066E-02
  -10    0    0  -9.004923456   0.000000000   0.916550E-02   0.157953E-02
    6   -8    0   5.402954074  -7.203938765   0.848518E-03   0.113066E-02
    0  -10    0   0.000000000  -9.004923456   0.916550E-02   0.157953E-02
    2  -10    0   1.800984691  -9.004923456   0.170136E-01   0.259887E-02
   10   -2    0   9.004923456  -1.800984691   0.170136E-01   0.259887E-02
   -2   10    0  -1.800984691   9.004923456   0.170136E-01   0.259887E-02
   -2  -10    0  -1.800984691  -9.004923456   0.170136E-01   0.259887E-02
    2   10    0   1.800984691   9.004923456   0.170136E-01   0.259887E-02
   10    2    0   9.004923456   1.800984691   0.170136E-01   0.259887E-02
  -10    2    0  -9.004923456   1.800984691   0.170136E-01   0.259887E-02
  -10   -2    0  -9.004923456  -1.800984691   0.170136E-01   0.259887E-02
   -4  -10    0  -3.601969382  -9.004923456  -0.100489E-02   0.983712E-03
  -10    4    0  -9.004923456   3.601969382  -0.100489E-02   0.983712E-03
   10   -4    0   9.004923456  -3.601969382  -0.100489E-02   0.983712E-03
    4   10    0   3.601969382   9.004923456  -0.100489E-02   0.983712E-03
   10    4    0   9.004923456   3.601969382  -0.100489E-02   0.983712E-03
   -4   10    0  -3.601969382   9.004923456  -0.100489E-02   0.983712E-03
    4  -10    0   3.601969382  -9.004923456  -0.100489E-02   0.983712E-03
  -10   -4    0  -9.004923456  -3.601969382  -0.100489E-02   0.983712E-03
    8    8    0   7.203938765   7.203938765   0.268779E-01   0.323260E-02
    8   -8    0   7.203938765  -7.203938765   0.268779E-01   0.323260E-02
   -8   -8    0  -7.203938765  -7.203938765   0.268779E-01   0.323260E-02
   -8    8    0  -7.203938765   7.203938765   0.268779E-01   0.323260E-02
   -6   10    0  -5.402954074   9.004923456   0.126145E-01   0.234712E-02
   10    6    0   9.004923456   5.402954074   0.126145E-01   0.234712E-02
  -10   -6    0  -9.004923456  -5.402954074   0.126145E-01   0.234712E-02
    6  -10    0   5.402954074  -9.004923456   0.126145E-01   0.234712E-02
   10   -6    0   9.004923456  -5.402954074   0.126145E-01   0.234712E-02
   -6  -10    0  -5.402954074  -9.004923456   0.126145E-01   0.234712E-02
  -10    6    0  -9.004923456   5.402954074   0.126145E-01   0.234712E-02
    6   10    0   5.402954074   9.004923456   0.126145E-01   0.234712E-02
   12    0    0  10.805908147  -0.000000000   0.134223E-02   0.159894E-02
    0   12    0  -0.000000000  10.805908147   0.134223E-02   0.159894E-02
    0  -12    0   0.000000000 -10.805908147   0.134223E-02   0.159894E-02
  -12    0    0 -10.805908147   0.000000000   0.134223E-02   0.159894E-02
    2   12    0   1.800984691  10.805908147   0.233007E-02   0.112252E-02
  -12   -2    0 -10.805908147  -1.800984691   0.233007E-02   0.112252E-02
   -2   12    0  -1.800984691  10.805908147   0.233007E-02   0.112252E-02
   -2  -12    0  -1.800984691 -10.805908147   0.233007E-02   0.112252E-02
  -12    2    0 -10.805908147   1.800984691   0.233007E-02   0.112252E-02
   12   -2    0  10.805908147  -1.800984691   0.233007E-02   0.112252E-02
   12    2    0  10.805908147   1.800984691   0.233007E-02   0.112252E-02
    2  -12    0   1.800984691 -10.805908147   0.233007E-02   0.112252E-02
   -4  -12    0  -3.601969382 -10.805908147   0.218010E-01   0.298773E-02
    4   12    0   3.601969382  10.805908147   0.218010E-01   0.298773E-02
   12    4    0  10.805908147   3.601969382   0.218010E-01   0.298773E-02
   12   -4    0  10.805908147  -3.601969382   0.218010E-01   0.298773E-02
  -12   -4    0 -10.805908147  -3.601969382   0.218010E-01   0.298773E-02
   -4   12    0  -3.601969382  10.805908147   0.218010E-01   0.298773E-02
    4  -12    0   3.601969382 -10.805908147   0.218010E-01   0.298773E-02
  -12    4    0 -10.805908147   3.601969382   0.218010E-01   0.298773E-02
    8  -10    0   7.203938765  -9.004923456   0.604227E-02   0.136174E-02
   10    8    0   9.004923456   7.203938765   0.604227E-02   0.136174E-02
   -8  -10    0  -7.203938765  -9.004923456   0.604227E-02   0.136174E-02
   -8   10    0  -7.203938765   9.004923456   0.604227E-02   0.136174E-02
  -10   -8    0  -9.004923456  -7.203938765   0.604227E-02   0.136174E-02
    8   10    0   7.203938765   9.004923456   0.604227E-02   0.136174E-02
  -10    8    0  -9.004923456   7.203938765   0.604227E-02   0.136174E-02
   10   -8    0   9.004923456  -7.203938765   0.604227E-02   0.136174E-02
  -12   -6    0 -10.805908147  -5.402954074   0.433668E-02   0.122421E-02
   12    6    0  10.805908147   5.402954074   0.433668E-02   0.122421E-02
   12   -6    0  10.805908147  -5.402954074   0.433668E-02   0.122421E-02
    6   12    0   5.402954074  10.805908147   0.433668E-02   0.122421E-02
  -12    6    0 -10.805908147   5.402954074   0.433668E-02   0.122421E-02
   -6   12    0  -5.402954074  10.805908147   0.433668E-02   0.122421E-02
   -6  -12    0  -5.402954074 -10.805908147   0.433668E-02   0.122421E-02
    6  -12    0   5.402954074 -10.805908147   0.433668E-02   0.122421E-02
  -14    0    0 -12.606892839   0.000000000  -0.138655E-02   0.758175E-03
   14    0    0  12.606892839  -0.000000000  -0.138655E-02   0.758175E-03
    0  -14    0   0.000000000 -12.606892839  -0.138655E-02   0.758175E-03
    0   14    0  -0.000000000  12.606892839  -0.138655E-02   0.758175E-03
   -2   14    0  -1.800984691  12.606892839   0.923887E-02   0.206717E-02
   10   10    0   9.004923456   9.004923456   0.103187E-01   0.215329E-02
   10  -10    0   9.004923456  -9.004923456   0.103187E-01   0.215329E-02
    2  -14    0   1.800984691 -12.606892839   0.923887E-02   0.206717E-02
   14    2    0  12.606892839   1.800984691   0.923887E-02   0.206717E-02
  -10  -10    0  -9.004923456  -9.004923456   0.103187E-01   0.215329E-02
   -2  -14    0  -1.800984691 -12.606892839   0.923887E-02   0.206717E-02
  -10   10    0  -9.004923456   9.004923456   0.103187E-01   0.215329E-02
   14   -2    0  12.606892839  -1.800984691   0.923887E-02   0.206717E-02
  -14   -2    0 -12.606892839  -1.800984691   0.923887E-02   0.206717E-02
  -14    2    0 -12.606892839   1.800984691   0.923887E-02   0.206717E-02
    2   14    0   1.800984691  12.606892839   0.923887E-02   0.206717E-02
    8   12    0   7.203938765  10.805908147   0.149681E-02   0.142927E-02
   -8  -12    0  -7.203938765 -10.805908147   0.149681E-02   0.142927E-02
   12   -8    0  10.805908147  -7.203938765   0.149681E-02   0.142927E-02
  -12    8    0 -10.805908147   7.203938765   0.149681E-02   0.142927E-02
    8  -12    0   7.203938765 -10.805908147   0.149681E-02   0.142927E-02
   -8   12    0  -7.203938765  10.805908147   0.149681E-02   0.142927E-02
   12    8    0  10.805908147   7.203938765   0.149681E-02   0.142927E-02
  -12   -8    0 -10.805908147  -7.203938765   0.149681E-02   0.142927E-02
   -4   14    0  -3.601969382  12.606892839   0.581606E-02   0.131769E-02
    4  -14    0   3.601969382 -12.606892839   0.581606E-02   0.131769E-02
    4   14    0   3.601969382  12.606892839   0.581606E-02   0.131769E-02
   -4  -14    0  -3.601969382 -12.606892839   0.581606E-02   0.131769E-02
  -14    4    0 -12.606892839   3.601969382   0.581606E-02   0.131769E-02
   14    4    0  12.606892839   3.601969382   0.581606E-02   0.131769E-02
   14   -4    0  12.606892839  -3.601969382   0.581606E-02   0.131769E-02
  -14   -4    0 -12.606892839  -3.601969382   0.581606E-02   0.131769E-02
   -6   14    0  -5.402954074  12.606892839   0.884086E-02   0.200702E-02
    6   14    0   5.402954074  12.606892839   0.884086E-02   0.200702E-02
  -14   -6    0 -12.606892839  -5.402954074   0.884086E-02   0.200702E-02
   14   -6    0  12.606892839  -5.402954074   0.884086E-02   0.200702E-02
   -6  -14    0  -5.402954074 -12.606892839   0.884086E-02   0.200702E-02
  -14    6    0 -12.606892839   5.402954074   0.884086E-02   0.200702E-02
   14    6    0  12.606892839   5.402954074   0.884086E-02   0.200702E-02
    6  -14    0   5.402954074 -12.606892839   0.884086E-02   0.200702E-02
  -10   12    0  -9.004923456  10.805908147  -0.109239E-04  -0.797741E-05
   10  -12    0   9.004923456 -10.805908147  -0.109239E-04  -0.797741E-05
  -10  -12    0  -9.004923456 -10.805908147  -0.109239E-04  -0.797741E-05
   12  -10    0  10.805908147  -9.004923456  -0.109239E-04  -0.797741E-05
   12   10    0  10.805908147   9.004923456  -0.109239E-04  -0.797741E-05
  -12   10    0 -10.805908147   9.004923456  -0.109239E-04  -0.797741E-05
  -12  -10    0 -10.805908147  -9.004923456  -0.109239E-04  -0.797741E-05
   10   12    0   9.004923456  10.805908147  -0.109239E-04  -0.797741E-05
   16    0    0  14.407877530  -0.000000000   0.134395E-01   0.240785E-02
    0  -16    0   0.000000000 -14.407877530   0.134395E-01   0.240785E-02
  -16    0    0 -14.407877530   0.000000000   0.134395E-01   0.240785E-02
    0   16    0  -0.000000000  14.407877530   0.134395E-01   0.240785E-02
  -14    8    0 -12.606892839   7.203938765  -0.820584E-03   0.684848E-03
    8   14    0   7.203938765  12.606892839  -0.820584E-03   0.684848E-03
  -14   -8    0 -12.606892839  -7.203938765  -0.820584E-03   0.684848E-03
   14   -8    0  12.606892839  -7.203938765  -0.820584E-03   0.684848E-03
    8  -14    0   7.203938765 -12.606892839  -0.820584E-03   0.684848E-03
   14    8    0  12.606892839   7.203938765  -0.820584E-03   0.684848E-03
   -8   14    0  -7.203938765  12.606892839  -0.820584E-03   0.684848E-03
   -8  -14    0  -7.203938765 -12.606892839  -0.820584E-03   0.684848E-03
    2   16    0   1.800984691  14.407877530   0.229976E-02   0.972202E-03
   -2   16    0  -1.800984691  14.407877530   0.229976E-02   0.972202E-03
  -16    2    0 -14.407877530   1.800984691   0.229976E-02   0.972202E-03
   16    2    0  14.407877530   1.800984691   0.229976E-02   0.972202E-03
  -16   -2    0 -14.407877530  -1.800984691   0.229976E-02   0.972202E-03
    2  -16    0   1.800984691 -14.407877530   0.229976E-02   0.972202E-03
   16   -2    0  14.407877530  -1.800984691   0.229976E-02   0.972202E-03
   -2  -16    0  -1.800984691 -14.407877530   0.229976E-02   0.972202E-03
    4   16    0   3.601969382  14.407877530   0.153306E-02   0.128670E-02
   -4   16    0  -3.601969382  14.407877530   0.153306E-02   0.128670E-02
   16    4    0  14.407877530   3.601969382   0.153306E-02   0.128670E-02
  -16   -4    0 -14.407877530  -3.601969382   0.153306E-02   0.128670E-02
   -4  -16    0  -3.601969382 -14.407877530   0.153306E-02   0.128670E-02
  -16    4    0 -14.407877530   3.601969382   0.153306E-02   0.128670E-02
   16   -4    0  14.407877530  -3.601969382   0.153306E-02   0.128670E-02
    4  -16    0   3.601969382 -14.407877530   0.153306E-02   0.128670E-02
  -12  -12    0 -10.805908147 -10.805908147   0.118137E-01   0.225331E-02
   12  -12    0  10.805908147 -10.805908147   0.118137E-01   0.225331E-02
   12   12    0  10.805908147  10.805908147   0.118137E-01   0.225331E-02
  -12   12    0 -10.805908147  10.805908147   0.118137E-01   0.225331E-02
   16   -6    0  14.407877530  -5.402954074   0.771883E-03   0.790131E-03
  -16    6    0 -14.407877530   5.402954074   0.771883E-03   0.790131E-03
  -16   -6    0 -14.407877530  -5.402954074   0.771883E-03   0.790131E-03
    6   16    0   5.402954074  14.407877530   0.771883E-03   0.790131E-03
   16    6    0  14.407877530   5.402954074   0.771883E-03   0.790131E-03
    6  -16    0   5.402954074 -14.407877530   0.771883E-03   0.790131E-03
   -6   16    0  -5.402954074  14.407877530   0.771883E-03   0.790131E-03
   -6  -16    0  -5.402954074 -14.407877530   0.771883E-03   0.790131E-03
  -14  -10    0 -12.606892839  -9.004923456   0.572060E-02   0.165163E-02
  -10   14    0  -9.004923456  12.606892839   0.572060E-02   0.165163E-02
  -10  -14    0  -9.004923456 -12.606892839   0.572060E-02   0.165163E-02
  -14   10    0 -12.606892839   9.004923456   0.572060E-02   0.165163E-02
   14  -10    0  12.606892839  -9.004923456   0.572060E-02   0.165163E-02
   14   10    0  12.606892839   9.004923456   0.572060E-02   0.165163E-02
   10  -14    0   9.004923456 -12.606892839   0.572060E-02   0.165163E-02
   10   14    0   9.004923456  12.606892839   0.572060E-02   0.165163E-02
  -16   -8    0 -14.407877530  -7.203938765   0.104708E-01   0.211013E-02
   16   -8    0  14.407877530  -7.203938765   0.104708E-01   0.211013E-02
   16    8    0  14.407877530   7.203938765   0.104708E-01   0.211013E-02
    8   16    0   7.203938765  14.407877530   0.104708E-01   0.211013E-02
  -16    8    0 -14.407877530   7.203938765   0.104708E-01   0.211013E-02
    8  -16    0   7.203938765 -14.407877530   0.104708E-01   0.211013E-02
   -8   16    0  -7.203938765  14.407877530   0.104708E-01   0.211013E-02
   -8  -16    0  -7.203938765 -14.407877530   0.104708E-01   0.211013E-02
  -18    0    0 -16.208862221   0.000000000   0.436096E-02   0.112226E-02
    0  -18    0   0.000000000 -16.208862221   0.436096E-02   0.112226E-02
   18    0    0  16.208862221  -0.000000000   0.436096E-02   0.112226E-02
    0   18    0  -0.000000000  16.208862221   0.436096E-02   0.112226E-02
   18    2    0  16.208862221   1.800984691   0.600468E-02   0.164409E-02
    2   18    0   1.800984691  16.208862221   0.600468E-02   0.164409E-02
   -2  -18    0  -1.800984691 -16.208862221   0.600468E-02   0.164409E-02
  -18    2    0 -16.208862221   1.800984691   0.600468E-02   0.164409E-02
   -2   18    0  -1.800984691  16.208862221   0.600468E-02   0.164409E-02
  -18   -2    0 -16.208862221  -1.800984691   0.600468E-02   0.164409E-02
   18   -2    0  16.208862221  -1.800984691   0.600468E-02   0.164409E-02
    2  -18    0   1.800984691 -16.208862221   0.600468E-02   0.164409E-02
   -4   18    0  -3.601969382  16.208862221  -0.112679E-02   0.534488E-03
  -14  -12    0 -12.606892839 -10.805908147   0.344562E-02   0.101673E-02
  -18   -4    0 -16.208862221  -3.601969382  -0.112679E-02   0.534488E-03
   14   12    0  12.606892839  10.805908147   0.344562E-02   0.101673E-02
   12   14    0  10.805908147  12.606892839   0.344562E-02   0.101673E-02
  -12   14    0 -10.805908147  12.606892839   0.344562E-02   0.101673E-02
  -14   12    0 -12.606892839  10.805908147   0.344562E-02   0.101673E-02
   -4  -18    0  -3.601969382 -16.208862221  -0.112679E-02   0.534488E-03
   14  -12    0  12.606892839 -10.805908147   0.344562E-02   0.101673E-02
  -12  -14    0 -10.805908147 -12.606892839   0.344562E-02   0.101673E-02
    4  -18    0   3.601969382 -16.208862221  -0.112679E-02   0.534488E-03
   12  -14    0  10.805908147 -12.606892839   0.344562E-02   0.101673E-02
   18   -4    0  16.208862221  -3.601969382  -0.112679E-02   0.534488E-03
   18    4    0  16.208862221   3.601969382  -0.112679E-02   0.534488E-03
  -18    4    0 -16.208862221   3.601969382  -0.112679E-02   0.534488E-03
    4   18    0   3.601969382  16.208862221  -0.112679E-02   0.534488E-03
   16  -10    0  14.407877530  -9.004923456   0.269047E-02   0.924535E-03
   16   10    0  14.407877530   9.004923456   0.269047E-02   0.924535E-03
   10   16    0   9.004923456  14.407877530   0.269047E-02   0.924535E-03
  -16   10    0 -14.407877530   9.004923456   0.269047E-02   0.924535E-03
   10  -16    0   9.004923456 -14.407877530   0.269047E-02   0.924535E-03
  -16  -10    0 -14.407877530  -9.004923456   0.269047E-02   0.924535E-03
  -10   16    0  -9.004923456  14.407877530   0.269047E-02   0.924535E-03
  -10  -16    0  -9.004923456 -14.407877530   0.269047E-02   0.924535E-03
   18   -6    0  16.208862221  -5.402954074   0.482263E-02   0.148329E-02
  -18    6    0 -16.208862221   5.402954074   0.482263E-02   0.148329E-02
   -6  -18    0  -5.402954074 -16.208862221   0.482263E-02   0.148329E-02
   -6   18    0  -5.402954074  16.208862221   0.482263E-02   0.148329E-02
    6  -18    0   5.402954074 -16.208862221   0.482263E-02   0.148329E-02
  -18   -6    0 -16.208862221  -5.402954074   0.482263E-02   0.148329E-02
   18    6    0  16.208862221   5.402954074   0.482263E-02   0.148329E-02
    6   18    0   5.402954074  16.208862221   0.482263E-02   0.148329E-02
    8  -18    0   7.203938765 -16.208862221   0.349218E-02   0.990534E-03
  -18   -8    0 -16.208862221  -7.203938765   0.349218E-02   0.990534E-03
  -18    8    0 -16.208862221   7.203938765   0.349218E-02   0.990534E-03
   -8  -18    0  -7.203938765 -16.208862221   0.349218E-02   0.990534E-03
   18   -8    0  16.208862221  -7.203938765   0.349218E-02   0.990534E-03
   -8   18    0  -7.203938765  16.208862221   0.349218E-02   0.990534E-03
   18    8    0  16.208862221   7.203938765   0.349218E-02   0.990534E-03
    8   18    0   7.203938765  16.208862221   0.349218E-02   0.990534E-03
  -14  -14    0 -12.606892839 -12.606892839   0.557500E-02   0.153254E-02
   14   14    0  12.606892839  12.606892839   0.557500E-02   0.153254E-02
   14  -14    0  12.606892839 -12.606892839   0.557500E-02   0.153254E-02
  -14   14    0 -12.606892839  12.606892839   0.557500E-02   0.153254E-02
  -12   16    0 -10.805908147  14.407877530   0.139709E-02   0.105048E-02
    0  -20    0   0.000000000 -18.009846912   0.142050E-02   0.105313E-02
   12   16    0  10.805908147  14.407877530   0.139709E-02   0.105048E-02
  -12  -16    0 -10.805908147 -14.407877530   0.139709E-02   0.105048E-02
   12  -16    0  10.805908147 -14.407877530   0.139709E-02   0.105048E-02
  -16  -12    0 -14.407877530 -10.805908147   0.139709E-02   0.105048E-02
  -16   12    0 -14.407877530  10.805908147   0.139709E-02   0.105048E-02
    0   20    0  -0.000000000  18.009846912   0.142050E-02   0.105313E-02
  -20    0    0 -18.009846912   0.000000000   0.142050E-02   0.105313E-02
   20    0    0  18.009846912  -0.000000000   0.142050E-02   0.105313E-02
   16   12    0  14.407877530  10.805908147   0.139709E-02   0.105048E-02
   16  -12    0  14.407877530 -10.805908147   0.139709E-02   0.105048E-02
    2  -20    0   1.800984691 -18.009846912   0.104183E-02   0.701389E-03
  -20   -2    0 -18.009846912  -1.800984691   0.104183E-02   0.701389E-03
   -2   20    0  -1.800984691  18.009846912   0.104183E-02   0.701389E-03
   20   -2    0  18.009846912  -1.800984691   0.104183E-02   0.701389E-03
  -20    2    0 -18.009846912   1.800984691   0.104183E-02   0.701389E-03
   -2  -20    0  -1.800984691 -18.009846912   0.104183E-02   0.701389E-03
   20    2    0  18.009846912   1.800984691   0.104183E-02   0.701389E-03
    2   20    0   1.800984691  18.009846912   0.104183E-02   0.701389E-03
   -4   20    0  -3.601969382  18.009846912   0.762695E-02   0.174662E-02
   20   -4    0  18.009846912  -3.601969382   0.762695E-02   0.174662E-02
   -4  -20    0  -3.601969382 -18.009846912   0.762695E-02   0.174662E-02
   20    4    0  18.009846912   3.601969382   0.762695E-02   0.174662E-02
    4  -20    0   3.601969382 -18.009846912   0.762695E-02   0.174662E-02
  -20   -4    0 -18.009846912  -3.601969382   0.762695E-02   0.174662E-02
  -20    4    0 -18.009846912   3.601969382   0.762695E-02   0.174662E-02
    4   20    0   3.601969382  18.009846912   0.762695E-02   0.174662E-02
  -18   10    0 -16.208862221   9.004923456   0.504370E-02   0.144056E-02
  -10  -18    0  -9.004923456 -16.208862221   0.504370E-02   0.144056E-02
  -10   18    0  -9.004923456  16.208862221   0.504370E-02   0.144056E-02
   18  -10    0  16.208862221  -9.004923456   0.504370E-02   0.144056E-02
   10   18    0   9.004923456  16.208862221   0.504370E-02   0.144056E-02
  -18  -10    0 -16.208862221  -9.004923456   0.504370E-02   0.144056E-02
   18   10    0  16.208862221   9.004923456   0.504370E-02   0.144056E-02
   10  -18    0   9.004923456 -16.208862221   0.504370E-02   0.144056E-02
  -20   -6    0 -18.009846912  -5.402954074   0.170122E-02   0.751264E-03
    6  -20    0   5.402954074 -18.009846912   0.170122E-02   0.751264E-03
  -20    6    0 -18.009846912   5.402954074   0.170122E-02   0.751264E-03
   -6   20    0  -5.402954074  18.009846912   0.170122E-02   0.751264E-03
   -6  -20    0  -5.402954074 -18.009846912   0.170122E-02   0.751264E-03
    6   20    0   5.402954074  18.009846912   0.170122E-02   0.751264E-03
   20   -6    0  18.009846912  -5.402954074   0.170122E-02   0.751264E-03
   20    6    0  18.009846912   5.402954074   0.170122E-02   0.751264E-03
  -16   14    0 -14.407877530  12.606892839  -0.208787E-03   0.511183E-03
   16  -14    0  14.407877530 -12.606892839  -0.208787E-03   0.511183E-03
  -16  -14    0 -14.407877530 -12.606892839  -0.208787E-03   0.511183E-03
  -14   16    0 -12.606892839  14.407877530  -0.208787E-03   0.511183E-03
   14  -16    0  12.606892839 -14.407877530  -0.208787E-03   0.511183E-03
   14   16    0  12.606892839  14.407877530  -0.208787E-03   0.511183E-03
   16   14    0  14.407877530  12.606892839  -0.208787E-03   0.511183E-03
  -14  -16    0 -12.606892839 -14.407877530  -0.208787E-03   0.511183E-03
   20    8    0  18.009846912   7.203938765   0.132117E-02   0.954174E-03
    8   20    0   7.203938765  18.009846912   0.132117E-02   0.954174E-03
   -8  -20    0  -7.203938765 -18.009846912   0.132117E-02   0.954174E-03
   20   -8    0  18.009846912  -7.203938765   0.132117E-02   0.954174E-03
  -20   -8    0 -18.009846912  -7.203938765   0.132117E-02   0.954174E-03
    8  -20    0   7.203938765 -18.009846912   0.132117E-02   0.954174E-03
  -20    8    0 -18.009846912   7.203938765   0.132117E-02   0.954174E-03
   -8   20    0  -7.203938765  18.009846912   0.132117E-02   0.954174E-03
  -18  -12    0 -16.208862221 -10.805908147  -0.616662E-03   0.447060E-03
  -18   12    0 -16.208862221  10.805908147  -0.616662E-03   0.447060E-03
  -12  -18    0 -10.805908147 -16.208862221  -0.616662E-03   0.447060E-03
  -12   18    0 -10.805908147  16.208862221  -0.616662E-03   0.447060E-03
   12   18    0  10.805908147  16.208862221  -0.616662E-03   0.447060E-03
   18  -12    0  16.208862221 -10.805908147  -0.616662E-03   0.447060E-03
   12  -18    0  10.805908147 -16.208862221  -0.616662E-03   0.447060E-03
   18   12    0  16.208862221  10.805908147  -0.616662E-03   0.447060E-03
   22    0    0  19.810831604  -0.000000000  -0.103660E-02   0.380714E-03
  -22    0    0 -19.810831604   0.000000000  -0.103660E-02   0.380714E-03
    0  -22    0   0.000000000 -19.810831604  -0.103660E-02   0.380714E-03
    0   22    0  -0.000000000  19.810831604  -0.103660E-02   0.380714E-03
   -2   22    0  -1.800984691  19.810831604   0.362438E-02   0.120747E-02
   22   -2    0  19.810831604  -1.800984691   0.362438E-02   0.120747E-02
    2  -22    0   1.800984691 -19.810831604   0.362438E-02   0.120747E-02
  -22    2    0 -19.810831604   1.800984691   0.362438E-02   0.120747E-02
   -2  -22    0  -1.800984691 -19.810831604   0.362438E-02   0.120747E-02
  -22   -2    0 -19.810831604  -1.800984691   0.362438E-02   0.120747E-02
   22    2    0  19.810831604   1.800984691   0.362438E-02   0.120747E-02
    2   22    0   1.800984691  19.810831604   0.362438E-02   0.120747E-02
    4   22    0   3.601969382  19.810831604   0.293314E-02   0.857832E-03
   -4  -22    0  -3.601969382 -19.810831604   0.293314E-02   0.857832E-03
   22    4    0  19.810831604   3.601969382   0.293314E-02   0.857832E-03
    4  -22    0   3.601969382 -19.810831604   0.293314E-02   0.857832E-03
   22   -4    0  19.810831604  -3.601969382   0.293314E-02   0.857832E-03
   -4   22    0  -3.601969382  19.810831604   0.293314E-02   0.857832E-03
  -22   -4    0 -19.810831604  -3.601969382   0.293314E-02   0.857832E-03
  -22    4    0 -19.810831604   3.601969382   0.293314E-02   0.857832E-03
   10  -20    0   9.004923456 -18.009846912   0.205431E-03   0.519687E-03
  -10  -20    0  -9.004923456 -18.009846912   0.205431E-03   0.519687E-03
  -10   20    0  -9.004923456  18.009846912   0.205431E-03   0.519687E-03
  -20   10    0 -18.009846912   9.004923456   0.205431E-03   0.519687E-03
   20  -10    0  18.009846912  -9.004923456   0.205431E-03   0.519687E-03
   20   10    0  18.009846912   9.004923456   0.205431E-03   0.519687E-03
   10   20    0   9.004923456  18.009846912   0.205431E-03   0.519687E-03
  -20  -10    0 -18.009846912  -9.004923456   0.205431E-03   0.519687E-03
  -16   16    0 -14.407877530  14.407877530   0.584507E-02   0.146169E-02
   16   16    0  14.407877530  14.407877530   0.584507E-02   0.146169E-02
   16  -16    0  14.407877530 -14.407877530   0.584507E-02   0.146169E-02
  -16  -16    0 -14.407877530 -14.407877530   0.584507E-02   0.146169E-02
  -22   -6    0 -19.810831604  -5.402954074   0.382685E-02   0.120198E-02
    6  -22    0   5.402954074 -19.810831604   0.382685E-02   0.120198E-02
   -6  -22    0  -5.402954074 -19.810831604   0.382685E-02   0.120198E-02
  -18   14    0 -16.208862221  12.606892839   0.280476E-02   0.107353E-02
  -14   18    0 -12.606892839  16.208862221   0.280476E-02   0.107353E-02
   -6   22    0  -5.402954074  19.810831604   0.382685E-02   0.120198E-02
   18   14    0  16.208862221  12.606892839   0.280476E-02   0.107353E-02
   14  -18    0  12.606892839 -16.208862221   0.280476E-02   0.107353E-02
  -14  -18    0 -12.606892839 -16.208862221   0.280476E-02   0.107353E-02
   22   -6    0  19.810831604  -5.402954074   0.382685E-02   0.120198E-02
  -18  -14    0 -16.208862221 -12.606892839   0.280476E-02   0.107353E-02
   14   18    0  12.606892839  16.208862221   0.280476E-02   0.107353E-02
   18  -14    0  16.208862221 -12.606892839   0.280476E-02   0.107353E-02
   22    6    0  19.810831604   5.402954074   0.382685E-02   0.120198E-02
    6   22    0   5.402954074  19.810831604   0.382685E-02   0.120198E-02
  -22    6    0 -19.810831604   5.402954074   0.382685E-02   0.120198E-02
  -20  -12    0 -18.009846912 -10.805908147   0.537461E-02   0.137774E-02
  -12   20    0 -10.805908147  18.009846912   0.537461E-02   0.137774E-02
   20  -12    0  18.009846912 -10.805908147   0.537461E-02   0.137774E-02
  -20   12    0 -18.009846912  10.805908147   0.537461E-02   0.137774E-02
   20   12    0  18.009846912  10.805908147   0.537461E-02   0.137774E-02
   12  -20    0  10.805908147 -18.009846912   0.537461E-02   0.137774E-02
   12   20    0  10.805908147  18.009846912   0.537461E-02   0.137774E-02
  -12  -20    0 -10.805908147 -18.009846912   0.537461E-02   0.137774E-02
    8   22    0   7.203938765  19.810831604  -0.820745E-03   0.351316E-03
   22   -8    0  19.810831604  -7.203938765  -0.820745E-03   0.351316E-03
    8  -22    0   7.203938765 -19.810831604  -0.820745E-03   0.351316E-03
  -22    8    0 -19.810831604   7.203938765  -0.820745E-03   0.351316E-03
   -8  -22    0  -7.203938765 -19.810831604  -0.820745E-03   0.351316E-03
   -8   22    0  -7.203938765  19.810831604  -0.820745E-03   0.351316E-03
   22    8    0  19.810831604   7.203938765  -0.820745E-03   0.351316E-03
  -22   -8    0 -19.810831604  -7.203938765  -0.820745E-03   0.351316E-03
    0  -24    0   0.000000000 -21.611816295   0.493612E-02   0.129674E-02
    0   24    0  -0.000000000  21.611816295   0.493612E-02   0.129674E-02
  -24    0    0 -21.611816295   0.000000000   0.493612E-02   0.129674E-02
   24    0    0  21.611816295  -0.000000000   0.493612E-02   0.129674E-02
   24   -2    0  21.611816295  -1.800984691   0.932891E-03   0.554295E-03
    2   24    0   1.800984691  21.611816295   0.932891E-03   0.554295E-03
  -24   -2    0 -21.611816295  -1.800984691   0.932891E-03   0.554295E-03
   -2  -24    0  -1.800984691 -21.611816295   0.932891E-03   0.554295E-03
  -24    2    0 -21.611816295   1.800984691   0.932891E-03   0.554295E-03
    2  -24    0   1.800984691 -21.611816295   0.932891E-03   0.554295E-03
   -2   24    0  -1.800984691  21.611816295   0.932891E-03   0.554295E-03
   24    2    0  21.611816295   1.800984691   0.932891E-03   0.554295E-03
  -16  -18    0 -14.407877530 -16.208862221   0.201379E-02   0.694961E-03
   16  -18    0  14.407877530 -16.208862221   0.201379E-02   0.694961E-03
   18   16    0  16.208862221  14.407877530   0.201379E-02   0.694961E-03
   16   18    0  14.407877530  16.208862221   0.201379E-02   0.694961E-03
   18  -16    0  16.208862221 -14.407877530   0.201379E-02   0.694961E-03
  -18  -16    0 -16.208862221 -14.407877530   0.201379E-02   0.694961E-03
  -18   16    0 -16.208862221  14.407877530   0.201379E-02   0.694961E-03
  -16   18    0 -14.407877530  16.208862221   0.201379E-02   0.694961E-03
   10  -22    0   9.004923456 -19.810831604   0.250840E-02   0.974062E-03
  -22   10    0 -19.810831604   9.004923456   0.250840E-02   0.974062E-03
  -10   22    0  -9.004923456  19.810831604   0.250840E-02   0.974062E-03
  -10  -22    0  -9.004923456 -19.810831604   0.250840E-02   0.974062E-03
   22  -10    0  19.810831604  -9.004923456   0.250840E-02   0.974062E-03
   22   10    0  19.810831604   9.004923456   0.250840E-02   0.974062E-03
  -22  -10    0 -19.810831604  -9.004923456   0.250840E-02   0.974062E-03
   10   22    0   9.004923456  19.810831604   0.250840E-02   0.974062E-03
   24    4    0  21.611816295   3.601969382   0.115901E-02   0.790106E-03
    4  -24    0   3.601969382 -21.611816295   0.115901E-02   0.790106E-03
  -24    4    0 -21.611816295   3.601969382   0.115901E-02   0.790106E-03
  -24   -4    0 -21.611816295  -3.601969382   0.115901E-02   0.790106E-03
   24   -4    0  21.611816295  -3.601969382   0.115901E-02   0.790106E-03
   -4  -24    0  -3.601969382 -21.611816295   0.115901E-02   0.790106E-03
   -4   24    0  -3.601969382  21.611816295   0.115901E-02   0.790106E-03
    4   24    0   3.601969382  21.611816295   0.115901E-02   0.790106E-03
  -14  -20    0 -12.606892839 -18.009846912   0.163584E-02   0.636315E-03
   20   14    0  18.009846912  12.606892839   0.163584E-02   0.636315E-03
  -14   20    0 -12.606892839  18.009846912   0.163584E-02   0.636315E-03
   20  -14    0  18.009846912 -12.606892839   0.163584E-02   0.636315E-03
   14  -20    0  12.606892839 -18.009846912   0.163584E-02   0.636315E-03
  -20  -14    0 -18.009846912 -12.606892839   0.163584E-02   0.636315E-03
   14   20    0  12.606892839  18.009846912   0.163584E-02   0.636315E-03
  -20   14    0 -18.009846912  12.606892839   0.163584E-02   0.636315E-03
   -6  -24    0  -5.402954074 -21.611816295   0.437904E-03   0.468772E-03
   24    6    0  21.611816295   5.402954074   0.437904E-03   0.468772E-03
    6   24    0   5.402954074  21.611816295   0.437904E-03   0.468772E-03
    6  -24    0   5.402954074 -21.611816295   0.437904E-03   0.468772E-03
  -24    6    0 -21.611816295   5.402954074   0.437904E-03   0.468772E-03
   24   -6    0  21.611816295  -5.402954074   0.437904E-03   0.468772E-03
  -24   -6    0 -21.611816295  -5.402954074   0.437904E-03   0.468772E-03
   -6   24    0  -5.402954074  21.611816295   0.437904E-03   0.468772E-03
  -22   12    0 -19.810831604  10.805908147   0.209570E-02   0.679288E-03
  -22  -12    0 -19.810831604 -10.805908147   0.209570E-02   0.679288E-03
   22  -12    0  19.810831604 -10.805908147   0.209570E-02   0.679288E-03
   12   22    0  10.805908147  19.810831604   0.209570E-02   0.679288E-03
   12  -22    0  10.805908147 -19.810831604   0.209570E-02   0.679288E-03
   22   12    0  19.810831604  10.805908147   0.209570E-02   0.679288E-03
  -12   22    0 -10.805908147  19.810831604   0.209570E-02   0.679288E-03
  -12  -22    0 -10.805908147 -19.810831604   0.209570E-02   0.679288E-03
   -8  -24    0  -7.203938765 -21.611816295   0.424432E-02   0.115720E-02
   24   -8    0  21.611816295  -7.203938765   0.424432E-02   0.115720E-02
  -24   -8    0 -21.611816295  -7.203938765   0.424432E-02   0.115720E-02
   -8   24    0  -7.203938765  21.611816295   0.424432E-02   0.115720E-02
   24    8    0  21.611816295   7.203938765   0.424432E-02   0.115720E-02
    8  -24    0   7.203938765 -21.611816295   0.424432E-02   0.115720E-02
  -24    8    0 -21.611816295   7.203938765   0.424432E-02   0.115720E-02
    8   24    0   7.203938765  21.611816295   0.424432E-02   0.115720E-02
  -18   18    0 -16.208862221  16.208862221   0.325358E-02   0.101837E-02
   18  -18    0  16.208862221 -16.208862221   0.325358E-02   0.101837E-02
   18   18    0  16.208862221  16.208862221   0.325358E-02   0.101837E-02
  -18  -18    0 -16.208862221 -16.208862221   0.325358E-02   0.101837E-02
   16  -20    0  14.407877530 -18.009846912   0.104928E-02   0.715498E-03
  -16   20    0 -14.407877530  18.009846912   0.104928E-02   0.715498E-03
  -20  -16    0 -18.009846912 -14.407877530   0.104928E-02   0.715498E-03
   20  -16    0  18.009846912 -14.407877530   0.104928E-02   0.715498E-03
  -20   16    0 -18.009846912  14.407877530   0.104928E-02   0.715498E-03
   20   16    0  18.009846912  14.407877530   0.104928E-02   0.715498E-03
  -16  -20    0 -14.407877530 -18.009846912   0.104928E-02   0.715498E-03
   16   20    0  14.407877530  18.009846912   0.104928E-02   0.715498E-03
  -26    0    0 -23.412800986   0.000000000   0.217820E-02   0.665849E-03
    0  -26    0   0.000000000 -23.412800986   0.217820E-02   0.665849E-03
   26    0    0  23.412800986  -0.000000000   0.217820E-02   0.665849E-03
    0   26    0  -0.000000000  23.412800986   0.217820E-02   0.665849E-03
  -10  -24    0  -9.004923456 -21.611816295   0.113504E-02   0.524475E-03
   24  -10    0  21.611816295  -9.004923456   0.113504E-02   0.524475E-03
  -10   24    0  -9.004923456  21.611816295   0.113504E-02   0.524475E-03
  -24   10    0 -21.611816295   9.004923456   0.113504E-02   0.524475E-03
   10  -24    0   9.004923456 -21.611816295   0.113504E-02   0.524475E-03
   10   24    0   9.004923456  21.611816295   0.113504E-02   0.524475E-03
   24   10    0  21.611816295   9.004923456   0.113504E-02   0.524475E-03
  -24  -10    0 -21.611816295  -9.004923456   0.113504E-02   0.524475E-03
   22   14    0  19.810831604  12.606892839   0.301437E-02   0.961313E-03
   -2  -26    0  -1.800984691 -23.412800986   0.255094E-02   0.898422E-03
    2  -26    0   1.800984691 -23.412800986   0.255094E-02   0.898422E-03
  -14   22    0 -12.606892839  19.810831604   0.301437E-02   0.961313E-03
   26   -2    0  23.412800986  -1.800984691   0.255094E-02   0.898422E-03
   14  -22    0  12.606892839 -19.810831604   0.301437E-02   0.961313E-03
   -2   26    0  -1.800984691  23.412800986   0.255094E-02   0.898422E-03
   26    2    0  23.412800986   1.800984691   0.255094E-02   0.898422E-03
   22  -14    0  19.810831604 -12.606892839   0.301437E-02   0.961313E-03
  -26   -2    0 -23.412800986  -1.800984691   0.255094E-02   0.898422E-03
  -26    2    0 -23.412800986   1.800984691   0.255094E-02   0.898422E-03
  -22  -14    0 -19.810831604 -12.606892839   0.301437E-02   0.961313E-03
    2   26    0   1.800984691  23.412800986   0.255094E-02   0.898422E-03
   14   22    0  12.606892839  19.810831604   0.301437E-02   0.961313E-03
  -22   14    0 -19.810831604  12.606892839   0.301437E-02   0.961313E-03
  -14  -22    0 -12.606892839 -19.810831604   0.301437E-02   0.961313E-03
  -26   -4    0 -23.412800986  -3.601969382  -0.801737E-03   0.252071E-03
   -4   26    0  -3.601969382  23.412800986  -0.801737E-03   0.252071E-03
    4   26    0   3.601969382  23.412800986  -0.801737E-03   0.252071E-03
   -4  -26    0  -3.601969382 -23.412800986  -0.801737E-03   0.252071E-03
    4  -26    0   3.601969382 -23.412800986  -0.801737E-03   0.252071E-03
   26    4    0  23.412800986   3.601969382  -0.801737E-03   0.252071E-03
  -26    4    0 -23.412800986   3.601969382  -0.801737E-03   0.252071E-03
   26   -4    0  23.412800986  -3.601969382  -0.801737E-03   0.252071E-03
  -26   -6    0 -23.412800986  -5.402954074   0.204213E-02   0.804209E-03
   26   -6    0  23.412800986  -5.402954074   0.204213E-02   0.804209E-03
   26    6    0  23.412800986   5.402954074   0.204213E-02   0.804209E-03
    6  -26    0   5.402954074 -23.412800986   0.204213E-02   0.804209E-03
   -6   26    0  -5.402954074  23.412800986   0.204213E-02   0.804209E-03
    6   26    0   5.402954074  23.412800986   0.204213E-02   0.804209E-03
   -6  -26    0  -5.402954074 -23.412800986   0.204213E-02   0.804209E-03
  -26    6    0 -23.412800986   5.402954074   0.204213E-02   0.804209E-03
  -24  -12    0 -21.611816295 -10.805908147   0.985224E-03   0.652927E-03
   12   24    0  10.805908147  21.611816295   0.985224E-03   0.652927E-03
   24   12    0  21.611816295  10.805908147   0.985224E-03   0.652927E-03
  -24   12    0 -21.611816295  10.805908147   0.985224E-03   0.652927E-03
   12  -24    0  10.805908147 -21.611816295   0.985224E-03   0.652927E-03
   24  -12    0  21.611816295 -10.805908147   0.985224E-03   0.652927E-03
  -12  -24    0 -10.805908147 -21.611816295   0.985224E-03   0.652927E-03
  -12   24    0 -10.805908147  21.611816295   0.985224E-03   0.652927E-03
   20  -18    0  18.009846912 -16.208862221  -0.206105E-03   0.315023E-03
  -20  -18    0 -18.009846912 -16.208862221  -0.206105E-03   0.315023E-03
  -18   20    0 -16.208862221  18.009846912  -0.206105E-03   0.315023E-03
   18   20    0  16.208862221  18.009846912  -0.206105E-03   0.315023E-03
   18  -20    0  16.208862221 -18.009846912  -0.206105E-03   0.315023E-03
  -20   18    0 -18.009846912  16.208862221  -0.206105E-03   0.315023E-03
   20   18    0  18.009846912  16.208862221  -0.206105E-03   0.315023E-03
  -18  -20    0 -16.208862221 -18.009846912  -0.206105E-03   0.315023E-03
   26    8    0  23.412800986   7.203938765   0.187590E-02   0.593801E-03
   26   -8    0  23.412800986  -7.203938765   0.187590E-02   0.593801E-03
  -26   -8    0 -23.412800986  -7.203938765   0.187590E-02   0.593801E-03
   16   22    0  14.407877530  19.810831604  -0.426952E-03   0.275814E-03
  -16   22    0 -14.407877530  19.810831604  -0.426952E-03   0.275814E-03
   22   16    0  19.810831604  14.407877530  -0.426952E-03   0.275814E-03
    8  -26    0   7.203938765 -23.412800986   0.187590E-02   0.593801E-03
  -26    8    0 -23.412800986   7.203938765   0.187590E-02   0.593801E-03
  -22  -16    0 -19.810831604 -14.407877530  -0.426952E-03   0.275814E-03
  -22   16    0 -19.810831604  14.407877530  -0.426952E-03   0.275814E-03
   16  -22    0  14.407877530 -19.810831604  -0.426952E-03   0.275814E-03
    8   26    0   7.203938765  23.412800986   0.187590E-02   0.593801E-03
  -16  -22    0 -14.407877530 -19.810831604  -0.426952E-03   0.275814E-03
   22  -16    0  19.810831604 -14.407877530  -0.426952E-03   0.275814E-03
   -8   26    0  -7.203938765  23.412800986   0.187590E-02   0.593801E-03
   -8  -26    0  -7.203938765 -23.412800986   0.187590E-02   0.593801E-03
   24   14    0  21.611816295  12.606892839   0.244047E-04  -0.344038E-05
  -24  -14    0 -21.611816295 -12.606892839   0.244047E-04  -0.344038E-05
   14  -24    0  12.606892839 -21.611816295   0.244047E-04  -0.344038E-05
  -14   24    0 -12.606892839  21.611816295   0.244047E-04  -0.344038E-05
  -24   14    0 -21.611816295  12.606892839   0.244047E-04  -0.344038E-05
   14   24    0  12.606892839  21.611816295   0.244047E-04  -0.344038E-05
  -14  -24    0 -12.606892839 -21.611816295   0.244047E-04  -0.344038E-05
   24  -14    0  21.611816295 -12.606892839   0.244047E-04  -0.344038E-05
  -26   10    0 -23.412800986   9.004923456   0.242031E-02   0.810026E-03
   26   10    0  23.412800986   9.004923456   0.242031E-02   0.810026E-03
   10  -26    0   9.004923456 -23.412800986   0.242031E-02   0.810026E-03
  -10   26    0  -9.004923456  23.412800986   0.242031E-02   0.810026E-03
   10   26    0   9.004923456  23.412800986   0.242031E-02   0.810026E-03
   26  -10    0  23.412800986  -9.004923456   0.242031E-02   0.810026E-03
  -26  -10    0 -23.412800986  -9.004923456   0.242031E-02   0.810026E-03
  -10  -26    0  -9.004923456 -23.412800986   0.242031E-02   0.810026E-03
    0  -28    0   0.000000000 -25.213785677   0.940704E-03   0.598265E-03
    0   28    0  -0.000000000  25.213785677   0.940704E-03   0.598265E-03
  -28    0    0 -25.213785677   0.000000000   0.940704E-03   0.598265E-03
   28    0    0  25.213785677  -0.000000000   0.940704E-03   0.598265E-03
  -28    2    0 -25.213785677   1.800984691   0.473012E-03   0.376359E-03
   -2   28    0  -1.800984691  25.213785677   0.473012E-03   0.376359E-03
   28   -2    0  25.213785677  -1.800984691   0.473012E-03   0.376359E-03
  -28   -2    0 -25.213785677  -1.800984691   0.473012E-03   0.376359E-03
   28    2    0  25.213785677   1.800984691   0.473012E-03   0.376359E-03
   -2  -28    0  -1.800984691 -25.213785677   0.473012E-03   0.376359E-03
    2   28    0   1.800984691  25.213785677   0.473012E-03   0.376359E-03
    2  -28    0   1.800984691 -25.213785677   0.473012E-03   0.376359E-03
    4  -28    0   3.601969382 -25.213785677   0.297493E-02   0.871336E-03
   28   -4    0  25.213785677  -3.601969382   0.297493E-02   0.871336E-03
   20  -20    0  18.009846912 -18.009846912   0.301083E-02   0.876356E-03
   28    4    0  25.213785677   3.601969382   0.297493E-02   0.871336E-03
   -4   28    0  -3.601969382  25.213785677   0.297493E-02   0.871336E-03
  -20  -20    0 -18.009846912 -18.009846912   0.301083E-02   0.876356E-03
   20   20    0  18.009846912  18.009846912   0.301083E-02   0.876356E-03
  -20   20    0 -18.009846912  18.009846912   0.301083E-02   0.876356E-03
  -28   -4    0 -25.213785677  -3.601969382   0.297493E-02   0.871336E-03
  -28    4    0 -25.213785677   3.601969382   0.297493E-02   0.871336E-03
   -4  -28    0  -3.601969382 -25.213785677   0.297493E-02   0.871336E-03
    4   28    0   3.601969382  25.213785677   0.297493E-02   0.871336E-03
  -22   18    0 -19.810831604  16.208862221   0.137323E-02   0.641873E-03
  -18   22    0 -16.208862221  19.810831604   0.137323E-02   0.641873E-03
   22  -18    0  19.810831604 -16.208862221   0.137323E-02   0.641873E-03
  -18  -22    0 -16.208862221 -19.810831604   0.137323E-02   0.641873E-03
   18  -22    0  16.208862221 -19.810831604   0.137323E-02   0.641873E-03
  -22  -18    0 -19.810831604 -16.208862221   0.137323E-02   0.641873E-03
   18   22    0  16.208862221  19.810831604   0.137323E-02   0.641873E-03
   22   18    0  19.810831604  16.208862221   0.137323E-02   0.641873E-03
   -6   28    0  -5.402954074  25.213785677   0.695739E-03   0.392758E-03
  -28   -6    0 -25.213785677  -5.402954074   0.695739E-03   0.392758E-03
   -6  -28    0  -5.402954074 -25.213785677   0.695739E-03   0.392758E-03
  -28    6    0 -25.213785677   5.402954074   0.695739E-03   0.392758E-03
   26  -12    0  23.412800986 -10.805908147  -0.551419E-03   0.217807E-03
  -26  -12    0 -23.412800986 -10.805908147  -0.551419E-03   0.217807E-03
  -12   26    0 -10.805908147  23.412800986  -0.551419E-03   0.217807E-03
   28   -6    0  25.213785677  -5.402954074   0.695739E-03   0.392758E-03
   12  -26    0  10.805908147 -23.412800986  -0.551419E-03   0.217807E-03
   28    6    0  25.213785677   5.402954074   0.695739E-03   0.392758E-03
   12   26    0  10.805908147  23.412800986  -0.551419E-03   0.217807E-03
  -26   12    0 -23.412800986  10.805908147  -0.551419E-03   0.217807E-03
    6  -28    0   5.402954074 -25.213785677   0.695739E-03   0.392758E-03
  -12  -26    0 -10.805908147 -23.412800986  -0.551419E-03   0.217807E-03
    6   28    0   5.402954074  25.213785677   0.695739E-03   0.392758E-03
   26   12    0  23.412800986  10.805908147  -0.551419E-03   0.217807E-03
  -16  -24    0 -14.407877530 -21.611816295   0.281446E-02   0.828286E-03
   24  -16    0  21.611816295 -14.407877530   0.281446E-02   0.828286E-03
   16  -24    0  14.407877530 -21.611816295   0.281446E-02   0.828286E-03
   16   24    0  14.407877530  21.611816295   0.281446E-02   0.828286E-03
  -16   24    0 -14.407877530  21.611816295   0.281446E-02   0.828286E-03
   24   16    0  21.611816295  14.407877530   0.281446E-02   0.828286E-03
  -24   16    0 -21.611816295  14.407877530   0.281446E-02   0.828286E-03
  -24  -16    0 -21.611816295 -14.407877530   0.281446E-02   0.828286E-03
  -28   -8    0 -25.213785677  -7.203938765   0.866737E-03   0.544014E-03
  -28    8    0 -25.213785677   7.203938765   0.866737E-03   0.544014E-03
    8  -28    0   7.203938765 -25.213785677   0.866737E-03   0.544014E-03
   -8   28    0  -7.203938765  25.213785677   0.866737E-03   0.544014E-03
   28   -8    0  25.213785677  -7.203938765   0.866737E-03   0.544014E-03
   28    8    0  25.213785677   7.203938765   0.866737E-03   0.544014E-03
    8   28    0   7.203938765  25.213785677   0.866737E-03   0.544014E-03
   -8  -28    0  -7.203938765 -25.213785677   0.866737E-03   0.544014E-03
  -14   26    0 -12.606892839  23.412800986   0.126749E-02   0.585197E-03
  -14  -26    0 -12.606892839 -23.412800986   0.126749E-02   0.585197E-03
  -26   14    0 -23.412800986  12.606892839   0.126749E-02   0.585197E-03
   14   26    0  12.606892839  23.412800986   0.126749E-02   0.585197E-03
   14  -26    0  12.606892839 -23.412800986   0.126749E-02   0.585197E-03
  -26  -14    0 -23.412800986 -12.606892839   0.126749E-02   0.585197E-03
   26   14    0  23.412800986  12.606892839   0.126749E-02   0.585197E-03
   26  -14    0  23.412800986 -12.606892839   0.126749E-02   0.585197E-03
  -22   20    0 -19.810831604  18.009846912   0.117301E-02   0.432844E-03
  -10  -28    0  -9.004923456 -25.213785677   0.179788E-03   0.292489E-03
   22  -20    0  19.810831604 -18.009846912   0.117301E-02   0.432844E-03
  -28   10    0 -25.213785677   9.004923456   0.179788E-03   0.292489E-03
  -28  -10    0 -25.213785677  -9.004923456   0.179788E-03   0.292489E-03
   20  -22    0  18.009846912 -19.810831604   0.117301E-02   0.432844E-03
   28   10    0  25.213785677   9.004923456   0.179788E-03   0.292489E-03
   10   28    0   9.004923456  25.213785677   0.179788E-03   0.292489E-03
  -10   28    0  -9.004923456  25.213785677   0.179788E-03   0.292489E-03
   28  -10    0  25.213785677  -9.004923456   0.179788E-03   0.292489E-03
  -20   22    0 -18.009846912  19.810831604   0.117301E-02   0.432844E-03
   22   20    0  19.810831604  18.009846912   0.117301E-02   0.432844E-03
  -20  -22    0 -18.009846912 -19.810831604   0.117301E-02   0.432844E-03
   20   22    0  18.009846912  19.810831604   0.117301E-02   0.432844E-03
  -22  -20    0 -19.810831604 -18.009846912   0.117301E-02   0.432844E-03
   10  -28    0   9.004923456 -25.213785677   0.179788E-03   0.292489E-03
   24  -18    0  21.611816295 -16.208862221   0.971140E-03   0.397906E-03
  -18  -24    0 -16.208862221 -21.611816295   0.971140E-03   0.397906E-03
  -24  -18    0 -21.611816295 -16.208862221   0.971140E-03   0.397906E-03
   24   18    0  21.611816295  16.208862221   0.971140E-03   0.397906E-03
  -18   24    0 -16.208862221  21.611816295   0.971140E-03   0.397906E-03
   18   24    0  16.208862221  21.611816295   0.971140E-03   0.397906E-03
  -24   18    0 -21.611816295  16.208862221   0.971140E-03   0.397906E-03
   18  -24    0  16.208862221 -21.611816295   0.971140E-03   0.397906E-03
   28  -12    0  25.213785677 -10.805908147   0.231461E-02   0.699921E-03
  -28  -12    0 -25.213785677 -10.805908147   0.231461E-02   0.699921E-03
  -12   28    0 -10.805908147  25.213785677   0.231461E-02   0.699921E-03
   12  -28    0  10.805908147 -25.213785677   0.231461E-02   0.699921E-03
  -28   12    0 -25.213785677  10.805908147   0.231461E-02   0.699921E-03
   28   12    0  25.213785677  10.805908147   0.231461E-02   0.699921E-03
  -12  -28    0 -10.805908147 -25.213785677   0.231461E-02   0.699921E-03
   12   28    0  10.805908147  25.213785677   0.231461E-02   0.699921E-03
  -16  -26    0 -14.407877530 -23.412800986   0.123714E-02   0.423171E-03
  -26  -16    0 -23.412800986 -14.407877530   0.123714E-02   0.423171E-03
   26   16    0  23.412800986  14.407877530   0.123714E-02   0.423171E-03
   16  -26    0  14.407877530 -23.412800986   0.123714E-02   0.423171E-03
   26  -16    0  23.412800986 -14.407877530   0.123714E-02   0.423171E-03
  -16   26    0 -14.407877530  23.412800986   0.123714E-02   0.423171E-03
   16   26    0  14.407877530  23.412800986   0.123714E-02   0.423171E-03
  -26   16    0 -23.412800986  14.407877530   0.123714E-02   0.423171E-03
   22  -22    0  19.810831604 -19.810831604   0.193723E-02   0.624021E-03
  -22  -22    0 -19.810831604 -19.810831604   0.193723E-02   0.624021E-03
   22   22    0  19.810831604  19.810831604   0.193723E-02   0.624021E-03
  -22   22    0 -19.810831604  19.810831604   0.193723E-02   0.624021E-03
  -20   24    0 -18.009846912  21.611816295   0.726507E-03   0.448002E-03
  -24   20    0 -21.611816295  18.009846912   0.726507E-03   0.448002E-03
  -24  -20    0 -21.611816295 -18.009846912   0.726507E-03   0.448002E-03
   24   20    0  21.611816295  18.009846912   0.726507E-03   0.448002E-03
  -20  -24    0 -18.009846912 -21.611816295   0.726507E-03   0.448002E-03
   20   24    0  18.009846912  21.611816295   0.726507E-03   0.448002E-03
   20  -24    0  18.009846912 -21.611816295   0.726507E-03   0.448002E-03
   24  -20    0  21.611816295 -18.009846912   0.726507E-03   0.448002E-03
  -28  -14    0 -25.213785677 -12.606892839   0.706667E-03   0.330264E-03
   14   28    0  12.606892839  25.213785677   0.706667E-03   0.330264E-03
  -14   28    0 -12.606892839  25.213785677   0.706667E-03   0.330264E-03
   28   14    0  25.213785677  12.606892839   0.706667E-03   0.330264E-03
  -14  -28    0 -12.606892839 -25.213785677   0.706667E-03   0.330264E-03
  -28   14    0 -25.213785677  12.606892839   0.706667E-03   0.330264E-03
   28  -14    0  25.213785677 -12.606892839   0.706667E-03   0.330264E-03
   14  -28    0  12.606892839 -25.213785677   0.706667E-03   0.330264E-03
   18  -26    0  16.208862221 -23.412800986   0.181814E-02   0.589924E-03
  -26  -18    0 -23.412800986 -16.208862221   0.181814E-02   0.589924E-03
  -18   26    0 -16.208862221  23.412800986   0.181814E-02   0.589924E-03
   26   18    0  23.412800986  16.208862221   0.181814E-02   0.589924E-03
   26  -18    0  23.412800986 -16.208862221   0.181814E-02   0.589924E-03
  -26   18    0 -23.412800986  16.208862221   0.181814E-02   0.589924E-03
   18   26    0  16.208862221  23.412800986   0.181814E-02   0.589924E-03
  -18  -26    0 -16.208862221 -23.412800986   0.181814E-02   0.589924E-03
  -16   28    0 -14.407877530  25.213785677   0.686467E-03   0.409192E-03
  -28   16    0 -25.213785677  14.407877530   0.686467E-03   0.409192E-03
   28  -16    0  25.213785677 -14.407877530   0.686467E-03   0.409192E-03
  -16  -28    0 -14.407877530 -25.213785677   0.686467E-03   0.409192E-03
   28   16    0  25.213785677  14.407877530   0.686467E-03   0.409192E-03
  -28  -16    0 -25.213785677 -14.407877530   0.686467E-03   0.409192E-03
   16  -28    0  14.407877530 -25.213785677   0.686467E-03   0.409192E-03
   16   28    0  14.407877530  25.213785677   0.686467E-03   0.409192E-03
  -24   22    0 -21.611816295  19.810831604  -0.142494E-03   0.662894E-04
   22   24    0  19.810831604  21.611816295  -0.142494E-03   0.662894E-04
  -22  -24    0 -19.810831604 -21.611816295  -0.142494E-03   0.662894E-04
   24  -22    0  21.611816295 -19.810831604  -0.142494E-03   0.662894E-04
   22  -24    0  19.810831604 -21.611816295  -0.142494E-03   0.662894E-04
  -22   24    0 -19.810831604  21.611816295  -0.142494E-03   0.662894E-04
  -24  -22    0 -21.611816295 -19.810831604  -0.142494E-03   0.662894E-04
   24   22    0  21.611816295  19.810831604  -0.142494E-03   0.662894E-04
  -26   20    0 -23.412800986  18.009846912  -0.265124E-03   0.160884E-03
  -26  -20    0 -23.412800986 -18.009846912  -0.265124E-03   0.160884E-03
   26  -20    0  23.412800986 -18.009846912  -0.265124E-03   0.160884E-03
  -20   26    0 -18.009846912  23.412800986  -0.265124E-03   0.160884E-03
   20  -26    0  18.009846912 -23.412800986  -0.265124E-03   0.160884E-03
   20   26    0  18.009846912  23.412800986  -0.265124E-03   0.160884E-03
   26   20    0  23.412800986  18.009846912  -0.265124E-03   0.160884E-03
  -20  -26    0 -18.009846912 -23.412800986  -0.265124E-03   0.160884E-03
   28  -18    0  25.213785677 -16.208862221  -0.136320E-04  -0.137404E-04
  -28   18    0 -25.213785677  16.208862221  -0.136320E-04  -0.137404E-04
   18  -28    0  16.208862221 -25.213785677  -0.136320E-04  -0.137404E-04
  -18   28    0 -16.208862221  25.213785677  -0.136320E-04  -0.137404E-04
   28   18    0  25.213785677  16.208862221  -0.136320E-04  -0.137404E-04
  -18  -28    0 -16.208862221 -25.213785677  -0.136320E-04  -0.137404E-04
  -28  -18    0 -25.213785677 -16.208862221  -0.136320E-04  -0.137404E-04
   18   28    0  16.208862221  25.213785677  -0.136320E-04  -0.137404E-04
   24   24    0  21.611816295  21.611816295   0.155050E-02   0.478440E-03
   24  -24    0  21.611816295 -21.611816295   0.155050E-02   0.478440E-03
  -24  -24    0 -21.611816295 -21.611816295   0.155050E-02   0.478440E-03
  -24   24    0 -21.611816295  21.611816295   0.155050E-02   0.478440E-03
   22   26    0  19.810831604  23.412800986   0.649749E-03   0.349238E-03
  -26  -22    0 -23.412800986 -19.810831604   0.649749E-03   0.349238E-03
  -22  -26    0 -19.810831604 -23.412800986   0.649749E-03   0.349238E-03
  -26   22    0 -23.412800986  19.810831604   0.649749E-03   0.349238E-03
  -22   26    0 -19.810831604  23.412800986   0.649749E-03   0.349238E-03
   22  -26    0  19.810831604 -23.412800986   0.649749E-03   0.349238E-03
   26  -22    0  23.412800986 -19.810831604   0.649749E-03   0.349238E-03
   26   22    0  23.412800986  19.810831604   0.649749E-03   0.349238E-03
  -28   20    0 -25.213785677  18.009846912   0.146238E-02   0.452173E-03
  -28  -20    0 -25.213785677 -18.009846912   0.146238E-02   0.452173E-03
   20  -28    0  18.009846912 -25.213785677   0.146238E-02   0.452173E-03
   28  -20    0  25.213785677 -18.009846912   0.146238E-02   0.452173E-03
   28   20    0  25.213785677  18.009846912   0.146238E-02   0.452173E-03
  -20  -28    0 -18.009846912 -25.213785677   0.146238E-02   0.452173E-03
  -20   28    0 -18.009846912  25.213785677   0.146238E-02   0.452173E-03
   20   28    0  18.009846912  25.213785677   0.146238E-02   0.452173E-03
  -24  -26    0 -21.611816295 -23.412800986   0.661702E-03   0.241414E-03
   24  -26    0  21.611816295 -23.412800986   0.661702E-03   0.241414E-03
  -26   24    0 -23.412800986  21.611816295   0.661702E-03   0.241414E-03
  -26  -24    0 -23.412800986 -21.611816295   0.661702E-03   0.241414E-03
   26   24    0  23.412800986  21.611816295   0.661702E-03   0.241414E-03
  -24   26    0 -21.611816295  23.412800986   0.661702E-03   0.241414E-03
   24   26    0  21.611816295  23.412800986   0.661702E-03   0.241414E-03
   26  -24    0  23.412800986 -21.611816295   0.661702E-03   0.241414E-03
   22  -28    0  19.810831604 -25.213785677   0.552166E-03   0.222391E-03
  -22   28    0 -19.810831604  25.213785677   0.552166E-03   0.222391E-03
  -28  -22    0 -25.213785677 -19.810831604   0.552166E-03   0.222391E-03
  -28   22    0 -25.213785677  19.810831604   0.552166E-03   0.222391E-03
  -22  -28    0 -19.810831604 -25.213785677   0.552166E-03   0.222391E-03
   28  -22    0  25.213785677 -19.810831604   0.552166E-03   0.222391E-03
   22   28    0  19.810831604  25.213785677   0.552166E-03   0.222391E-03
   28   22    0  25.213785677  19.810831604   0.552166E-03   0.222391E-03
  -26   26    0 -23.412800986  23.412800986   0.114961E-02   0.343882E-03
   26   26    0  23.412800986  23.412800986   0.114961E-02   0.343882E-03
  -26  -26    0 -23.412800986 -23.412800986   0.114961E-02   0.343882E-03
   26  -26    0  23.412800986 -23.412800986   0.114961E-02   0.343882E-03
   28  -24    0  25.213785677 -21.611816295   0.481335E-03   0.252350E-03
  -24  -28    0 -21.611816295 -25.213785677   0.481335E-03   0.252350E-03
   28   24    0  25.213785677  21.611816295   0.481335E-03   0.252350E-03
   24  -28    0  21.611816295 -25.213785677   0.481335E-03   0.252350E-03
   24   28    0  21.611816295  25.213785677   0.481335E-03   0.252350E-03
  -28  -24    0 -25.213785677 -21.611816295   0.481335E-03   0.252350E-03
  -24   28    0 -21.611816295  25.213785677   0.481335E-03   0.252350E-03
  -28   24    0 -25.213785677  21.611816295   0.481335E-03   0.252350E-03
  -28  -26    0 -25.213785677 -23.412800986  -0.775537E-04   0.750457E-05
   28   26    0  25.213785677  23.412800986  -0.775537E-04   0.750457E-05
  -26  -28    0 -23.412800986 -25.213785677  -0.775537E-04   0.750457E-05
  -26   28    0 -23.412800986  25.213785677  -0.775537E-04   0.750457E-05
   28  -26    0  25.213785677 -23.412800986  -0.775537E-04   0.750457E-05
   26   28    0  23.412800986  25.213785677  -0.775537E-04   0.750457E-05
   26  -28    0  23.412800986 -25.213785677  -0.775537E-04   0.750457E-05
  -28   26    0 -25.213785677  23.412800986  -0.775537E-04   0.750457E-05
  -28   28    0 -25.213785677  25.213785677   0.788729E-03   0.230212E-03
   28  -28    0  25.213785677 -25.213785677   0.788729E-03   0.230212E-03
  -28  -28    0 -25.213785677 -25.213785677   0.788729E-03   0.230212E-03
   28   28    0  25.213785677  25.213785677   0.788729E-03   0.230212E-03
