    0    0    0   0.000000000   0.000000000  -0.192238E-19   0.608979E-06
    0    2    0  -0.000000000   0.503742927   0.388988E-03  -0.175539E-05
   -2    0    0  -0.503742927   0.000000000   0.388988E-03  -0.175539E-05
    2    0    0   0.503742927  -0.000000000   0.388988E-03  -0.175539E-05
    0   -2    0   0.000000000  -0.503742927   0.388988E-03  -0.175539E-05
    2   -2    0   0.503742927  -0.503742927  -0.321084E-03  -0.327322E-05
   -2    2    0  -0.503742927   0.503742927  -0.321084E-03  -0.327322E-05
    2    2    0   0.503742927   0.503742927  -0.321084E-03  -0.327322E-05
   -2   -2    0  -0.503742927  -0.503742927  -0.321084E-03  -0.327322E-05
   -4    0    0  -1.007485853   0.000000000   0.353245E-02   0.307442E-05
    0    4    0  -0.000000000   1.007485853   0.353245E-02   0.307442E-05
    4    0    0   1.007485853  -0.000000000   0.353245E-02   0.307442E-05
    0   -4    0   0.000000000  -1.007485853   0.353245E-02   0.307442E-05
    4   -2    0   1.007485853  -0.503742927   0.125362E-02  -0.231438E-05
    2   -4    0   0.503742927  -1.007485853   0.125362E-02  -0.231438E-05
   -2   -4    0  -0.503742927  -1.007485853   0.125362E-02  -0.231438E-05
   -4    2    0  -1.007485853   0.503742927   0.125362E-02  -0.231438E-05
   -4   -2    0  -1.007485853  -0.503742927   0.125362E-02  -0.231438E-05
    2    4    0   0.503742927   1.007485853   0.125362E-02  -0.231438E-05
    4    2    0   1.007485853   0.503742927   0.125362E-02  -0.231438E-05
   -2    4    0  -0.503742927   1.007485853   0.125362E-02  -0.231438E-05
    4    4    0   1.007485853   1.007485853   0.865815E-02   0.150523E-05
   -4   -4    0  -1.007485853  -1.007485853   0.865815E-02   0.150523E-05
    4   -4    0   1.007485853  -1.007485853   0.865815E-02   0.150523E-05
   -4    4    0  -1.007485853   1.007485853   0.865815E-02   0.150523E-05
    0   -6    0   0.000000000  -1.511228780  -0.105201E-02   0.915435E-06
    0    6    0  -0.000000000   1.511228780  -0.105201E-02   0.915435E-06
   -6    0    0  -1.511228780   0.000000000  -0.105201E-02   0.915435E-06
    6    0    0   1.511228780  -0.000000000  -0.105201E-02   0.915435E-06
   -2    6    0  -0.503742927   1.511228780  -0.132554E-02   0.263247E-05
   -6   -2    0  -1.511228780  -0.503742927  -0.132554E-02   0.263247E-05
    6   -2    0   1.511228780  -0.503742927  -0.132554E-02   0.263247E-05
    2    6    0   0.503742927   1.511228780  -0.132554E-02   0.263247E-05
    2   -6    0   0.503742927  -1.511228780  -0.132554E-02   0.263247E-05
   -2   -6    0  -0.503742927  -1.511228780  -0.132554E-02   0.263247E-05
    6    2    0   1.511228780   0.503742927  -0.132554E-02   0.263247E-05
   -6    2    0  -1.511228780   0.503742927  -0.132554E-02   0.263247E-05
   -6    4    0  -1.511228780   1.007485853   0.673548E-03   0.111921E-05
    6    4    0   1.511228780   1.007485853   0.673548E-03   0.111921E-05
   -4   -6    0  -1.007485853  -1.511228780   0.673548E-03   0.111921E-05
   -6   -4    0  -1.511228780  -1.007485853   0.673548E-03   0.111921E-05
    4   -6    0   1.007485853  -1.511228780   0.673548E-03   0.111921E-05
   -4    6    0  -1.007485853   1.511228780   0.673548E-03   0.111921E-05
    6   -4    0   1.511228780  -1.007485853   0.673548E-03   0.111921E-05
    4    6    0   1.007485853   1.511228780   0.673548E-03   0.111921E-05
    0    8    0  -0.000000000   2.014971706  -0.309509E-01  -0.239625E-04
    0   -8    0   0.000000000  -2.014971706  -0.309509E-01  -0.239625E-04
   -8    0    0  -2.014971706   0.000000000  -0.309509E-01  -0.239625E-04
    8    0    0   2.014971706  -0.000000000  -0.309509E-01  -0.239625E-04
   -2    8    0  -0.503742927   2.014971706  -0.106669E-02   0.197258E-06
   -8   -2    0  -2.014971706  -0.503742927  -0.106669E-02   0.197258E-06
    8    2    0   2.014971706   0.503742927  -0.106669E-02   0.197258E-06
    2    8    0   0.503742927   2.014971706  -0.106669E-02   0.197258E-06
   -2   -8    0  -0.503742927  -2.014971706  -0.106669E-02   0.197258E-06
   -8    2    0  -2.014971706   0.503742927  -0.106669E-02   0.197258E-06
    2   -8    0   0.503742927  -2.014971706  -0.106669E-02   0.197258E-06
    8   -2    0   2.014971706  -0.503742927  -0.106669E-02   0.197258E-06
    6   -6    0   1.511228780  -1.511228780  -0.220207E-02   0.135264E-05
    6    6    0   1.511228780   1.511228780  -0.220207E-02   0.135264E-05
   -6   -6    0  -1.511228780  -1.511228780  -0.220207E-02   0.135264E-05
   -6    6    0  -1.511228780   1.511228780  -0.220207E-02   0.135264E-05
   -8   -4    0  -2.014971706  -1.007485853  -0.115075E-02   0.138708E-06
    8   -4    0   2.014971706  -1.007485853  -0.115075E-02   0.138708E-06
   -4    8    0  -1.007485853   2.014971706  -0.115075E-02   0.138708E-06
    8    4    0   2.014971706   1.007485853  -0.115075E-02   0.138708E-06
   -8    4    0  -2.014971706   1.007485853  -0.115075E-02   0.138708E-06
    4   -8    0   1.007485853  -2.014971706  -0.115075E-02   0.138708E-06
   -4   -8    0  -1.007485853  -2.014971706  -0.115075E-02   0.138708E-06
    4    8    0   1.007485853   2.014971706  -0.115075E-02   0.138708E-06
    8    6    0   2.014971706   1.511228780   0.190467E-02   0.483839E-05
   -6    8    0  -1.511228780   2.014971706   0.190467E-02   0.483839E-05
    6   -8    0   1.511228780  -2.014971706   0.190467E-02   0.483839E-05
    6    8    0   1.511228780   2.014971706   0.190467E-02   0.483839E-05
    8   -6    0   2.014971706  -1.511228780   0.190467E-02   0.483839E-05
   -6   -8    0  -1.511228780  -2.014971706   0.190467E-02   0.483839E-05
   -8   -6    0  -2.014971706  -1.511228780   0.190467E-02   0.483839E-05
   -8    6    0  -2.014971706   1.511228780   0.190467E-02   0.483839E-05
   10    0    0   2.518714633  -0.000000000  -0.623796E-02   0.241051E-05
  -10    0    0  -2.518714633   0.000000000  -0.623796E-02   0.241051E-05
    0   10    0  -0.000000000   2.518714633  -0.623796E-02   0.241051E-05
    0  -10    0   0.000000000  -2.518714633  -0.623796E-02   0.241051E-05
    2  -10    0   0.503742927  -2.518714633   0.821016E-03  -0.131072E-05
   10   -2    0   2.518714633  -0.503742927   0.821016E-03  -0.131072E-05
   -2   10    0  -0.503742927   2.518714633   0.821016E-03  -0.131072E-05
   -2  -10    0  -0.503742927  -2.518714633   0.821016E-03  -0.131072E-05
    2   10    0   0.503742927   2.518714633   0.821016E-03  -0.131072E-05
   10    2    0   2.518714633   0.503742927   0.821016E-03  -0.131072E-05
  -10    2    0  -2.518714633   0.503742927   0.821016E-03  -0.131072E-05
  -10   -2    0  -2.518714633  -0.503742927   0.821016E-03  -0.131072E-05
   -4  -10    0  -1.007485853  -2.518714633  -0.152726E-02  -0.136014E-05
  -10    4    0  -2.518714633   1.007485853  -0.152726E-02  -0.136014E-05
   10   -4    0   2.518714633  -1.007485853  -0.152726E-02  -0.136014E-05
    4   10    0   1.007485853   2.518714633  -0.152726E-02  -0.136014E-05
   10    4    0   2.518714633   1.007485853  -0.152726E-02  -0.136014E-05
   -4   10    0  -1.007485853   2.518714633  -0.152726E-02  -0.136014E-05
    4  -10    0   1.007485853  -2.518714633  -0.152726E-02  -0.136014E-05
  -10   -4    0  -2.518714633  -1.007485853  -0.152726E-02  -0.136014E-05
    8    8    0   2.014971706   2.014971706   0.261618E-01   0.125730E-04
    8   -8    0   2.014971706  -2.014971706   0.261618E-01   0.125730E-04
   -8   -8    0  -2.014971706  -2.014971706   0.261618E-01   0.125730E-04
   -8    8    0  -2.014971706   2.014971706   0.261618E-01   0.125730E-04
   -6   10    0  -1.511228780   2.518714633   0.307262E-02   0.277937E-05
   10    6    0   2.518714633   1.511228780   0.307262E-02   0.277937E-05
  -10   -6    0  -2.518714633  -1.511228780   0.307262E-02   0.277937E-05
    6  -10    0   1.511228780  -2.518714633   0.307262E-02   0.277937E-05
   10   -6    0   2.518714633  -1.511228780   0.307262E-02   0.277937E-05
   -6  -10    0  -1.511228780  -2.518714633   0.307262E-02   0.277937E-05
  -10    6    0  -2.518714633   1.511228780   0.307262E-02   0.277937E-05
    6   10    0   1.511228780   2.518714633   0.307262E-02   0.277937E-05
   12    0    0   3.022457559  -0.000000000  -0.233999E-02  -0.242091E-05
    0   12    0  -0.000000000   3.022457559  -0.233999E-02  -0.242091E-05
    0  -12    0   0.000000000  -3.022457559  -0.233999E-02  -0.242091E-05
  -12    0    0  -3.022457559   0.000000000  -0.233999E-02  -0.242091E-05
    2   12    0   0.503742927   3.022457559  -0.904353E-03   0.325695E-06
  -12   -2    0  -3.022457559  -0.503742927  -0.904353E-03   0.325695E-06
   -2   12    0  -0.503742927   3.022457559  -0.904353E-03   0.325695E-06
   -2  -12    0  -0.503742927  -3.022457559  -0.904353E-03   0.325695E-06
  -12    2    0  -3.022457559   0.503742927  -0.904353E-03   0.325695E-06
   12   -2    0   3.022457559  -0.503742927  -0.904353E-03   0.325695E-06
   12    2    0   3.022457559   0.503742927  -0.904353E-03   0.325695E-06
    2  -12    0   0.503742927  -3.022457559  -0.904353E-03   0.325695E-06
   -4  -12    0  -1.007485853  -3.022457559   0.569357E-02  -0.263184E-05
    4   12    0   1.007485853   3.022457559   0.569357E-02  -0.263184E-05
   12    4    0   3.022457559   1.007485853   0.569357E-02  -0.263184E-05
   12   -4    0   3.022457559  -1.007485853   0.569357E-02  -0.263184E-05
  -12   -4    0  -3.022457559  -1.007485853   0.569357E-02  -0.263184E-05
   -4   12    0  -1.007485853   3.022457559   0.569357E-02  -0.263184E-05
    4  -12    0   1.007485853  -3.022457559   0.569357E-02  -0.263184E-05
  -12    4    0  -3.022457559   1.007485853   0.569357E-02  -0.263184E-05
    8  -10    0   2.014971706  -2.518714633   0.366787E-02  -0.465732E-06
   10    8    0   2.518714633   2.014971706   0.366787E-02  -0.465732E-06
   -8  -10    0  -2.014971706  -2.518714633   0.366787E-02  -0.465732E-06
   -8   10    0  -2.014971706   2.518714633   0.366787E-02  -0.465732E-06
  -10   -8    0  -2.518714633  -2.014971706   0.366787E-02  -0.465732E-06
    8   10    0   2.014971706   2.518714633   0.366787E-02  -0.465732E-06
  -10    8    0  -2.518714633   2.014971706   0.366787E-02  -0.465732E-06
   10   -8    0   2.518714633  -2.014971706   0.366787E-02  -0.465732E-06
  -12   -6    0  -3.022457559  -1.511228780  -0.256823E-02   0.794102E-05
   12    6    0   3.022457559   1.511228780  -0.256823E-02   0.794102E-05
   12   -6    0   3.022457559  -1.511228780  -0.256823E-02   0.794102E-05
    6   12    0   1.511228780   3.022457559  -0.256823E-02   0.794102E-05
  -12    6    0  -3.022457559   1.511228780  -0.256823E-02   0.794102E-05
   -6   12    0  -1.511228780   3.022457559  -0.256823E-02   0.794102E-05
   -6  -12    0  -1.511228780  -3.022457559  -0.256823E-02   0.794102E-05
    6  -12    0   1.511228780  -3.022457559  -0.256823E-02   0.794102E-05
  -14    0    0  -3.526200486   0.000000000   0.692394E-02  -0.639009E-05
   14    0    0   3.526200486  -0.000000000   0.692394E-02  -0.639009E-05
    0  -14    0   0.000000000  -3.526200486   0.692394E-02  -0.639009E-05
    0   14    0  -0.000000000   3.526200486   0.692394E-02  -0.639009E-05
   -2   14    0  -0.503742927   3.526200486   0.133825E-02   0.400520E-05
   14   -2    0   3.526200486  -0.503742927   0.133825E-02   0.400520E-05
    2  -14    0   0.503742927  -3.526200486   0.133825E-02   0.400520E-05
   14    2    0   3.526200486   0.503742927   0.133825E-02   0.400520E-05
   -2  -14    0  -0.503742927  -3.526200486   0.133825E-02   0.400520E-05
    2   14    0   0.503742927   3.526200486   0.133825E-02   0.400520E-05
  -14   -2    0  -3.526200486  -0.503742927   0.133825E-02   0.400520E-05
  -14    2    0  -3.526200486   0.503742927   0.133825E-02   0.400520E-05
   10  -10    0   2.518714633  -2.518714633  -0.151535E-02  -0.116155E-05
  -10  -10    0  -2.518714633  -2.518714633  -0.151535E-02  -0.116155E-05
   10   10    0   2.518714633   2.518714633  -0.151535E-02  -0.116155E-05
  -10   10    0  -2.518714633   2.518714633  -0.151535E-02  -0.116155E-05
    8   12    0   2.014971706   3.022457559   0.585996E-03  -0.258243E-05
   -8  -12    0  -2.014971706  -3.022457559   0.585996E-03  -0.258243E-05
   12   -8    0   3.022457559  -2.014971706   0.585996E-03  -0.258243E-05
  -12    8    0  -3.022457559   2.014971706   0.585996E-03  -0.258243E-05
    8  -12    0   2.014971706  -3.022457559   0.585996E-03  -0.258243E-05
   -8   12    0  -2.014971706   3.022457559   0.585996E-03  -0.258243E-05
   12    8    0   3.022457559   2.014971706   0.585996E-03  -0.258243E-05
  -12   -8    0  -3.022457559  -2.014971706   0.585996E-03  -0.258243E-05
   -4   14    0  -1.007485853   3.526200486  -0.185085E-02  -0.876857E-06
    4  -14    0   1.007485853  -3.526200486  -0.185085E-02  -0.876857E-06
    4   14    0   1.007485853   3.526200486  -0.185085E-02  -0.876857E-06
   -4  -14    0  -1.007485853  -3.526200486  -0.185085E-02  -0.876857E-06
  -14    4    0  -3.526200486   1.007485853  -0.185085E-02  -0.876857E-06
   14    4    0   3.526200486   1.007485853  -0.185085E-02  -0.876857E-06
   14   -4    0   3.526200486  -1.007485853  -0.185085E-02  -0.876857E-06
  -14   -4    0  -3.526200486  -1.007485853  -0.185085E-02  -0.876857E-06
   -6   14    0  -1.511228780   3.526200486   0.873010E-03  -0.335344E-05
    6   14    0   1.511228780   3.526200486   0.873010E-03  -0.335344E-05
  -14   -6    0  -3.526200486  -1.511228780   0.873010E-03  -0.335344E-05
   14   -6    0   3.526200486  -1.511228780   0.873010E-03  -0.335344E-05
   -6  -14    0  -1.511228780  -3.526200486   0.873010E-03  -0.335344E-05
  -14    6    0  -3.526200486   1.511228780   0.873010E-03  -0.335344E-05
   14    6    0   3.526200486   1.511228780   0.873010E-03  -0.335344E-05
    6  -14    0   1.511228780  -3.526200486   0.873010E-03  -0.335344E-05
  -10   12    0  -2.518714633   3.022457559   0.410627E-02   0.917088E-06
   10  -12    0   2.518714633  -3.022457559   0.410627E-02   0.917088E-06
  -10  -12    0  -2.518714633  -3.022457559   0.410627E-02   0.917088E-06
   12  -10    0   3.022457559  -2.518714633   0.410627E-02   0.917088E-06
   12   10    0   3.022457559   2.518714633   0.410627E-02   0.917088E-06
  -12   10    0  -3.022457559   2.518714633   0.410627E-02   0.917088E-06
  -12  -10    0  -3.022457559  -2.518714633   0.410627E-02   0.917088E-06
   10   12    0   2.518714633   3.022457559   0.410627E-02   0.917088E-06
   16    0    0   4.029943412  -0.000000000   0.982463E-02   0.565611E-06
    0  -16    0   0.000000000  -4.029943412   0.982463E-02   0.565611E-06
  -16    0    0  -4.029943412   0.000000000   0.982463E-02   0.565611E-06
    0   16    0  -0.000000000   4.029943412   0.982463E-02   0.565611E-06
  -14    8    0  -3.526200486   2.014971706  -0.370461E-02   0.345725E-05
    8   14    0   2.014971706   3.526200486  -0.370461E-02   0.345725E-05
  -14   -8    0  -3.526200486  -2.014971706  -0.370461E-02   0.345725E-05
   14   -8    0   3.526200486  -2.014971706  -0.370461E-02   0.345725E-05
    8  -14    0   2.014971706  -3.526200486  -0.370461E-02   0.345725E-05
   14    8    0   3.526200486   2.014971706  -0.370461E-02   0.345725E-05
   -8   14    0  -2.014971706   3.526200486  -0.370461E-02   0.345725E-05
   -8  -14    0  -2.014971706  -3.526200486  -0.370461E-02   0.345725E-05
    2   16    0   0.503742927   4.029943412   0.614886E-03  -0.408039E-06
   -2   16    0  -0.503742927   4.029943412   0.614886E-03  -0.408039E-06
  -16    2    0  -4.029943412   0.503742927   0.614886E-03  -0.408039E-06
   16    2    0   4.029943412   0.503742927   0.614886E-03  -0.408039E-06
  -16   -2    0  -4.029943412  -0.503742927   0.614886E-03  -0.408039E-06
    2  -16    0   0.503742927  -4.029943412   0.614886E-03  -0.408039E-06
   16   -2    0   4.029943412  -0.503742927   0.614886E-03  -0.408039E-06
   -2  -16    0  -0.503742927  -4.029943412   0.614886E-03  -0.408039E-06
    4   16    0   1.007485853   4.029943412   0.232039E-04   0.944211E-06
   -4   16    0  -1.007485853   4.029943412   0.232039E-04   0.944211E-06
   16    4    0   4.029943412   1.007485853   0.232039E-04   0.944211E-06
  -16   -4    0  -4.029943412  -1.007485853   0.232039E-04   0.944211E-06
   -4  -16    0  -1.007485853  -4.029943412   0.232039E-04   0.944211E-06
  -16    4    0  -4.029943412   1.007485853   0.232039E-04   0.944211E-06
   16   -4    0   4.029943412  -1.007485853   0.232039E-04   0.944211E-06
    4  -16    0   1.007485853  -4.029943412   0.232039E-04   0.944211E-06
  -12  -12    0  -3.022457559  -3.022457559   0.164925E-02  -0.455594E-06
   12  -12    0   3.022457559  -3.022457559   0.164925E-02  -0.455594E-06
   12   12    0   3.022457559   3.022457559   0.164925E-02  -0.455594E-06
  -12   12    0  -3.022457559   3.022457559   0.164925E-02  -0.455594E-06
   16   -6    0   4.029943412  -1.511228780  -0.666758E-03   0.156236E-05
  -16    6    0  -4.029943412   1.511228780  -0.666758E-03   0.156236E-05
  -16   -6    0  -4.029943412  -1.511228780  -0.666758E-03   0.156236E-05
    6   16    0   1.511228780   4.029943412  -0.666758E-03   0.156236E-05
   16    6    0   4.029943412   1.511228780  -0.666758E-03   0.156236E-05
    6  -16    0   1.511228780  -4.029943412  -0.666758E-03   0.156236E-05
   -6   16    0  -1.511228780   4.029943412  -0.666758E-03   0.156236E-05
   -6  -16    0  -1.511228780  -4.029943412  -0.666758E-03   0.156236E-05
  -14  -10    0  -3.526200486  -2.518714633  -0.406312E-02  -0.215767E-05
  -10   14    0  -2.518714633   3.526200486  -0.406312E-02  -0.215767E-05
  -10  -14    0  -2.518714633  -3.526200486  -0.406312E-02  -0.215767E-05
  -14   10    0  -3.526200486   2.518714633  -0.406312E-02  -0.215767E-05
   14  -10    0   3.526200486  -2.518714633  -0.406312E-02  -0.215767E-05
   14   10    0   3.526200486   2.518714633  -0.406312E-02  -0.215767E-05
   10  -14    0   2.518714633  -3.526200486  -0.406312E-02  -0.215767E-05
   10   14    0   2.518714633   3.526200486  -0.406312E-02  -0.215767E-05
  -16   -8    0  -4.029943412  -2.014971706   0.145162E-03  -0.311158E-05
   16   -8    0   4.029943412  -2.014971706   0.145162E-03  -0.311158E-05
   16    8    0   4.029943412   2.014971706   0.145162E-03  -0.311158E-05
    8   16    0   2.014971706   4.029943412   0.145162E-03  -0.311158E-05
  -16    8    0  -4.029943412   2.014971706   0.145162E-03  -0.311158E-05
    8  -16    0   2.014971706  -4.029943412   0.145162E-03  -0.311158E-05
   -8   16    0  -2.014971706   4.029943412   0.145162E-03  -0.311158E-05
   -8  -16    0  -2.014971706  -4.029943412   0.145162E-03  -0.311158E-05
  -18    0    0  -4.533686339   0.000000000   0.779694E-02  -0.360067E-05
    0  -18    0   0.000000000  -4.533686339   0.779694E-02  -0.360067E-05
   18    0    0   4.533686339  -0.000000000   0.779694E-02  -0.360067E-05
    0   18    0  -0.000000000   4.533686339   0.779694E-02  -0.360067E-05
   18    2    0   4.533686339   0.503742927  -0.496039E-03   0.161792E-06
    2   18    0   0.503742927   4.533686339  -0.496039E-03   0.161792E-06
   -2  -18    0  -0.503742927  -4.533686339  -0.496039E-03   0.161792E-06
  -18    2    0  -4.533686339   0.503742927  -0.496039E-03   0.161792E-06
   -2   18    0  -0.503742927   4.533686339  -0.496039E-03   0.161792E-06
  -18   -2    0  -4.533686339  -0.503742927  -0.496039E-03   0.161792E-06
   18   -2    0   4.533686339  -0.503742927  -0.496039E-03   0.161792E-06
    2  -18    0   0.503742927  -4.533686339  -0.496039E-03   0.161792E-06
   -4   18    0  -1.007485853   4.533686339   0.298738E-02   0.270045E-05
  -14  -12    0  -3.526200486  -3.022457559   0.100087E-02  -0.384464E-05
  -18   -4    0  -4.533686339  -1.007485853   0.298738E-02   0.270045E-05
   14   12    0   3.526200486   3.022457559   0.100087E-02  -0.384464E-05
   12   14    0   3.022457559   3.526200486   0.100087E-02  -0.384464E-05
  -12   14    0  -3.022457559   3.526200486   0.100087E-02  -0.384464E-05
  -14   12    0  -3.526200486   3.022457559   0.100087E-02  -0.384464E-05
   -4  -18    0  -1.007485853  -4.533686339   0.298738E-02   0.270045E-05
   14  -12    0   3.526200486  -3.022457559   0.100087E-02  -0.384464E-05
  -12  -14    0  -3.022457559  -3.526200486   0.100087E-02  -0.384464E-05
    4  -18    0   1.007485853  -4.533686339   0.298738E-02   0.270045E-05
   12  -14    0   3.022457559  -3.526200486   0.100087E-02  -0.384464E-05
   18   -4    0   4.533686339  -1.007485853   0.298738E-02   0.270045E-05
   18    4    0   4.533686339   1.007485853   0.298738E-02   0.270045E-05
  -18    4    0  -4.533686339   1.007485853   0.298738E-02   0.270045E-05
    4   18    0   1.007485853   4.533686339   0.298738E-02   0.270045E-05
   16  -10    0   4.029943412  -2.518714633  -0.280981E-02   0.686924E-05
   16   10    0   4.029943412   2.518714633  -0.280981E-02   0.686924E-05
   10   16    0   2.518714633   4.029943412  -0.280981E-02   0.686924E-05
  -16   10    0  -4.029943412   2.518714633  -0.280981E-02   0.686924E-05
   10  -16    0   2.518714633  -4.029943412  -0.280981E-02   0.686924E-05
  -16  -10    0  -4.029943412  -2.518714633  -0.280981E-02   0.686924E-05
  -10   16    0  -2.518714633   4.029943412  -0.280981E-02   0.686924E-05
  -10  -16    0  -2.518714633  -4.029943412  -0.280981E-02   0.686924E-05
   18   -6    0   4.533686339  -1.511228780  -0.175566E-02  -0.205423E-06
  -18    6    0  -4.533686339   1.511228780  -0.175566E-02  -0.205423E-06
   -6  -18    0  -1.511228780  -4.533686339  -0.175566E-02  -0.205423E-06
   -6   18    0  -1.511228780   4.533686339  -0.175566E-02  -0.205423E-06
    6  -18    0   1.511228780  -4.533686339  -0.175566E-02  -0.205423E-06
  -18   -6    0  -4.533686339  -1.511228780  -0.175566E-02  -0.205423E-06
   18    6    0   4.533686339   1.511228780  -0.175566E-02  -0.205423E-06
    6   18    0   1.511228780   4.533686339  -0.175566E-02  -0.205423E-06
    8  -18    0   2.014971706  -4.533686339  -0.732566E-02   0.151436E-05
  -18   -8    0  -4.533686339  -2.014971706  -0.732566E-02   0.151436E-05
  -18    8    0  -4.533686339   2.014971706  -0.732566E-02   0.151436E-05
   -8  -18    0  -2.014971706  -4.533686339  -0.732566E-02   0.151436E-05
   18   -8    0   4.533686339  -2.014971706  -0.732566E-02   0.151436E-05
   -8   18    0  -2.014971706   4.533686339  -0.732566E-02   0.151436E-05
   18    8    0   4.533686339   2.014971706  -0.732566E-02   0.151436E-05
    8   18    0   2.014971706   4.533686339  -0.732566E-02   0.151436E-05
  -14  -14    0  -3.526200486  -3.526200486   0.155196E-02  -0.357790E-05
   14   14    0   3.526200486   3.526200486   0.155196E-02  -0.357790E-05
   14  -14    0   3.526200486  -3.526200486   0.155196E-02  -0.357790E-05
  -14   14    0  -3.526200486   3.526200486   0.155196E-02  -0.357790E-05
  -12   16    0  -3.022457559   4.029943412   0.103956E-02  -0.101314E-05
   12  -16    0   3.022457559  -4.029943412   0.103956E-02  -0.101314E-05
   12   16    0   3.022457559   4.029943412   0.103956E-02  -0.101314E-05
  -12  -16    0  -3.022457559  -4.029943412   0.103956E-02  -0.101314E-05
   16   12    0   4.029943412   3.022457559   0.103956E-02  -0.101314E-05
  -16  -12    0  -4.029943412  -3.022457559   0.103956E-02  -0.101314E-05
  -16   12    0  -4.029943412   3.022457559   0.103956E-02  -0.101314E-05
   16  -12    0   4.029943412  -3.022457559   0.103956E-02  -0.101314E-05
    0  -20    0   0.000000000  -5.037429265   0.160775E-02   0.119109E-05
  -20    0    0  -5.037429265   0.000000000   0.160775E-02   0.119109E-05
    0   20    0  -0.000000000   5.037429265   0.160775E-02   0.119109E-05
   20    0    0   5.037429265  -0.000000000   0.160775E-02   0.119109E-05
    2  -20    0   0.503742927  -5.037429265   0.215007E-03  -0.630690E-05
  -20   -2    0  -5.037429265  -0.503742927   0.215007E-03  -0.630690E-05
   -2   20    0  -0.503742927   5.037429265   0.215007E-03  -0.630690E-05
   20   -2    0   5.037429265  -0.503742927   0.215007E-03  -0.630690E-05
  -20    2    0  -5.037429265   0.503742927   0.215007E-03  -0.630690E-05
   -2  -20    0  -0.503742927  -5.037429265   0.215007E-03  -0.630690E-05
   20    2    0   5.037429265   0.503742927   0.215007E-03  -0.630690E-05
    2   20    0   0.503742927   5.037429265   0.215007E-03  -0.630690E-05
   -4   20    0  -1.007485853   5.037429265   0.263941E-02  -0.628697E-06
   20   -4    0   5.037429265  -1.007485853   0.263941E-02  -0.628697E-06
   -4  -20    0  -1.007485853  -5.037429265   0.263941E-02  -0.628697E-06
   20    4    0   5.037429265   1.007485853   0.263941E-02  -0.628697E-06
    4  -20    0   1.007485853  -5.037429265   0.263941E-02  -0.628697E-06
  -20   -4    0  -5.037429265  -1.007485853   0.263941E-02  -0.628697E-06
  -20    4    0  -5.037429265   1.007485853   0.263941E-02  -0.628697E-06
    4   20    0   1.007485853   5.037429265   0.263941E-02  -0.628697E-06
  -18   10    0  -4.533686339   2.518714633  -0.208211E-03  -0.179206E-05
  -10  -18    0  -2.518714633  -4.533686339  -0.208211E-03  -0.179206E-05
  -10   18    0  -2.518714633   4.533686339  -0.208211E-03  -0.179206E-05
   18  -10    0   4.533686339  -2.518714633  -0.208211E-03  -0.179206E-05
   10   18    0   2.518714633   4.533686339  -0.208211E-03  -0.179206E-05
  -18  -10    0  -4.533686339  -2.518714633  -0.208211E-03  -0.179206E-05
   18   10    0   4.533686339   2.518714633  -0.208211E-03  -0.179206E-05
   10  -18    0   2.518714633  -4.533686339  -0.208211E-03  -0.179206E-05
  -20   -6    0  -5.037429265  -1.511228780   0.118157E-02  -0.451667E-05
    6  -20    0   1.511228780  -5.037429265   0.118157E-02  -0.451667E-05
  -20    6    0  -5.037429265   1.511228780   0.118157E-02  -0.451667E-05
   -6   20    0  -1.511228780   5.037429265   0.118157E-02  -0.451667E-05
   -6  -20    0  -1.511228780  -5.037429265   0.118157E-02  -0.451667E-05
    6   20    0   1.511228780   5.037429265   0.118157E-02  -0.451667E-05
   20   -6    0   5.037429265  -1.511228780   0.118157E-02  -0.451667E-05
   20    6    0   5.037429265   1.511228780   0.118157E-02  -0.451667E-05
  -16   14    0  -4.029943412   3.526200486   0.227729E-02  -0.125947E-05
   16  -14    0   4.029943412  -3.526200486   0.227729E-02  -0.125947E-05
  -16  -14    0  -4.029943412  -3.526200486   0.227729E-02  -0.125947E-05
  -14   16    0  -3.526200486   4.029943412   0.227729E-02  -0.125947E-05
   14  -16    0   3.526200486  -4.029943412   0.227729E-02  -0.125947E-05
   14   16    0   3.526200486   4.029943412   0.227729E-02  -0.125947E-05
   16   14    0   4.029943412   3.526200486   0.227729E-02  -0.125947E-05
  -14  -16    0  -3.526200486  -4.029943412   0.227729E-02  -0.125947E-05
   20    8    0   5.037429265   2.014971706   0.289442E-04  -0.741191E-06
    8   20    0   2.014971706   5.037429265   0.289442E-04  -0.741191E-06
   -8  -20    0  -2.014971706  -5.037429265   0.289442E-04  -0.741191E-06
   20   -8    0   5.037429265  -2.014971706   0.289442E-04  -0.741191E-06
  -20   -8    0  -5.037429265  -2.014971706   0.289442E-04  -0.741191E-06
    8  -20    0   2.014971706  -5.037429265   0.289442E-04  -0.741191E-06
  -20    8    0  -5.037429265   2.014971706   0.289442E-04  -0.741191E-06
   -8   20    0  -2.014971706   5.037429265   0.289442E-04  -0.741191E-06
  -18  -12    0  -4.533686339  -3.022457559  -0.284880E-02  -0.445869E-05
  -18   12    0  -4.533686339   3.022457559  -0.284880E-02  -0.445869E-05
  -12  -18    0  -3.022457559  -4.533686339  -0.284880E-02  -0.445869E-05
  -12   18    0  -3.022457559   4.533686339  -0.284880E-02  -0.445869E-05
   12   18    0   3.022457559   4.533686339  -0.284880E-02  -0.445869E-05
   18  -12    0   4.533686339  -3.022457559  -0.284880E-02  -0.445869E-05
   12  -18    0   3.022457559  -4.533686339  -0.284880E-02  -0.445869E-05
   18   12    0   4.533686339   3.022457559  -0.284880E-02  -0.445869E-05
   22    0    0   5.541172192  -0.000000000  -0.574909E-02   0.105701E-04
  -22    0    0  -5.541172192   0.000000000  -0.574909E-02   0.105701E-04
    0  -22    0   0.000000000  -5.541172192  -0.574909E-02   0.105701E-04
    0   22    0  -0.000000000   5.541172192  -0.574909E-02   0.105701E-04
   -2   22    0  -0.503742927   5.541172192  -0.787887E-03   0.193762E-05
   22   -2    0   5.541172192  -0.503742927  -0.787887E-03   0.193762E-05
    2  -22    0   0.503742927  -5.541172192  -0.787887E-03   0.193762E-05
  -22    2    0  -5.541172192   0.503742927  -0.787887E-03   0.193762E-05
   -2  -22    0  -0.503742927  -5.541172192  -0.787887E-03   0.193762E-05
  -22   -2    0  -5.541172192  -0.503742927  -0.787887E-03   0.193762E-05
   22    2    0   5.541172192   0.503742927  -0.787887E-03   0.193762E-05
    2   22    0   0.503742927   5.541172192  -0.787887E-03   0.193762E-05
    4   22    0   1.007485853   5.541172192  -0.369566E-03   0.203557E-05
   10  -20    0   2.518714633  -5.037429265  -0.155263E-02   0.313444E-05
   22    4    0   5.541172192   1.007485853  -0.369566E-03   0.203557E-05
    4  -22    0   1.007485853  -5.541172192  -0.369566E-03   0.203557E-05
  -10   20    0  -2.518714633   5.037429265  -0.155263E-02   0.313444E-05
   -4  -22    0  -1.007485853  -5.541172192  -0.369566E-03   0.203557E-05
  -10  -20    0  -2.518714633  -5.037429265  -0.155263E-02   0.313444E-05
  -22    4    0  -5.541172192   1.007485853  -0.369566E-03   0.203557E-05
   -4   22    0  -1.007485853   5.541172192  -0.369566E-03   0.203557E-05
  -20  -10    0  -5.037429265  -2.518714633  -0.155263E-02   0.313444E-05
   22   -4    0   5.541172192  -1.007485853  -0.369566E-03   0.203557E-05
  -20   10    0  -5.037429265   2.518714633  -0.155263E-02   0.313444E-05
   20  -10    0   5.037429265  -2.518714633  -0.155263E-02   0.313444E-05
   20   10    0   5.037429265   2.518714633  -0.155263E-02   0.313444E-05
   10   20    0   2.518714633   5.037429265  -0.155263E-02   0.313444E-05
  -22   -4    0  -5.541172192  -1.007485853  -0.369566E-03   0.203557E-05
  -16   16    0  -4.029943412   4.029943412   0.343133E-02  -0.287036E-05
   16   16    0   4.029943412   4.029943412   0.343133E-02  -0.287036E-05
   16  -16    0   4.029943412  -4.029943412   0.343133E-02  -0.287036E-05
  -16  -16    0  -4.029943412  -4.029943412   0.343133E-02  -0.287036E-05
   18   14    0   4.533686339   3.526200486   0.358974E-02   0.116824E-05
   14  -18    0   3.526200486  -4.533686339   0.358974E-02   0.116824E-05
   14   18    0   3.526200486   4.533686339   0.358974E-02   0.116824E-05
  -18   14    0  -4.533686339   3.526200486   0.358974E-02   0.116824E-05
  -14   18    0  -3.526200486   4.533686339   0.358974E-02   0.116824E-05
  -14  -18    0  -3.526200486  -4.533686339   0.358974E-02   0.116824E-05
   18  -14    0   4.533686339  -3.526200486   0.358974E-02   0.116824E-05
  -18  -14    0  -4.533686339  -3.526200486   0.358974E-02   0.116824E-05
  -22   -6    0  -5.541172192  -1.511228780   0.120217E-02  -0.101219E-05
   22   -6    0   5.541172192  -1.511228780   0.120217E-02  -0.101219E-05
    6  -22    0   1.511228780  -5.541172192   0.120217E-02  -0.101219E-05
   -6   22    0  -1.511228780   5.541172192   0.120217E-02  -0.101219E-05
   -6  -22    0  -1.511228780  -5.541172192   0.120217E-02  -0.101219E-05
   22    6    0   5.541172192   1.511228780   0.120217E-02  -0.101219E-05
    6   22    0   1.511228780   5.541172192   0.120217E-02  -0.101219E-05
  -22    6    0  -5.541172192   1.511228780   0.120217E-02  -0.101219E-05
  -20  -12    0  -5.037429265  -3.022457559   0.390641E-02  -0.357164E-05
  -12   20    0  -3.022457559   5.037429265   0.390641E-02  -0.357164E-05
   20  -12    0   5.037429265  -3.022457559   0.390641E-02  -0.357164E-05
  -20   12    0  -5.037429265   3.022457559   0.390641E-02  -0.357164E-05
   20   12    0   5.037429265   3.022457559   0.390641E-02  -0.357164E-05
   12  -20    0   3.022457559  -5.037429265   0.390641E-02  -0.357164E-05
   12   20    0   3.022457559   5.037429265   0.390641E-02  -0.357164E-05
  -12  -20    0  -3.022457559  -5.037429265   0.390641E-02  -0.357164E-05
    8   22    0   2.014971706   5.541172192   0.596511E-02  -0.648462E-05
   22   -8    0   5.541172192  -2.014971706   0.596511E-02  -0.648462E-05
    8  -22    0   2.014971706  -5.541172192   0.596511E-02  -0.648462E-05
  -22    8    0  -5.541172192   2.014971706   0.596511E-02  -0.648462E-05
   -8  -22    0  -2.014971706  -5.541172192   0.596511E-02  -0.648462E-05
   -8   22    0  -2.014971706   5.541172192   0.596511E-02  -0.648462E-05
   22    8    0   5.541172192   2.014971706   0.596511E-02  -0.648462E-05
  -22   -8    0  -5.541172192  -2.014971706   0.596511E-02  -0.648462E-05
    0  -24    0   0.000000000  -6.044915118   0.285733E-02   0.176672E-05
    0   24    0  -0.000000000   6.044915118   0.285733E-02   0.176672E-05
  -24    0    0  -6.044915118   0.000000000   0.285733E-02   0.176672E-05
   24    0    0   6.044915118  -0.000000000   0.285733E-02   0.176672E-05
   24   -2    0   6.044915118  -0.503742927  -0.276043E-03  -0.115646E-05
    2   24    0   0.503742927   6.044915118  -0.276043E-03  -0.115646E-05
  -24   -2    0  -6.044915118  -0.503742927  -0.276043E-03  -0.115646E-05
   -2  -24    0  -0.503742927  -6.044915118  -0.276043E-03  -0.115646E-05
  -24    2    0  -6.044915118   0.503742927  -0.276043E-03  -0.115646E-05
    2  -24    0   0.503742927  -6.044915118  -0.276043E-03  -0.115646E-05
   -2   24    0  -0.503742927   6.044915118  -0.276043E-03  -0.115646E-05
   24    2    0   6.044915118   0.503742927  -0.276043E-03  -0.115646E-05
  -16  -18    0  -4.029943412  -4.533686339   0.240681E-02  -0.913510E-06
   16  -18    0   4.029943412  -4.533686339   0.240681E-02  -0.913510E-06
   18   16    0   4.533686339   4.029943412   0.240681E-02  -0.913510E-06
   16   18    0   4.029943412   4.533686339   0.240681E-02  -0.913510E-06
   18  -16    0   4.533686339  -4.029943412   0.240681E-02  -0.913510E-06
  -18  -16    0  -4.533686339  -4.029943412   0.240681E-02  -0.913510E-06
  -18   16    0  -4.533686339   4.029943412   0.240681E-02  -0.913510E-06
  -16   18    0  -4.029943412   4.533686339   0.240681E-02  -0.913510E-06
   10  -22    0   2.518714633  -5.541172192   0.203416E-02  -0.580010E-07
  -22   10    0  -5.541172192   2.518714633   0.203416E-02  -0.580010E-07
  -10   22    0  -2.518714633   5.541172192   0.203416E-02  -0.580010E-07
  -10  -22    0  -2.518714633  -5.541172192   0.203416E-02  -0.580010E-07
   22  -10    0   5.541172192  -2.518714633   0.203416E-02  -0.580010E-07
   22   10    0   5.541172192   2.518714633   0.203416E-02  -0.580010E-07
  -22  -10    0  -5.541172192  -2.518714633   0.203416E-02  -0.580010E-07
   10   22    0   2.518714633   5.541172192   0.203416E-02  -0.580010E-07
   24    4    0   6.044915118   1.007485853   0.465586E-03  -0.490430E-05
    4  -24    0   1.007485853  -6.044915118   0.465586E-03  -0.490430E-05
  -24    4    0  -6.044915118   1.007485853   0.465586E-03  -0.490430E-05
  -24   -4    0  -6.044915118  -1.007485853   0.465586E-03  -0.490430E-05
   24   -4    0   6.044915118  -1.007485853   0.465586E-03  -0.490430E-05
   -4  -24    0  -1.007485853  -6.044915118   0.465586E-03  -0.490430E-05
   -4   24    0  -1.007485853   6.044915118   0.465586E-03  -0.490430E-05
    4   24    0   1.007485853   6.044915118   0.465586E-03  -0.490430E-05
  -14  -20    0  -3.526200486  -5.037429265  -0.957253E-03   0.441789E-05
   20   14    0   5.037429265   3.526200486  -0.957253E-03   0.441789E-05
  -14   20    0  -3.526200486   5.037429265  -0.957253E-03   0.441789E-05
   20  -14    0   5.037429265  -3.526200486  -0.957253E-03   0.441789E-05
   14  -20    0   3.526200486  -5.037429265  -0.957253E-03   0.441789E-05
  -20  -14    0  -5.037429265  -3.526200486  -0.957253E-03   0.441789E-05
   14   20    0   3.526200486   5.037429265  -0.957253E-03   0.441789E-05
  -20   14    0  -5.037429265   3.526200486  -0.957253E-03   0.441789E-05
   -6  -24    0  -1.511228780  -6.044915118   0.637607E-03   0.423540E-05
   24    6    0   6.044915118   1.511228780   0.637607E-03   0.423540E-05
    6   24    0   1.511228780   6.044915118   0.637607E-03   0.423540E-05
    6  -24    0   1.511228780  -6.044915118   0.637607E-03   0.423540E-05
  -24    6    0  -6.044915118   1.511228780   0.637607E-03   0.423540E-05
   24   -6    0   6.044915118  -1.511228780   0.637607E-03   0.423540E-05
  -24   -6    0  -6.044915118  -1.511228780   0.637607E-03   0.423540E-05
   -6   24    0  -1.511228780   6.044915118   0.637607E-03   0.423540E-05
  -22   12    0  -5.541172192   3.022457559  -0.964942E-03  -0.134283E-05
  -22  -12    0  -5.541172192  -3.022457559  -0.964942E-03  -0.134283E-05
   22  -12    0   5.541172192  -3.022457559  -0.964942E-03  -0.134283E-05
   12   22    0   3.022457559   5.541172192  -0.964942E-03  -0.134283E-05
   12  -22    0   3.022457559  -5.541172192  -0.964942E-03  -0.134283E-05
   22   12    0   5.541172192   3.022457559  -0.964942E-03  -0.134283E-05
  -12   22    0  -3.022457559   5.541172192  -0.964942E-03  -0.134283E-05
  -12  -22    0  -3.022457559  -5.541172192  -0.964942E-03  -0.134283E-05
   -8  -24    0  -2.014971706  -6.044915118   0.223054E-02  -0.185570E-05
   24   -8    0   6.044915118  -2.014971706   0.223054E-02  -0.185570E-05
  -24   -8    0  -6.044915118  -2.014971706   0.223054E-02  -0.185570E-05
   -8   24    0  -2.014971706   6.044915118   0.223054E-02  -0.185570E-05
   24    8    0   6.044915118   2.014971706   0.223054E-02  -0.185570E-05
    8  -24    0   2.014971706  -6.044915118   0.223054E-02  -0.185570E-05
  -24    8    0  -6.044915118   2.014971706   0.223054E-02  -0.185570E-05
    8   24    0   2.014971706   6.044915118   0.223054E-02  -0.185570E-05
  -18   18    0  -4.533686339   4.533686339   0.322714E-02   0.419875E-05
   18  -18    0   4.533686339  -4.533686339   0.322714E-02   0.419875E-05
   18   18    0   4.533686339   4.533686339   0.322714E-02   0.419875E-05
  -18  -18    0  -4.533686339  -4.533686339   0.322714E-02   0.419875E-05
   16  -20    0   4.029943412  -5.037429265  -0.376068E-03   0.707378E-06
  -16   20    0  -4.029943412   5.037429265  -0.376068E-03   0.707378E-06
  -20  -16    0  -5.037429265  -4.029943412  -0.376068E-03   0.707378E-06
   20  -16    0   5.037429265  -4.029943412  -0.376068E-03   0.707378E-06
  -20   16    0  -5.037429265   4.029943412  -0.376068E-03   0.707378E-06
   20   16    0   5.037429265   4.029943412  -0.376068E-03   0.707378E-06
  -16  -20    0  -4.029943412  -5.037429265  -0.376068E-03   0.707378E-06
   16   20    0   4.029943412   5.037429265  -0.376068E-03   0.707378E-06
  -26    0    0  -6.548658045   0.000000000  -0.884165E-02  -0.226093E-06
    0  -26    0   0.000000000  -6.548658045  -0.884165E-02  -0.226093E-06
   26    0    0   6.548658045  -0.000000000  -0.884165E-02  -0.226093E-06
    0   26    0  -0.000000000   6.548658045  -0.884165E-02  -0.226093E-06
  -10  -24    0  -2.518714633  -6.044915118   0.425342E-03   0.456027E-06
   24  -10    0   6.044915118  -2.518714633   0.425342E-03   0.456027E-06
  -10   24    0  -2.518714633   6.044915118   0.425342E-03   0.456027E-06
  -24   10    0  -6.044915118   2.518714633   0.425342E-03   0.456027E-06
   10  -24    0   2.518714633  -6.044915118   0.425342E-03   0.456027E-06
   10   24    0   2.518714633   6.044915118   0.425342E-03   0.456027E-06
   24   10    0   6.044915118   2.518714633   0.425342E-03   0.456027E-06
  -24  -10    0  -6.044915118  -2.518714633   0.425342E-03   0.456027E-06
   -2  -26    0  -0.503742927  -6.548658045   0.358586E-03  -0.852676E-06
   -2   26    0  -0.503742927   6.548658045   0.358586E-03  -0.852676E-06
    2  -26    0   0.503742927  -6.548658045   0.358586E-03  -0.852676E-06
   26   -2    0   6.548658045  -0.503742927   0.358586E-03  -0.852676E-06
    2   26    0   0.503742927   6.548658045   0.358586E-03  -0.852676E-06
   26    2    0   6.548658045   0.503742927   0.358586E-03  -0.852676E-06
  -26   -2    0  -6.548658045  -0.503742927   0.358586E-03  -0.852676E-06
  -26    2    0  -6.548658045   0.503742927   0.358586E-03  -0.852676E-06
  -14   22    0  -3.526200486   5.541172192  -0.298872E-02  -0.787997E-05
   14  -22    0   3.526200486  -5.541172192  -0.298872E-02  -0.787997E-05
   22  -14    0   5.541172192  -3.526200486  -0.298872E-02  -0.787997E-05
  -22  -14    0  -5.541172192  -3.526200486  -0.298872E-02  -0.787997E-05
   22   14    0   5.541172192   3.526200486  -0.298872E-02  -0.787997E-05
   14   22    0   3.526200486   5.541172192  -0.298872E-02  -0.787997E-05
  -22   14    0  -5.541172192   3.526200486  -0.298872E-02  -0.787997E-05
  -14  -22    0  -3.526200486  -5.541172192  -0.298872E-02  -0.787997E-05
  -26   -4    0  -6.548658045  -1.007485853  -0.261332E-03   0.198864E-06
   -4   26    0  -1.007485853   6.548658045  -0.261332E-03   0.198864E-06
    4   26    0   1.007485853   6.548658045  -0.261332E-03   0.198864E-06
   -4  -26    0  -1.007485853  -6.548658045  -0.261332E-03   0.198864E-06
    4  -26    0   1.007485853  -6.548658045  -0.261332E-03   0.198864E-06
   26    4    0   6.548658045   1.007485853  -0.261332E-03   0.198864E-06
  -26    4    0  -6.548658045   1.007485853  -0.261332E-03   0.198864E-06
   26   -4    0   6.548658045  -1.007485853  -0.261332E-03   0.198864E-06
  -26   -6    0  -6.548658045  -1.511228780  -0.171260E-03   0.129040E-06
   26   -6    0   6.548658045  -1.511228780  -0.171260E-03   0.129040E-06
   26    6    0   6.548658045   1.511228780  -0.171260E-03   0.129040E-06
    6  -26    0   1.511228780  -6.548658045  -0.171260E-03   0.129040E-06
   -6   26    0  -1.511228780   6.548658045  -0.171260E-03   0.129040E-06
    6   26    0   1.511228780   6.548658045  -0.171260E-03   0.129040E-06
   -6  -26    0  -1.511228780  -6.548658045  -0.171260E-03   0.129040E-06
  -26    6    0  -6.548658045   1.511228780  -0.171260E-03   0.129040E-06
  -24  -12    0  -6.044915118  -3.022457559  -0.316089E-04  -0.129948E-05
   12   24    0   3.022457559   6.044915118  -0.316089E-04  -0.129948E-05
   24   12    0   6.044915118   3.022457559  -0.316089E-04  -0.129948E-05
  -24   12    0  -6.044915118   3.022457559  -0.316089E-04  -0.129948E-05
   12  -24    0   3.022457559  -6.044915118  -0.316089E-04  -0.129948E-05
   24  -12    0   6.044915118  -3.022457559  -0.316089E-04  -0.129948E-05
  -12  -24    0  -3.022457559  -6.044915118  -0.316089E-04  -0.129948E-05
  -12   24    0  -3.022457559   6.044915118  -0.316089E-04  -0.129948E-05
   20  -18    0   5.037429265  -4.533686339   0.271863E-02   0.380382E-05
  -20  -18    0  -5.037429265  -4.533686339   0.271863E-02   0.380382E-05
  -18   20    0  -4.533686339   5.037429265   0.271863E-02   0.380382E-05
   18   20    0   4.533686339   5.037429265   0.271863E-02   0.380382E-05
   18  -20    0   4.533686339  -5.037429265   0.271863E-02   0.380382E-05
  -20   18    0  -5.037429265   4.533686339   0.271863E-02   0.380382E-05
   20   18    0   5.037429265   4.533686339   0.271863E-02   0.380382E-05
  -18  -20    0  -4.533686339  -5.037429265   0.271863E-02   0.380382E-05
   26    8    0   6.548658045   2.014971706   0.492293E-02  -0.457805E-06
   -8   26    0  -2.014971706   6.548658045   0.492293E-02  -0.457805E-06
  -26   -8    0  -6.548658045  -2.014971706   0.492293E-02  -0.457805E-06
   26   -8    0   6.548658045  -2.014971706   0.492293E-02  -0.457805E-06
  -26    8    0  -6.548658045   2.014971706   0.492293E-02  -0.457805E-06
    8   26    0   2.014971706   6.548658045   0.492293E-02  -0.457805E-06
    8  -26    0   2.014971706  -6.548658045   0.492293E-02  -0.457805E-06
   -8  -26    0  -2.014971706  -6.548658045   0.492293E-02  -0.457805E-06
   16   22    0   4.029943412   5.541172192  -0.130715E-02  -0.673283E-07
  -22   16    0  -5.541172192   4.029943412  -0.130715E-02  -0.673283E-07
  -22  -16    0  -5.541172192  -4.029943412  -0.130715E-02  -0.673283E-07
   16  -22    0   4.029943412  -5.541172192  -0.130715E-02  -0.673283E-07
  -16  -22    0  -4.029943412  -5.541172192  -0.130715E-02  -0.673283E-07
   22  -16    0   5.541172192  -4.029943412  -0.130715E-02  -0.673283E-07
   22   16    0   5.541172192   4.029943412  -0.130715E-02  -0.673283E-07
  -16   22    0  -4.029943412   5.541172192  -0.130715E-02  -0.673283E-07
   24   14    0   6.044915118   3.526200486   0.190861E-03   0.835949E-07
  -24  -14    0  -6.044915118  -3.526200486   0.190861E-03   0.835949E-07
   14  -24    0   3.526200486  -6.044915118   0.190861E-03   0.835949E-07
  -14   24    0  -3.526200486   6.044915118   0.190861E-03   0.835949E-07
  -24   14    0  -6.044915118   3.526200486   0.190861E-03   0.835949E-07
   14   24    0   3.526200486   6.044915118   0.190861E-03   0.835949E-07
  -14  -24    0  -3.526200486  -6.044915118   0.190861E-03   0.835949E-07
   24  -14    0   6.044915118  -3.526200486   0.190861E-03   0.835949E-07
  -26   10    0  -6.548658045   2.518714633   0.200773E-02   0.434833E-07
   26   10    0   6.548658045   2.518714633   0.200773E-02   0.434833E-07
   10  -26    0   2.518714633  -6.548658045   0.200773E-02   0.434833E-07
  -10   26    0  -2.518714633   6.548658045   0.200773E-02   0.434833E-07
   10   26    0   2.518714633   6.548658045   0.200773E-02   0.434833E-07
   26  -10    0   6.548658045  -2.518714633   0.200773E-02   0.434833E-07
  -26  -10    0  -6.548658045  -2.518714633   0.200773E-02   0.434833E-07
  -10  -26    0  -2.518714633  -6.548658045   0.200773E-02   0.434833E-07
    0  -28    0   0.000000000  -7.052400971  -0.220530E-02  -0.174905E-05
    0   28    0  -0.000000000   7.052400971  -0.220530E-02  -0.174905E-05
  -28    0    0  -7.052400971   0.000000000  -0.220530E-02  -0.174905E-05
   28    0    0   7.052400971  -0.000000000  -0.220530E-02  -0.174905E-05
  -28    2    0  -7.052400971   0.503742927   0.496803E-03  -0.545535E-05
   -2   28    0  -0.503742927   7.052400971   0.496803E-03  -0.545535E-05
   28   -2    0   7.052400971  -0.503742927   0.496803E-03  -0.545535E-05
  -28   -2    0  -7.052400971  -0.503742927   0.496803E-03  -0.545535E-05
   28    2    0   7.052400971   0.503742927   0.496803E-03  -0.545535E-05
   -2  -28    0  -0.503742927  -7.052400971   0.496803E-03  -0.545535E-05
    2   28    0   0.503742927   7.052400971   0.496803E-03  -0.545535E-05
    2  -28    0   0.503742927  -7.052400971   0.496803E-03  -0.545535E-05
    4  -28    0   1.007485853  -7.052400971   0.155781E-02  -0.363811E-05
   28   -4    0   7.052400971  -1.007485853   0.155781E-02  -0.363811E-05
   28    4    0   7.052400971   1.007485853   0.155781E-02  -0.363811E-05
  -28    4    0  -7.052400971   1.007485853   0.155781E-02  -0.363811E-05
   -4   28    0  -1.007485853   7.052400971   0.155781E-02  -0.363811E-05
  -28   -4    0  -7.052400971  -1.007485853   0.155781E-02  -0.363811E-05
    4   28    0   1.007485853   7.052400971   0.155781E-02  -0.363811E-05
   -4  -28    0  -1.007485853  -7.052400971   0.155781E-02  -0.363811E-05
   20  -20    0   5.037429265  -5.037429265   0.142012E-02   0.365951E-05
  -20  -20    0  -5.037429265  -5.037429265   0.142012E-02   0.365951E-05
  -20   20    0  -5.037429265   5.037429265   0.142012E-02   0.365951E-05
   20   20    0   5.037429265   5.037429265   0.142012E-02   0.365951E-05
  -22   18    0  -5.541172192   4.533686339  -0.400942E-02   0.110457E-05
  -18   22    0  -4.533686339   5.541172192  -0.400942E-02   0.110457E-05
   22  -18    0   5.541172192  -4.533686339  -0.400942E-02   0.110457E-05
  -18  -22    0  -4.533686339  -5.541172192  -0.400942E-02   0.110457E-05
   18  -22    0   4.533686339  -5.541172192  -0.400942E-02   0.110457E-05
  -22  -18    0  -5.541172192  -4.533686339  -0.400942E-02   0.110457E-05
   18   22    0   4.533686339   5.541172192  -0.400942E-02   0.110457E-05
   22   18    0   5.541172192   4.533686339  -0.400942E-02   0.110457E-05
   -6   28    0  -1.511228780   7.052400971  -0.387275E-03  -0.210999E-05
  -28   -6    0  -7.052400971  -1.511228780  -0.387275E-03  -0.210999E-05
   -6  -28    0  -1.511228780  -7.052400971  -0.387275E-03  -0.210999E-05
  -28    6    0  -7.052400971   1.511228780  -0.387275E-03  -0.210999E-05
   26  -12    0   6.548658045  -3.022457559   0.247256E-02   0.335789E-05
  -26  -12    0  -6.548658045  -3.022457559   0.247256E-02   0.335789E-05
  -12   26    0  -3.022457559   6.548658045   0.247256E-02   0.335789E-05
   28   -6    0   7.052400971  -1.511228780  -0.387275E-03  -0.210999E-05
   12  -26    0   3.022457559  -6.548658045   0.247256E-02   0.335789E-05
   28    6    0   7.052400971   1.511228780  -0.387275E-03  -0.210999E-05
   12   26    0   3.022457559   6.548658045   0.247256E-02   0.335789E-05
  -26   12    0  -6.548658045   3.022457559   0.247256E-02   0.335789E-05
    6  -28    0   1.511228780  -7.052400971  -0.387275E-03  -0.210999E-05
  -12  -26    0  -3.022457559  -6.548658045   0.247256E-02   0.335789E-05
    6   28    0   1.511228780   7.052400971  -0.387275E-03  -0.210999E-05
   26   12    0   6.548658045   3.022457559   0.247256E-02   0.335789E-05
  -16  -24    0  -4.029943412  -6.044915118   0.184597E-02  -0.259625E-05
   24  -16    0   6.044915118  -4.029943412   0.184597E-02  -0.259625E-05
   16  -24    0   4.029943412  -6.044915118   0.184597E-02  -0.259625E-05
   16   24    0   4.029943412   6.044915118   0.184597E-02  -0.259625E-05
  -16   24    0  -4.029943412   6.044915118   0.184597E-02  -0.259625E-05
   24   16    0   6.044915118   4.029943412   0.184597E-02  -0.259625E-05
  -24   16    0  -6.044915118   4.029943412   0.184597E-02  -0.259625E-05
  -24  -16    0  -6.044915118  -4.029943412   0.184597E-02  -0.259625E-05
  -28   -8    0  -7.052400971  -2.014971706   0.193419E-02  -0.222839E-05
  -28    8    0  -7.052400971   2.014971706   0.193419E-02  -0.222839E-05
    8  -28    0   2.014971706  -7.052400971   0.193419E-02  -0.222839E-05
   -8   28    0  -2.014971706   7.052400971   0.193419E-02  -0.222839E-05
   28   -8    0   7.052400971  -2.014971706   0.193419E-02  -0.222839E-05
   28    8    0   7.052400971   2.014971706   0.193419E-02  -0.222839E-05
    8   28    0   2.014971706   7.052400971   0.193419E-02  -0.222839E-05
   -8  -28    0  -2.014971706  -7.052400971   0.193419E-02  -0.222839E-05
  -14   26    0  -3.526200486   6.548658045  -0.253257E-02   0.117080E-05
  -14  -26    0  -3.526200486  -6.548658045  -0.253257E-02   0.117080E-05
  -26   14    0  -6.548658045   3.526200486  -0.253257E-02   0.117080E-05
   14   26    0   3.526200486   6.548658045  -0.253257E-02   0.117080E-05
   14  -26    0   3.526200486  -6.548658045  -0.253257E-02   0.117080E-05
  -26  -14    0  -6.548658045  -3.526200486  -0.253257E-02   0.117080E-05
   26   14    0   6.548658045   3.526200486  -0.253257E-02   0.117080E-05
   26  -14    0   6.548658045  -3.526200486  -0.253257E-02   0.117080E-05
  -28   10    0  -7.052400971   2.518714633   0.370308E-03   0.159071E-05
  -10  -28    0  -2.518714633  -7.052400971   0.370308E-03   0.159071E-05
   28  -10    0   7.052400971  -2.518714633   0.370308E-03   0.159071E-05
  -28  -10    0  -7.052400971  -2.518714633   0.370308E-03   0.159071E-05
   28   10    0   7.052400971   2.518714633   0.370308E-03   0.159071E-05
   10   28    0   2.518714633   7.052400971   0.370308E-03   0.159071E-05
  -10   28    0  -2.518714633   7.052400971   0.370308E-03   0.159071E-05
   10  -28    0   2.518714633  -7.052400971   0.370308E-03   0.159071E-05
  -22   20    0  -5.541172192   5.037429265  -0.139741E-02   0.555142E-06
   20  -22    0   5.037429265  -5.541172192  -0.139741E-02   0.555142E-06
   22  -20    0   5.541172192  -5.037429265  -0.139741E-02   0.555142E-06
  -20   22    0  -5.037429265   5.541172192  -0.139741E-02   0.555142E-06
  -20  -22    0  -5.037429265  -5.541172192  -0.139741E-02   0.555142E-06
   20   22    0   5.037429265   5.541172192  -0.139741E-02   0.555142E-06
   22   20    0   5.541172192   5.037429265  -0.139741E-02   0.555142E-06
  -22  -20    0  -5.541172192  -5.037429265  -0.139741E-02   0.555142E-06
   24  -18    0   6.044915118  -4.533686339  -0.121885E-02   0.137212E-05
  -18  -24    0  -4.533686339  -6.044915118  -0.121885E-02   0.137212E-05
  -24  -18    0  -6.044915118  -4.533686339  -0.121885E-02   0.137212E-05
   24   18    0   6.044915118   4.533686339  -0.121885E-02   0.137212E-05
  -18   24    0  -4.533686339   6.044915118  -0.121885E-02   0.137212E-05
   18   24    0   4.533686339   6.044915118  -0.121885E-02   0.137212E-05
  -24   18    0  -6.044915118   4.533686339  -0.121885E-02   0.137212E-05
   18  -24    0   4.533686339  -6.044915118  -0.121885E-02   0.137212E-05
   28  -12    0   7.052400971  -3.022457559   0.268719E-02   0.249358E-05
  -28  -12    0  -7.052400971  -3.022457559   0.268719E-02   0.249358E-05
  -12   28    0  -3.022457559   7.052400971   0.268719E-02   0.249358E-05
   12  -28    0   3.022457559  -7.052400971   0.268719E-02   0.249358E-05
  -28   12    0  -7.052400971   3.022457559   0.268719E-02   0.249358E-05
   28   12    0   7.052400971   3.022457559   0.268719E-02   0.249358E-05
  -12  -28    0  -3.022457559  -7.052400971   0.268719E-02   0.249358E-05
   12   28    0   3.022457559   7.052400971   0.268719E-02   0.249358E-05
  -16  -26    0  -4.029943412  -6.548658045  -0.257179E-02   0.326721E-06
  -26  -16    0  -6.548658045  -4.029943412  -0.257179E-02   0.326721E-06
   26   16    0   6.548658045   4.029943412  -0.257179E-02   0.326721E-06
   16  -26    0   4.029943412  -6.548658045  -0.257179E-02   0.326721E-06
   26  -16    0   6.548658045  -4.029943412  -0.257179E-02   0.326721E-06
  -16   26    0  -4.029943412   6.548658045  -0.257179E-02   0.326721E-06
   16   26    0   4.029943412   6.548658045  -0.257179E-02   0.326721E-06
  -26   16    0  -6.548658045   4.029943412  -0.257179E-02   0.326721E-06
   22  -22    0   5.541172192  -5.541172192   0.472143E-02   0.864282E-05
  -22  -22    0  -5.541172192  -5.541172192   0.472143E-02   0.864282E-05
   22   22    0   5.541172192   5.541172192   0.472143E-02   0.864282E-05
  -22   22    0  -5.541172192   5.541172192   0.472143E-02   0.864282E-05
  -20   24    0  -5.037429265   6.044915118   0.625767E-03  -0.201936E-05
  -24   20    0  -6.044915118   5.037429265   0.625767E-03  -0.201936E-05
  -24  -20    0  -6.044915118  -5.037429265   0.625767E-03  -0.201936E-05
   24   20    0   6.044915118   5.037429265   0.625767E-03  -0.201936E-05
  -20  -24    0  -5.037429265  -6.044915118   0.625767E-03  -0.201936E-05
   20   24    0   5.037429265   6.044915118   0.625767E-03  -0.201936E-05
   20  -24    0   5.037429265  -6.044915118   0.625767E-03  -0.201936E-05
   24  -20    0   6.044915118  -5.037429265   0.625767E-03  -0.201936E-05
  -28  -14    0  -7.052400971  -3.526200486  -0.981266E-03   0.100000E-05
   14   28    0   3.526200486   7.052400971  -0.981266E-03   0.100000E-05
  -14   28    0  -3.526200486   7.052400971  -0.981266E-03   0.100000E-05
   28   14    0   7.052400971   3.526200486  -0.981266E-03   0.100000E-05
  -14  -28    0  -3.526200486  -7.052400971  -0.981266E-03   0.100000E-05
  -28   14    0  -7.052400971   3.526200486  -0.981266E-03   0.100000E-05
   28  -14    0   7.052400971  -3.526200486  -0.981266E-03   0.100000E-05
   14  -28    0   3.526200486  -7.052400971  -0.981266E-03   0.100000E-05
   18  -26    0   4.533686339  -6.548658045  -0.364094E-02  -0.468477E-05
  -26  -18    0  -6.548658045  -4.533686339  -0.364094E-02  -0.468477E-05
  -18   26    0  -4.533686339   6.548658045  -0.364094E-02  -0.468477E-05
   26   18    0   6.548658045   4.533686339  -0.364094E-02  -0.468477E-05
   26  -18    0   6.548658045  -4.533686339  -0.364094E-02  -0.468477E-05
  -26   18    0  -6.548658045   4.533686339  -0.364094E-02  -0.468477E-05
   18   26    0   4.533686339   6.548658045  -0.364094E-02  -0.468477E-05
  -18  -26    0  -4.533686339  -6.548658045  -0.364094E-02  -0.468477E-05
  -16   28    0  -4.029943412   7.052400971   0.952075E-04  -0.827570E-06
  -28   16    0  -7.052400971   4.029943412   0.952075E-04  -0.827570E-06
   28  -16    0   7.052400971  -4.029943412   0.952075E-04  -0.827570E-06
  -16  -28    0  -4.029943412  -7.052400971   0.952075E-04  -0.827570E-06
   28   16    0   7.052400971   4.029943412   0.952075E-04  -0.827570E-06
  -28  -16    0  -7.052400971  -4.029943412   0.952075E-04  -0.827570E-06
   16  -28    0   4.029943412  -7.052400971   0.952075E-04  -0.827570E-06
   16   28    0   4.029943412   7.052400971   0.952075E-04  -0.827570E-06
  -24   22    0  -6.044915118   5.541172192   0.151380E-03   0.107004E-05
   22   24    0   5.541172192   6.044915118   0.151380E-03   0.107004E-05
  -22  -24    0  -5.541172192  -6.044915118   0.151380E-03   0.107004E-05
   24  -22    0   6.044915118  -5.541172192   0.151380E-03   0.107004E-05
   22  -24    0   5.541172192  -6.044915118   0.151380E-03   0.107004E-05
  -22   24    0  -5.541172192   6.044915118   0.151380E-03   0.107004E-05
  -24  -22    0  -6.044915118  -5.541172192   0.151380E-03   0.107004E-05
   24   22    0   6.044915118   5.541172192   0.151380E-03   0.107004E-05
  -26   20    0  -6.548658045   5.037429265  -0.711116E-03  -0.191465E-05
  -26  -20    0  -6.548658045  -5.037429265  -0.711116E-03  -0.191465E-05
   26  -20    0   6.548658045  -5.037429265  -0.711116E-03  -0.191465E-05
  -20   26    0  -5.037429265   6.548658045  -0.711116E-03  -0.191465E-05
   20  -26    0   5.037429265  -6.548658045  -0.711116E-03  -0.191465E-05
   20   26    0   5.037429265   6.548658045  -0.711116E-03  -0.191465E-05
   26   20    0   6.548658045   5.037429265  -0.711116E-03  -0.191465E-05
  -20  -26    0  -5.037429265  -6.548658045  -0.711116E-03  -0.191465E-05
   28  -18    0   7.052400971  -4.533686339  -0.479106E-03   0.344694E-05
  -28   18    0  -7.052400971   4.533686339  -0.479106E-03   0.344694E-05
   18  -28    0   4.533686339  -7.052400971  -0.479106E-03   0.344694E-05
  -18   28    0  -4.533686339   7.052400971  -0.479106E-03   0.344694E-05
   28   18    0   7.052400971   4.533686339  -0.479106E-03   0.344694E-05
  -18  -28    0  -4.533686339  -7.052400971  -0.479106E-03   0.344694E-05
  -28  -18    0  -7.052400971  -4.533686339  -0.479106E-03   0.344694E-05
   18   28    0   4.533686339   7.052400971  -0.479106E-03   0.344694E-05
   24   24    0   6.044915118   6.044915118   0.166806E-02  -0.642155E-06
   24  -24    0   6.044915118  -6.044915118   0.166806E-02  -0.642155E-06
  -24  -24    0  -6.044915118  -6.044915118   0.166806E-02  -0.642155E-06
  -24   24    0  -6.044915118   6.044915118   0.166806E-02  -0.642155E-06
   22   26    0   5.541172192   6.548658045   0.326689E-02   0.757141E-06
  -26  -22    0  -6.548658045  -5.541172192   0.326689E-02   0.757141E-06
  -22  -26    0  -5.541172192  -6.548658045   0.326689E-02   0.757141E-06
  -26   22    0  -6.548658045   5.541172192   0.326689E-02   0.757141E-06
  -22   26    0  -5.541172192   6.548658045   0.326689E-02   0.757141E-06
   22  -26    0   5.541172192  -6.548658045   0.326689E-02   0.757141E-06
   26  -22    0   6.548658045  -5.541172192   0.326689E-02   0.757141E-06
   26   22    0   6.548658045   5.541172192   0.326689E-02   0.757141E-06
  -28   20    0  -7.052400971   5.037429265   0.545494E-03   0.199265E-05
  -28  -20    0  -7.052400971  -5.037429265   0.545494E-03   0.199265E-05
   20  -28    0   5.037429265  -7.052400971   0.545494E-03   0.199265E-05
   28  -20    0   7.052400971  -5.037429265   0.545494E-03   0.199265E-05
   28   20    0   7.052400971   5.037429265   0.545494E-03   0.199265E-05
  -20  -28    0  -5.037429265  -7.052400971   0.545494E-03   0.199265E-05
  -20   28    0  -5.037429265   7.052400971   0.545494E-03   0.199265E-05
   20   28    0   5.037429265   7.052400971   0.545494E-03   0.199265E-05
  -24  -26    0  -6.044915118  -6.548658045  -0.258180E-03   0.113519E-04
   24  -26    0   6.044915118  -6.548658045  -0.258180E-03   0.113519E-04
  -26   24    0  -6.548658045   6.044915118  -0.258180E-03   0.113519E-04
  -26  -24    0  -6.548658045  -6.044915118  -0.258180E-03   0.113519E-04
   26   24    0   6.548658045   6.044915118  -0.258180E-03   0.113519E-04
  -24   26    0  -6.044915118   6.548658045  -0.258180E-03   0.113519E-04
   24   26    0   6.044915118   6.548658045  -0.258180E-03   0.113519E-04
   26  -24    0   6.548658045  -6.044915118  -0.258180E-03   0.113519E-04
   22  -28    0   5.541172192  -7.052400971   0.926170E-03   0.430999E-05
  -22   28    0  -5.541172192   7.052400971   0.926170E-03   0.430999E-05
  -28  -22    0  -7.052400971  -5.541172192   0.926170E-03   0.430999E-05
  -28   22    0  -7.052400971   5.541172192   0.926170E-03   0.430999E-05
  -22  -28    0  -5.541172192  -7.052400971   0.926170E-03   0.430999E-05
   28  -22    0   7.052400971  -5.541172192   0.926170E-03   0.430999E-05
   22   28    0   5.541172192   7.052400971   0.926170E-03   0.430999E-05
   28   22    0   7.052400971   5.541172192   0.926170E-03   0.430999E-05
  -26   26    0  -6.548658045   6.548658045   0.446940E-02   0.572303E-05
   26   26    0   6.548658045   6.548658045   0.446940E-02   0.572303E-05
  -26  -26    0  -6.548658045  -6.548658045   0.446940E-02   0.572303E-05
   26  -26    0   6.548658045  -6.548658045   0.446940E-02   0.572303E-05
   28  -24    0   7.052400971  -6.044915118   0.127089E-03  -0.240480E-06
  -24  -28    0  -6.044915118  -7.052400971   0.127089E-03  -0.240480E-06
   28   24    0   7.052400971   6.044915118   0.127089E-03  -0.240480E-06
   24  -28    0   6.044915118  -7.052400971   0.127089E-03  -0.240480E-06
   24   28    0   6.044915118   7.052400971   0.127089E-03  -0.240480E-06
  -28  -24    0  -7.052400971  -6.044915118   0.127089E-03  -0.240480E-06
  -24   28    0  -6.044915118   7.052400971   0.127089E-03  -0.240480E-06
  -28   24    0  -7.052400971   6.044915118   0.127089E-03  -0.240480E-06
  -28  -26    0  -7.052400971  -6.548658045   0.130073E-02   0.300055E-06
   28   26    0   7.052400971   6.548658045   0.130073E-02   0.300055E-06
  -26  -28    0  -6.548658045  -7.052400971   0.130073E-02   0.300055E-06
  -26   28    0  -6.548658045   7.052400971   0.130073E-02   0.300055E-06
   28  -26    0   7.052400971  -6.548658045   0.130073E-02   0.300055E-06
   26   28    0   6.548658045   7.052400971   0.130073E-02   0.300055E-06
   26  -28    0   6.548658045  -7.052400971   0.130073E-02   0.300055E-06
  -28   26    0  -7.052400971   6.548658045   0.130073E-02   0.300055E-06
  -28   28    0  -7.052400971   7.052400971   0.181212E-02   0.427243E-05
   28  -28    0   7.052400971  -7.052400971   0.181212E-02   0.427243E-05
  -28  -28    0  -7.052400971  -7.052400971   0.181212E-02   0.427243E-05
   28   28    0   7.052400971   7.052400971   0.181212E-02   0.427243E-05
