102038
202905
431008
174089
251452
153025
75624
616511
89907
52544
290599
161423
60541
95129
180363
32038
183965
102606
262228
172511
65502
88649
9636
417704
42917
203065
98085
188751
418966
187516
280049
759459
71888
162007
412376
422618
34845
181655
4808
245497
163487
28132
2242
78136
614675
39652
201217
56802
87209
163420
79112
167738
73043
69892
105173
157646
70025
72035
9043
172174
159288
189648
20927
248175
22221
79922
60397
159022
195759
41316
432380
72076
430603
92562
76440
182922
50900
247533
16177
261550
68267
4680
414174
70029
99630
76415
172382
409735
1001
189340
248611
157639
54387
4807
152245
161406
154778
74605
189943
185244
427174
92034
280547
411462
167576
251024
95603
94954
100174
173333
167156
10172
615454
253869
624042
173980
52179
88727
162400
417686
81112
158669
92220
191328
65730
251850
172629
248599
26228
409480
154938
255807
243862
34203
156469
110730
99300
68412
251499
12102
9520
157642
422794
248890
258754
241938
160160
161281
625376
44692
156017
38171
74907
154730
74619
257379
161342
194753
236332
86908
185612
195172
433311
173973
79989
433233
422691
6058
256209
51206
75675
81483
157641
238496
625521
260195
78149
258177
5081
200972
158693
171566
51573
168053
84665
86151
84969
261704
106567
183797
189894
56497
15336
251473
41620
77561
409647
237297
257216
257712
50624
180459
174446
251853
43464
238626
190748
422548
181312
91380
9923
62196
240816
27921
54818
410328
182770
158958
40029
247409
26311
168980
194774
161426
235756
413824
164634
76593
646094
423306
180038
238750
163432
414389
190433
5335
71283
83593
100393
33660
67348
158666
37254
159800
159198
184331
40278
25567
188047
58003
260026
93491
66475
20351
190492
85623
152214
237112
80221
169613
155770
84175
39674
607229
56346
247726
71949
79325
64652
30403
159732
263062
150186
92910
173976
422849
189343
60177
93255
241800
247244
236974
248733
75356
28838
96939
88245
2411
80582
249100
16511
83940
84376
248184
69595
27318
153348
171112
76859
153722
74992
257375
71950
94616
92099
65867
152461
241801
41189
166836
198288
98284
416909
68433
152262
241821
70023
1414
264139
80472
422549
192359
75366
39686
98774
172133
195595
192981
159615
75396
262933
40329
158220
239781
160700
191323
240014
153400
413390
67757
237945
642085
73054
158634
155636
170158
59179
408313
249074
152663
159425
71168
6100
290127
166920
100619
154931
194376
184595
73956
83324
33738
173972
290121
30814
58896
39895
241481
188725
153211
195668
78183
29355
257218
433245
420155
257770
72029
93588
163881
67971
51390
58931
61024
75677
635099
241802
89513
159808
156384
105208
196329
5279
84320
247798
74382
84810
158232
429726
96872
414371
246966
54321
108093
37323
9092
110040
75093
619367
236257
255842
258121
55463
183732
262860
79920
290120
60175
161987
44729
238748
250807
245540
68733
78124
82634
401210
75135
151516
417690
84361
84467
155666
416810
402891
195864
55479
54793
174031
98781
156595
153422
55442
192587
24210
60400
98820
78811
75102
34052
187617
56964
106400
24154
261606
30015
55069
251385
76147
9525
166492
54813
31567
192369
51736
172145
99719
168117
422797
238615
82633
247675
38386
97921
165910
52623
5060
290456
258123
422011
158863
174445
421716
236005
189967
173094
181315
152035
155184
41421
165169
20215
94298
96193
264729
243409
189797
99479
245022
189366
61701
237675
416808
161355
81501
185541
84815
108872
195518
251858
4639
615610
98814
95314
24441
429189
72211
244042
167120
87611
98286
628907
65792
27843
94424
290115
239718
171541
410144
35555
30867
172131
63165
194803
248803
152212
247238
198787
100179
83902
31390
238113
201213
35267
97120
247235
29241
198765
32053
79323
89301
80873
261810
194430
81077
241798
192502
170297
251828
11273
167425
231009
198766
246662
95877
188364
80775
55478
417697
431369
195849
419747
90719
71241
153240
169152
90713
250622
60506
152468
412003
76422
51694
161853
248148
249047
169141
130417
250906
42473
253195
24145
196111
75354
261586
162161
249091
1944
415293
262941
188797
93325
102072
25822
161428
154526
73973
425694
243411
167355
58749
18125
75411
164080
33600
201445
291329
241870
192503
162644
90680
78558
168142
92249
240102
49522
418258
89933
60563
236975
280793
67330
190489
102758
51264
92913
85605
170300
246043
181043
68647
259165
261644
169434
104862
107533
94874
419162
160648
190225
190650
62872
99604
248886
20400
96167
422796
236008
36356
65866
261319
82569
78367
247047
31370
410238
23332
185907
189968
192354
80799
190574
78152
90465
81106
200144
8415
98881
67361
150240
629116
72046
607358
44715
49649
242280
249084
249354
31138
151507
202127
80385
98551
89905
70045
247528
95602
250212
188704
109718
92390
83945
426761
98879
10439
174171
95496
94888
43569
99442
60564
81366
429519
195971
75711
185912
75395
63461
26477
51426
243946
174188
80223
246498
167705
230349
100099
241657
78137
94296
257156
89445
44932
2309
186775
80420
253880
163273
153760
180041
190698
168007
173900
158054
68337
155019
54855
153223
194973
34807
87563
188366
90176
291300
151515
9362
84661
241160
239717
153350
191989
250908
241937
174044
94635
28327
432112
95035
66242
26787
237910
171531
151749
54917
248181
5074
290981
33826
106701
162009
96108
171119
430575
11081
94604
153759
190396
290628
263033
54385
426372
8116
759450
20008
167159
79921
280418
151747
243923
26309
96561
43883
194343
154141
184976
28503
171546
236269
241484
61144
97071
67753
94339
55591
98902
280104
87215
159021
9442
422388
89397
76165
202942
238048
93943
264710
78863
90181
72546
245541
607911
170581
182908
28891
60840
72097
424496
195395
172080
43709
57875
190432
86816
258131
2593
156583
249976
26619
240477
415811
416886
84883
252369
79099
64791
84755
102383
158683
194515
190536
59391
27993
158685
261044
71777
263101
155226
152258
61070
257339
161000
6113
291312
94872
180026
415888
93324
245539
153465
427597
94632
409511
95402
429686
432680
55467
241808
162167
238635
40656
94962
31298
98053
423107
168855
258135
413699
419479
616262
260397
153345
163926
418689
67622
246447
413696
90002
80064
153723
87875
428060
257493
259860
36204
98813
171538
97461
186780
107145
162102
198190
24393
60178
159760
100861
172840
261689
80403
152283
78559
202350
165665
251842
31601
75326
414384
28054
257217
258136
81944
291126
78146
253844
44517
187614
55620
198289
391133
22215
89608
2729
238988
26482
15732
243724
157333
161578
170907
159650
260198
91226
189342
55545
424582
72039
248894
240198
72194
195355
627394
63646
4538
85402
91096
78122
81453
238746
426405
161572
50851
69356
85350
154524
161353
45823
239766
196053
86929
57069
31111
260928
251141
67227
29350
608177
54367
11269
169140
411204
257387
77587
155767
193921
80063
238303
41315
236266
168634
84571
183634
150915
173978
433232
418699
96168
195861
15313
80283
261022
50618
54868
188367
170169
412667
259069
2996
88793
161006
182767
191846
194768
246741
74056
188833
32628
413493
290122
424921
26269
420846
154385
249068
162177
87982
68132
78817
73053
198005
194767
40511
66158
191117
56554
14388
83594
59894
53103
1937
160158
50290
162491
639148
28111
162403
23107
194345
163389
9425
240011
195519
78571
96163
70031
50297
69723
65990
170584
59362
88053
97069
201453
24242
262840
250657
39193
167403
238617
50164
79988
957
151505
417040
171116
40299
431822
201796
28508
39672
99718
240958
80521
28650
37410
412639
68411
42760
161537
189922
36549
173503
43516
250865
27539
108966
258149
79866
193292
258839
400222
194814
252327
241337
241330
410754
185477
241805
40507
16750
97940
36146
72418
631685
153752
606235
156409
40707
189202
75156
652896
253586
248187
109702
9173
82610
74625
82982
250866
71212
93489
86355
258057
153730
253321
616304
9625
173996
256210
96061
91689
44849
24201
99759
291562
2460
75094
63164
186456
88616
5336
32567
33727
240404
14337
69669
153071
183701
300224
69162
246355
94504
163419
193891
5392
44749
169810
261530
39188
171169
238630
57213
61025
180463
43515
74908
400786
158695
57058
72028
261020
421178
33603
78554
167906
165261
166654
23682
171839
24500
40463
35093
23854
616260
194342
94605
248807
95320
14387
88145
418726
260926
33927
33592
257078
16640
280322
246781
251565
291327
9213
61022
172371
174378
239627
80887
67760
9172
71062
257331
201638
188791
62393
159290
412257
108972
82927
68633
36298
90483
24901
410000
174139
29239
188369
52938
40474
239299
94953
249425
96945
67765
44670
192979
55518
81495
260584
1879
62195
152456
158050
245069
91261
60182
95624
99367
153755
68120
27237
107671
24944
253485
163412
243947
180119
67970
248603
44368
27480
261758
100268
59762
80229
71323
24686
258144
183810
56342
100420
189911
238153
162760
421549
194765
189580
246372
75207
195853
414163
244143
31988
69896
182789
88725
422523
9980
8134
418849
280551
98285
169611
9934
72143
413498
84813
36280
94757
62683
23852
158431
167740
164437
174187
290283
82405
429907
44714
200256
29443
290756
85397
188090
200130
81459
40928
109389
87947
23853
252047
55456
92218
71605
73817
188
102358
40140
427047
50908
423443
73022
63462
411276
290624
105510
24869
4208
40046
1388
48154
42987
27366
195123
36600
236276
55749
153719
40093
20233
257384
251318
291326
417962
78572
171107
192364
241826
45666
290810
71258
96771
157834
241416
257225
158506
73503
51428
167742
81831
109700
250795
15242
5393
104129
241163
259355
8406
412776
254071
88953
72207
74675
256603
238612
628476
189795
38286
154391
171120
59767
33503
150114
433241
92986
88520
9007
76927
160657
262846
161734
161356
161855
153754
606927
169544
193310
67847
68068
416963
88054
41936
84808
160059
96185
158860
84983
21934
193371
6271
183750
174573
259049
159645
81609
241406
37405
254472
160319
73234
90446
173683
616470
421276
90178
248883
291286
421273
50296
110166
600286
252127
194344
6073
94760
257226
95914
154384
200131
616200
165409
414378
24829
9254
73567
55068
79925
50035
291639
154349
426095
181377
98783
239652
94378
36256
156376
605623
72014
241404
92577
237928
185393
55562
259006
82406
72127
72067
72562
171589
94780
72305
167920
94618
425440
57127
73107
159019
86644
152462
237410
80148
51790
238629
59583
15307
73808
257116
20721
162732
168919
98022
259160
40508
170160
94761
163441
69075
429406
52939
44728
79158
659405
171598
253395
80955
201639
291563
32003
75671
380383
16394
74311
152457
56300
88421
95687
54916
606424
194138
152237
79231
88669
58750
289991
623536
251826
236347
192590
2043
62285
245173
198585
196113
50590
77111
13021
262621
86040
61750
193500
202696
73647
60565
247002
27767
2997
247530
88266
153718
418095
95900
41025
243822
100862
414372
84238
102148
41754
158699
78057
50566
31636
151498
67102
22280
96103
37052
290627
238000
250094
68301
230927
96189
238637
74628
165287
78128
184588
24945
187272
236265
82746
65493
72774
78862
240917
189890
411026
241492
171565
63098
88263
40794
170465
80034
40019
68268
79415
59808
248553
154154
173169
415884
76304
78119
416586
66667
27238
166493
150198
155560
239221
253879
250842
39832
192630
290762
412042
63223
154525
104196
86516
15536
33502
193319
246042
85773
151768
27204
96933
172378
68715
56343
72484
76043
434079
96935
154412
155558
173730
198201
237063
28377
159020
249087
88502
86155
67146
182066
290132
183663
82608
59581
185242
95915
413105
183031
78142
6270
97480
249997
97743
90182
195252
249169
35537
167996
66852
257224
68934
158213
251500
414394
257337
163927
98898
72372
68080
50596
39772
885
90665
616448
85411
170294
200817
51208
245186
183087
71438
245513
54445
15439
291634
90175
426375
24951
186272
290130
290760
28644
100518
6027
60393
10113
250629
154350
249102
96954
109346
97476
100552
255576
163413
421173
615825
425122
253266
241424
158674
413339
27035
419334
94993
90449
80612
88521
110315
110317
193561
238762
65508
290757
172281
161386
150813
193432
5632
40472
162396
41002
107648
28214
260472
24541
92902
194769
90667
165779
27497
9026
107845
290123
97618
82404
236259
31033
66383
188796
89945
260854
281083
200476
244298
426588
22381
30703
167905
107574
93987
425444
254058
2994
180030
200862
80225
170161
24202
96959
78854
409853
169155
86511
261684
34051
94017
230280
409713
161427
69436
58957
31345
158102
41050
63606
189969
230102
248172
261683
413391
71474
55469
279581
90649
247237
156464
36545
422386
251486
173237
247000
98775
414557
263090
75377
108978
78404
248256
33899
79509
30692
41895
2843
181510
85607
151371
417300
53802
102352
169755
59378
71685
91572
252366
159423
81920
70028
40676
410709
409578
72095
63677
40914
241817
73923
414396
81486
77572
50620
93256
193647
80102
58862
90448
261220
54065
189893
160151
88907
66040
39848
9176
428744
262062
45815
169725
251023
169143
154393
51419
96060
79980
80512
421629
84587
23042
158065
41198
250867
1362
181470
35651
55466
152465
13019
193309
69490
251143
195760
100617
27203
98552
58150
67320
156498
237886
187613
77370
155763
88445
237145
86814
63222
85699
105431
16755
100102
710036
38404
190468
409848
161004
84972
247243
425443
160096
156584
190497
193293
250846
79422
150137
8055
74706
76269
41865
259363
250623
53422
251483
425681
152329
61269
412390
86212
152264
107215
421563
96059
84884
250723
15438
260697
54223
628472
68714
23714
26749
164451
603924
85412
104380
79928
92216
84584
406614
163424
56643
4811
71951
23439
54069
194757
67024
258117
248601
68935
416911
427635
66880
258140
193302
93321
249073
1023
72818
261720
187927
65057
172183
89948
29224
89690
86306
430970
156535
100621
191118
65733
96012
151922
51613
90677
106361
31568
32718
78133
201451
193113
56801
2243
69191
82981
200437
71832
82306
262935
194763
151769
245185
78860
74090
290124
2297
10122
430695
83952
412045
75370
290967
22054
183870
158180
193919
170290
50854
86166
23432
71337
628494
89346
97936
75402
413497
78145
158709
74772
5305
236330
151880
95317
198423
252390
68427
153731
247525
41111
250843
87525
59500
71604
21356
84460
173450
260925
262045
230103
153748
622
240748
428505
78153
78018
252368
260182
409539
173343
55517
158702
238639
202351
170291
160646
163391
88958
180841
36550
414391
417700
94518
160159
290631
187731
67589
411239
100839
68131
194333
409530
257702
8124
261686
49549
94870
35637
1050
43969
49553
409655
290985
161860
164142
259075
91052
193913
194755
109136
291
192501
86175
90506
237192
34678
421917
260560
31093
181046
202656
73255
402882
91471
256220
28122
186216
195633
105545
108193
426543
72206
97073
40674
241869
80386
9798
422547
155390
39104
79317
188835
427389
237967
164481
150777
163397
70055
96181
75646
96417
157628
84918
186535
5152
252632
253194
57036
108973
66410
194467
184594
56340
248806
410097
30561
182036
200134
163801
23115
259352
73981
85139
190986
47160
36050
237402
153749
193499
151513
33646
249996
60395
425442
153743
171544
183841
417705
246094
108975
78056
197664
35455
81485
60542
432202
96174
253061
280946
22282
237422
192589
420706
96195
77763
67994
164229
43385
91097
95322
57968
259341
89941
659824
250845
159795
64974
58692
93253
21940
55490
432201
25825
187913
431382
291638
80245
140546
186860
188157
20214
248056
78281
193670
183749
615220
152211
90715
42961
26307
153386
191557
245174
189531
33648
27369
83842
173334
35670
165911
86633
252597
96631
198449
84082
99996
68238
250628
82920
172842
173451
152467
86205
193501
195859
245808
429190
153895
193892
67099
58311
58696
252391
166494
230263
258503
83939
248605
32740
193510
158722
1302
161772
39235
6003
280825
96194
430821
108392
237966
432040
81942
9864
169842
78876
150464
11254
616147
290990
13424
419841
82347
49566
95714
15392
249071
35153
262934
68339
251390
153716
417685
30530
41396
420475
189543
50937
192183
98796
73231
182265
251561
88139
41267
67286
56301
423441
27946
187226
200129
73793
237753
429966
26990
291633
248048
153937
169728
259349
190773
96745
240775
409758
162174
172300
25622
244303
415568
181314
159698
153968
40931
187917
163442
98095
107585
623991
51733
56132
159728
291280
185584
258129
59739
192362
153250
162164
35272
170867
74504
100787
89460
415716
183698
239774
9273
86911
167427
100614
245850
163411
240015
10035
58748
163437
188851
250834
260927
254166
172306
8754
61193
193560
80382
291944
75352
201037
202126
88267
240094
189847
72148
42497
155637
157351
70063
78767
90679
106670
106646
622452
189538
80247
291104
183730
100616
35136
155540
27364
20799
191526
78143
87735
44970
24203
982
415518
186220
252619
89500
55474
194749
259623
24546
154936
188550
71830
67023
252130
96955
35138
87530
244041
238495
43570
94997
99964
54810
191848
65038
258137
652897
190746
163930
32675
167406
163415
163883
246311
164449
87560
291545
22076
33929
251384
65503
157314
759452
56548
157750
55831
173729
190001
160453
238632
37440
23145
154724
43691
94422
249075
16
193154
159605
68130
415714
619232
151433
110390
167429
164546
9634
169612
289
171110
39130
66736
74616
415885
197820
27990
237970
247033
203008
68873
257798
67025
34923
38811
73687
161018
4083
75709
79327
156981
96165
36574
167046
402173
193151
241799
195124
79475
98976
407293
68780
258936
195500
153744
245934
110080
71533
163388
193818
172308
94023
59931
41234
5298
79793
9236
19022
8400
82916
88532
417634
174203
424583
190576
87871
41753
230313
255459
280417
431957
189341
42743
253193
42535
174553
193638
181469
66734
417384
197861
173330
105756
188297
188158
158101
62667
80402
280401
51659
168114
415812
92768
56362
239769
182554
198524
58720
93456
428543
30815
73816
90509
236348
631709
152247
71190
78115
248139
159295
170154
181860
75205
87992
33983
166923
86909
254636
251843
428096
152470
80250
79997
96976
414380
169158
182383
156096
431052
51909
102353
64774
67351
171836
78666
79910
183607
187920
254061
290457
59555
172307
196149
80037
66854
71422
164232
80885
77103
27054
87783
54915
158195
99629
163488
104070
41140
95430
161349
633212
251844
616261
45816
75678
156091
158673
237849
230344
182920
193916
56363
258843
87234
23419
189201
418207
28080
612316
28159
73810
174379
188398
236007
85401
38345
189607
41997
170863
60597
42962
152110
66103
202999
4669
26994
191326
81500
198778
165410
65494
83481
61216
54465
168005
50909
158638
151544
93586
82606
172146
629351
24489
240054
258937
36425
170624
172285
56349
9463
56133
80228
165816
241242
625663
172832
100517
87211
107808
94252
194772
27764
186776
237692
35329
190496
23379
261853
54816
15368
62980
34925
154942
248614
99617
24499
158056
94951
53240
165814
240859
257397
87120
14354
759449
68067
162406
417682
97162
27717
249088
37404
69432
51682
71884
290625
45824
55662
189796
74995
94630
1301
415604
1051
1458
237888
158639
69893
182374
171115
180837
262016
24190
62890
8405
10251
241487
253320
24487
196721
66274
63099
181525
166991
198724
258132
85755
62111
257392
422397
252596
38418
56351
239580
68428
98962
11267
59768
415498
72068
616423
54018
439
260586
252143
72070
162727
159023
23522
66743
248482
184329
257330
51681
291561
180035
94637
33649
618714
109377
50800
196326
56710
52749
89687
616325
81737
23710
260860
56505
90200
174612
241418
628342
239664
417696
262998
35270
172791
165933
71802
241241
5601
14082
163430
616327
245308
55834
63670
62394
202019
173971
56538
91086
83337
249048
159673
239663
241243
153933
36355
194506
62116
9174
85986
259158
832
98817
21937
69597
84517
259346
34838
152594
201475
24540
430574
251589
290750
106707
417412
250841
257175
40466
83325
243725
15757
167263
28110
76653
259004
152452
26308
170623
257329
187907
32626
241002
81480
160469
93983
32509
72155
166919
158664
167918
237693
94393
72859
200209
251498
201636
412493
168113
189572
95654
88910
84450
108048
65039
247523
130416
35544
10180
99626
241485
290978
185476
40766
421278
237808
189359
66724
402503
43520
194139
41816
65465
81925
161350
159797
73600
162778
254308
181859
605632
30018
237805
158231
98289
249076
33982
2156
185218
291314
257527
195807
904
190493
418947
44869
85415
30891
187323
87887
87429
186819
230784
96166
106534
27649
417777
28479
100530
1125
87872
165062
23438
158690
240021
88651
158157
16569
260588
87210
194375
96639
159287
172094
626749
60682
97180
172279
88915
86715
69639
237164
158196
238120
90436
22032
290280
2185
31058
253421
402784
83459
193918
628471
162779
173057
31985
419624
200532
158159
250630
71235
98890
241154
95234
78019
10288
181044
30315
195398
164403
90177
75499
12173
20166
184587
28007
44716
156617
251135
258122
157643
24373
255579
87236
8752
43058
77073
57152
72037
27399
70024
55033
160452
189075
185359
172284
248559
35692
42685
405959
31171
77384
241489
165773
74998
87213
96940
15577
73930
65368
78809
75390
189846
66244
71286
151496
91691
171831
153758
108565
85621
23778
78120
62286
166545
24507
28252
416713
169172
5297
95437
161643
165931
173345
102273
62312
75393
158640
14359
50895
15698
84258
108643
99623
263099
153747
50627
155228
31381
182898
158060
627752
26042
71686
77584
193301
75367
78555
54594
2390
413340
23116
90674
417692
67456
249070
421274
251847
237751
246001
158717
412044
83948
859
171463
55590
33658
163879
76305
200981
162185
40740
195070
612194
82313
164231
91397
185294
72096
40030
56333
75099
74677
290133
57273
616281
416919
40070
39907
99457
158161
157313
202875
197860
163431
237114
1547
84887
187911
90467
158218
100728
26467
291331
58741
84714
157397
159333
423147
31112
153352
62618
241814
153909
154941
163443
153461
190747
62904
73735
291000
83002
48178
62480
7788
262229
46007
100401
180031
25823
87114
153969
72078
238978
251389
248555
68028
96957
203102
90650
165115
421275
86713
422712
15749
1361
77087
431393
50872
153715
79411
100731
62396
418688
84585
100878
38385
33898
411554
10179
78126
81066
67820
153462
74872
173068
28006
249092
172276
162162
27129
24504
83947
257398
9626
427050
280323
30272
413714
152085
76313
167428
110033
50897
261549
66479
419664
50047
32525
169154
26270
36638
406612
41266
35137
40564
193320
262554
25582
102354
103446
412777
53754
248381
169432
90135
192339
109704
9979
622458
244010
152794
53406
158197
22278
158227
86854
194378
164547
81216
173048
96169
79927
85883
181125
58747
88668
65367
88908
39831
51252
248621
71515
65779
173342
200259
173338
158679
79328
81497
53799
200973
243642
260858
73951
162397
71804
159620
40606
23850
236973
404696
249635
97012
417687
158698
172095
151632
404478
169752
191842
250654
99290
80970
66133
79332
74627
60643
41680
173127
155773
25821
1286
96416
86773
241410
201160
100789
69339
153740
243922
174189
236331
92042
173339
78390
192990
74003
74855
159731
57658
65061
28648
86714
430571
98547
413112
241423
250864
615560
174318
56504
759462
90199
77419
616277
153349
416811
159313
409928
89609
170298
80098
251480
237174
618337
60415
82303
77088
35288
87786
65800
433244
158611
94611
194379
76412
158854
75913
89347
85820
68251
202882
188373
3909
67762
187879
60967
94892
241845
241413
190145
97068
240920
191119
264523
230142
87850
2009
416929
52528
239223
56321
249999
85612
252144
246448
189848
201447
642091
109701
154348
165815
159294
429761
259238
154932
9693
69422
52348
30093
193859
84519
35119
156437
42671
75674
81812
249105
71956
40483
614461
71191
151518
87208
257162
52613
83323
87207
39834
36560
281457
182266
71430
257409
83839
72045
172089
98669
94614
75369
29251
57243
41326
65618
75327
198348
189942
86716
152250
30868
69078
30583
258130
91379
75394
158686
109719
433312
93391
257155
99620
91294
85179
280118
79990
54817
230247
71954
71953
80038
186605
164005
37407
44756
237461
24187
64714
433184
93856
21117
158055
165770
63564
158215
79396
158057
249420
23607
162382
86910
79998
433186
27525
86925
84580
50275
416915
98807
92335
38406
9091
56345
15172
94599
81076
237925
54821
161425
68363
642370
153810
247839
63288
80147
189555
94781
249104
163392
89943
77586
174138
57512
171838
94573
51667
257388
237417
2157
20863
154400
98882
189931
20203
161764
58737
247799
158164
55491
91704
173620
158162
93727
427928
67441
96125
248149
66105
95788
169937
253878
413099
163433
193300
257227
52034
4681
257504
80671
159024
230329
195345
60180
202018
73052
171536
248604
238493
259070
240025
65340
39014
80847
606237
55468
14236
261778
241809
240012
71789
66039
9818
66861
155559
82930
251025
99722
433248
57670
157334
66670
34316
248627
108769
154076
59891
77296
91745
31362
65627
15012
94634
24763
79691
186218
50211
94964
80144
241848
241162
83596
166525
50273
9079
190726
237889
190117
23363
23186
198762
171540
54390
99051
50991
24472
431392
16655
84973
152215
96190
248579
415883
197434
431617
249722
53753
5596
104715
413496
84135
188620
31085
93961
188358
263032
95036
65987
759458
23769
31137
169753
236589
259438
26849
184593
180460
64752
154716
56335
164444
419800
93886
65982
418687
624
79414
254451
89985
169145
86922
9150
72580
411553
83267
430977
27329
194244
616437
28651
201450
64708
73108
90321
159016
108766
5607
190651
31078
257161
92334
103090
153174
79859
100823
4337
86351
759650
54878
30756
62098
87874
25413
165232
82748
153724
414259
92391
95623
81527
247729
183132
14395
421959
24468
20731
85705
155753
70064
426371
166712
98402
165771
9635
155382
109709
65993
158165
631441
415489
15862
161905
5672
87529
237998
75389
72079
186213
40679
427957
26229
28676
86063
25787
151980
77074
95379
35379
261551
84677
192991
155215
63570
76969
93392
69163
254201
239220
32002
290626
182388
94995
67621
50797
158247
187910
202273
82607
155561
289986
150096
78129
195239
62616
413184
80340
83460
251855
88547
251137
241806
80339
416714
258156
95319
153685
54599
251590
156531
191556
80776
646265
78117
9466
259140
163308
194925
78148
59930
172093
90721
69897
41203
68426
416321
85706
257386
50617
81943
97143
41264
24021
59929
155768
236256
86352
259947
845
105167
280693
236032
73791
51211
167430
54420
261685
16826
15084
186779
34085
238976
160600
244521
260859
55470
79232
607808
248563
77600
1841
183819
66411
413106
25566
69725
187924
34331
257173
34277
422396
80021
249941
76417
43517
237423
63220
51897
194642
91692
74991
195198
90437
85663
261558
173981
81945
172147
73969
58735
238287
66733
182386
91702
238492
60152
97553
40607
68263
28340
169147
73021
247838
616292
153255
71771
414264
52036
70062
190490
167704
250839
164286
50699
40456
183633
238941
21935
37368
82109
100544
66352
202125
68890
180370
50619
84593
167998
26582
81498
153245
23204
173789
185710
79490
67764
9568
107605
60181
89442
41003
2184
93434
69360
153244
31832
190577
78118
59753
25538
415028
94998
75911
63341
172143
20596
237766
12962
188360
1546
51396
68181
260324
53295
190571
257049
84929
252365
432553
108976
187692
164954
153072
78495
160097
57037
251139
194751
74661
89946
238989
157340
90297
167378
248176
90131
165230
616276
88724
13326
83597
9637
55649
416920
90716
97555
16435
166058
419137
172209
198037
171545
230351
181011
78139
102513
27988
93901
68627
57690
152348
252425
491557
58385
27838
74029
79277
161346
431389
243405
252700
94759
200309
27998
153241
62671
51132
605
380483
63495
261302
28732
78859
41005
238490
414390
67623
188359
55559
169159
94392
36151
59957
35691
196987
86914
426404
202353
71632
98896
652888
191542
75643
262446
5488
188753
24486
186864
43667
27306
24620
84138
290285
53804
80845
60398
66480
27152
88138
100569
80218
248608
188793
248607
93945
64711
51441
67517
78130
185711
415715
261766
97620
81869
159766
75360
161646
415294
67021
150207
249948
195028
41112
183116
418091
55487
417425
248561
76011
237809
92974
170656
23142
628839
79389
192594
90372
62260
421066
85359
73217
90675
74017
74606
93323
58868
290377
88904
90397
35669
258855
290126
169231
81499
241820
159768
10440
41951
415303
252270
43420
63637
168633
98277
180372
33872
261851
109793
87870
55695
166922
87948
170687
257051
431464
171588
196284
110041
409994
158724
84667
250835
183920
166642
260212
82721
168749
162759
192365
24498
161005
247638
154162
81323
247029
164230
193508
85210
190469
50591
182768
31897
255578
54404
108763
168115
195846
162645
427048
248622
39234
195592
158244
247051
290988
61192
52785
62275
50622
281378
237579
80143
27948
628466
162180
291615
90681
261771
77640
9522
42774
100620
197901
33928
241828
241490
15991
246356
156986
78955
192588
913
187922
38293
43742
155277
36148
263106
2728
183769
253487
166526
24868
170292
84817
65263
73962
78710
93
93393
182375
63496
62165
87527
152255
254635
20732
86276
187804
636729
106380
421279
417215
7941
21884
260857
86560
37078
88544
171597
261552
251136
77090
28671
44717
60394
243407
75645
87522
9570
158689
163730
249723
172076
103711
166653
48008
241155
71564
164081
413103
202746
110312
89352
63673
241810
173170
155766
154386
380356
188798
39416
99055
67331
150233
290845
154937
413494
66345
72006
67357
161351
248169
82929
50625
69637
94999
188984
160436
91946
251845
253486
79869
157533
51688
79331
96938
74057
239227
26104
416807
109271
411476
246517
251488
163269
201587
67215
167685
169146
245025
202354
161422
54070
153750
71952
41395
430972
99164
616302
73604
250486
621651
187908
250793
154928
100258
84757
50492
31121
260535
91103
66238
418685
153935
33627
52868
95403
154145
602453
24211
44761
90319
59740
201361
40924
98878
85349
69895
260999
59770
417701
95820
71434
165932
11259
108781
201642
24536
27816
202960
262858
74958
71058
90728
182891
71324
98429
159805
67349
188794
194644
171118
93985
23100
59696
151587
425123
50175
421190
196893
106238
184696
107946
14090
40509
248606
27400
81217
182068
248255
78709
173331
159729
80388
193951
195251
58713
165778
192353
59584
79329
35636
191847
290809
153717
107649
40485
83461
52487
259167
257530
23713
99489
83277
71633
67740
73346
2088
50847
260921
98553
167264
84666
168383
413036
257122
50684
65626
246968
20154
43578
43235
182771
83016
9076
22279
643739
4849
98579
241157
157315
96170
93632
290984
411800
202768
163421
90487
174575
415602
237177
150092
9639
193894
85624
78313
23143
81301
83311
184754
430604
74663
64998
158746
80872
24531
59200
84133
86756
247331
106998
102381
300277
1529
248884
180816
186534
250538
98934
908
74004
430699
83951
158681
616509
81107
167743
202697
172836
86291
73972
163860
89110
9715
170155
152260
194817
195852
188728
251825
258840
98897
55464
188730
88909
67846
77714
93903
9232
182426
65992
245326
78816
291637
161863
81207
261687
431053
202549
81083
52603
27523
245640
247295
158568
158230
253319
652289
257174
99758
86941
414558
186778
72065
290764
97077
72142
281041
246357
74620
93258
69461
193635
155280
165772
158048
183788
29357
91241
84816
202124
2720
39408
164431
30747
27682
421470
427140
80848
162957
36156
69170
290
201086
94341
171682
105172
251475
93429
607555
107670
93631
158716
74871
88072
280554
100615
76262
93475
26310
152263
418090
75909
74656
158061
94610
433185
239782
68982
97462
412779
37301
23708
202322
167141
194092
40050
86923
428098
163435
23241
409266
189800
188368
248602
247797
109708
9524
259002
418600
251474
59655
186196
53388
54055
51731
160088
41038
237405
51621
16955
259260
90450
71631
85520
52178
159396
196325
21933
150118
55473
250627
155278
159630
247242
30850
40280
251886
172304
171171
56365
249850
36548
96522
239558
413086
173788
55485
93364
167009
202998
77075
151732
616422
153726
34330
173064
170776
290983
248891
280321
5324
43229
69298
280301
185904
91706
31537
162405
78566
71894
166546
170293
195848
36547
251851
418693
61700
61224
84655
191122
67741
18113
25724
90384
250794
195856
417694
40413
23811
91874
65666
291631
5248
66245
429472
63607
100860
189921
161859
23848
380386
163355
165408
98810
75625
156528
89940
600562
300225
110020
60416
77590
94608
616468
201246
259351
237115
77591
154664
161538
80149
38136
167703
605385
60926
432904
190688
171870
169429
240046
72072
165231
87420
165064
280398
72560
23440
76611
627105
51469
53424
257048
81108
258838
55482
50025
62479
88914
100840
153419
91820
162730
98798
108075
261867
60562
154759
37409
150238
192340
172619
10335
160999
83944
163275
429501
44719
30740
238338
58753
261548
155018
40861
170165
192957
157957
4851
60965
43571
4237
249974
66065
241816
240665
21114
65265
75264
249067
152249
247519
158682
173347
5070
250907
166918
194739
60560
191327
83000
91961
24186
259142
95626
28179
249720
195435
30693
159426
433187
2181
262427
31113
280048
291103
65059
281456
261717
44045
433370
72775
67006
57409
85568
186454
257394
249082
170148
96119
51427
160888
63221
259005
58932
164543
78849
65549
92393
80589
247303
51911
409852
169936
97904
48147
154161
170914
230332
237411
165365
36523
16922
36309
152252
415809
50494
8751
159730
413700
152248
246012
75375
197874
180405
26780
411795
82911
94022
180838
194335
191519
31378
261719
427042
5337
167579
32037
248676
246967
55599
174090
95996
56324
24506
156230
190491
251478
97941
194976
245936
71420
71628
153099
150234
168734
158703
413108
255806
160866
190653
78808
260361
246631
189892
60620
237246
58733
180818
237926
88318
41394
75157
8401
13023
416809
62368
162000
153342
170289
152656
98955
252325
658001
156579
58758
24940
247534
158566
54161
67355
159235
97781
167158
609762
75708
41271
188549
34094
156594
73746
244302
172302
414602
194338
245072
250806
417251
31289
53800
91395
186781
93687
97942
56330
66100
429967
258271
89935
107538
170862
642192
174567
257219
68709
4682
67819
55713
69430
415957
11807
4532
80871
158663
189115
230333
228
163277
153463
78389
417703
26875
238618
416927
79202
51120
255577
68537
240246
180842
153763
50295
198625
184589
165368
57214
241156
65153
35734
150237
80850
23458
51666
39300
201470
153399
78496
202522
163274
164365
91224
158684
1530
63604
27817
66200
418500
34388
421842
280121
201347
252135
410090
237403
253843
250909
183820
237748
79538
200507
163882
16386
71895
236261
240668
290421
75642
14316
38294
39105
165667
30704
168141
261688
291635
280399
164436
62873
248888
35380
258124
91877
413499
150395
153688
237946
151970
153501
188795
165394
169162
248808
163941
290131
73192
87476
419226
184974
92963
80410
156982
172838
31377
419228
418967
158668
62110
170911
80227
56354
88951
52153
241659
63506
79022
198200
73403
74383
431390
246011
192352
24854
72048
171959
153226
87991
78556
202355
50901
167267
11797
28249
34329
180465
75376
11255
40315
173049
290118
421011
169610
160060
194639
155443
195166
169149
9624
75993
426760
280760
81321
31090
150973
89936
161949
98811
152259
252427
241804
39833
188370
98815
241491
158710
75398
241244
193031
90651
189888
93319
414395
29193
40992
61465
432113
171170
77588
151511
655768
80141
409796
27994
241475
92397
192597
165411
39956
262999
80068
168143
165803
161670
78121
153351
425581
616313
248887
68960
152460
151506
70027
239579
8755
62164
81213
160470
37145
108297
48208
197819
158694
98616
159807
180036
241488
182021
13022
161645
249080
55664
80220
189930
157399
159712
74662
85620
93908
51389
291313
402372
198723
99181
250911
99054
78052
243417
169148
624035
88644
81350
156016
16462
249085
391089
192358
193633
88461
431388
108419
250540
16510
258155
248236
154157
249951
50163
10441
75325
77100
71887
246403
109266
56991
422264
52033
7940
98893
262857
52288
2276
159424
32689
432270
172369
9529
14374
259239
155539
23347
155907
29212
257797
202962
62193
280126
88736
81811
1619
187428
95930
56167
100547
245849
74514
87216
98360
238747
183812
24195
51143
171108
251846
74615
153222
202784
81917
167997
159802
261021
606971
92394
65671
36002
150241
98188
173052
244743
106556
50911
92536
10112
67096
37239
413539
80341
69101
30237
182792
50894
290908
54017
174037
161420
88555
413127
182773
40170
409885
78420
40933
40873
153404
419802
153056
248075
167265
161387
391475
249066
78134
153809
93383
237176
93439
36454
73529
173392
82914
94015
72094
158067
639950
158068
186989
38229
240092
29249
84448
74394
83900
85521
29509
191559
290994
81922
91956
56348
35694
33596
194374
83841
2109
51600
426376
158058
253264
94633
30748
38419
91819
76014
23684
158052
197373
150446
91465
14368
37308
161575
257408
237418
77057
88142
97676
238001
158665
607842
173975
197227
152717
59749
27818
428378
51895
54375
98885
29115
237421
94603
23441
427049
413503
78713
607580
99628
85665
33657
59744
1548
153746
252608
417969
433235
97403
186455
153687
56434
240188
100570
40473
41290
230428
256037
58939
261019
75673
189928
192808
78399
193915
50899
171837
152795
162959
130009
251492
26813
187429
44754
200657
258116
23683
413495
96936
415810
169156
160164
196892
80320
52026
260474
189932
23965
237409
72061
35693
185243
247521
98912
244301
39181
106808
189374
424716
187881
634722
29541
72678
163393
237415
187612
52542
170163
24537
98599
91168
21355
40840
72383
156500
280124
81364
169160
81305
183697
180277
88329
180028
72027
56782
41208
201753
97898
81941
69952
189585
415735
433818
26588
251562
159691
291288
91708
172160
195794
1341
96944
91239
186275
65985
65007
150184
2582
86293
193506
91339
40409
169757
71439
160797
87612
50906
86277
50215
75100
90174
248600
10160
253478
155182
98617
192857
64902
432042
64731
85352
32624
182372
25373
245496
257338
95417
50905
100545
94612
74790
201875
80543
151903
260022
258152
78368
258112
166495
156530
43031
183871
237343
170464
193168
68264
63037
72149
159692
413100
41423
74957
281082
39626
198070
24549
259032
162196
87233
15837
56352
165370
97998
38153
230441
84586
40966
75631
69008
68472
39162
265180
59761
80879
153423
291632
201277
68956
251015
24020
166709
189617
96191
616323
411415
291116
55284
194638
170152
166567
93396
248809
88244
39163
417693
162729
241426
32690
161421
2709
24532
187882
153761
202904
416710
84681
258176
35495
86930
71149
158049
193296
237616
171591
192355
259035
67055
168887
261138
108099
172367
27680
158744
55509
249634
74679
91958
248975
644866
99563
422341
39438
195168
11801
417049
162168
213
246155
33588
21930
74523
93502
44391
78827
72563
202349
57241
200634
35494
43941
78402
10052
43240
54812
93316
74366
188292
2429
153511
409716
55525
97201
258681
73976
75010
198587
62358
51665
94016
65440
162647
89938
30805
187921
39231
150239
249911
33994
184972
87785
159025
102045
420477
42702
245291
92561
192361
415889
243406
620063
255718
193299
244077
197859
50572
88343
98818
169042
72942
41141
411976
32627
262624
89303
252373
241871
657616
258690
45819
262848
84592
168890
76164
161405
99806
25
36546
84017
98460
97337
162781
196119
417037
80968
191841
41424
23076
252634
290759
30529
201819
78855
193315
71257
14279
245794
248049
155281
78123
182934
240013
259068
164545
10046
154352
55480
409856
153808
69045
152111
40672
84812
194974
37304
151501
238621
72823
90049
235987
245935
170913
759451
107636
194737
88728
29197
161647
171592
245070
88446
62395
164633
97159
110318
416917
157836
195180
166491
53792
102382
415050
193304
418130
280120
98809
153402
86165
27660
108406
418096
260864
202941
259340
409715
93726
59741
164544
259166
251142
181569
54867
256677
237420
200133
68327
93317
252364
195243
188834
254060
265179
164287
68764
193639
155822
163565
426096
28445
55472
200460
253549
420371
657720
258145
6093
202961
55707
58731
60514
104935
96931
163414
172377
238757
68958
24828
191522
162576
86762
257163
95899
62874
41144
185539
86356
262553
41143
170168
7221
620301
169935
238115
246999
605381
246887
165168
5671
155188
86927
185524
72030
188789
63473
98366
169095
429207
98025
194322
155720
249972
183118
192631
237146
151733
63224
34924
102089
57034
172084
83003
154929
78583
43038
83268
98163
186726
182076
108994
61026
416918
15811
60652
152346
163486
153720
252635
91957
247236
246358
98474
68125
72047
150113
421555
195847
185933
172024
160061
248552
291613
35540
151494
409929
51571
86510
24200
249081
85399
262426
56332
84462
418208
84814
2110
238118
189927
77294
193995
105170
109012
258143
31380
75994
245071
184973
28899
100202
95479
77299
413102
79241
247532
425857
201452
49663
30851
238756
153259
252695
259144
423608
170628
201818
78410
192596
155667
188799
40471
87562
44707
182373
159803
431370
248188
99129
83476
59743
94340
85040
93628
186278
23849
2995
172092
172059
56472
31175
158712
4162
50595
409561
93047
163878
230327
195594
39827
84886
291287
89032
66875
196330
261820
35572
81526
243378
67020
172831
93743
90662
30351
189794
245370
189912
251484
194602
68708
170123
152128
603926
77651
63427
55630
29544
163387
248150
161360
162402
57569
23855
158373
41270
64763
291431
42057
419806
183632
158223
431391
258150
90714
73795
78135
85410
82409
194600
9188
39694
75633
98099
26847
100195
32741
173352
259861
248626
183731
172793
69142
33561
153228
409698
429179
67895
97533
174087
76867
2456
182387
155908
605634
237143
190742
86130
27741
41352
81111
27922
71917
85354
429405
75397
194599
21936
31077
237577
33876
51496
68432
191896
159246
90718
54815
85007
248892
24333
192360
44907
163268
15457
30373
423442
94889
418690
53128
75011
173328
188321
80969
258905
9866
66130
30898
194975
24662
155323
31157
31372
79087
151528
15583
155388
169142
410158
162181
259957
237494
259622
78151
412048
417684
62669
249330
188294
422533
161856
151517
95315
411218
170674
71437
87431
20771
172278
195204
75399
84931
258922
161354
187618
78877
193311
241658
33726
239166
29242
249050
152786
88056
159292
9143
78017
22399
51488
98359
109419
158019
413492
86168
49743
153970
409993
170585
40587
180193
63562
238117
606979
18111
230348
257181
53452
186871
160318
39611
187273
172437
261135
107542
40751
98795
37262
241001
198779
93944
95621
43568
290129
404695
48128
51391
41402
95128
68082
290765
65062
153405
247725
238304
193503
119
89647
239772
74328
24533
27995
66262
82915
248174
237140
153347
243848
193298
413037
84137
56547
110750
155387
411327
42980
9238
73170
93984
249097
165666
251563
180846
155394
258109
162119
280123
167392
188802
192338
68634
73798
76168
80967
171539
252424
158062
188372
11265
26468
241827
96319
99346
16277
39241
50848
34046
75355
94601
188399
99547
249807
87112
237408
110313
41427
430616
65341
195399
72042
51135
174551
165063
167402
248609
102918
246518
238636
249094
23771
89459
260920
100531
415566
167999
65004
97014
425109
38428
86913
250832
236349
72504
81654
33685
162166
94420
244241
422884
9547
419799
63675
71029
54865
193505
161950
431512
27945
4534
150315
67653
182769
266259
250626
240038
165369
251658
95313
30860
169150
151881
422690
152620
72077
171109
248189
173890
172655
40051
82312
248182
22207
154159
180406
97551
78815
160468
88378
152396
152219
259345
75641
85360
195394
183770
58651
261942
161345
151197
412508
63555
88533
100622
2010
600177
418502
247301
248560
159809
246964
710060
9605
81373
84453
605665
162176
50907
103975
264191
182935
152114
16066
406525
191351
79263
55486
251657
259849
261764
174642
260924
32622
237178
27401
249160
100522
291281
241476
174190
163861
419803
252697
4537
150209
98891
96854
33591
237930
259350
52431
77091
173340
78314
72350
413038
88127
426550
259169
182424
10480
158198
24962
172829
258938
5260
41325
5603
24539
185372
40872
73056
71939
97552
259347
246965
230330
54814
57964
39161
187413
257165
169699
624184
150314
95563
88506
82251
91690
40052
66161
63636
189887
85701
156232
165776
79233
60539
202810
9569
93114
185371
193931
56320
98050
416680
263084
153246
659106
158486
411210
82609
169413
91675
616196
68799
248578
153344
30861
246519
400093
63605
40949
164810
93989
9077
72955
152797
430976
628955
169138
99056
291285
421193
51619
100149
162728
171168
4194
153053
160062
241482
110081
253675
77300
150097
417679
77081
56189
153762
19069
97674
172283
431352
290601
432906
84767
39288
67095
20169
23770
97088
195436
66672
66124
195863
88141
413823
74617
193312
406613
252698
66317
79230
173452
612556
55949
93872
151514
258718
4640
202558
86758
80077
83458
72036
27423
36562
411240
55483
151500
172078
78405
91821
831
83326
430971
22073
195165
189166
86928
155368
73982
236976
40677
194664
23346
414373
237141
159796
52035
50565
280553
110309
2001
66723
258141
103863
26585
89345
166134
156688
202089
407958
290629
24941
163877
67758
191990
195862
22398
164366
607038
628485
74629
195758
69017
55872
83419
237404
85318
58560
9022
78730
78718
237674
186453
75980
15999
418545
72773
87995
172280
153976
161808
250833
235387
71861
248554
24710
92795
237929
58285
261945
190198
93587
21928
659562
68473
5984
291311
166597
247412
171113
157560
159286
645054
28562
260947
413193
423582
90507
240328
156465
35772
162173
73929
158696
152488
24538
412046
244567
93973
67022
246234
151561
71282
98026
416885
68765
102056
83340
91574
71433
73233
158704
107528
290458
41776
200472
426125
50726
97514
261964
169161
414350
32560
40948
56498
94297
56501
202965
230331
54820
238763
94390
251491
153403
174574
71627
71889
110083
161003
154147
81830
189647
247520
180464
192593
159281
88542
246313
238491
95053
246000
56552
84589
195450
82984
230315
236258
246402
183089
201701
89932
80387
79412
424920
161388
152459
39240
160173
29543
69791
99625
72226
192182
39952
159714
433086
250620
83658
158219
5338
162159
150090
260473
35680
53292
152109
163396
168145
202944
151502
170912
87329
23223
164434
37106
194245
190345
168888
430975
76264
201856
172097
416619
84466
63038
641377
153467
245653
259001
74850
1412
155227
21932
248678
419626
261715
9021
151510
152251
81484
41313
188800
249078
200270
99291
230262
160467
61021
79474
166133
27547
66729
93455
84917
92301
411887
81919
629147
71287
161352
49567
26068
42516
39470
241812
195249
263107
75912
94314
76152
248114
249086
94617
9234
80301
182425
154316
241873
239361
624022
153727
160289
93326
240817
56329
417695
2472
9806
423267
198384
185712
419840
89299
170164
250655
161877
659561
237999
238613
616172
152207
238319
98952
98797
55498
90723
99085
429404
91337
40129
197221
243413
58742
94963
88959
51692
157532
155562
256222
192592
421903
77330
174270
78138
258842
80851
78312
164762
91784
59272
39389
158066
422394
290992
66725
98467
156466
611409
31722
50796
86357
245061
155909
43800
170768
26798
68119
41004
150476
87119
80117
151841
88667
98977
81412
433236
59196
69062
261762
52268
17073
430974
253673
239826
85357
97780
89386
44613
248173
81372
42675
249426
167622
21931
87230
75630
11805
257391
191329
5987
76968
36135
87212
94021
75270
257233
161146
78851
280108
161807
77721
291630
66728
173325
250659
194339
259343
9237
83851
155370
158222
79917
9048
28153
192909
249072
152036
412043
421373
612282
152450
181570
170910
50489
153721
250211
154914
409850
40967
1127
414379
94546
76782
95639
2092
167952
83083
24534
37303
172297
251026
421548
188356
260866
158059
105891
237139
15733
64795
73705
428956
171890
48140
1000
20831
59290
110394
85991
31250
150208
196118
290378
241822
190494
247329
252166
193994
81496
51157
5304
9936
193305
290125
33653
418436
60559
249636
154756
50491
195197
67127
168116
36453
172837
188648
61754
60537
93844
237110
56565
34047
243864
60176
154416
186269
251940
33594
59582
53358
189364
87214
67995
259956
182921
9567
172163
409611
29222
168889
106706
93318
237413
158635
165393
29223
84590
168343
83269
74994
262849
198269
174554
161692
83659
23447
236638
78841
180034
27187
10672
104861
173346
77678
9527
83270
290982
260606
41310
248624
43451
38346
202945
416926
6287
243410
31373
154091
241854
27772
158225
55832
197523
75374
194878
166132
86924
51725
201745
84582
415606
160063
155910
188653
90447
262679
241003
103910
36082
95482
69431
153125
156489
60208
16491
23712
65500
66132
72112
20834
108940
259344
86294
249419
27043
251856
88582
425958
416924
413224
99721
88422
202047
59831
30115
238633
31057
154347
26036
189923
202963
195167
173054
26747
93627
155444
16572
76279
408145
628478
61027
153420
74612
421644
195857
65801
5140
78890
106781
84461
23644
259072
152209
9528
153126
159236
73310
239151
67763
80888
102010
56502
759461
404376
193308
51620
629106
55475
95450
380114
171594
88795
90324
241872
201457
170906
151519
196285
97938
190000
434188
406526
159431
86757
65988
40139
180493
94251
159289
194667
180458
14306
243643
58275
110399
170151
417702
70046
196328
427870
194641
238745
81208
55477
168137
627389
433238
188623
73815
192363
86818
88319
54777
80219
158718
411024
62191
155906
51289
96140
187878
81940
71989
57207
625
80517
50855
52598
8749
153972
290630
130415
190344
290811
185587
182371
73809
171830
84758
160966
194332
185822
86740
211
93964
249950
43352
84809
258841
69894
43259
61362
243929
89444
83898
78779
432041
429725
37408
173732
250763
202086
88543
24488
76167
150824
9640
425660
88982
247821
50903
190575
407876
84753
391132
26195
170303
251034
23144
21059
166599
421376
160698
83728
421545
89447
62040
21941
155229
107690
36572
40476
23529
637667
162593
69823
158961
79391
86167
90669
74367
195265
23804
421488
153934
52537
172130
52538
33716
1126
230274
95413
250252
412495
197818
252326
419801
31989
153060
628947
243646
59766
97078
171111
154930
262855
250624
84987
193297
9078
171029
166710
2801
157400
614306
74997
39184
67571
262756
172303
20091
258128
90439
260589
237324
200522
168891
39415
41803
413111
182389
291332
110042
173974
8753
196112
152220
414383
41351
155116
63362
90040
422433
429734
433337
195356
196115
152216
171599
247410
78116
58708
49720
85211
210
247241
161001
39437
51409
202016
430751
87113
39908
40089
86353
43676
9560
9235
10420
78813
241825
28079
97097
78424
86711
22177
79926
74018
409865
43421
245806
105923
246740
252071
53023
87110
94344
238114
414377
29047
84225
609471
27839
600266
258026
156491
163418
82422
66064
79628
201012
252186
51612
1457
39183
246904
38058
153745
71892
237964
259334
628473
168342
192341
414375
50034
63657
187923
84583
257336
160864
65060
158671
156470
59926
248549
429397
172210
248550
417299
163439
255853
53798
84663
80246
629148
290128
249103
28466
10364
245021
2093
156310
56338
100529
86761
182385
7789
195757
106748
252322
96730
71288
172083
75513
193295
161432
1586
94779
194668
180371
24194
237519
259141
169482
198788
78560
195404
38427
183301
152038
155469
152217
261859
257215
5229
201013
428778
35769
98911
257378
86508
108615
164233
167919
189917
68957
412496
35268
243412
894
183963
163270
66726
98961
85356
65983
50902
74759
290287
185613
9549
91396
248551
52631
41265
245866
155649
98096
238489
253877
173327
21107
171547
26169
89461
235988
239368
257385
415567
75627
236268
88666
171532
67759
155030
89906
429180
253208
407752
251848
418601
32625
100548
38405
52626
156963
185370
261136
241158
181571
257710
161357
85604
81109
15308
184034
259354
172620
33276
167950
291001
80849
172843
162100
57863
642937
60894
50291
180192
43230
421270
54068
251487
619196
58652
425845
72060
419631
181824
288
194432
50871
158837
66528
91823
40680
27006
259003
246211
35152
56437
77356
154480
158667
94871
158745
173344
29540
4536
428097
180966
171106
85400
171352
183686
252324
53793
71322
90729
636733
65731
280550
171595
121
50033
4118
230037
161669
88264
98975
97621
428540
150094
257334
67106
73788
97079
247787
169139
251564
237162
90057
27327
155302
249318
430696
65624
251138
2993
421950
53218
72031
188295
73792
163731
156002
158229
9865
39212
40477
411820
391131
192349
158741
81105
259018
189571
86621
33925
16463
40584
156593
171879
55481
78403
36083
67568
68632
151545
422427
257529
248882
64613
253479
172642
153210
24547
66076
264138
50896
79390
59440
51139
193893
412561
429512
260565
93938
84131
69437
66476
88140
87232
193637
194433
172079
9227
164435
99736
247407
249099
166677
23846
170035
183351
52054
79330
159715
251482
408314
68955
201362
158705
190954
73790
154090
237406
55661
1924
240858
162130
158743
84459
23929
230549
80419
98894
80282
261965
182909
170147
167994
55561
250912
203002
185709
160161
78814
32742
83729
56815
419805
641378
96856
183964
151467
834
237142
55632
153500
88469
202783
431580
56970
423254
291284
202348
164006
24212
158707
162606
24543
159806
155383
158018
2245
110082
40562
261043
161347
98816
81868
67756
259342
236637
68937
194601
173984
241824
27402
5299
75907
27775
88752
201149
251827
250837
68127
628475
290327
164907
290117
28557
32054
180576
81359
248684
163272
187271
241131
417301
202088
97472
411803
84591
109545
72351
257231
230350
151559
87990
190652
52725
241407
1565
99633
44509
158166
240903
51404
255805
62668
195400
157640
258148
247001
415064
239721
41204
41193
66104
159293
608629
248921
188622
152796
180373
259348
2180
52347
42071
159798
432905
2218
170304
415887
258147
49028
194645
78182
183969
50754
66321
291105
97681
91705
153975
19006
75999
182917
162172
40513
251146
162782
55294
230326
96192
80522
290999
170625
430187
61058
195405
241656
43504
174644
54064
202940
153738
180403
30381
87231
90663
91955
68938
9462
252137
403025
73660
262788
44322
193029
615738
194243
79510
172277
89056
91676
150976
182377
89607
188787
172164
86774
65989
40566
248889
189045
37302
158742
627395
94019
291333
201454
657600
25718
759649
247332
188792
82423
59769
151512
100857
280047
433247
246401
61029
202744
100864
243354
161424
23711
427051
78125
158677
9714
258504
202516
163799
248945
230146
196925
252514
201744
73789
170146
152469
88650
75368
71256
240245
63563
69625
643934
40328
25024
93448
173073
194513
153729
63589
261604
193313
67017
75525
24800
202356
54247
90050
616187
59907
422540
52043
38442
202747
40582
83407
196114
261137
38407
65058
153070
251479
257382
415342
281412
66552
156490
9633
56555
75126
50305
198735
41006
161858
151499
415603
202948
261953
628897
154152
56350
416910
196327
77092
186954
416715
57212
28123
54063
238494
98287
759445
421217
163944
83004
418413
16006
258110
248000
51446
108873
244305
153225
244011
257050
106997
103158
40673
84754
78986
61227
238755
433336
72071
155762
57500
92973
33729
28480
53330
155322
44494
194431
66353
188361
189638
414260
95917
83852
109376
192350
194738
200258
201211
428519
91437
27368
76976
110244
417681
240037
171823
9548
40464
71146
75316
419227
250541
416601
87784
88952
86815
430556
9566
93899
173072
71899
174322
99532
86025
193303
104888
195397
201472
158688
25584
9526
50852
264192
31361
100852
98047
658160
154727
85140
92396
159769
153725
258692
192807
155282
240666
194771
98880
259071
192858
29393
5602
419796
56347
158221
2094
65147
260922
49734
4200
172081
616177
422795
66102
420818
27349
168420
67450
56326
258154
183748
69024
195860
195851
202756
15458
56499
80588
27773
420509
169862
195858
77704
27815
51690
425657
44863
66735
158064
237694
162937
108905
245154
411179
43518
202769
44757
91703
72074
243948
39180
30897
65984
422259
425441
258134
39514
257052
640953
196286
193434
73581
8399
195169
93116
423444
86920
78853
158715
75632
85209
27858
188624
237361
84452
251489
181863
150463
35574
40350
186863
230328
158697
96746
99340
79388
196117
84662
186195
78581
71284
50306
65732
166496
55515
85522
247529
72561
78413
95916
54314
405958
75209
51487
153741
51737
39604
242122
199183
188940
89446
90668
257991
163279
153686
66062
69102
75676
9319
61023
158194
198725
189601
290987
61151
237191
78759
76416
202352
73462
24567
249721
238631
67755
193512
80921
62223
67072
428908
202339
89443
51495
163438
55319
168358
180033
156532
40871
130021
84588
158053
185245
409854
27305
409551
616416
100851
33595
41311
89726
36559
98953
68252
161854
24769
16927
173335
257525
91828
64787
44298
44731
171585
56341
24206
257716
98889
30582
156492
404697
54056
201640
29196
613700
238305
35273
28250
412317
181754
171117
68593
153967
189534
87115
88447
54243
237927
248562
20234
79919
88322
86673
51915
41998
3056
251849
96974
67050
417101
417678
616192
78060
63225
190744
182422
248177
30865
26041
413101
167426
32559
239224
291945
185354
248804
262058
170159
156495
91822
120
75623
55714
78875
153735
68269
164349
67583
187916
194762
96524
4067
80878
50473
78181
195164
41422
1368
411483
99456
66255
250840
158680
68291
237963
90132
171534
188423
414179
91171
190745
91829
425659
151734
416922
36561
75965
281601
51301
24542
151639
241417
87885
427596
170322
11144
413109
8043
80670
79918
39614
80844
188729
245937
15310
246729
98162
77515
391088
193917
159237
82873
107216
60644
162401
160889
161574
43220
40567
9827
97554
248185
80518
183962
83457
251028
52575
88143
107551
247641
416812
86859
95127
157431
17018
237969
249320
629117
96111
240818
247239
161127
40056
78834
92767
98884
252126
81206
86712
73743
67992
188323
78053
84458
26945
162575
25576
183873
65065
194240
62698
238640
250621
759651
78132
243377
237965
94873
86760
202947
182954
162731
162183
238545
280119
84264
629308
50839
23851
156529
39521
151508
20090
238488
4403
432207
94342
75410
166500
189873
251383
6006
28030
153751
74915
197001
404479
93328
40563
171586
166989
154351
170775
164667
236045
413594
255849
93629
659403
35768
253888
97479
600287
78557
74607
72069
150099
260470
50378
236333
56134
77919
235896
173731
250836
8241
171537
107598
159592
80883
30695
203009
191524
155993
642400
159291
88927
53118
40465
246093
33655
92217
163416
610353
250195
31371
36206
98024
238046
241483
68265
413984
237495
85514
156494
161358
155668
642934
95301
94254
16127
172618
239653
192368
45667
73811
418501
161007
98214
161644
189592
182421
98493
155772
67319
152655
187995
27819
248178
417688
29063
74525
188707
421277
241159
72410
82408
63658
606363
426373
759652
174177
251145
83865
72905
62691
198633
55871
416712
45821
99081
156985
180057
107469
63157
105922
190495
237944
187517
29407
290749
67259
93907
254057
180491
415027
71890
241661
166711
54552
71687
91053
167578
68763
54009
53332
74604
417698
191325
422340
26797
61184
90055
260721
180040
86643
27302
89349
66732
2446
81487
5598
15981
91169
43572
92501
81067
93898
28481
182919
79646
166650
244304
162163
8040
164432
50849
76554
39828
253023
16823
163885
93320
261643
35057
161002
47121
168595
241819
63716
24502
410239
172841
51896
150210
75173
180535
93626
39189
92794
71679
60396
74999
163434
99965
168362
65141
80033
252134
69612
77654
150645
166651
89934
413501
230264
243376
105565
413500
99621
87328
95615
429191
248612
195593
74611
265592
9178
96744
433221
83853
91253
25719
73656
406745
237750
51614
168052
88237
250658
153905
50502
241811
104393
171241
422385
427458
432740
55694
87988
167993
86307
152210
168360
79400
73461
628479
43040
81325
188322
94615
165454
636075
95559
247531
27365
72822
261901
163282
192351
238619
2183
202304
91062
63659
414374
182936
182035
65838
30863
89977
258119
50570
261221
252696
185368
209
198586
190770
66559
61752
408431
84572
75213
426098
160890
628489
180059
245641
191303
155179
93635
153227
230147
171114
106251
2744
65152
5595
106322
258139
181653
191521
27367
183811
252132
247786
280107
76151
150131
246575
102990
1625
107543
107576
261560
11804
9233
184592
249909
168859
154087
241419
50580
51344
77072
31097
1549
92221
165309
291002
27330
33647
261846
71019
75299
62342
8750
182390
154935
192184
180839
163278
69112
413825
86634
91338
250797
85625
33981
280400
84759
153077
68766
605805
158723
80096
43718
156436
54043
68300
30592
94519
426097
169700
152798
91531
174613
83928
99459
163976
156438
39186
247330
86169
83378
72059
169420
66159
27357
80874
88920
245024
16592
80226
172098
30221
60540
610619
85702
88553
201443
202575
260695
249064
22100
156536
201444
20259
183881
158711
181654
265063
192181
202501
95130
180404
28649
66853
83955
92770
25707
49760
420154
214
36169
246520
51785
628842
62891
40947
155230
202323
99624
158856
237578
5611
66939
4691
29283
184318
248167
98023
166827
44395
27992
237399
188293
86710
95494
40307
153753
189807
52490
158228
171535
80846
80825
23845
43300
97013
153224
419798
261765
247800
67097
32549
237887
97970
639951
245608
155178
95323
81861
759444
151748
92219
93428
72210
95296
95616
43039
238977
240857
241408
60372
93382
195182
26255
56355
257234
201087
201583
409596
15456
155187
108764
83581
180462
170052
247049
75628
190693
71955
290455
195245
26846
54725
73722
29248
415051
249910
41312
66831
154388
93959
22033
5606
290379
39693
237558
51497
262856
171832
87989
263103
247408
100309
65991
425682
110748
57803
185501
73253
52615
44812
97141
72690
71301
247640
173059
71630
260311
41059
102032
194736
154153
28387
156580
260262
93986
54811
235897
422389
418686
30866
69891
420183
36473
163395
65499
261134
281136
291636
51142
249022
86926
73797
16428
5610
93363
240339
238620
67505
162184
180987
241405
90173
103347
86687
62115
202657
89093
193030
171448
423177
169756
189970
72322
5333
249069
240006
75381
39673
85177
165308
162101
261133
196132
159926
236263
78391
162169
193991
290477
171137
237401
86308
83838
78127
290751
632069
190348
72040
412047
90672
39190
201214
4812
187914
39691
658980
90320
159920
75210
158687
190441
409849
39619
164955
261623
41188
173750
72044
67433
261849
89302
82910
58494
155771
95052
280549
91959
95997
85512
152987
79196
152218
245000
27370
5475
75409
96975
96173
20805
88554
422798
162592
180032
95817
427388
97459
201279
88314
25824
155111
99478
98672
31638
108974
407803
159395
250838
414162
171593
5165
44523
56539
252129
152113
109703
415767
60538
280849
23847
95459
26848
97095
259033
89300
165307
259353
202964
153466
251027
10510
103737
627457
163422
6249
81946
58207
251692
66409
165113
94391
182071
37309
238953
281757
172077
200870
192595
89464
67989
626
246408
190346
153728
616488
30864
98618
155719
40475
202597
150211
418645
97939
238614
174576
238624
93254
58933
68182
247724
202517
195346
43619
257990
80248
634631
52996
413502
155186
163280
53241
90676
71023
191330
253265
73796
158670
266258
260865
237412
157534
80338
14122
608269
248920
159694
97937
258921
86203
69718
94890
91287
150922
153026
4077
258153
169934
65994
94520
78020
246976
34639
69596
69678
84463
155386
96171
73527
160655
58930
163428
66063
98027
63013
41934
62084
280105
238339
30854
97782
195970
193563
248237
258115
74570
83595
106043
91783
23101
182766
151638
39407
44393
67649
79386
158214
167702
38295
50815
51894
170949
35771
27877
292070
68431
155335
247975
48179
171237
260856
156385
80140
55589
248565
109323
237113
77101
74676
189895
241823
41268
62615
290991
189564
259824
259073
263100
410958
40678
40583
434621
433239
74614
180810
248132
249096
168999
193317
97125
201785
26841
189551
416912
35269
230347
165163
97619
33960
180039
90322
252370
612191
161343
259850
39958
173684
187909
281550
91130
153737
181509
1432
250210
430978
168501
67071
2738
150236
600289
153229
155185
71987
80404
90326
180008
202548
252133
162929
97096
67405
93113
171596
107599
69665
96956
260853
245654
104898
252633
58454
262847
409273
9272
104100
169151
35271
49521
159044
159697
95478
236046
290632
190572
80036
153936
158537
193634
15863
96943
152466
86759
156366
193473
636880
185929
159767
94600
153242
67518
50471
62937
36522
238623
248277
56412
430681
174321
290281
50272
409832
291161
202467
238196
95316
181861
91439
98183
78573
237848
37406
165286
156496
100532
36254
63097
166591
193993
164404
160045
84581
172379
257272
50416
54071
186555
31868
24156
97590
52267
91803
616289
162395
95037
195854
44516
248547
195263
172132
40510
181313
182079
67567
48127
180843
257713
29195
86813
432205
76928
39337
80197
26789
198624
98288
167948
56591
51007
252128
162688
58555
91240
239396
260556
202654
165777
193646
236004
170861
77636
430973
27328
73564
189044
88128
154163
103395
185923
260855
182923
42168
89840
186215
31677
2471
248350
193107
432434
23856
250910
75239
245793
80672
77589
167995
88726
59763
156616
411075
91293
83942
427561
159247
245121
243838
163440
72032
158676
259159
249101
15734
73799
96162
69808
37307
414392
190347
75097
35573
186214
196425
161648
27765
171003
37367
5090
92102
90093
75092
109138
201045
54510
432569
34452
74218
172082
188374
152221
82421
66937
628841
59226
40885
159794
39473
84561
171889
21939
150655
87217
68266
414388
27250
74621
167731
162178
79000
41399
418691
616491
79387
262059
250575
291282
51695
151780
2136
262589
201216
85513
180988
73020
182069
291328
97072
79201
20819
39179
243645
20645
4147
87477
153742
193914
248234
241237
292097
249949
416814
189360
23446
179
246410
173341
163909
10009
89944
9694
72373
93322
186447
58639
280106
150171
169863
168139
163733
252699
80099
250844
428379
63043
62988
291003
9118
54681
161862
71214
163306
43199
415029
237416
73232
22386
238622
155231
9240
152563
152257
97336
62225
168856
69638
601475
89939
258127
50311
23285
421902
191843
31723
184414
290993
416711
170299
5048
24174
160647
96765
62871
107394
194734
1303
81205
418257
163271
167058
248014
248546
637163
56381
156983
55558
85361
600175
239165
247639
606170
39906
72691
280304
50626
44349
48146
98097
158706
413035
78856
31619
98475
50518
59192
59387
100863
239712
17056
99057
86432
155769
189652
104766
161359
636995
252367
75391
202655
102356
44392
98963
11802
257380
174556
173062
67766
241813
158740
94345
263034
155183
183960
109107
158312
168341
24544
182423
180027
75626
20216
81832
182434
189344
85516
411801
259164
79645
83347
290909
623975
230340
100018
235899
244146
197703
94606
93904
239716
77585
235757
78184
602043
263102
195745
195262
230552
156534
78407
248893
49554
185583
163276
291102
62719
39228
158567
154728
5599
607558
195850
99302
150458
153974
40994
61270
109289
192504
409449
95956
14162
55465
62670
259076
85953
68959
246852
80623
155029
155173
97588
245294
248613
409837
155765
248598
249065
250863
422387
23962
162160
58653
84971
21929
259067
94018
94607
15633
82420
51586
50006
158372
80145
180492
187915
39515
172834
50983
80097
202017
89691
170150
57688
76087
72716
37369
250798
89947
27920
89689
77102
424717
44720
33651
245495
194766
290812
22096
167157
94071
80580
252426
258113
97478
52548
93112
417298
172792
235903
290758
607560
156003
152246
41937
237001
161864
103620
4679
230036
60618
247240
251144
77843
257377
257709
402574
248235
66261
23857
191125
74856
83950
257715
162008
98935
80224
102351
75672
87111
258138
97997
422524
193316
45817
158692
5600
180056
54061
100290
64773
160645
247091
158216
246217
150677
169165
75531
193507
11788
41314
38074
189618
35479
169426
183699
95378
237247
429182
158675
194434
246400
83954
39391
238306
413098
79086
50846
171498
78055
190431
262732
249083
197717
78812
154686
193912
189896
105475
78021
258146
57660
34100
163281
263105
41269
