409715
244198
291562
427182
156578
414343
166201
253946
14765
172642
153614
136395
262846
252247
245293
263121
235807
154935
249822
168358
191655
11801
126101
433078
415563
76103
193535
158229
164551
144326
132365
258610
34376
254071
253066
154403
113912
117531
408970
99629
181232
261605
164765
257122
155562
120555
127980
259073
253769
128297
431028
259906
185244
96981
173793
5270
166157
35025
148740
119323
247870
70814
192360
47273
64132
235938
253782
290324
290812
97458
155908
95996
162729
189113
162401
95615
117410
148760
427985
163279
425458
192499
180645
252275
419453
418266
194434
37507
94953
119443
138522
119084
148701
192292
166919
119376
253793
141681
185822
162101
33034
185473
154941
239830
183633
188398
118621
188442
426407
99806
126317
187925
38875
70351
260519
95563
183090
189905
280549
237283
165053
91086
418164
11656
114246
248734
131078
145097
51461
243916
248049
262601
257040
173792
429205
242112
261964
258741
196528
168143
186053
137568
163732
418693
148771
96001
165453
230189
124717
193132
19281
99044
187729
263095
7940
122934
144945
194384
259623
146140
51694
51446
45734
193531
84440
180948
184083
186599
245336
250622
188164
33313
154412
290367
166348
165702
244743
194381
96561
172660
281499
194386
126206
95804
259771
136936
97717
246500
250400
173794
280725
189212
252563
161570
159421
160661
117759
110082
144660
417454
237494
117880
196476
760467
95318
189124
180464
246358
51614
245362
255805
262837
19741
159164
181214
152463
250275
134381
162959
181237
91293
192988
247192
11793
121263
117194
290913
93256
760259
173392
421217
46135
236865
249827
95450
174378
22956
93900
258224
172304
25860
125325
190608
759462
263103
261621
170882
183748
419797
192987
90647
180460
281675
168749
262665
180690
113366
185097
257636
51812
246165
411795
159696
133399
35823
157333
261960
119244
161575
192980
98277
192349
180747
8405
230407
137848
430751
41690
261926
252538
244048
125407
55949
153399
260772
57739
4640
263031
91081
38858
253000
174573
162648
14822
158224
134307
144980
259166
411804
245866
38123
29902
122844
96191
424582
246410
193561
189121
230412
14882
36695
245786
154466
243659
238373
431027
189944
22971
153716
163913
414359
172378
126081
168704
37475
185399
236259
116290
55227
290124
48875
163545
194189
411024
146599
155588
259907
169968
415606
194926
173170
147821
185524
281082
35022
110134
240476
422884
182771
37490
118335
98952
143987
415566
172658
141699
91821
37388
131528
155546
94341
426381
146117
259666
290750
155280
291326
248663
261558
37662
415882
32828
136854
257932
237778
168422
245499
64150
193853
260492
425682
391172
159422
170664
152453
280946
426869
189131
148741
187650
165418
171597
34964
142335
17635
230466
153055
119379
157340
244206
159650
76685
169342
172685
252016
413255
70813
183702
423426
169752
230226
32338
159732
262670
235803
185203
420477
119275
45046
243656
192794
54917
416997
241006
180035
185201
409796
421109
194647
164997
248794
250503
125149
171030
97921
247243
416406
120091
165494
434438
90722
246521
29668
239220
157779
194379
133430
155930
113918
230262
186215
415997
37653
185619
51344
262841
57060
47625
166153
55294
193670
159733
420113
194260
161427
187888
262091
247538
136225
246234
164580
411820
251136
55951
193645
433627
416746
413983
189007
188936
195149
45261
101191
417680
64145
47486
98500
192631
253696
33171
246212
290123
235856
259320
117984
262935
139050
137480
252015
258242
161397
119367
161420
434436
163251
415029
412257
153398
156307
414358
171542
415197
5527
195759
165062
150344
259764
147822
111096
117622
193759
237861
125540
191542
254181
759688
190986
247675
5598
160646
91171
281498
258550
147290
117423
432615
245257
280768
162266
19659
32267
145039
246099
33296
174610
238685
188405
94964
164568
153747
145252
291432
290132
149175
418268
189042
107273
425066
230552
157741
192560
127838
122384
154721
415568
54230
14795
97907
257220
238879
421817
150464
90326
413297
172285
151980
184170
48881
153243
117623
5209
113504
188443
411758
259023
247171
137851
172278
130794
162081
111346
193676
193403
91822
42736
259342
247499
94872
146066
122663
173857
417692
159046
419454
230347
291574
249088
189922
166287
247519
18839
187546
430466
188323
19756
5649
38754
416911
42361
164230
249819
37689
195263
239051
93747
99443
267194
239728
190827
290908
98896
254050
194417
171473
156980
154387
73679
150099
11638
158211
184167
427047
5964
43120
154228
81716
158230
121974
248627
195827
162829
166139
160660
130644
192844
161387
169728
117886
238890
122355
22994
194311
157027
147232
154090
118507
139202
142964
180037
244040
153077
192365
19667
185471
434767
186730
413503
173451
174631
180576
113417
190929
245650
165454
97437
237141
259108
184085
257490
243660
416885
124999
190633
186539
51487
144648
249832
183819
264722
237927
169937
120968
262426
189910
264723
421825
290810
124241
113369
415030
418645
188361
105820
230465
122043
96955
118538
239059
188835
147395
418271
290886
118308
237199
184985
159153
249881
184202
189899
291470
193868
181911
254393
45746
5584
241844
156773
248278
247874
194975
258772
117791
253267
30141
247579
433235
410770
5213
141709
183562
290994
190002
14677
145119
760466
97908
237402
157184
257388
186142
160091
96573
245032
189942
193533
155550
24580
258113
258230
159396
96316
159652
258519
158537
125403
127512
142164
116391
188983
433457
168342
189920
258905
181467
42101
90483
248920
160024
165900
32846
230431
163801
181665
258466
159655
237909
4679
182466
259385
38876
93907
183697
131343
259350
153756
157470
147910
263091
158568
119264
153720
186954
111101
291103
253488
162654
33324
152786
418685
189221
156979
159908
244567
167141
159794
156013
141775
54595
97439
260947
33453
120575
143359
193529
150760
185098
45571
122199
127855
417698
153070
70079
230941
144509
413257
185285
188363
421479
37471
11799
291631
110316
8749
9173
119330
119445
237930
185151
252008
7768
249083
160022
19975
281752
192597
170668
243957
187344
245360
253568
112124
155977
9936
159020
180674
132225
191119
258721
21356
414557
253024
96973
189045
19204
130546
246216
194602
264139
260515
5556
195190
257395
117998
247532
184582
251027
236264
182898
99604
238287
251566
52087
113921
42983
194405
419782
429308
235842
172371
259347
182188
413388
169232
417380
19229
160094
63920
181656
155929
184414
162777
186897
117198
252427
109468
416260
173196
151734
155302
8383
170329
258691
290706
33687
5645
5528
126306
14807
236276
253266
237272
154147
172028
173732
196235
98897
434437
119274
136240
144391
432042
248662
37698
249095
29586
96956
59881
8694
44474
246262
184103
247399
237319
239717
261862
136503
94424
259346
181229
149031
188403
169077
172516
93558
5588
11599
12005
257315
147444
171596
63923
247951
237712
189969
26296
2997
193179
241154
167255
19128
248173
168383
238977
417499
35032
149032
144684
182627
96571
34002
258258
193897
259118
429725
132221
148752
138681
291028
416925
434329
867
291635
250656
159014
418008
138707
98026
249140
73670
245061
423939
247015
7844
157407
159592
165409
150366
420192
428059
238954
155116
253910
259117
125267
157886
257316
248894
134523
5614
47419
164957
185113
182920
91702
248397
163799
230388
125345
257469
161281
291327
143885
5652
150090
419227
261174
417426
147295
5515
62626
290040
164758
415716
190744
73674
252358
157965
93391
51596
248350
70347
149217
21884
261762
35917
155278
252090
168103
132366
185896
414354
230417
31409
171191
185193
162146
191989
237406
134028
97477
253098
261564
156385
14930
290624
183465
412495
230108
54599
239452
118238
172706
258504
171586
417953
188321
155621
97942
238865
247295
138557
190054
259774
154716
167256
290043
51810
138402
262596
193357
155323
184165
291150
157051
262658
258771
237177
416963
162363
187342
152457
158210
264458
22454
415714
185930
187726
143811
11045
230410
290987
291143
37476
417381
260517
249823
48622
45260
135032
262678
144756
143881
169013
135180
187585
121222
420935
147357
186170
125259
157658
5551
433312
117189
239438
92538
164907
118548
130173
29667
119415
124901
63938
39192
96181
89941
112455
163679
157671
418207
409469
21940
160160
247827
158232
189461
137849
156183
257161
415889
99064
238893
59761
250801
74587
230103
165804
189931
180651
187728
289986
138708
183810
237710
162394
94995
240102
165410
168106
196529
290283
239109
59894
154457
193902
257312
167891
246017
17081
249911
253103
261643
290125
259769
416744
17710
252071
154524
193098
254294
112399
188365
241405
421476
414259
34266
291636
97071
432112
193122
122789
194645
133438
196398
51252
94902
412376
279575
135205
174190
264460
70238
119310
14954
291312
96062
252325
97436
142744
235940
186777
238495
156295
411976
38611
417471
143868
267198
195191
38095
144979
36636
234593
261901
252083
190829
421193
164376
125997
415604
153462
425843
163675
170155
247869
11783
244042
230190
258719
120003
73708
196494
195262
262554
257313
89939
11792
166832
109466
173010
245649
418545
138702
169338
55737
62633
180744
22959
194976
281500
414361
188550
125598
170581
36927
193866
424496
193861
151922
181127
172084
263101
160394
131075
290749
38227
47489
136071
3909
258631
190052
29880
37655
172666
244149
46796
34980
91077
191046
159447
180462
162191
236005
194766
107092
251078
113913
194640
260533
125742
128296
190493
158585
187029
156580
193164
167576
249102
188355
117784
411505
249941
251024
254007
70793
417044
137236
237259
170227
169544
180660
36697
49599
414360
103553
93586
134029
13990
145956
153255
95478
37697
99938
144946
235839
128230
11918
138811
157678
136202
138176
127824
97743
38762
434439
147355
234587
51820
380228
263035
433183
145292
258774
281088
97096
151844
262085
63904
246042
380510
190181
38625
5529
253009
95323
413699
417678
46850
159105
38749
181571
193862
160875
154347
258633
427174
142221
112296
173503
257861
144818
429312
421277
258370
96108
114028
195241
48900
258366
428519
151522
132731
125987
262060
246217
193030
127639
258546
191465
18514
63895
93827
431617
243749
251015
264720
33297
54855
6317
236052
239053
154091
17489
192884
174580
426867
159312
135349
193123
147428
245021
161643
91785
250624
150314
255807
159044
260474
259160
32498
160016
142113
430971
421480
166347
252695
290377
170623
419479
118403
189795
41694
246100
260027
33424
137854
5672
183841
192796
154525
186152
8668
169417
119324
257377
171599
181523
159198
147415
172276
93823
149166
290722
47786
257178
36681
186453
253373
192501
159156
159770
12974
37603
186500
182001
31806
120079
186671
290811
257767
240531
280825
245513
169482
133313
163797
98879
70660
38862
118449
186270
192183
135001
153125
235757
245494
64212
431355
417677
250183
425443
259119
119082
413988
8755
172802
413926
120025
133279
423736
172640
244026
126214
172635
147420
162362
186455
259351
280370
188795
166285
180038
253777
169564
291256
247092
109556
117583
91898
246448
70798
115722
159768
36193
280833
195594
290939
17339
131999
249065
171683
32838
12850
239289
157675
181669
151534
158940
11259
188157
115565
257797
172209
136199
187428
167158
120561
97097
249067
163772
119446
119329
194772
193528
238605
258849
195251
257635
230284
190494
115463
291632
136227
126169
131344
48559
138799
249085
122298
185710
158570
90669
132224
49860
187881
413174
93491
186279
47820
249910
194977
93906
184969
153898
230975
155056
246976
57740
131263
429407
291281
181212
415247
137732
17632
147396
145188
95594
98359
97554
237766
173199
96190
260779
194383
130075
416157
195406
42764
252998
174567
191509
138595
261710
184312
94997
162593
124998
422547
112036
95320
97013
171540
136798
95379
167950
247505
260927
243381
92220
159426
426374
391425
186737
240534
70525
115716
111247
236006
267197
190826
35843
138718
193619
151852
236144
138553
14554
110310
180277
145359
95296
230329
151827
92793
180192
157144
95317
35031
153808
193046
188735
118514
117723
153511
136495
32851
112172
253586
192554
193402
144679
181400
154937
93903
138803
258503
195857
247002
96164
123109
155558
5594
235387
96957
419800
36741
76691
42765
236948
230177
260688
190347
256219
153108
37290
153242
130417
92197
261012
54182
99056
245659
290627
253790
122957
237113
245138
49498
98286
90171
125741
192896
164761
47813
188794
126025
182766
166452
98475
419441
193099
291192
409849
127982
8673
38829
193865
180652
189532
142246
70342
132053
154689
118858
260527
236947
187851
259209
255718
280322
142245
258566
262664
238606
250541
173326
98170
247641
262660
196472
192013
119008
260242
144585
148770
257488
137782
98936
239224
145429
170261
165422
238000
243404
253418
160452
238216
160173
38755
251138
237692
251842
417777
7829
9513
49859
54179
173729
146356
186862
94898
246522
236296
139193
34154
187823
14669
161537
252938
411063
155594
230337
147490
258111
120082
33221
236008
180637
38831
432114
236012
138973
93815
415605
253412
418488
131549
430576
131152
230662
247051
190927
191651
291639
33695
122933
24959
93398
187224
11551
138401
195408
252323
4816
12010
186526
7845
109375
121165
416990
124973
195416
145301
166132
141700
409561
99985
260025
183107
246887
173533
258475
180639
136037
172643
5616
30301
416275
188491
54233
165163
245198
111095
183332
124277
253949
142336
94343
148362
264486
257713
153742
247033
91803
193863
93258
190047
260244
169601
126023
44389
33363
190668
45044
291638
98220
11254
159875
430132
430565
260493
159443
126308
253390
412838
248549
163492
192084
32268
147480
251034
246011
236353
96162
290985
422691
248921
43118
156961
261133
138544
161772
290984
186482
147388
422652
230140
126019
64070
125412
247019
136569
247000
185864
426030
48901
243946
111102
260496
114310
99718
290882
255825
188158
70169
162576
35532
418270
174197
126089
117550
148422
248805
421270
173798
90718
99630
434696
11729
187225
99981
237519
230384
91468
185116
150096
193371
759637
193408
152346
246092
180039
8752
158215
163396
181470
137879
92612
31416
195261
111732
248553
249076
37658
172631
153728
280190
191048
191843
90648
195757
143278
174151
416631
26316
161395
157674
128237
8632
113298
186580
180534
167994
192275
19967
98618
155321
241417
191566
291613
423113
257234
238901
429495
127712
410778
194761
235941
241387
161652
13513
45562
252212
90199
884
164999
161019
117621
250619
171823
168427
144982
157836
143961
430574
257470
280419
192353
149033
115749
181520
156154
432121
409743
154680
245868
193134
158217
185236
251599
151854
193113
258259
138692
240665
167999
194500
189201
192351
120557
194158
174295
185195
116134
428060
413825
242113
152784
247234
184072
171110
258952
101277
127952
172164
235989
245732
157035
173620
290860
192364
192277
117658
166111
261401
48332
16131
134214
190495
92249
153727
29904
36662
419753
8751
187731
34084
120572
230037
181668
34825
196328
160155
250655
144981
184075
247329
11784
262973
166642
417101
419208
148779
239298
130782
432214
243948
90002
171566
257441
419796
112293
258840
48576
46310
195397
183231
430697
230179
90721
157863
182338
49857
249320
237585
250278
193503
419065
236066
85236
192451
418994
45264
118601
159651
133343
33186
25067
51737
119417
185476
433267
56199
105150
33477
420226
160647
165896
192955
92393
97552
33436
170775
112040
419806
193228
160092
230254
118470
247872
171589
249068
118522
418015
418862
413390
250863
193970
380356
188546
5539
245807
156577
230181
14708
258115
258060
99298
31417
248562
90702
411065
166989
145835
159444
188364
193969
168855
249423
34182
99185
290128
12049
45268
145083
170150
158228
169559
11996
172762
90007
290751
188708
59891
25980
151561
165451
415602
250866
188047
131884
191284
132222
73680
51488
422653
138699
173889
109417
95697
5567
91225
95052
99996
250800
166134
112389
89932
155368
41719
257840
415487
113153
96501
90055
253787
172703
5152
32369
192004
156962
254451
146778
265024
290387
154936
154991
391181
136386
95378
183632
136354
126207
171482
145251
171136
416605
163884
86501
411863
41028
257933
430133
12510
90319
182769
194752
246957
55485
237963
180988
160318
156991
158198
155622
290281
136224
187289
181045
236627
253485
424342
51418
280418
261575
151853
260198
237361
190178
171539
160925
262325
84425
183588
118404
116405
259735
173188
41073
258476
238988
173176
99719
160064
185604
14764
257688
240014
194335
146146
162123
118776
138693
113152
97779
434449
54877
188623
33304
191535
431357
90132
63918
167581
196183
180591
194482
107086
38958
257379
261573
19144
191117
90894
146769
132422
238882
164005
95127
121998
248658
158863
125747
261057
122738
259270
258516
126070
164404
185233
167030
162760
5569
151696
260269
420420
183034
22460
156124
237461
260239
290122
94952
259622
193107
33694
230227
248261
113302
193624
291573
247526
191049
291563
184586
422396
99073
237960
254003
425122
135181
135030
250798
12170
112057
424822
110080
168104
190346
195153
63897
172089
291590
92223
173200
188737
237139
118191
190044
230415
5531
236624
243598
161644
188147
248056
421960
134032
70231
126189
237282
59920
194764
181125
261856
180578
119290
99621
190615
96933
240012
163565
37820
248840
130099
180034
194498
160436
427784
239718
14564
173329
18511
188165
134645
155576
163397
252696
237202
195826
290829
257378
412776
167669
89841
128165
156309
166918
148717
5644
143273
166791
433456
137484
241873
168595
247240
90716
159294
247583
185612
31501
152594
157784
186272
173062
5526
186051
168053
153726
235937
153345
141883
5204
261223
430616
96235
184973
163461
91078
291110
260922
239223
18544
291283
115567
45665
185108
241843
126344
49832
70219
94422
133333
92211
132000
29894
36711
230441
258737
162727
168117
230224
167039
154416
187068
173822
5973
264712
239630
70936
192452
186659
290280
235285
25066
417704
259410
257407
115568
262663
188640
246502
154142
187801
30304
184232
138802
253198
11796
161350
257464
411800
134648
291460
37463
259071
258469
186566
169934
260525
92391
154373
260925
236046
5305
184976
166058
261569
236286
291149
290117
187802
42725
187404
424715
247011
145299
121195
192356
167115
290983
416813
173535
46285
167032
99926
187066
5557
184231
163773
162577
181301
92300
418499
37529
191335
432906
116657
246498
92215
97070
115991
48698
182924
14761
159263
195993
291126
419209
146790
251855
59808
92921
186213
6048
166836
138625
181696
409539
96193
153505
416986
5748
90711
193031
192340
117417
152343
251942
189199
158223
152252
194616
250284
259772
34144
96496
248139
153672
135340
148715
21930
29687
414536
185371
98882
173663
95401
172682
188796
121149
122831
125977
121049
291132
22968
121154
187998
195400
64443
44461
9443
133280
253768
411476
163698
252697
194065
36357
422397
250212
434658
89844
152795
133347
136301
167973
34797
119444
184084
426870
127044
195484
97927
165417
123490
160115
190535
180665
137893
98022
239564
160011
133764
153909
248545
119338
90714
105140
189364
19131
44470
93214
11050
188420
169449
121250
159851
19743
142167
154778
45248
12709
33035
34773
135072
136279
427393
431972
117882
49858
189807
246357
32604
43008
115746
183636
92102
124889
230945
290003
187882
36936
433818
180662
250867
257385
122302
96568
239627
429497
251886
99188
166232
32565
160945
157905
120970
172801
47508
169877
21932
230548
12809
17712
126065
159712
118553
163774
250486
239305
91170
39022
120663
132220
21941
426552
174526
431512
162225
161319
128422
138191
258692
128532
241849
262082
89977
144838
164431
124525
251135
104648
184235
426759
90200
167642
434620
259951
195193
40805
14618
29767
156010
155560
154396
380389
247091
195260
137967
188456
149085
159103
131604
163280
186483
9177
5519
136671
249100
118624
172651
187887
431823
133312
261235
160505
433232
121145
161396
118416
153421
156579
96939
426543
25064
90321
195394
37654
249813
148769
115523
27605
418743
249049
186667
95817
70230
90988
164407
418436
93727
113228
153895
156381
249807
153723
240763
180541
12634
430604
415248
158843
189006
96498
189847
127856
59769
239360
427183
251941
47921
111474
159292
51587
147293
261860
155602
161399
143040
237578
37514
241011
238112
99262
193133
250710
182951
195172
165777
36774
183033
290005
51814
38628
117429
93771
417501
190808
230699
158209
184696
290285
230432
171595
262592
12814
259139
158106
183116
161398
243922
14696
59762
119383
422618
97970
109171
417687
434079
190385
64218
185052
433182
158227
99110
94344
122387
180865
419736
185539
291353
158769
37660
420154
134513
164006
148753
237674
253853
188161
49253
419739
91484
280849
112390
186989
154060
429178
126075
45591
152218
240247
253952
186233
145344
259976
260695
160008
8822
192409
38959
241413
85037
246967
169455
127152
116515
237193
107576
195405
250623
237192
157907
174613
230188
250279
90719
191570
171534
46314
147228
380483
184082
421620
14797
412045
98431
191848
254068
252949
185286
194404
187339
131579
154756
121966
246501
33032
260777
172017
240166
261719
409615
107089
145707
192358
64219
193362
152479
432204
180174
249425
187555
230414
172696
10697
17803
172701
238319
429169
246218
183788
429811
250620
159155
253783
250280
258529
37478
423306
151890
136300
134207
32278
14667
97674
165932
97937
167997
172715
143989
124043
257382
244010
90512
249104
433311
145346
120130
428532
85245
64069
33168
138774
114313
253320
95528
181509
167040
245306
36773
92536
180680
412042
165772
19622
416922
150367
173768
120109
237495
281750
159445
174446
29746
55739
160753
239593
39033
419529
112987
257405
145303
159170
173184
246227
99105
95129
172646
415596
430927
261221
5251
147205
64067
144746
422744
194769
121153
169341
114314
117663
251505
127968
48347
160720
11915
48339
22972
162357
98947
257527
237324
120937
236866
261572
431186
250626
126215
186664
195865
185849
18578
258990
432200
117199
252128
145645
196181
160876
151732
134170
111081
9934
239151
98027
252372
5288
58460
187323
258368
236262
37570
132223
172648
412390
189500
167704
117894
97998
125409
759691
174527
21928
170912
262715
95914
246097
164372
261718
253776
120974
185846
38861
154914
188124
260136
257167
111084
155731
196419
137786
152867
186973
261622
64444
280320
115719
432041
116352
145822
237115
191134
258549
51441
107084
144225
418861
238948
137569
169936
31940
17709
418096
132520
63902
192348
240749
417514
411756
195991
173230
189206
117522
55476
194506
147738
258567
167740
48238
416921
252677
262351
85030
194763
97505
54178
113354
92913
258554
120145
190469
260687
254059
169984
159583
192990
193410
112462
249097
264721
248237
247390
146103
238046
192596
168707
98469
118368
249071
7839
424151
249160
195970
182421
154517
105982
5554
34900
6045
253395
172698
290014
185247
230535
180687
263092
291105
259343
432201
189894
51791
160373
99548
112397
262195
251589
412493
261864
189207
147823
32611
427639
163488
147188
93626
760018
416908
422395
18224
118190
131079
417951
180669
191431
146375
139258
135186
70800
194618
252276
11636
118007
153351
36929
99442
238550
162759
30963
183032
245557
19766
260004
420475
248169
170464
159728
182952
430976
92195
55477
97936
190747
174633
47445
17193
24889
183870
254214
183812
115742
183223
250184
168706
33401
254293
182531
432215
172277
419068
32603
168469
251488
38869
262419
171547
29916
171111
258109
85010
85038
163441
191430
252999
173730
234591
94011
290626
180577
160029
235859
173534
196221
190820
180642
11643
37125
186884
93826
253951
134084
174171
434514
35822
158764
171591
48173
42971
155394
160061
281315
89934
5647
94421
137481
161146
253998
5546
195396
423639
95459
250841
38763
165449
180173
230747
253001
230782
235857
290896
91082
172694
266645
422380
183464
248075
238374
412840
116671
117884
35916
155295
257173
8379
259348
55479
182147
167640
93821
47537
119552
189891
418183
243411
262933
141317
193176
158766
243822
36710
96958
192991
247527
190055
126069
8622
98214
238153
159165
55115
240107
194642
155464
189374
59907
246402
238877
189909
96456
153411
164624
90703
118785
136790
136838
154481
99965
113006
186776
243406
169231
33388
258515
186660
243497
148367
32272
194159
152220
158221
93825
146779
247193
168426
10624
12706
252933
244305
230214
166796
186564
188369
426380
122852
8610
37652
126072
248559
191653
12808
427957
38990
427684
247638
154757
171112
125976
188098
144130
230110
163419
34197
138847
51340
34499
251716
415603
180816
99620
425442
260022
189120
167996
291108
138808
253387
258903
98470
31511
183087
146105
409596
173480
250840
14555
11650
192729
410838
431389
174644
182304
193150
172707
416988
166873
268018
261576
253376
174188
194339
192793
181238
253487
144325
33356
185401
113735
165897
120106
186596
281066
186661
252934
192210
252940
254472
37571
417425
247582
193931
193404
95916
291266
433384
259068
19965
32336
193486
5533
257330
259186
51397
90005
194389
117957
163769
187338
138133
144852
33364
180458
240092
236014
140200
196475
161002
19740
418532
115813
99186
55695
230781
38850
185096
70251
417038
66931
32612
63901
76690
146597
259957
48902
37692
160097
258517
182044
181206
124232
33442
12810
70218
252327
85028
5749
99478
162223
428541
4659
157284
115520
239558
230116
259353
17666
8820
428095
33426
169535
101871
195971
11785
138935
165703
165839
5252
290363
138092
251658
194979
422572
152348
166794
132785
163755
38214
8753
252166
183331
125917
170263
155906
106938
144978
99053
90987
164641
11654
759364
11916
45946
154385
143276
162361
421130
411000
182041
37721
162354
759445
258712
262058
155743
135827
145285
33478
243657
147725
253479
161670
38964
195047
181511
64208
54597
194377
113917
195267
54741
428778
194248
432040
422083
192176
195914
138816
131885
190691
91823
260778
166653
417701
249817
168859
164374
424921
424636
127960
186434
145312
155032
252996
34988
172092
419741
168099
185393
195168
236070
32671
55649
182079
167668
28431
254302
155387
153251
55483
172630
429034
258598
194382
43083
48756
261897
189300
416204
90666
136505
70083
183820
31438
403512
117859
190224
247242
181655
148764
241371
96137
291282
427597
118871
248177
257873
193173
140984
185931
172689
133346
107090
189349
267276
134312
66935
145183
161561
184588
166677
417739
155742
380386
187670
166655
188878
185107
119334
5530
130101
259241
147347
36937
145304
94779
134083
99982
5563
154454
254201
195828
156426
259607
117812
11637
260147
412779
237201
183500
126085
138684
420370
34754
257745
258110
149087
118841
111097
137410
426551
38853
64590
189014
122295
120554
183017
185591
163440
186779
237946
134256
93588
145838
18580
135824
186484
413854
99306
291030
418208
51909
261769
187926
186712
157369
259340
419747
187345
19353
230036
165452
113108
191133
47538
38203
147825
11921
8378
189043
167578
183301
89936
261711
433308
126078
117195
253389
118537
115196
188790
48879
430978
91901
180151
14784
137858
180647
196284
5521
113005
95603
91085
164449
126263
155593
192226
413086
34992
147381
193511
104645
172308
29906
173976
38201
238898
149279
427095
148420
121753
192808
136222
432113
188297
11052
150092
22459
64147
421826
187680
161342
183022
760317
258738
132255
182694
118318
137413
193175
247239
246054
196120
262788
236332
417682
29618
64065
235186
149148
150097
181228
181231
155864
251602
8821
181240
252027
39007
33404
246219
162287
148758
163484
99445
64167
81437
111131
14955
51471
230345
94951
45277
190061
409865
195345
130388
90018
185245
242037
38873
141316
248050
162958
126309
29913
138558
130643
135345
156583
173751
257769
258065
136566
98796
195123
128052
241010
248181
181849
291286
17097
186598
144832
238907
164229
195264
125590
246968
90318
419492
380509
230463
47490
98039
138215
18516
191327
143985
230174
170168
125986
142223
230416
187064
241337
42155
260768
244249
94891
8620
90317
245173
254057
160866
422718
151768
235854
281759
195048
258376
432537
89942
123598
156065
237290
124370
153240
188959
92224
759799
259860
259169
11917
419212
172616
192909
430973
134958
416601
261571
64071
159239
157418
163439
253478
91690
96558
195823
147211
90506
290747
98547
145306
98494
138685
258723
257331
8573
152456
164365
33402
181153
11800
174289
158218
153060
94307
34086
189016
51815
246824
180029
142337
243725
21936
137234
107097
5574
411442
193526
248167
154480
413697
260026
250910
431964
264189
186052
264138
266258
246528
161339
14789
33323
759449
37482
247303
417519
238004
54214
194243
124235
262228
184073
432569
156992
63896
125995
187263
46978
36770
36679
89294
4680
117787
183920
431352
86019
172298
413339
188472
166227
418456
98950
413539
186605
172654
93476
248571
126211
147427
120081
142743
264523
258565
253377
156409
261565
156993
113734
115717
181314
186306
170670
189123
89906
149086
124243
254212
253695
236004
237145
186967
195862
5548
168734
185114
92553
159152
237065
260606
180743
230349
194648
117201
6521
259049
246311
189166
427140
161432
91079
153686
7941
19739
153405
155636
181841
159425
173812
248624
193633
258619
155603
115750
258936
160194
128410
64446
254166
170465
238886
412508
253365
172829
246094
142497
29587
149168
249826
48876
144071
248171
96530
194966
31411
111840
428533
253318
254013
29681
194745
159157
159600
257766
46128
257882
195070
98183
99511
98140
156407
240711
164378
131580
51911
36944
172282
153721
97501
32271
42103
173592
4682
165701
433307
51404
170946
99912
123149
152261
158839
183219
112294
138923
29664
141683
263022
291260
146063
186668
159159
132718
135905
240573
126212
281375
118724
171537
105484
261136
253029
241365
96125
153224
19678
182693
412778
37474
34294
195256
142499
237808
145347
8667
125152
145377
12474
152207
248929
419048
54227
258557
98985
421289
239048
186447
180670
26932
250797
45554
240094
116234
243382
152213
194785
11786
237805
158157
33400
430364
266646
244279
265179
280736
91049
144314
89943
98880
33305
248891
180739
248183
112498
128295
18587
11641
186050
250836
239711
251506
153528
55742
187999
144104
89948
260134
121690
24964
154249
99164
144663
260100
32700
145362
51733
257043
51496
155619
189018
34166
249110
70620
415885
248884
427686
8727
94992
14928
257381
262261
182423
151693
174609
409623
291561
290622
165898
93959
180746
47293
411307
118846
144093
34137
12818
230591
147393
45042
159673
156534
148755
133965
153225
409846
84194
235711
257528
54224
262196
122959
230350
180363
180738
248230
230102
160154
33244
12009
174536
43119
421824
186278
281754
412159
157669
98898
12820
241789
76687
171109
117424
42202
430246
426859
419210
151621
93439
252698
5646
153688
173967
91518
122739
187202
246408
195152
413500
8625
160448
195399
157367
19512
91900
182529
153746
416914
164954
49861
432202
425260
112535
155388
415225
58917
189220
22992
38202
194740
182976
86005
421563
43858
182071
236387
92396
192362
139000
424154
98569
184585
249064
110317
263521
10623
189907
143361
126092
172735
35874
55660
134372
195269
431966
230460
55456
425779
160161
259734
38961
131358
152464
241869
63917
192807
190926
93047
70256
183733
154384
54228
172382
11913
189846
259663
193680
47288
418689
99722
14813
96937
237378
249815
230380
266272
247721
33165
29877
230691
247581
38751
241241
147485
153873
241392
91572
154467
35808
156067
138513
195154
138561
240198
125916
184200
241390
181480
173060
98162
261400
146114
39198
180533
188703
261494
173095
253936
243929
423854
111968
193507
116003
155601
157561
173231
247724
10672
111094
147356
155666
9178
263094
183106
94901
145190
259947
188292
165413
416714
44434
144830
117753
115220
162645
98188
97676
149132
89944
144319
166892
421628
99061
124244
117721
239448
124886
109012
237176
156469
91691
252422
186726
194520
127488
163741
34188
196471
131886
189209
257874
189044
192577
194741
29762
409537
64151
152214
426760
163415
17320
134647
258103
257310
5333
146064
158195
261139
172889
5610
252084
147675
12819
247530
8677
416920
152215
249050
8897
146598
262653
195189
182922
253319
180691
118850
416886
230700
418726
236331
253675
98953
237408
429192
253101
291575
32499
148697
128292
431392
22453
154939
98984
246738
94961
194756
160062
165774
66907
148756
145283
92547
153228
247392
29700
119263
161855
195265
254261
180666
125908
241393
95876
136280
194668
430975
17634
431353
99909
248796
267278
165776
47488
193509
91037
118617
230351
119362
154087
249129
26113
33183
409758
14610
192011
291324
101872
427233
156994
11790
184598
427670
883
34822
260700
35531
416996
134882
151639
70258
111971
156420
184265
45269
49604
174015
90663
193434
91708
19637
245495
172091
409605
183665
19198
180668
144476
160645
434090
172692
107094
146065
190536
26112
167156
259035
194738
418567
172183
161423
113890
239432
172629
125396
190769
133132
291313
196530
230013
98219
11652
34411
189945
250091
262672
249991
261098
267741
185477
259608
259800
5250
98935
253993
119325
11794
180946
131629
192035
133111
247018
194815
159699
167250
258736
181839
243366
280997
158185
261857
245655
171715
195271
159448
230379
119418
115810
409647
42766
152807
230537
172082
420476
237809
51790
157339
260686
168100
113357
173330
193681
34120
419439
163885
169469
259436
150394
254049
186713
36666
145149
260565
126310
188643
152251
166922
132732
193524
44412
250534
136488
188358
239281
8847
250724
11730
7394
192981
248114
244194
192359
193360
260504
193329
188912
414342
95623
97502
237110
94420
34885
149165
433907
252619
144461
411554
153714
93026
260511
246221
107098
243416
260689
240199
190057
248546
132538
267195
48266
183330
97906
241563
17347
230634
39066
173819
145890
194418
121147
246055
12007
237713
258935
119277
257333
97944
29758
99051
416132
122198
120080
107006
155874
248547
290457
193510
93985
173204
46819
45587
290989
280374
185907
417962
183221
29914
172303
117585
417781
420823
136048
194802
64211
248887
261606
134646
168139
193100
190750
189898
144656
184315
237409
45051
417691
257146
143994
136504
146133
119268
125978
180924
148200
188791
160036
239299
15656
189783
43116
237277
150237
98025
416463
230549
117202
90717
90064
119326
247267
250166
141711
106937
47650
35849
258552
32273
252939
186882
168255
146922
111085
249720
145955
236625
181315
172014
261604
98504
243405
91704
194767
124233
97777
185102
710036
51732
259075
165704
32232
257042
249998
163850
252428
138805
151748
121103
194322
184313
165423
240668
434092
164616
261021
183114
153971
185189
105976
94874
58933
262621
47543
98783
184954
193527
429179
185111
110309
98664
380344
259032
188102
42964
165719
391131
55734
92392
291142
252627
290006
126217
119554
172036
97620
128186
253062
70214
249082
95915
130387
187343
118741
417700
190689
70259
420444
134602
144796
421483
132339
239359
185235
258718
253486
290632
95609
409903
261716
156119
230175
98878
147497
759423
160863
189951
422654
119344
32873
262655
186595
127061
57988
159920
182465
192957
99533
254061
7789
252274
248401
235184
19134
47411
111347
157139
247049
93964
253386
97410
146141
159247
421950
290999
190435
156341
156984
73677
115718
193411
55663
430821
195158
252075
167685
29771
248272
55728
167031
172637
95494
37530
261867
138804
410814
29683
161758
145275
121991
11517
290872
155598
409566
245606
130344
12092
423131
194757
59214
415789
155779
122037
253422
413495
185391
120129
116531
290126
117878
250252
193484
113474
432205
181679
114311
244241
33169
19758
152452
194750
122264
419162
152488
259799
45040
173588
64213
156091
116076
171113
421272
98886
111104
35915
194519
180119
251023
237676
258477
428744
187283
190330
5650
54552
169863
153501
122036
156357
237403
29770
189908
99980
143770
38772
262661
189202
156535
170568
418457
164640
70216
92973
196117
55732
253248
249079
196176
429907
417539
247396
181701
185248
189369
161576
432252
147296
47542
262244
153897
131828
194499
415249
245090
99048
37477
121054
420224
167684
418272
117416
117192
257390
128228
182328
259969
64203
98462
32599
121226
180641
193745
101870
51289
92390
252700
195821
121951
154250
117813
109419
41782
188444
172095
426405
426169
51880
190468
261684
245565
245029
145291
137477
188792
195988
161987
418257
98502
160165
418688
153463
195156
19738
188293
420509
138818
113106
138975
152662
36744
29665
50225
145305
161346
90651
180975
413809
184201
246213
237889
239054
172632
264192
182933
431390
55482
96931
120144
38748
95398
236067
190928
128244
237847
117183
173049
422340
248608
190825
192887
99628
47588
97015
63924
249810
123359
255849
230213
139311
124246
151528
118857
412003
262998
259005
171491
55699
184448
193504
187094
234595
118627
7220
157676
34799
710067
93547
195404
125744
140987
144475
421011
260923
182970
181216
185927
95687
42322
85031
99047
151610
255576
120939
885
126266
258938
135826
291630
158247
193391
194753
38827
248740
247327
163271
185198
180810
250653
426338
99291
49598
238804
95402
430699
133765
32269
243923
186729
166651
93762
183105
96171
167009
11634
159291
181744
244077
95395
257159
195045
97778
169842
247458
55223
116269
416420
181524
170292
153874
136388
257838
191330
38732
155667
230413
99290
409840
252962
162355
46851
36354
190046
110042
99563
230464
162159
260924
173183
260631
180863
93535
236263
192946
63892
262840
191118
57895
124996
45262
90618
152880
250842
60458
14801
169935
120553
267200
166650
163976
111970
192278
37546
153244
42128
170867
121819
118828
247294
47614
123152
11511
759798
127043
433247
84219
759797
16089
186454
263093
423177
186735
148496
96111
156528
243414
159854
429631
188754
43095
261357
258711
164983
125408
189205
154664
45739
188407
126193
43081
194515
432203
235800
173057
423660
160037
149084
244300
184369
260530
247873
98098
59655
181226
252465
112165
51598
247050
145288
251478
98951
117191
162352
119365
155230
164667
154388
153744
148788
235806
112292
146771
291141
161353
250163
16078
416917
416679
121097
244027
247241
122931
411280
121150
38830
403513
159395
132722
280417
185372
11659
6639
230593
42970
280513
183590
11265
253193
121776
101696
122960
145865
186481
64068
91241
193432
252088
248555
155605
429967
291102
235743
239416
159424
164955
421959
244046
259775
424583
261858
120346
247525
31802
163880
236758
186806
247389
261764
128051
117879
167606
166286
413734
237087
243644
126067
143988
190724
239664
70350
163470
5560
160038
236013
421066
181401
184758
154455
260427
172511
162400
11261
168144
70240
31407
171749
172515
133344
47591
156310
422394
155370
45986
238996
194385
5549
9176
258615
243661
238891
154459
147938
416443
248574
118807
244299
161018
116083
134167
136498
247408
157780
432208
29920
237326
421179
258174
433238
415337
193168
151494
247580
153975
161422
248659
245716
257746
230778
5565
117412
257264
189923
172661
11798
159045
94282
290958
245011
237410
138800
172718
189520
257163
45676
291483
235756
157750
434089
158212
94314
237175
258236
140546
21938
415890
18513
291287
262764
146770
238913
17713
160391
99054
19720
162953
134671
247021
90372
257041
248628
247543
252043
425958
418659
184564
147499
184952
195268
19623
420847
189114
261624
153745
11081
419211
248115
17714
148918
186209
105728
426863
152264
195992
258808
190434
192322
11550
91286
31760
260051
184340
169548
248150
131827
123220
138132
162145
185369
164471
173791
126049
131349
413034
143872
250838
416405
230223
230045
32834
251651
17711
195845
187287
172709
163416
236266
170148
185144
230244
193092
55871
154526
172297
427197
159163
257221
258299
173590
156616
122936
230216
12051
239058
142166
99458
290808
165420
174545
144507
167144
137412
184589
191558
29766
150809
409832
245121
195829
165667
34442
260721
391280
138698
157315
25442
290376
120010
164231
89935
137968
418600
122197
250283
249081
133373
238999
42767
113914
76104
93255
165455
153715
163731
143274
160446
125608
162351
45053
161338
32354
163883
117719
252362
167892
125988
63888
94780
145082
39036
168343
145220
291160
184131
425545
99085
165415
258101
160703
237001
189903
140082
261771
93112
248548
185501
29910
425444
156423
33177
426373
191332
189797
143928
230539
424343
80951
165061
261706
96569
432553
259001
258272
415735
243542
192318
123491
95917
125260
184316
172680
235896
181657
144673
55224
188445
117661
260133
143810
263097
137411
17488
48242
114309
185354
122038
253197
236072
196332
9175
291116
116663
433217
120578
138194
421478
160467
249818
91706
113002
190225
21929
37584
174555
142498
418258
417515
51667
249078
12958
193622
257744
421477
425842
119219
181213
148766
163744
169699
11841
182528
247026
263102
230363
157783
156153
5651
64445
124900
193682
14666
416915
152209
411238
249094
235804
182923
114312
194240
143413
45045
425681
173796
245540
98599
426167
192797
155620
195346
126099
93901
190431
155606
428098
195243
125979
8399
243864
190644
240666
113301
161424
257256
189799
95999
258450
162365
183617
173682
238806
249080
185218
246958
194462
42208
186535
262410
433241
168888
57271
145309
432680
159154
163745
134964
153461
173816
193177
138978
191047
262624
263100
180745
17243
156366
47617
145290
34127
22983
186541
145866
240038
170159
415064
51427
183770
257630
7811
159167
160163
180941
259383
154064
191468
136200
261533
266257
166226
196238
21939
17731
164548
36743
429191
97068
417452
194421
117418
54234
121323
146780
161421
257525
91130
138712
168114
291602
158768
416715
433268
245294
153687
190480
136351
172305
259770
186496
172299
244302
188984
417685
45263
242122
261319
262659
145715
391189
238688
134310
45945
258735
432904
150233
162395
419807
172681
230779
248236
235900
290318
121055
412561
419613
253765
191109
46126
160387
118618
14727
260521
155741
193864
160034
136565
253780
159870
38159
291459
195196
99187
158196
57768
230404
137132
96772
253947
263768
159630
161028
12095
128080
163460
190474
180027
125746
36771
29915
151467
54235
414355
148700
291284
37493
259344
93475
167116
115219
147083
257214
96746
139064
4691
258809
172094
70168
5982
196335
170748
184273
99915
64146
21933
162143
163306
8336
156115
250367
122304
238304
111099
118016
431008
193534
55480
186662
237887
164216
257160
160392
172649
162165
122958
55738
259768
195150
181912
160007
183614
244186
189115
230569
189889
247667
257389
123791
241362
237543
126054
191045
120100
188441
97087
255641
51264
159646
246214
260776
11042
166507
155858
187852
182424
95301
230044
113922
54222
419611
423424
239290
191322
126190
259165
154933
165038
187067
185589
183700
159645
431968
423773
116882
290383
237142
291026
253237
101866
149161
162575
168654
251026
171678
186494
192784
156184
430603
410925
240245
98221
426375
91080
168423
188295
46830
259789
144135
267199
145222
428429
97403
195180
136489
230560
125324
195860
251657
91239
48897
249002
97476
123856
166231
73683
121968
130633
27141
27606
191561
134598
259912
45742
138700
162350
161877
172078
267274
196326
243643
147316
98782
237576
118390
183750
429405
5585
160150
36714
157054
9979
260633
160928
262500
426865
259381
245033
104669
419226
230358
253773
147484
195824
121104
131848
230251
161574
186956
182666
254177
253208
120585
391183
173201
32193
417676
236002
181743
238772
94757
190837
291300
150808
106936
260984
186145
11788
158584
36680
36696
173342
186959
91549
249723
419334
134082
37693
235858
264759
156353
156963
192363
195745
422859
422288
143869
413496
161503
161808
239579
90131
28414
260240
138129
93973
172097
257398
411276
94760
128180
187479
174149
32840
238864
145282
173452
253948
236073
186171
133283
93421
19848
98960
154686
5269
156136
158567
163493
248014
19530
238908
19759
196182
413984
35853
239712
181219
94960
159161
132219
188837
158373
144664
97514
194224
155303
230255
417540
56244
423254
423920
415027
29903
417517
97992
34175
243724
124119
240477
5618
162731
12639
248353
101819
37484
167742
37657
145345
144661
93630
262679
182422
290953
133284
138974
174298
97056
195166
121225
136347
98669
118849
186250
236083
426726
259242
173789
162891
236864
181683
17802
99340
193502
165664
425845
172367
153740
244163
146033
189111
18517
111385
171590
109559
185901
95413
191847
190745
164228
119385
262098
416912
172013
188095
134961
185541
151705
121721
70659
183011
713
259805
161459
245111
194759
195976
243377
141315
141885
5535
70888
184162
432434
250795
132253
257634
431382
238817
93899
19744
430602
189921
148773
428908
151447
174409
156015
134522
252935
194387
417693
414363
245030
188303
157677
141313
289994
182830
167738
34895
147291
113167
249342
152210
173185
291520
169862
29893
120973
34984
98949
35929
90436
187222
138548
258656
258146
91839
145307
152038
419228
257155
138636
136041
251565
172678
259762
257048
165421
95321
240015
124245
119380
259168
43084
97782
235990
163926
45622
96943
156983
54706
429878
182252
95654
48898
254069
196425
34841
190834
182039
239584
182184
117548
259345
245307
171000
188798
192207
7391
189125
99368
261567
417690
91875
183769
190727
150238
291104
196112
254295
187875
279579
93986
160041
117432
184343
193454
70076
128239
196218
249419
149149
184217
169461
41725
164582
164169
759450
156489
159420
431555
194390
169413
245364
17667
187278
163939
424184
247010
159166
186860
182076
93902
122961
380390
189237
122371
155216
195591
172024
155443
101765
155229
189058
422540
759643
424155
192019
101279
193165
118179
264710
239583
192175
45054
263062
417384
172056
145298
154391
260775
95496
248132
417046
170291
185368
159694
247027
11657
114038
239231
94759
59614
429307
116091
429406
257156
93392
421273
118619
90484
291127
144667
427181
183811
241423
85036
171471
92922
184933
126156
93636
63889
14802
64080
29901
230344
250832
161027
238564
163438
253011
32008
290978
238220
409808
48231
153900
117883
391475
417455
190954
409710
96195
760465
163192
94998
37821
156536
92768
47428
244142
194138
143812
257164
418045
42113
160927
237612
230375
141581
184446
173059
172693
118010
230132
14615
54232
138391
11053
167702
55713
248632
261709
165778
172659
152263
260490
99623
237297
416743
91528
8754
38750
252228
195344
192017
99052
193166
160019
192323
249177
92974
170295
34328
167157
250182
190175
170690
423444
246741
263108
418490
264711
93116
124238
245608
134380
151948
237967
238217
70170
185106
119266
759651
77259
95608
266688
117785
148754
417048
415196
144599
238889
184198
126305
290993
166241
120020
249300
35914
186181
191844
94504
157560
194501
121224
148718
245937
433625
165036
173606
91240
429734
163389
429880
21937
93252
188090
230405
253784
422849
153973
5648
251068
155827
14671
267271
259667
147389
33469
253265
14811
195851
38155
247585
89964
252086
147911
186307
248720
183091
18747
117523
247237
429181
259709
155993
29712
153210
144508
90650
255640
126036
158219
246266
290116
14728
194432
127738
418095
411923
93961
264503
230118
90521
54226
155587
156008
180927
169536
134308
98739
237857
260507
247397
281083
188706
418993
195995
427051
425694
192725
153718
115721
196216
258597
171531
186593
262348
128348
291577
45561
37694
155279
5544
93987
180040
260487
421482
44441
195192
125326
414081
416924
252278
262262
419625
127953
174013
153230
113337
97898
194245
417941
196333
5538
183634
145300
133287
155336
291270
167267
127713
5602
409480
193560
18577
46331
17486
38860
243319
183043
127979
48883
248621
98954
125981
182020
409929
117608
196236
173605
259116
430696
183859
171404
420934
180692
184086
186597
187223
119333
258273
154932
160281
185933
132424
70077
253775
196220
159659
25859
237140
5670
187413
84124
262366
191146
421931
118125
424861
280996
230327
188447
182532
249086
5547
161400
252013
230354
241870
180685
187476
248622
421880
420139
261687
96954
181659
117795
196474
195435
94999
262365
427050
195398
94454
259283
90324
182425
183827
253919
244204
424863
99758
144804
90720
186711
93490
98497
45747
90841
122292
171119
59767
48899
185239
147212
148498
171732
91168
171485
247244
186666
96140
38733
49090
123078
92226
182908
247395
191697
5966
97028
244011
11090
280760
32835
38857
47487
167318
169989
281455
185590
185403
428097
257839
183635
391088
154891
148905
241657
70537
391184
194735
173198
139297
161560
138937
252931
241658
152257
196286
123348
95314
290027
153725
423107
17789
38966
186665
184730
124614
159171
194424
32605
247868
36772
48361
192352
411862
254058
4663
172284
133372
14668
96574
252011
157533
151535
421274
136198
122000
37691
152559
123330
160447
168467
189887
192228
144680
414179
290628
46849
174148
186251
134496
195977
237411
19193
56170
183730
173190
133890
51807
11651
230361
250820
415195
173109
70521
169988
161645
418130
254301
259413
254215
250908
159663
236003
145265
253196
154062
262587
152796
195825
70534
92213
248790
92795
190101
51710
247528
5962
94519
163390
415293
6065
252012
418657
153724
6049
173858
434188
158104
126221
70348
262936
9103
419801
126076
117197
239152
116222
126091
157835
253785
34129
119339
174632
419774
172679
416710
152396
150803
230419
141222
428177
190490
99045
180646
267270
161656
259783
193124
51813
189967
188793
14799
131346
413498
258556
147686
32364
250277
153972
161648
36682
187422
98617
99043
95900
119328
92910
230316
185196
180658
128182
248735
32266
257311
257465
96163
261134
167998
120556
5968
76692
99710
172662
420481
194139
260501
247022
257383
127544
252565
249424
140988
39065
260195
257770
49124
258895
254308
140254
103771
44380
160045
429512
258739
181233
188370
429761
172083
107543
263107
94390
118719
191111
128347
421548
139049
101867
248808
142198
126174
192008
194737
185397
95820
126304
241409
260514
36712
173826
31927
244674
70082
168257
195975
126090
261689
160967
7788
259742
186139
417456
163278
145308
155215
248676
188752
424862
230701
192989
63919
173068
138689
107222
194422
230280
96976
127751
182431
415944
230314
186179
154915
246397
118550
134374
115522
180949
230014
409994
180982
168633
142742
39023
13667
48362
97776
180134
412375
258551
174138
185137
107599
147658
151830
188099
99984
161827
90447
196330
163197
409850
163387
240568
126016
70215
34001
254072
164697
35938
25895
149083
113358
249169
97905
192588
185928
239282
31510
185617
19634
117549
85062
159289
255853
260472
185100
193891
247016
180655
264191
142639
13510
185205
420480
186182
5524
131611
414357
128016
189015
64416
251847
109793
96319
187615
391173
122935
264477
55475
193358
137103
427115
97551
257829
116077
96172
95403
84223
190833
174642
132421
186525
237968
37462
97386
156106
187727
254044
139060
430556
235712
426382
430630
11914
95315
411553
33444
189870
172652
418455
187673
244108
433313
94890
193043
125405
162227
119159
428028
19284
186592
432978
118520
246488
257396
126318
22465
12848
259167
118015
172671
161852
59768
291106
230121
125965
186540
91784
257871
240007
194374
117701
119170
409854
145302
417215
194344
237819
290456
109416
56233
22269
248563
7396
125410
155907
152798
91339
22455
260928
36950
149277
230587
433244
699
7776
421716
186169
194338
248185
180673
258555
22990
246999
7846
191849
291325
119243
155649
185240
118414
8692
230120
115364
95930
195124
169983
423519
138780
13512
415567
142730
237730
133286
94959
185359
195807
255446
195239
119267
125967
184932
131529
162403
117204
262367
160027
116407
247332
258518
131345
416923
155668
261778
187221
190726
167120
252326
167920
230346
5558
429224
159853
150239
192783
91819
144744
259708
192630
183351
172096
172076
258062
148742
245806
33422
43832
163677
259203
185112
91278
9143
192523
427049
143700
194972
258852
59197
167639
238691
55070
138813
119320
194336
117648
120576
159615
167906
162937
32212
101283
194768
56231
138812
117887
169380
165179
186708
253356
243384
112007
151828
424888
117411
416124
258102
181154
250276
97472
191328
189794
55228
419839
241481
4835
186562
195122
195151
167317
184597
236867
38999
185929
249158
29708
32836
5617
96765
256319
136271
429416
138089
240929
164982
172691
98095
152460
125336
144406
248189
237693
153467
261416
253238
147259
190590
290004
174152
47821
239056
248473
17800
239396
55442
189912
172210
163668
196473
160126
238880
159265
185867
163392
37461
259798
92478
155595
90384
426371
186809
238876
259424
261945
168095
403366
180926
238878
38716
246972
115753
189930
246729
138591
245085
238881
236007
255459
152253
432611
107036
238562
37512
181569
252360
134080
123158
120089
111348
11919
245000
258901
117534
190327
432207
5620
260608
155018
409993
187285
188620
157317
195668
134495
97012
180858
421246
33476
252537
142562
142496
192227
18581
153424
195237
195159
22436
413298
127511
246225
261574
52076
188166
249066
145867
109389
32221
5590
415228
249426
412144
5540
126080
99263
98890
181046
94924
172704
291510
151558
258720
243500
98024
154411
145272
154150
8849
29673
116135
430979
261935
4796
157145
415518
11920
258057
182770
259748
160090
93448
237862
167504
195486
37543
42972
51693
257285
164699
135070
6003
247265
97613
257375
194334
118092
154463
13417
187429
161323
291285
426860
31777
259763
192032
249003
290260
429314
33355
159431
146505
127068
433136
63893
172712
145189
251516
415707
168919
142807
130916
173169
90724
189892
124276
161428
115736
246740
153422
183115
246183
181654
97938
194343
759690
173048
165901
143476
238887
126260
253194
133375
137977
121534
46103
99459
166923
237583
409853
112264
85064
167177
7393
51685
141035
145868
172079
167995
230376
188802
156464
153386
111841
11555
426096
152886
195407
194744
188648
426098
182768
239119
291264
157416
189927
142247
122306
21790
422264
258467
169026
109553
188368
156384
137483
173672
193569
174147
117560
239221
262078
246575
431971
29987
121517
759459
96000
258710
245497
257174
252391
189965
116221
192581
290032
165803
280304
152462
174139
419528
239801
413391
238723
290629
423638
114003
156308
168137
90668
149051
119363
160039
183226
93886
250911
171120
93587
169042
180814
22988
99129
421555
110590
414558
153872
124890
115745
239184
172695
417382
169035
97940
157484
21475
426340
93401
194420
193668
184266
145843
191136
184166
240958
32236
5306
157906
247520
138815
112534
249816
19178
433079
104312
172307
106924
170784
136394
409465
35856
54594
17637
280547
236009
251590
191324
156408
163862
237962
411860
173815
133437
162007
123587
238367
244025
194161
252791
411204
186477
291140
95830
417940
98097
428738
122297
190000
5580
142007
38963
157891
156593
190432
235838
250357
4661
238382
257486
241404
291280
95559
153465
171587
261251
145434
168424
247394
95913
413823
98506
238340
37542
58470
417694
253786
241388
416531
190177
165683
262654
99987
418736
290421
149088
47592
433077
193789
419610
123154
191562
185472
414264
152250
95616
710030
173828
247502
194967
188836
161853
138848
37699
25058
245687
128229
431022
159104
45947
9145
257687
187995
194345
51821
412842
264522
98976
432353
192885
254284
171474
245356
38156
119384
260508
174322
172090
156617
93816
153527
291146
261942
167041
290477
261861
48174
236330
262999
262095
166790
193950
251826
425767
290990
144794
195531
186582
243616
135187
432538
162367
247524
95430
164834
153976
156533
126205
98975
240328
29911
248890
156016
22456
131487
19998
158222
186594
126073
173855
237558
192315
145321
167972
290981
260182
243380
261870
240748
160889
243410
237582
117877
156017
6025
118554
291258
421552
47541
173328
137567
250837
260505
245747
90446
117384
146122
159658
147292
258951
418016
258614
4662
126027
188357
32745
168708
8900
247797
19632
98496
155226
191408
185284
237407
192155
127995
115731
5586
241424
195822
38753
126098
38841
183768
253567
159714
184765
416987
99983
36694
414602
252936
70900
249090
5338
192781
152219
120119
710062
14684
260531
159233
243789
240954
155228
8377
19745
253378
118852
84183
160648
421902
237947
167046
258740
243407
101256
247093
126066
259364
119204
51620
186663
5961
29588
91838
149005
194388
250834
280735
149147
238874
239240
6060
160014
252363
147394
142740
257394
144672
19275
162366
425440
121999
190043
247722
290944
422573
194594
257406
148699
410992
149134
183031
99913
280999
261495
186710
249021
261020
95072
163909
259349
32233
172711
156982
94900
157610
144677
155740
172683
260510
32234
161669
258904
156064
119313
2994
97633
125411
188322
380388
253364
17778
33033
185136
126316
36970
55481
422548
84188
156576
184330
249073
259766
187822
247544
190104
257391
249105
165899
426550
149263
155719
291458
104657
136568
147390
411803
258378
194225
51738
122045
259773
169078
182647
97943
255578
95956
90649
128421
249075
422796
141881
182767
42356
161359
164481
172717
117193
110081
163276
169343
433517
154890
194061
239446
430187
5543
153259
186969
143990
143773
253321
192211
143291
174556
194419
230173
163282
98285
257529
262117
420846
417047
172650
33414
48333
261566
147726
38854
247301
143653
156331
167584
245689
414559
153867
168258
150463
152563
174135
137619
107082
146062
162658
14760
119327
262657
237579
290127
186479
12849
99300
32874
147425
118603
180676
759444
423772
32833
155916
150807
254296
151706
35601
160060
22938
19355
416868
91837
155122
257730
147727
185209
89905
181151
195987
92548
153054
148358
138683
137733
146104
55730
160434
133436
31803
55740
248260
260860
264729
191757
185326
432333
420114
236045
235801
94926
30302
157397
127661
191556
63921
260135
95068
151548
188094
236863
169558
143887
171483
123148
188800
125337
154316
412047
29768
180840
190492
54681
85066
180942
238219
34836
152260
247393
126071
191333
94518
159450
142385
194751
98885
280390
153738
154790
434093
109418
93363
259201
59764
172668
251692
173788
238906
122044
164455
188372
127494
98505
432257
70592
181521
150802
168052
257724
25857
193016
55714
239049
33688
192159
121970
247545
247531
261766
22957
241475
419421
192816
245811
257866
192015
124461
194803
118388
291111
409511
93690
188880
8700
126312
97939
417251
238905
258175
259354
51811
239445
239629
89946
188621
24936
182042
113001
186180
37492
255842
93844
46286
238888
125799
163277
422719
24268
90728
45041
127951
117717
180157
93393
188488
39016
98934
254046
260516
195247
166924
164370
240775
91076
194378
171498
136043
168101
140986
186269
417502
188126
249825
243615
238761
161876
51389
411481
37508
193355
246981
127153
97095
291433
161352
11655
290462
55831
55741
112037
417829
131550
90518
12813
153056
132254
235901
112381
188093
130791
117190
173820
154058
163393
380226
267196
163775
193114
155822
238725
249089
37506
413530
247723
191677
159149
248262
261274
171535
245275
84239
143275
185109
32315
252421
409856
239663
245835
192558
19831
120092
118875
258838
230585
36715
409604
96059
151826
259392
230250
99617
263033
424011
250763
190828
237377
235939
141254
380482
159286
155712
91287
247799
267962
17727
11633
138972
133133
59696
188163
157871
153229
180677
259249
155586
189008
251483
170198
125582
195438
153223
39062
99444
97388
63900
141223
237854
413251
96166
241871
237163
35159
259238
419070
253367
107419
185474
159602
183467
96315
182434
119572
118222
246000
156529
138726
281753
33353
416993
423582
171029
237164
195245
136574
182402
146190
152455
194925
421903
138930
127510
37586
254024
160389
421131
167905
156585
190329
76706
96497
115521
254407
415957
248097
125368
431581
154386
168443
90448
250658
169725
118536
192339
430974
190053
168098
251939
253778
19970
14778
191019
93348
192361
136935
409932
161905
8669
11048
31478
195534
144853
93908
421291
187069
243645
59215
759800
417372
421209
12006
73671
35528
121052
172571
191469
160999
111100
410999
8621
161258
125400
247190
424887
194223
159423
7833
249091
181230
280793
152216
133135
11731
280622
52072
409578
132013
39061
91519
107216
12627
192208
29936
98894
63903
191652
184161
156960
250833
91465
433338
291029
418908
162224
89947
196531
18413
45743
249988
194342
159647
35026
119083
244196
426031
127002
182464
252633
151845
425661
143771
127852
149160
193997
169846
252965
415223
245196
154775
94873
257743
147067
92334
117184
425726
194743
194403
62705
196327
118237
152208
246503
147659
54614
261019
170949
261218
156490
51893
193746
173531
249996
167577
237162
291633
255804
150240
261570
180741
117662
169023
429520
248277
147080
152785
49093
113924
411483
152887
257884
266878
145293
236260
168442
48882
29900
97904
95639
156011
159189
259788
193625
125669
147231
182066
162647
248629
43117
418176
81950
99723
133316
141221
157670
124887
191574
47622
47540
138556
154469
146456
93632
19827
230927
156531
12959
239781
252322
32564
230249
95322
126017
259743
118223
173066
162196
14762
425844
422752
416741
165773
244041
25065
118808
261688
147662
260632
37473
290458
8655
168468
120971
32276
252937
181842
138842
38738
159287
64209
11791
247500
426097
412639
420132
237144
184974
8493
51470
184317
426554
167506
22955
252632
263106
182314
17636
260262
196179
266973
156582
32298
64415
36713
152397
163771
291136
138467
159162
118746
7843
99986
162102
163391
98948
419799
118278
164403
249829
12144
253844
7221
91531
142766
99062
128361
257904
190331
35930
11646
123459
93856
37585
153333
260486
190832
163938
171545
13019
159169
180661
253375
96735
31805
167919
33686
190400
161654
262285
291268
161646
70531
417702
413389
126068
85237
418686
21321
164366
92770
155559
193170
51725
153722
150236
145360
245010
411023
429397
119337
117618
143474
37291
243376
162364
426761
261707
21355
32231
245717
112461
147739
142248
153969
237400
194742
138817
128231
187504
153743
161702
187286
115805
250114
18509
111838
114245
417696
107251
99081
130885
12817
136212
153350
430972
96318
237148
413207
93817
32275
184447
173823
141255
156230
148762
126056
253100
195485
98965
422433
132728
251625
247268
155887
186485
416461
124322
70913
185110
248889
173856
22936
261863
134309
148772
155647
243385
55033
96185
141710
257467
230784
192782
230274
155561
195535
19742
238916
230462
8626
190045
97069
136507
193818
29710
256677
133282
409872
166196
154086
159150
99988
261417
174189
793
149052
19635
22472
190540
422804
184342
243646
427042
257182
240246
152816
253779
126064
237404
236088
54810
249997
254925
251601
6006
248048
153342
122039
124997
240037
160093
119368
92444
171242
118004
83730
247235
252085
9174
153425
70887
189890
180638
418090
151546
280553
115221
154458
261547
185202
248554
122265
260801
193500
183104
230101
125147
431969
409655
173831
163927
415303
90397
147598
252213
125323
11806
189900
161425
150241
158587
96993
188705
240339
188833
141293
415028
257905
155335
182921
55731
134213
257218
253549
125399
186819
246731
195272
172098
427388
162752
421891
258548
257157
409930
422524
145180
253918
165728
149271
138809
168360
42999
47856
136677
192575
132425
154145
93773
420183
245025
247787
181234
98474
253916
290041
169364
89840
125969
250282
93364
241410
164633
280879
262229
173191
123825
409837
51681
38190
260494
154189
247020
122832
117324
189873
230428
163877
188707
159649
249330
147820
185241
186326
252425
261548
151733
243388
173041
110318
411062
260503
246931
31931
126021
257689
160033
409551
32496
237848
184975
5542
248892
182467
92042
185693
54231
26306
33366
237281
139055
253770
413501
126216
19820
418947
172326
188359
186780
162222
418185
172365
262427
94783
29671
48382
165894
143277
262118
238488
48878
12476
185200
127513
191112
99963
134031
193353
413700
159135
246193
29689
93742
192883
251507
96233
253332
98428
160470
162228
160289
195155
159697
138131
118582
426729
241391
248798
428699
259765
128240
423425
194775
168102
252132
169434
141314
119143
120083
125989
17629
122932
290130
194053
155111
259076
188729
258478
250657
429189
76704
4660
189531
99057
144670
151537
5934
427184
291591
146061
128243
186863
230516
415486
94954
117790
18515
159123
161734
135823
167705
123353
161127
250907
230973
180678
94922
111082
160042
141256
417703
423941
5747
243863
264533
186495
279594
159168
21931
194974
70653
165665
260770
8296
150759
147424
187613
409852
134106
260341
33178
45589
36942
109897
240202
85230
187348
97336
144958
116082
230286
146743
191151
96527
246517
94393
260243
172647
125369
427107
160013
135348
187922
245092
123156
422794
291162
194163
160195
290378
183616
163442
93502
422343
166230
188469
250211
152211
166229
243726
253760
422476
64148
158841
158998
98218
25445
7218
257466
186174
159695
147380
426316
253869
261721
255577
411025
163486
98887
90487
236258
171731
11617
185274
188162
257487
166048
234592
421278
59930
173094
31598
253781
25057
422798
5541
92387
95997
156002
115461
125397
168141
192341
251567
413491
420193
237859
191564
159769
183085
423608
91763
759639
165408
121227
169381
188308
257332
181021
433628
230112
188288
34150
168860
171108
254244
238892
159451
99512
168361
84229
14854
163849
42975
412777
149050
190399
230252
759451
19129
249989
131074
107087
153053
166654
42083
194999
97438
132724
168501
259801
421210
260498
70910
195972
73675
413529
254636
247975
249004
127919
426372
230636
145311
157313
180008
5229
51805
192354
251077
421271
64066
142222
239761
248928
255579
259437
153739
187614
63894
259767
91253
260390
254045
137618
119335
172025
150810
186810
239057
186709
132420
174576
192338
152461
113003
37626
290748
237925
98884
115524
156306
31807
172093
248809
257044
187692
70345
237112
190831
189897
257309
97337
51735
159691
250723
170146
185146
138392
185101
42755
196115
173195
120571
425125
241978
38771
148399
14800
6074
246409
252951
247048
240278
182303
248015
96145
190003
415884
8523
261810
187927
96687
180684
185181
163984
148751
90672
32610
160009
148033
131829
291161
151694
111969
121754
419626
37289
19999
181044
190925
136353
259710
419525
249821
258748
193501
38981
180597
250764
95036
173787
38638
14989
196178
173186
14798
194375
403414
11635
172645
426731
185185
191578
230357
186258
76697
258908
267402
144681
152663
188101
254018
160162
195164
188371
125990
122034
37483
168105
174338
138727
118370
422690
230311
380383
427870
138193
252219
417516
46841
423855
257862
35912
38824
257526
249721
48331
147525
415227
37576
194650
243848
412841
98989
421644
165168
417684
33403
238858
70090
418849
98273
95297
247236
183615
189347
418177
160030
153896
258274
189970
189003
96167
47593
90667
16195
156574
230633
38874
33170
250864
427458
166709
260282
425725
425581
415886
239055
185616
167952
249820
190830
93813
263034
181691
55726
195270
92299
46127
193532
194599
63870
14793
281758
188374
195064
90297
51736
89938
147498
246313
32324
424717
19173
262134
120972
139015
155123
55693
149216
183225
182194
117559
172302
194755
192316
138819
70622
126097
161481
172301
195028
92543
148063
417049
31019
190802
56138
194244
120108
253517
161573
94392
18807
262017
194964
130416
98288
238549
147213
149274
168094
253566
138389
120654
241408
144825
291634
260690
185003
413224
245174
235713
168703
258564
112006
258596
267272
192324
143886
417039
422858
421178
418765
163566
37472
73682
184314
189060
163485
159446
70092
187201
391186
262553
230600
420824
188940
167835
147505
246182
235841
241407
32566
181693
185912
90710
63891
431463
32270
51818
237174
188366
257872
33188
245308
260864
118620
418007
182069
260132
182950
173194
134171
128079
428096
258468
187621
193044
54181
171237
112398
51808
164140
238909
43115
172714
187281
262666
162384
194160
149182
153246
98881
148688
36691
191841
158372
112536
146372
90662
230128
48621
180187
259190
421373
238222
101655
150094
168857
249101
157957
147084
238502
759461
418014
192033
13887
264526
148757
167010
167159
7787
92501
118600
423136
29674
90665
290982
121166
85453
252595
166827
234594
124888
173673
144313
156575
121056
184981
39018
121972
34883
195592
250093
246401
144166
145810
118279
90425
133136
279580
120660
94520
180026
163882
34378
134536
171484
128064
152866
119269
36667
13425
155068
148208
169754
161431
59928
260361
27177
391177
64210
182566
93402
97480
96168
94456
152459
34389
170687
172653
122962
8536
253761
160187
180742
252394
158586
189348
133134
174612
247410
93254
194754
95602
266647
132921
136575
173767
258731
49856
261022
156406
421820
181754
190173
131226
133891
281456
420131
266644
143974
247950
35952
248255
180671
37579
188797
259115
260311
145863
403298
160026
259887
253264
184076
425659
237998
139022
117814
58924
260871
194749
165918
419526
186781
127047
252143
138380
42261
230225
412048
140255
91337
171116
409848
413698
194431
260489
245291
145256
261846
416123
144678
429313
118332
148698
291593
91689
133285
136303
423940
417697
39037
247409
180121
49147
26314
248723
245186
127993
98366
238902
238897
19947
230217
247546
195169
97714
259355
112038
51607
237888
252989
411415
98797
167622
291431
413824
23158
54704
419440
253911
186305
432258
186768
250185
29772
157668
191563
239653
85072
122798
250356
161651
96773
116078
180675
143973
267201
160966
147252
143768
186807
126191
180649
33175
181700
117580
167903
164830
257830
89940
171544
163759
145250
183111
142745
99100
38962
426406
14787
249072
258553
262848
245792
58914
33230
260865
418746
391174
259161
183873
409912
110313
97435
159760
5671
46852
259074
109460
148418
253774
11802
137563
138810
243387
101869
37690
180667
162122
95128
29691
180672
189893
183108
252244
119265
158312
184972
183823
90438
125970
185848
281412
115720
173684
160707
5965
261704
93383
51692
193109
242200
99916
262191
182962
46853
138976
161345
252324
131609
12475
172719
260921
254635
181227
29475
194771
192471
96945
5321
132577
196334
168116
237114
430681
258910
141919
112295
148489
136204
154687
154940
98883
194878
137801
261712
159656
243838
251452
186732
432209
254179
154461
121530
257329
152270
418601
125150
195165
191846
247720
191325
190753
243383
152347
191530
247012
99979
186651
33362
240669
55729
280554
98429
164996
141493
251140
156985
11787
96141
35541
152254
101868
165902
37656
162743
191132
427234
96174
193508
243498
258534
181235
185237
173197
136670
421917
412496
185711
153208
52122
107504
246251
171986
411326
160469
251347
98402
195978
70260
180162
147500
261682
171115
161506
165771
156500
184169
258773
243823
117425
230313
33184
151780
55872
14678
230348
195954
422549
415224
92986
195436
38852
289991
33182
249354
421545
158220
12169
168097
409959
247023
169753
123489
419803
112257
189203
247509
36748
51497
180041
194430
428956
148759
416655
181698
189359
421284
127835
234588
33337
119110
135000
98895
96944
191350
417939
5963
169545
181239
189906
54707
238545
195923
244162
259018
99923
34132
180643
5577
195500
93489
111083
141499
433594
37488
119322
249824
182618
5517
123157
253909
164586
237849
94839
113297
136044
242111
184145
230762
194702
195848
192579
413109
189004
182426
138814
182530
431967
107271
37485
104625
158226
421286
238544
153072
37544
35078
238896
250640
139312
186275
136069
246050
43082
106935
195157
247949
38825
134172
92196
180028
142739
249880
409928
109464
230955
138576
252856
290746
3302
151448
35021
107088
146121
137836
172674
253877
260500
416203
416998
116675
160445
183113
96234
249310
195160
195046
93820
124122
180644
413127
93396
426703
125496
248807
167993
142846
238883
182468
254213
257727
55725
152259
118399
21954
149164
152609
127981
121053
13888
243386
35610
257397
239985
96969
262045
117858
241386
421470
190773
54725
173327
419664
248797
246527
145713
45555
290007
55662
240006
250659
154824
411022
118178
128195
149150
146138
160390
260532
121950
131605
259824
85407
64077
241790
91285
180341
254047
190488
258912
153967
164981
191604
51469
116001
64073
181824
188996
148786
163355
90617
124786
419069
194817
257380
281501
167641
186952
138480
195990
267403
156096
152450
107574
182554
170052
99302
160015
411859
230341
192294
253271
415950
90449
194466
39032
430928
267273
95417
185273
174270
258271
163427
13326
431358
107085
155540
166793
192475
259352
188801
192355
237258
147204
257386
51895
112338
180169
61080
189238
172012
230514
171463
118402
249634
189261
290118
136352
230976
253888
21476
236724
153402
29699
181011
266259
148790
99720
171593
36740
161559
242280
422533
118001
426308
163410
190636
128298
245496
248551
253937
159730
429306
429182
172300
191511
126026
239246
419527
259363
145254
148750
165931
195395
259401
158216
253394
427991
113004
421842
138130
260518
252426
54918
34981
151544
124240
109465
5552
429310
237191
187282
414371
51342
125740
193363
759452
252424
191110
281679
230263
132584
182527
267275
187649
162957
121812
156775
17630
36729
94512
165980
125597
95234
172676
107083
148778
238904
424889
134498
162890
181399
257158
188399
240013
147229
190197
33962
157016
159187
167714
168256
131937
253762
421819
195204
94546
235898
432947
34167
255643
258177
259751
118057
152221
237965
172688
138925
191694
8678
239283
70901
156537
63890
187340
158244
248883
434617
170674
248660
425202
185135
425123
180036
138682
182253
172667
126052
423441
195593
158101
48701
91745
92394
191577
130021
190730
391133
230409
38851
160017
188373
51817
51806
192787
94899
161357
172077
147280
159151
116120
8380
188411
798
186767
24358
98023
184444
238372
290631
170913
37526
195794
154938
429875
8639
429208
19757
136570
118333
280398
131607
115715
135104
173352
70089
11644
161647
158763
118723
413129
11658
9980
110312
173181
113736
427635
159158
252634
42719
85009
164227
123354
149130
134883
429877
421818
14790
54605
160025
35926
160893
126210
97077
230420
429033
258921
189227
187928
170868
94781
126192
246051
190091
252932
193968
193512
245935
157399
250246
110040
168142
251827
261559
262460
169456
116235
230215
94457
253791
153968
189917
291109
164956
137256
172615
427235
123147
147567
193356
91703
196116
169756
85056
160444
143966
38160
152283
416991
196110
137422
55707
258939
194981
160151
710060
141395
260310
165775
171278
230315
189530
163722
93983
126015
172708
258459
180683
153260
238338
155597
241562
54229
38764
238551
183222
291311
131347
413528
252126
16100
94958
118733
420706
425841
159262
160088
155548
159188
250629
98798
106939
186220
196228
19636
39060
260528
141580
5632
91877
281563
191323
249635
433626
242110
29812
391424
119416
192317
19646
239826
235907
149082
133690
417686
155281
238805
182918
92963
191842
259141
238214
188159
34131
38731
185234
194092
145187
98892
243658
137881
161401
260999
247465
19316
263099
238638
257579
29908
70081
130015
113509
191512
421376
430695
38960
185238
193172
170035
171532
27026
159428
91053
147824
247522
191519
138761
194969
157679
191696
168007
154679
93871
24965
248561
239652
153404
4817
188351
180686
137482
8750
180740
169460
152255
415226
262625
93904
44462
133315
111839
239361
90426
191559
18579
416918
186960
243958
120275
51343
163660
413732
416358
181207
93872
36700
188307
33468
189888
153748
125745
280998
153346
251498
153419
184339
119447
419612
155390
423646
247238
265063
93989
193525
195355
431354
24961
37581
93687
29905
230943
123278
122632
237999
165450
118721
49846
262662
171117
12707
260535
248623
18512
117136
162806
180867
93803
190196
239635
247578
246400
158197
260245
189918
49830
99631
126050
194433
153977
253102
118650
144801
85986
8297
193364
182919
267203
196237
261568
70254
19145
260926
11144
181522
250654
245353
138562
171118
8782
422523
107215
124721
11653
92034
166114
118728
185410
154928
145038
146844
149081
430593
138951
258843
431916
14556
249812
412780
257217
238872
34148
128177
431580
250600
35850
192789
411240
170675
168444
411218
260920
430571
25982
230942
166797
172309
117180
247838
146134
51428
237928
195854
172664
259408
192571
42973
422011
195197
245663
188736
157563
247014
249882
432199
118806
122035
190491
143046
188356
190092
160032
243799
126037
155447
426095
418502
96522
247584
261607
155551
257384
186924
181699
168362
159729
251869
54878
93882
127042
162356
195437
163373
193995
55736
261220
290603
137220
29741
105141
258842
134509
137173
247533
428427
111109
70536
168445
156333
22457
37823
185243
5619
257764
125583
144944
155382
257399
193171
146060
160388
120021
180149
194774
161347
38758
193401
145264
255447
98893
165416
434088
184977
173752
161426
173064
93261
126074
164636
172015
281674
423636
157400
173341
413493
185712
96974
230248
32340
91254
249909
153340
257166
259072
172162
131606
159857
37624
412046
148768
11263
142438
426383
167893
23497
49597
90006
189041
415488
237150
239716
192154
154088
180689
117582
237577
118412
194765
166349
7392
113737
154453
57780
133348
152767
158225
64408
263778
172514
236638
120022
187025
158214
42364
429309
91226
70807
432206
147507
192591
70799
239061
138779
230377
251504
247170
195418
413499
120094
144668
181748
77890
281757
126039
122937
46105
195266
234589
159874
185094
130415
249069
133288
163437
421285
132637
291139
94963
91946
159855
64079
51426
122040
429519
258709
187850
189901
152717
112680
91530
8521
159246
253766
250846
425546
158486
143360
117881
19270
138211
230783
250303
257702
290029
123782
155720
160031
236267
99935
418738
423255
230355
25062
434621
142170
154464
113740
54777
260241
259695
185287
113874
38872
131836
145382
257550
429812
29919
194221
423640
139056
181525
116081
127642
252270
118763
131348
258176
110314
131350
246255
253424
91084
113300
237050
154251
237929
119348
251598
122734
120559
174574
251515
238552
11789
174634
185475
248804
6319
110083
180737
247867
172306
187219
419067
181152
230340
31429
183731
171565
262680
45265
239050
132035
258632
252623
47590
230180
152212
147391
237966
417738
189346
154146
103745
187924
413492
238335
193090
167948
101275
153480
241012
143485
37541
281680
123153
257393
262092
13424
14738
253067
258853
46136
431038
418267
166789
150095
191845
240188
37659
418690
137850
138654
416713
152797
171481
162353
90437
8418
418658
181653
174191
27175
195259
260769
98360
48784
182558
417040
151556
241847
239368
261493
45267
55664
137102
137293
33232
185115
151841
5578
14785
124120
134999
261943
170163
143173
134203
29892
418210
98289
430566
185373
122290
186782
413105
391089
181218
118840
230586
253363
130353
412294
250794
118848
118277
160657
44429
118859
253099
138967
8384
156986
144913
51586
230690
153274
33999
174311
93113
190748
260523
37582
261936
116677
173532
137785
258256
416985
142436
187516
155386
98495
98891
123144
252423
147210
230580
236061
193506
258751
432905
8851
171533
426871
115737
236010
96730
91692
181220
159767
418737
5559
291614
152345
126208
5525
258902
190476
188704
119493
98217
160018
148789
99489
163941
246965
189926
238001
34761
112527
239052
136045
172657
160435
14552
115744
261044
237153
166990
156978
114250
244047
169037
19282
174150
127994
118598
154934
93938
291254
184233
181519
163424
35905
421287
59770
182305
247640
14752
262996
89726
170906
35611
97824
165169
7395
196325
32563
230940
169366
126084
253843
168115
34142
99964
121155
247029
51816
172231
169810
180862
12811
160010
107245
249831
191122
36925
262016
144826
240046
94345
37580
187860
430926
85048
42237
133281
126087
62817
169025
260340
164683
46989
195586
120101
59765
37481
144587
234596
152636
118442
29813
417412
187923
149241
261683
125146
14794
144655
161430
259888
99978
152258
22451
51301
194773
