291141
158157
8700
434514
238374
8755
151467
253780
240278
29912
187851
244047
143046
14675
186455
174197
169461
255804
157484
127544
191519
234595
173819
258740
243791
163395
230539
131347
33184
182933
155560
124236
99443
91572
172715
248887
153725
230701
167250
413174
126090
142562
160022
193647
189892
181521
122386
183351
166349
160008
260859
155443
160033
189125
17712
230108
239826
38861
251658
155647
126169
422343
245835
190101
152250
196180
97056
107251
95615
51587
98220
186960
168342
252856
260195
98886
412780
93743
247499
169985
120970
38760
252274
250657
172630
51488
240665
180739
238544
259355
194466
146141
150236
11919
172514
291142
156500
19965
433307
38753
417829
22971
101696
290116
104648
181511
281081
121103
186215
172300
33442
412258
258731
252932
246967
160445
194052
170035
5333
116667
48785
192033
413497
42208
246220
184765
173188
170623
419625
291270
149182
195404
236286
158219
118722
195268
188093
161019
159044
249072
252130
99262
174378
250623
5269
113228
195594
187836
152463
418177
180840
118856
162577
173200
172682
120108
91168
248571
153398
192175
180755
136574
34775
161359
260520
11052
251515
137236
409469
237065
156979
132728
145429
432209
194758
173232
150445
51391
415825
260490
130644
54855
109793
12809
180277
91240
237928
36681
158232
93906
160150
248173
195794
414357
417682
181313
90506
90724
95608
26112
169756
261936
116135
168116
150808
186275
412839
254261
194138
185474
91254
147356
109171
427233
37526
91821
165772
421482
187876
172278
426729
434767
18807
252394
235802
93400
117785
416916
248884
189917
125743
117878
191510
245011
150239
421716
98219
251639
4679
148790
37491
246972
258230
145189
131075
260865
431823
261935
257163
95459
241154
173169
172889
416679
45725
112498
115522
186732
148918
138702
247501
169013
431969
156012
195243
132423
173815
416924
188472
253936
290378
154938
184340
173828
121054
257315
11915
147381
259118
248627
257384
415567
196529
417738
182953
188125
125597
185907
70133
236262
188707
260526
238906
117661
237766
189942
119417
158226
187029
164366
98952
196335
181236
433244
48333
243499
263062
93630
159668
13511
167115
168889
191323
152346
243957
156986
6317
133283
238304
194336
191568
194418
190820
415890
55485
380390
148741
253238
31404
418645
261856
122832
260517
33436
122043
135823
191511
119335
169862
171242
261623
55731
165409
417777
181840
94391
107086
119331
37691
154455
238900
424583
96765
120478
187801
184117
189383
418208
230548
249812
258110
138819
11087
380384
193403
169452
189889
249420
160028
281674
70347
173330
167589
410778
413825
236066
161351
19831
122931
196329
423444
134513
260504
55478
128230
244149
260689
190730
185235
250802
188793
132053
241410
253770
170465
260687
95395
164232
419798
162359
419804
5602
245362
172306
167576
42764
19853
432249
184414
246225
181240
380227
423854
252362
432203
158244
193454
237174
188367
230178
422433
243405
189970
186535
195992
144980
170664
234593
123356
183827
155123
181748
5970
413528
165423
152453
122387
90426
131078
92913
173797
36715
259789
33467
154526
428095
126086
418600
252015
432200
136223
167906
120106
239397
122292
195269
118550
5305
391177
59894
11259
246958
245608
423636
45703
245937
259786
188147
235899
146600
194803
125409
147213
172298
51809
185368
259381
184198
192275
110313
146769
12639
99056
173187
117194
37820
181736
119110
7394
95996
235941
236056
158195
236947
245196
14776
137853
260769
130082
153976
126075
153226
423423
157054
258905
247723
187404
98507
98366
189166
155281
160112
260492
163849
290038
118189
43116
193645
240006
267194
162957
260522
259206
433086
262602
45745
194501
95559
253565
93773
156963
125907
134032
187649
91702
186169
11841
180982
291630
259606
160064
92920
148740
99719
34294
59761
7941
169380
138724
93747
190044
195534
34885
121530
419227
180040
86019
161764
11644
143771
243823
145304
173732
249824
245606
139015
93047
123598
99625
421825
260390
98431
34964
115718
117784
417049
257330
96773
14727
43083
153738
37473
118506
5670
93439
147727
257311
107419
42973
31416
260489
191133
174544
153873
173822
38831
183090
432569
259887
291112
5648
261494
52122
238218
182468
184034
172517
244521
144082
97337
37489
117198
46849
189520
95035
415735
164639
119362
153349
38982
258061
32273
419839
119366
150090
126210
186181
156357
99988
14764
426112
92548
45051
172522
172302
117416
96170
14750
48339
162575
96569
249823
12633
290939
51497
230329
412159
159264
430972
33424
107504
426383
116221
174633
173049
253237
291635
153614
253389
118334
194648
139064
158210
258534
125747
243377
191466
22990
139022
185903
433080
152215
254072
116001
186227
167997
118626
238372
249820
245948
154480
17667
430926
186307
35913
134496
146134
144673
141223
93396
261020
34175
192355
258378
146375
142744
237163
425681
138391
250303
156115
152208
257488
143700
418269
154396
148751
136394
117717
196515
162165
161852
187343
134029
99629
247238
257727
36694
117725
186272
170163
147726
196118
90449
152252
253236
146103
165420
291284
152345
192339
434093
433122
152464
39022
155916
259352
117757
253790
144461
34001
257256
172668
105820
122632
253024
29700
159395
409849
9176
154416
92216
258718
147291
118842
251498
182935
426871
29685
33468
162228
131579
163394
159727
409539
148496
121968
70232
247398
422548
14610
91049
241841
194756
164958
143276
163461
186250
136504
259976
246981
38095
419209
187428
146104
164580
230254
11650
194248
250277
409912
180086
262095
190827
253248
95130
19636
43082
161430
192909
14883
237143
154479
190225
160021
185140
139258
161353
136935
157185
418657
196399
291639
96059
195407
166666
185865
260721
93490
164624
163799
19635
174554
117190
138809
38852
154462
160647
136045
13326
97779
143661
252016
182627
135827
419610
120019
195995
96501
31467
159263
193164
253001
172372
45741
96772
411023
120081
46136
189919
142801
153208
8385
141493
94759
136386
253762
236864
162781
166922
90720
137132
95916
167503
236624
33324
155605
139050
123220
95913
260486
417702
257407
119310
291510
174527
131487
47617
11639
12818
257528
34376
117885
22454
243366
417382
196178
131826
35849
253478
241475
143810
90665
281066
38732
409929
238888
36745
145284
171463
41694
119330
5525
91783
185539
37571
238887
155056
230432
35543
184981
190954
5546
143173
262500
192317
259074
147780
153399
133313
430571
95654
291264
258565
421210
188359
182314
118728
193530
230180
160392
39032
259168
164404
261019
38155
127853
169413
168856
262261
171590
189201
257042
239635
92102
242122
63921
163439
414358
126310
147390
230407
240015
59655
134310
411065
237808
94890
188399
181569
118855
258551
46285
31478
261560
163677
180672
98289
137256
238913
97906
433818
195150
46127
19131
391181
95296
181314
180842
89940
258937
124344
19634
162937
249102
99290
260690
124614
262091
430927
55664
180664
196285
153424
413086
423638
70301
134882
121263
262092
93726
246098
418176
48332
116531
85030
258175
174189
427051
92249
32232
252465
31670
9174
262587
252126
189906
194964
51404
164006
38214
260500
31931
155827
183590
112392
31438
190488
409630
161876
418862
185243
236011
115221
173534
155393
249989
417384
115720
136503
134602
46310
57271
131885
52072
419068
190829
186884
264760
250863
160498
19128
243416
168445
138976
434188
154466
5594
164616
260182
194766
84230
119368
17789
192573
416923
38227
182693
250357
122937
145866
230130
154386
255853
37570
38851
109897
247827
195070
261953
148697
163660
160092
249177
414354
148905
416204
264533
183226
183034
189199
195197
118178
161651
168427
257768
191564
253911
195405
193090
132339
149150
39156
258370
55737
143291
154824
410838
421272
258177
155753
109460
247332
107081
151533
194092
419212
144313
391174
128080
48880
240907
249073
250909
11789
258550
143928
195484
5746
118236
164403
118399
137732
130791
170868
230633
165418
136489
194774
248189
431052
122040
290032
423442
117193
190608
93116
237692
99627
257156
153746
181227
414602
154915
246096
126025
420477
258990
33453
423113
266726
188703
136936
38160
166157
49598
173326
153419
191469
174634
160161
247302
155603
51264
32223
185471
115731
266259
165417
236009
247244
414356
73680
248804
191325
185287
290014
34777
159443
107245
236332
101866
244042
141314
263768
5565
193228
196474
249810
138595
163885
173452
6639
18516
183812
70258
193433
92543
257044
429205
14748
236006
109556
248550
112040
188423
137850
416920
70521
180169
162366
95804
166136
99722
185604
16131
259383
190328
261319
172036
165700
262653
236625
118015
185393
138692
162400
98895
237966
235896
29903
257382
173480
421917
244298
252228
32499
167742
34188
138548
188366
262667
96191
230441
239396
64168
90668
409848
247234
418690
161428
97388
417040
193534
124973
236331
894
170882
156184
151903
259607
172539
47541
173196
81437
157836
118370
174150
252862
261174
193529
230560
150234
246499
192979
180858
98617
98960
260498
252322
185234
429033
183467
89939
47622
403511
415196
113298
183032
96939
156295
168104
150092
249075
262625
169545
185185
423409
134511
422476
190043
236387
128180
46978
259348
184589
165053
237145
113302
280768
170867
81242
280547
253787
151705
148399
11643
91691
170289
290280
230384
429472
249822
181235
415249
94891
421824
190224
258723
162384
120122
182071
263033
126189
172164
156306
145838
230376
433336
34131
185200
126222
433311
5574
55475
51791
36662
154249
42972
238306
6025
230462
193891
195977
5544
135072
159691
155216
11788
194762
423519
94926
239305
167606
97551
187273
417941
260269
145306
138131
259169
430246
262765
132722
32336
90521
190489
70659
127856
117663
421817
246313
190474
246980
185476
173533
418687
180659
117551
153054
262325
113151
257222
433078
38772
254302
430979
253909
262999
235387
243848
122933
147430
243656
260508
246740
262285
185933
166285
191430
185192
258549
116081
380344
32231
118001
170155
8655
265592
239368
18544
97472
19739
239128
167622
172209
257504
42360
168708
8696
258517
159188
171030
183730
127713
118318
260608
246402
237114
173328
153688
230463
185181
166924
188641
257464
174409
432205
99624
156067
416995
25857
257048
5967
257313
172231
419211
188374
247303
169753
147228
237999
156092
409832
147497
145186
147210
55949
156186
244026
263099
5252
194186
260339
47821
93817
36358
164233
118522
62634
161574
118791
196327
156096
191328
246081
151561
118332
116082
91518
70813
36935
92042
252423
122831
253947
247091
184316
155321
147205
183086
244567
90326
194387
131549
8897
107222
236052
281083
261778
238551
172637
59214
96771
411557
91130
249101
195400
249819
146121
259806
121145
127512
427232
148422
171119
158227
230416
157533
423919
123489
5618
5559
247579
172718
241011
182338
250276
257264
174612
290913
267274
426868
170666
168095
117534
149279
291113
430565
192363
249049
291300
247519
281499
415028
193994
267201
160720
145302
191322
245785
157050
263022
280320
174147
70762
91261
290457
156384
237147
190496
153717
92387
165901
238874
41725
254024
90648
259623
413495
280946
137967
151827
158487
118723
182920
185209
118736
170911
253566
183219
183465
11783
248883
174575
29766
234585
166794
251034
183665
409614
180460
423941
195535
124786
239630
23494
418210
419529
258503
184075
245198
194974
194640
96497
260027
195192
195914
97998
116077
117879
101868
147496
159649
247874
415487
426550
137733
14564
7839
166134
51469
159151
18517
154891
416405
257797
182976
149241
259117
122852
142094
248499
132774
163459
290986
134961
125148
252595
247786
423252
243598
93901
63890
172632
188166
118616
247582
138973
124232
409959
260239
230140
131609
191333
147231
196179
258912
51418
118808
189532
119446
239051
99978
250866
184170
172714
93255
258187
189891
91876
25895
255825
195417
190668
115565
136303
289991
280419
247389
9177
249881
164633
181911
230691
126118
159123
160160
181679
134213
230014
154790
138817
155740
257579
126192
8667
140989
135071
151842
257175
188635
148489
163927
37488
248056
258024
189920
99982
90425
126216
172709
36915
133437
157416
759690
421179
118746
249068
249082
262058
109375
186581
166156
18231
290120
151548
44441
290004
161655
426865
5584
171120
195156
128361
168424
5585
44380
5615
161258
70170
252010
236008
42766
253919
190435
183769
183615
135822
115740
432041
186479
250911
188372
168705
95072
239221
164227
194243
37125
416174
155600
138576
159920
113006
22936
156992
193625
166923
91053
19967
91530
431355
144667
260649
195971
5588
431357
118741
147824
423424
147567
263093
189007
146063
93500
184969
141313
162958
118733
267277
14882
190480
117814
155596
189202
247502
415568
119552
92196
260341
258692
189910
430602
182039
237200
55033
156531
9175
246166
188794
247410
94424
54182
48231
181523
248260
153715
145321
92768
136498
154146
264477
183091
99185
119376
50225
157610
180637
174567
184342
96164
257041
126263
181125
290324
425842
151748
262134
93588
191117
194975
196334
96235
160703
180675
4835
164431
259666
121223
254060
147505
99630
153739
126221
36940
37576
165918
157051
186667
180134
416921
259767
162227
14760
93502
195153
151706
92392
421470
153672
12051
234578
257877
183633
245174
144852
262366
120109
133316
98962
172016
245185
167685
262996
134031
161734
132785
130015
96956
172078
153039
34150
125899
260768
237575
180681
168998
252358
420131
195416
118650
131529
251077
161421
247675
163215
424184
172096
418601
249310
116663
186983
195122
56244
112294
245186
155864
66931
46852
243657
169728
760259
143021
173479
138700
33304
195270
33414
196236
151948
158764
194764
99512
241871
155666
51911
263105
188469
149217
412777
153099
185003
117088
56199
70079
162145
247409
185122
257766
157906
137293
37492
70807
248014
90703
248185
238877
189113
59920
122663
93871
37661
113912
147357
190469
417695
252965
249817
253387
171547
160159
281412
185204
92547
244011
252325
172685
291026
52077
189210
147675
172697
194976
95036
251514
96125
96527
196176
119444
191696
126317
49857
144678
260515
18587
165932
168919
150237
230506
54178
38750
239782
126304
430698
85986
180151
230505
166230
136577
252538
155649
259119
182306
156616
96172
185391
195860
259249
128186
136279
112390
164226
137568
14615
760019
63900
248546
38872
33313
148472
151535
161146
5672
47587
160014
118597
426406
98098
171112
48899
145180
32371
422524
253673
5549
125411
189121
17778
116680
291151
258242
37581
238897
173181
258852
46312
290748
54704
239049
48359
251625
161987
239448
136271
246741
121776
119332
163773
174151
238688
32834
261622
64065
36691
250535
146123
172640
194482
238000
171536
145303
237199
18510
157880
107481
107215
418185
247019
247542
188788
239056
230315
180470
70350
429501
167705
230382
195154
145713
111840
248621
290811
196053
45277
57782
182467
30302
124887
170227
169232
34328
97781
244204
246000
261222
195865
145294
186179
181021
90716
162101
148757
264711
163392
184975
412048
237576
120561
52070
169460
155276
238908
127494
188090
162890
34980
253912
117723
248882
189364
70348
38826
9150
291108
184103
51425
35915
146190
173054
253412
172616
144599
32234
241330
156385
125345
247010
5614
431390
51446
186279
153723
98162
184169
126071
417686
184084
165664
171599
252134
261558
132584
181206
110080
189799
97674
38873
48238
426340
171498
4680
262657
146132
126078
433235
161399
258060
183085
119367
119274
154467
158940
230662
111101
128421
7393
190045
184369
161281
257467
85031
246099
93983
187504
181011
427639
191652
252071
412842
434620
236948
423855
32230
121517
135187
159169
188800
97778
418413
32840
141316
262848
98505
64415
260361
96933
426030
93987
418699
173682
421478
55831
95930
154058
244010
159168
55481
247642
241337
195821
174298
237543
140986
426169
148701
189930
193561
169863
241657
152563
261719
113337
248169
184131
38855
264699
135826
159161
257934
409796
138557
157340
151845
92793
92034
262841
160945
432202
290894
189461
97939
159450
51785
137481
148753
167116
161001
257871
166654
96522
127043
95594
415707
112007
252361
172382
172671
124122
247530
281375
153896
117189
188195
417697
194342
132724
70793
33469
126191
258713
95430
259203
255459
259969
253952
186582
143881
29877
238902
238196
153072
154934
161345
258274
97504
94341
160707
150806
237400
195124
29916
37546
259763
433312
152259
160031
185144
91076
267270
257873
96526
236007
169619
259116
236010
261606
241940
159794
11555
127488
29936
251598
171823
30304
172097
235897
109418
136388
166991
153874
185139
268018
290603
118279
192791
152209
145810
160371
261897
140988
154320
117196
380295
249065
90894
182423
414360
137852
380226
191841
145434
420183
239052
248545
35532
186495
131263
159770
432121
185541
427745
35031
185202
162593
25066
237115
245195
187613
183087
257160
117199
38985
245021
11517
84231
125267
127430
168857
248890
155599
185617
189888
173639
244302
154517
16078
254295
37512
19353
190833
247268
126067
248563
5526
191046
429190
146033
134170
97028
139193
255806
181213
8405
167995
243412
259005
246013
184086
188370
36682
160025
245061
250502
247171
132224
183106
172717
188620
125325
136798
259364
91339
169456
259023
93825
261771
413109
194390
250797
138818
107503
158101
45054
5536
182766
169936
237318
171545
193902
422849
47543
19989
262426
247950
261682
138930
115813
236257
51685
192885
266645
124461
248626
417685
131976
252275
161127
190178
128347
253098
409561
153351
246385
33402
118858
290629
167255
115220
160039
152662
261021
93899
259001
251137
155907
168887
257220
256037
94781
191570
136569
238948
253010
188833
36697
188751
70254
153386
156534
138553
130388
93448
415804
256219
248148
416713
121146
132221
97436
143458
173503
55477
89932
423660
260923
37579
134374
290983
180668
32835
254393
239583
236061
118548
239109
45263
134311
89938
182923
240594
160026
249814
230255
156775
425767
152936
117583
125608
257932
182041
30303
145253
48756
264523
434091
70238
162397
255805
192316
46105
185284
42101
46841
230351
153348
420031
157678
195591
191326
51343
281680
182554
99985
156537
180687
167009
164471
187728
161342
164765
17707
259353
95603
194967
150238
261943
413034
431021
147821
122930
180458
195182
112006
261417
172515
195045
153026
257399
258895
51596
257158
241010
431354
281082
168469
759444
417698
94871
194344
420193
423267
261573
11654
92922
150191
5573
98025
138682
239220
147910
416912
290128
96193
95623
51814
245022
15656
253793
250655
143988
191350
257875
39198
259708
152344
290130
70936
132420
235803
89964
230428
191351
98500
19678
247331
163278
290477
186959
259743
93392
261762
184312
426382
96558
122302
257862
114028
426866
248840
101256
260778
192338
64132
160162
111099
411476
150760
431353
94901
415029
151544
141710
432906
290029
409566
42356
168098
427235
192341
237910
181699
234588
240666
36713
261860
183031
182532
409604
166653
189931
153225
47542
415603
144756
8378
113737
31806
134999
17666
181154
43036
172664
117957
413699
424582
429812
262351
93973
44474
413926
70082
188623
416744
415950
158841
154388
193165
160446
11786
6017
245540
169565
171749
290990
251383
98472
291103
165666
239050
123149
172511
423772
139063
190746
264723
418766
159728
252999
192017
33230
38755
110134
14928
263084
159447
192006
162144
33032
119378
196328
230103
230043
185189
415226
180738
196332
159659
254213
14709
120556
37822
261139
280513
97553
97620
190348
122304
193358
101764
192292
425659
252698
261022
157384
169078
105989
247236
114312
186406
140254
164982
230357
22269
239627
90647
260487
189926
253067
35546
174610
181749
196221
154692
182001
165452
187546
174526
158567
250626
70217
91708
51810
257406
97072
93628
94519
183588
259783
180676
128053
185097
187340
412046
241481
243384
155540
158566
133714
428908
422288
118308
251692
167318
29672
186810
22937
154481
93476
159431
76697
172094
403513
183043
149215
159152
237281
416915
182431
156119
427183
47944
433625
416886
251597
255641
152460
181701
174188
11729
96936
14811
190727
432904
160154
114309
195823
48878
431972
259161
118828
142964
124889
33169
32369
155587
158373
133724
173792
245688
159908
89907
192788
70798
146779
253949
194749
117203
41073
194775
181693
246358
186989
238562
156002
167948
186233
92973
162352
230118
38966
172307
11045
417905
189794
31807
188705
168100
147426
98474
138211
254050
423608
426863
117811
419334
182898
37657
192729
194757
22956
118238
193512
31501
62626
181824
92223
76685
257466
186956
59891
10738
92215
155551
5250
193100
163566
99938
11659
194431
18580
258478
147391
21938
83730
192591
8849
153259
411022
120551
422397
259032
196220
160753
90050
99141
266258
64215
425694
96573
181241
187413
427686
162122
8752
433628
262501
152218
116653
151522
188164
19198
157561
257884
262094
163607
247396
167159
247391
261235
190468
421290
236276
237461
189004
247029
186710
419747
70661
101872
182647
143274
183562
145183
181151
171471
19129
154384
251318
158769
155335
412003
123144
431027
155303
247015
99053
96194
124241
115737
36993
136570
245689
39007
91803
38876
99300
148759
105140
29915
249809
48382
245495
45562
189238
97927
193626
425841
230466
167317
253788
190928
11617
18577
188095
136242
131350
187995
247721
247241
156578
262244
17633
253332
127068
192816
113874
91676
54214
253959
29913
248139
147490
162654
188639
259004
414244
171537
156308
425442
14708
152210
91171
90384
91037
194754
136240
186326
185931
291160
249911
161318
186871
291149
134509
420224
182304
170584
433217
238876
160875
260606
34197
193355
433626
191563
14746
64075
111097
42964
185107
257376
174289
159287
8677
239728
245154
158231
32564
39060
186580
157670
34154
257385
138192
126156
239593
141881
188292
118621
64147
107273
260523
76103
185203
185274
9443
149083
97552
261043
140255
164568
186977
181842
33478
252998
91705
243799
4659
234587
237326
424343
49859
230377
171565
241393
412508
138842
142497
70800
37580
152207
187279
123109
70534
251505
149278
403510
264191
191567
160113
159650
238806
191697
186731
119327
258590
17243
44412
138522
194260
261689
33366
64203
93475
122199
237751
42103
429307
193865
119264
188940
173109
246211
66908
409616
248548
138683
186924
51598
171538
433119
144786
416911
120555
51666
192858
166452
134168
241389
418765
186221
36729
19899
70077
183700
164372
70168
237150
25982
188161
237909
19282
96319
191468
136396
148715
247192
162929
428097
230250
29770
91549
195990
249081
419421
186665
32364
160966
29741
380389
252940
421880
157658
241388
153686
423147
124276
148418
247329
421483
54230
122034
253768
230355
136497
246404
241405
25860
70901
166790
191109
48883
160387
262935
93401
434088
120144
415827
194221
166114
5644
186270
152348
25981
415887
164374
254301
181743
290039
33477
258176
94992
173787
261964
181214
257631
238903
246165
186258
262098
113740
230337
148788
152462
132424
238046
258719
418271
240917
38749
426759
156776
429519
124240
173765
193863
33428
258109
432553
154686
183296
98936
126066
230419
45982
122035
195828
99459
263035
117795
35610
159766
189969
35025
230045
174445
89935
97070
184073
188621
145275
185240
160194
165931
260507
154086
414644
57768
163722
166287
91241
165450
250246
126037
159149
189348
194345
245649
155622
258902
290845
159233
241385
428028
250833
138727
291314
126212
258065
112057
147395
259076
258921
116083
248048
51667
145843
145387
32496
253267
95899
32269
262662
431822
96993
7829
117622
97015
193526
173826
424889
163280
244305
91528
12814
97514
55223
258218
188293
247828
246051
240188
165421
238217
246522
416991
33244
251135
291283
173190
182069
11651
153347
194702
422395
59770
152594
152559
16088
98977
32563
248562
35032
98273
414081
422340
413700
237116
112397
163419
164548
280736
291590
165683
163393
262045
158213
127042
48242
237930
194419
258843
253877
172014
94870
230248
5651
55482
148761
140987
428059
132421
194755
126308
261683
252697
127044
182432
194339
118846
434329
245496
12811
160373
12095
263106
183089
168105
259762
142741
230253
147415
412776
189075
128195
149086
136037
19740
165896
190493
184160
411861
117432
243929
290027
234586
173620
188101
261708
110317
252623
427579
432040
169751
112264
112391
98894
264526
245201
126085
194244
263095
35928
237961
244303
125152
34137
263103
151756
180863
5652
185236
161343
99806
32610
98096
121250
180642
32874
185864
143871
190329
230252
19646
194377
156583
93347
180925
262654
32338
15918
180683
51441
29910
258102
252426
194980
248552
195165
18515
70089
149051
152214
426761
181239
418456
236638
249083
759639
92553
29477
11645
260565
291114
125153
125742
409808
194767
192035
291280
107092
161506
33364
29709
195355
409551
155908
172615
416709
32498
127154
115566
250185
186171
250400
77259
161877
230535
258808
181211
94839
135349
120572
117882
421476
236073
246528
169725
254294
425109
36667
163441
107576
147658
161578
190743
260310
144913
144507
123158
184983
116665
245257
148063
167031
167158
181207
234590
114010
230348
36354
245650
193016
66716
412375
253781
36775
117877
258952
258840
19316
429725
409833
64149
411801
259006
159167
130173
259035
94779
94760
8522
94952
12510
165777
290118
263121
153466
99548
118511
90618
145251
420371
193175
423582
245294
93112
192353
97904
188307
124234
186152
187670
144676
241114
99909
25858
291602
248230
164005
423255
191465
188358
45248
191677
33186
159153
154778
191530
290882
237297
19173
146922
55707
260389
48348
425440
51915
192592
165451
291614
90713
194617
131528
253937
171972
38859
54234
121151
247016
180690
92396
241658
290886
118627
5619
93632
29671
95398
113354
263034
99064
97503
59767
136354
125368
183088
251136
168113
92963
183035
124246
195166
170907
194378
194759
96944
159856
238005
253774
118016
185141
193121
429880
185183
99626
246488
90324
134080
172647
14854
142165
188835
96954
172676
4849
147188
169454
162102
194999
238305
257529
250486
8536
173684
174450
111971
157417
190482
172082
152816
151610
91086
85407
151448
187338
237854
181046
411448
34084
89946
189237
418736
169366
191408
110021
248272
97437
119382
153972
247395
116091
138092
135205
413105
160017
138401
92224
192725
51806
118416
421819
247020
167584
290988
110042
154453
247050
291311
237177
17711
94011
11921
193623
138894
166111
157563
261274
123359
173791
31407
193968
98286
236046
126084
153467
417693
32276
260311
252865
193562
156366
98026
122739
159852
236072
250281
422137
189894
167319
116608
64080
187881
122300
190536
159162
185205
165702
5515
168101
170687
243947
52087
422794
48876
259071
138847
247021
290363
92220
128240
260488
259242
184754
188157
55229
95127
164759
249074
113924
160009
237927
99984
126017
152263
289986
253772
257746
152211
19738
167582
162829
193995
261718
189043
291562
245366
246824
45622
291632
162647
128244
236260
159926
98569
143987
422533
110312
136839
157671
170912
172367
120024
259951
185927
168102
186670
32671
172683
154940
42738
230215
195531
248894
183842
138129
187621
172690
14801
245792
95561
243382
429169
145645
261400
11261
422587
174556
195149
261901
415882
187479
238880
120973
192359
92390
421823
147938
190492
22436
19275
17320
158223
240748
94420
194878
245336
415030
235808
241407
180747
42237
258615
119159
126064
174553
173814
243616
184201
290132
117523
262601
114246
188491
125916
155752
252011
117756
158768
111346
33426
247392
169455
173793
290119
35541
127980
12813
188964
245138
258477
291260
160016
136044
421270
245111
99604
124121
169754
171118
230327
237778
173185
97714
188799
130916
48560
126098
186736
162350
252143
413388
147825
128064
433308
11550
429191
45591
237676
5577
254297
153223
70169
120107
252086
427181
33688
412495
253855
259737
238685
290999
291458
153228
194196
167119
426096
290281
38201
131936
131152
248171
425546
172059
94924
31760
290991
196111
182566
99267
421484
290367
14788
195438
160927
190092
155394
115568
139049
423441
190752
252933
113509
189347
153898
171544
122963
137480
91287
43118
247407
414558
433241
186806
246050
250724
425657
164667
119334
155620
255577
247399
258504
188737
181218
94393
184167
417047
236144
196397
159851
240328
160661
121221
421288
160097
122037
156469
169459
251026
159136
160447
253916
137421
240954
168005
192566
159313
422884
147394
5617
89941
26113
193864
257530
261846
115716
39031
235184
160648
189206
235988
195396
125396
290129
245364
154942
173061
189902
253763
235713
413129
59581
159712
193500
96568
257724
118280
259345
259608
135181
136043
427182
180680
290131
243659
194972
235856
422234
191132
163440
99368
184165
161395
247581
32613
93587
416655
171491
126019
166677
238996
247170
153967
155719
137836
250839
171113
4662
419528
260532
4691
35917
70900
194405
32745
144853
17619
419441
195435
193528
133429
238883
112394
258711
138558
183301
290117
26932
150803
192886
96530
145254
164810
155822
9103
261764
236263
130794
194430
421902
187429
25291
432215
191653
181212
134498
290041
93820
49832
39034
126207
427140
257769
291136
188297
70538
166918
167738
230102
248114
157783
11637
192034
168361
156593
245498
267402
167973
132102
98024
173588
189807
7940
51710
182252
195272
182531
51693
158486
161319
165839
194741
185096
114313
238607
160062
119204
143974
416994
236269
187673
238319
254407
423940
94392
29812
192364
160452
252421
117559
38203
419492
412561
251941
247873
117791
98475
188158
192322
195976
252422
413496
186651
258720
259764
412144
425202
186708
133891
131580
188303
230409
249093
182666
411554
153255
157407
238873
97944
34140
118619
36712
195256
246521
172704
160045
173342
192630
249069
186541
32497
91169
93821
248734
250278
96108
172631
36636
291028
258516
125583
236863
54605
173531
250182
99044
167267
248622
250659
419774
76687
415248
258113
145890
413854
138925
247838
238805
44461
251023
290809
192452
254069
70621
133343
234592
95413
119365
29900
189131
29588
51586
290003
194379
47650
239223
188798
417426
173094
162356
165413
64142
259734
154759
5299
76692
153229
152456
251886
169989
103771
120345
142198
160888
118404
237585
112165
432114
429182
159160
143994
112527
34170
32324
194051
94345
290005
235902
189887
426870
93421
247720
147428
173816
429967
291460
120576
149277
432204
47411
188736
191561
122290
31511
189041
93844
163492
149263
417691
262624
162221
290625
416461
192351
173186
35914
172802
168799
11655
259160
248632
247267
171237
180651
163884
110316
167999
172092
246215
122197
70660
261870
130546
431358
247013
155111
173325
192988
259437
121051
237968
258610
98954
121997
11638
411925
165773
117204
188704
23497
426371
180658
93399
192588
252619
257173
420934
38854
409865
246311
162367
116671
165168
250091
434437
250907
115219
418130
248097
185146
261497
22959
193853
9438
759799
191845
192011
413501
136854
125915
149088
409655
152620
156251
149183
241123
243410
90518
417039
5610
409465
291106
51389
132538
146780
133282
416913
257395
416711
154986
123354
134106
247544
112398
257469
429497
120093
253487
235858
161398
251599
38763
84183
186897
196286
112338
248115
118509
133438
10625
169381
34988
118191
180193
245640
11730
243500
154066
107498
131606
193354
112139
190540
51880
416746
128227
260514
760465
186482
93348
155315
54664
411481
253418
188795
189846
264190
290006
167702
250093
34142
46988
426373
187860
259347
257331
159154
187850
29771
159106
290981
418738
8754
96316
38625
152220
253373
243409
157965
190830
42983
37490
91785
192278
93254
99935
417701
38764
192356
196112
119268
99963
261098
170150
418016
237409
171029
160442
121154
110041
260921
258631
8573
280793
430566
93363
126016
45571
126305
63938
132365
291324
413389
430556
193432
126266
432042
101275
63895
260282
237805
90663
17636
147659
149005
248740
116120
163772
172642
93398
160041
253386
190535
118535
419664
196237
21355
250283
59212
157675
291432
257383
432537
98284
413731
137422
413127
146770
163484
261574
120972
97478
245306
248808
181401
98473
425441
14813
155712
64071
418007
180661
37483
181754
126293
191556
153055
145382
425857
6521
147347
257931
186975
146356
181668
151538
117549
195987
145310
167903
136222
34883
152797
161000
169983
55115
173673
119485
157531
243923
133281
280825
150809
380383
122960
92612
46110
252939
21934
19530
258518
146122
150094
5535
165063
39059
167120
230101
57988
420370
290121
257876
161643
182253
291262
418685
237319
132718
149134
249103
14793
252075
154890
245034
291633
137893
123078
181223
230766
168796
182694
153748
191558
161652
247240
116407
245141
160470
252270
290124
51692
190196
434436
107084
190055
98287
248733
128348
425779
413255
239283
160443
418015
167256
137409
95806
418659
118366
255854
184758
261707
258709
240920
51732
90019
413207
14802
182466
164636
244108
188803
230179
157560
144071
145185
190837
430576
710036
5538
164957
163797
170668
260777
173183
55226
147911
431970
414355
246100
54595
154073
240094
131849
188100
171484
250842
96185
425581
98497
235989
195215
94997
236330
249831
258111
151638
237849
172303
97992
115741
99445
253910
188446
185198
185194
183823
56231
145039
37652
257635
133436
412667
262195
105982
191112
253029
248559
280833
190347
45747
165454
759798
132425
262365
180949
148760
118735
124890
118336
180149
161355
419162
111385
161459
160024
253394
63891
14738
11916
156008
252935
260922
120129
156774
12634
47593
159870
240245
186666
93428
422396
415027
247875
131074
230431
187348
136507
180638
153740
242113
137051
160020
64446
419066
250910
42755
126039
45265
192361
96730
238382
123782
184446
181510
171191
163195
19975
149166
185866
48362
267198
186777
107097
184988
85236
54229
249720
147252
17710
260776
118841
161323
173818
171535
111105
45587
239222
98965
249880
85237
162223
32161
5213
155559
253844
243381
281500
125990
122934
21930
230227
421960
154932
188443
238891
153905
417456
426097
54228
257394
131848
145149
194382
152655
244249
5541
192360
252047
759459
103553
192781
93742
259250
117417
160034
153726
158870
7843
168654
117886
29918
182184
253066
121150
246227
11787
184979
41719
155621
237962
147420
261547
170168
172093
51733
247242
171485
230177
426125
253356
427596
118554
413339
195807
63889
188752
148420
183500
32851
246976
157891
51487
262656
257214
189797
186782
183453
230344
159699
59215
96521
180652
413193
253568
237407
115364
148756
126027
159425
172702
167141
99621
194065
5671
260242
99052
236032
246448
118333
153480
248350
118813
159695
153070
18839
259775
35078
121974
159312
47786
147295
247294
191335
409846
189847
238216
263091
254244
95450
416132
171541
250163
230190
171594
419800
159020
426861
98989
431352
427560
242037
162362
247000
121104
184343
258556
257386
235743
156307
57740
180924
133284
119554
194225
240247
249941
80951
172028
193868
133430
163282
154251
237282
5560
25062
238745
186962
38738
136353
415789
186306
241870
190103
11800
151556
118599
63918
125410
12007
237752
180370
186456
143773
188546
164956
186809
188365
47445
191576
119363
238899
426588
37388
248973
153420
135104
413503
164758
246970
249090
419048
171542
11551
159156
429631
118785
169849
159420
420226
258146
160391
155386
22455
121951
98985
261721
142436
64146
258554
164455
237283
144663
262837
240477
121812
121053
239053
145291
37626
153909
262082
160023
257310
38731
115942
191651
194389
252089
132836
241790
185693
280553
157284
182147
248560
434439
139312
192159
122294
247011
261810
172711
143359
149175
37692
123110
193737
115805
181480
417215
14554
230580
261605
34148
24580
251139
120971
151922
55699
194251
38942
136790
172297
238858
5964
136677
194602
14684
290260
189900
186781
194650
117425
169558
418164
187066
257765
253767
32340
185094
266646
4816
159696
192362
266647
291254
7396
419226
237558
19281
180027
156535
258547
250367
152257
191650
235900
32271
186269
51252
143886
380388
91823
188160
158220
415885
261136
159767
155858
159655
12708
241845
93938
126021
145264
143870
125404
417452
237674
291313
182066
163415
235186
109419
49847
12143
249909
153743
106925
156773
5616
246971
31417
166989
415246
155874
252695
249997
143990
37586
137784
165704
230314
39065
180669
98360
37485
161347
101766
185542
258901
122734
433337
254049
247870
190053
150802
429313
34442
184168
247014
193422
22456
258774
130100
194738
154928
47293
241476
125407
238549
433627
84218
237259
156420
154142
131332
124229
32566
281757
415695
427389
434617
122936
185524
237148
253777
195864
420420
245786
421217
126074
162760
247524
254068
120663
259769
170784
261855
133312
192590
55730
160889
164140
97589
76705
70799
187342
37658
180666
180988
51731
251507
420154
167994
230819
247243
90672
156406
123155
147084
237946
63903
155906
247635
163883
161348
107574
155018
241424
93636
236867
184313
134307
195196
191757
122384
257393
248278
259410
429405
247869
192989
167998
138699
169548
413983
246397
96571
243838
230747
184235
34900
2997
5338
250908
167950
195745
238905
112257
113167
245084
249088
230975
171732
403509
253239
240929
252363
262460
151829
98183
252633
33170
169968
148362
90446
169937
230251
180740
187280
107543
110082
45665
186273
267741
245793
230782
181659
26316
192807
142846
162196
9118
32315
421291
262499
19741
190197
180816
188369
144326
196472
155573
155229
193506
21931
187922
169434
161397
189905
169415
160657
195046
126174
118860
419525
182424
248676
98879
157145
262081
170670
167970
98027
64216
258475
163277
164373
181519
43008
192294
126214
249071
12170
247527
159760
126097
101765
245326
64151
161401
253197
183768
257378
144803
59930
239652
253791
98963
170329
64144
246409
124233
130643
163913
111247
145868
257550
250846
91675
252934
185591
36680
423939
70620
163882
153969
59831
119416
188163
421246
421376
257525
249095
155730
417502
262658
191614
230635
4661
236266
415247
51681
171595
148773
113921
142498
250114
195989
144958
45041
237967
254013
122265
258764
136198
128228
181400
158218
241012
47590
90615
290860
119269
150314
415696
171715
281759
409928
148754
163801
153871
240763
97824
161157
258772
33401
414559
710030
186540
194461
154403
184279
127835
759423
107094
244046
244240
167640
259139
419612
155993
188802
163390
248735
188364
91901
193178
239580
110590
169935
8668
418689
250654
235938
429189
156381
251504
194375
126215
14761
159135
195991
163271
138390
191146
419631
142166
174138
170748
185273
421109
10623
17661
132577
190478
191327
243498
267200
165411
120574
193745
155230
138693
169610
152253
238954
17637
417680
426862
422083
180644
188708
154062
239184
155390
429520
194742
36714
181912
14789
98165
172762
418693
113300
159692
259860
248555
257234
64145
45044
258519
148200
153741
11920
119326
257333
188294
185151
185896
32565
44443
134713
251942
90649
154387
186500
111474
117648
143812
261688
30301
241362
165900
230189
157313
255719
259745
164096
180684
253779
157139
259798
250867
29687
173229
421552
230174
247639
186898
136506
174545
98140
97905
416631
118388
121690
12706
112036
93690
167996
8399
258272
163909
94307
11265
34836
249100
55224
121055
247526
51725
185822
187284
418268
164375
135348
230609
37542
138967
260525
239558
8377
262174
246054
180174
36748
260871
138937
32838
258376
136199
240107
759797
161647
64447
189929
259346
51808
417499
5540
194434
190431
171540
118595
54232
42718
31794
183870
262367
137785
29708
147221
19720
257122
246092
180814
163771
95956
194599
48897
123148
5533
189349
187615
432207
45040
90200
93872
125999
235804
248921
21932
122385
73677
187281
184076
148779
125669
290364
132253
12709
190831
192032
118520
158185
97206
237378
230128
144508
262766
247411
194752
186180
97822
237324
125147
149087
97069
427042
11144
143413
145822
169077
188442
425682
134380
92794
156983
125401
162187
193402
156309
262660
194645
291577
291631
147444
164228
237178
147343
431967
264139
291104
180168
186174
191140
189795
118620
426407
31452
267197
148743
249104
5563
29691
64208
190590
8521
246216
168137
163442
156135
29710
246729
46850
249816
29920
412841
32836
431463
250798
186494
189907
147388
149272
429875
144672
426380
195436
118603
32270
134082
128409
230415
138811
49856
260535
230941
144664
262117
166796
280304
190177
280374
180674
190173
186453
137413
153724
264759
158372
189928
185098
91820
191329
194751
409837
162358
195593
241425
36696
253194
247001
166132
186768
411860
245029
90018
290746
98911
172643
98502
166139
193099
419440
156341
94457
112461
191048
155368
125908
194499
131611
95402
122738
257866
11511
155761
241562
193434
187731
185616
419796
237140
260926
261607
165899
90427
126079
149148
164981
251939
290007
98897
91875
93253
154087
125799
290958
97068
240199
190826
248928
166651
240711
391088
182425
124888
98616
155370
142438
193044
124244
32611
189909
168114
119324
258712
143985
138975
147725
196218
237193
136239
47537
90002
155930
186734
112309
239298
155741
111082
240128
156528
136069
191431
93907
173068
155636
416987
171136
192844
5554
429404
159286
186605
192554
187923
121950
120082
258909
252950
165804
237146
172679
429512
145272
149274
419453
47419
280398
153745
162363
38827
156584
183225
161855
248798
193114
186566
144476
169755
252137
99047
126062
253950
162361
186660
281754
168468
90447
13510
70230
8821
236627
254071
194498
249821
126306
186819
157315
74587
3302
96167
163493
156978
247301
135030
76704
798
10624
169338
133285
421548
239061
33305
391184
43832
418183
412779
167144
45269
230379
163387
47592
58914
154756
45555
246401
8749
261533
180673
258553
22452
154250
188159
141254
423254
169026
136225
137858
258748
19998
11658
194925
94455
13667
162886
37507
230217
128532
230284
125590
159046
5531
137477
259209
122296
36665
90721
113301
280190
149171
239299
230942
85056
261841
128079
54793
131999
163410
262671
160434
31598
173812
168860
194158
195394
190927
258735
189800
144674
433079
94963
280549
138089
38190
33183
262715
38874
415342
249050
115719
239663
186534
164376
159246
250710
43117
411800
21937
118545
194162
155336
192013
237969
35135
173889
290993
35930
48561
263096
95788
24889
142743
260022
145955
182194
188123
194224
5542
142221
409993
58917
252699
173788
259159
425726
196398
70653
109551
125970
195180
119384
161772
247390
55228
162123
258115
247033
14784
113369
280996
173663
14787
156407
48621
37471
191565
230218
239564
230036
417251
196330
418045
193168
94874
137412
167504
31409
247583
416531
421274
180643
162354
35027
54552
426543
261857
237164
192595
189903
418436
245307
191203
185114
430973
29911
290123
173767
39023
7221
259141
147293
145222
180041
260025
259736
94998
430438
46796
91225
420846
250723
12958
186726
93803
5119
430466
167040
433338
186737
14930
391131
42083
159652
113890
147393
64209
420114
181228
260688
260518
253769
421480
243388
193859
156091
410999
261712
182558
234596
123151
172012
158105
98953
194773
165874
131608
431968
54614
391186
238338
257486
17486
115750
183788
182328
153108
883
168139
190808
172183
37650
193680
161350
252791
180341
262666
91082
417690
191122
117669
183634
155743
47820
115736
195923
409960
419626
34841
257470
159444
254045
138194
98887
155279
193502
97898
38628
180641
260533
160388
11652
153742
194817
193030
262661
96234
253869
29905
238153
188098
159731
196528
185372
170464
117984
237191
169364
259710
183221
253266
119445
409930
90199
240669
243864
249826
12812
192229
128052
245494
18513
180646
166836
230516
196284
248551
189897
54181
432947
156980
181397
411240
119572
5260
194404
245747
90438
38990
138195
159694
117810
160925
70592
99340
183820
98023
162220
94088
416989
180533
4660
7844
195408
160893
119275
93535
168707
417516
235285
160928
239717
260928
6020
166226
158998
280849
433384
63922
94421
160165
431916
147555
115715
256222
191843
245807
193633
240155
245353
174631
163880
70256
173967
430247
247580
194616
147427
147396
29618
242110
145286
181697
422858
260631
70087
118710
91784
99291
148769
418258
35874
51301
136670
184564
137847
95052
99085
150198
47428
46286
138703
169987
9979
144831
123348
427197
121323
159198
157333
192409
430971
248806
122957
98498
180579
236333
194514
151290
64148
160030
426731
153728
117759
14670
98669
66907
14790
17714
415050
192155
92921
186664
125337
181670
187344
195273
133345
421193
257687
11641
144587
17801
250840
181687
418014
180653
172571
258690
133288
118470
154228
171731
419070
191019
163770
110081
94518
246731
427049
168358
99628
193788
164231
236264
153346
195151
171543
140497
14677
261571
95697
155228
91519
151841
257945
44462
98097
94903
260474
290455
192596
125740
244743
256677
158224
185100
239727
126072
166231
8782
143973
91837
257527
249048
94757
125149
163879
185475
7846
193524
416420
160007
185472
163938
158863
29917
58913
84219
148320
174408
128238
426308
417700
163438
237202
188398
186597
55442
8880
168859
419210
187921
138774
156536
247237
89947
230549
95496
99965
168888
239119
149280
165036
261769
149084
191566
167972
421826
252605
415051
265179
249129
428098
188355
246043
188735
189205
252634
153240
142246
173821
104657
189530
183020
380483
261575
194335
99622
117531
280879
189212
244198
279579
415605
265063
251651
264710
195172
230013
93886
182950
120094
259799
155929
133314
185244
94959
237713
22968
427985
248050
180026
267196
113002
195827
156333
39191
18511
164169
291162
182036
38123
246501
259695
257221
33231
183636
121999
6074
159853
35821
230347
249991
117525
193171
759643
38830
19993
426316
132220
262060
193969
421545
193363
47921
37709
157780
138191
97997
32233
168144
237361
257218
259774
421271
188984
248554
174148
416815
144475
19178
291591
33358
146598
180535
127993
37659
249085
119339
154091
241386
431022
235939
249330
113106
90372
187925
115520
99055
182040
117192
186050
121224
419739
90322
191695
120275
55069
151696
85070
188624
183011
151780
92536
160468
290631
259351
167835
262262
163487
235711
254061
192210
196117
192004
244186
180173
32212
156991
112292
419753
417372
182918
185848
117649
261926
106937
19194
167642
34773
157668
7776
8639
125979
230973
115521
121998
291327
248000
250166
96195
414342
98950
138549
118852
13424
186145
281088
6003
32008
131825
291563
152221
19284
170291
261564
172712
194432
90637
249910
161808
173976
152347
111131
154090
96745
411975
409605
63916
143653
92986
154469
193668
125540
245806
182919
112535
260695
54594
432611
130099
134309
119383
418008
238909
119379
107007
51821
252186
163878
147389
172076
96140
137618
151768
144832
98893
188729
429312
257285
134647
193193
262197
141318
8673
170690
160448
42999
252013
9980
49860
120146
190929
159159
157677
173856
193132
169024
7811
29674
188148
141580
262050
98949
251566
254212
117324
253784
230286
237582
151639
122804
157369
185101
266878
190175
29881
59765
151734
145255
63904
250834
188797
9172
238896
248889
118124
171546
180655
124231
181691
181238
120660
260262
190750
144746
165778
259665
64079
262840
112037
425125
410925
416985
243566
248075
162402
183113
70349
35026
258548
148698
113923
144319
261496
186896
243951
429416
155032
194420
189491
127968
120091
38716
432208
192631
412238
239240
98884
22993
34167
189044
156409
124525
118850
431382
291282
160469
168106
164683
181237
187323
142766
32612
432122
146771
252359
170946
184598
160697
161338
281752
148789
431028
431393
96168
420706
38758
38748
230011
247541
32700
173591
152217
91286
38962
196333
25442
190047
189016
144677
25065
138804
145299
194744
147507
153405
259070
165728
35160
239584
32337
196183
47489
280997
148718
167993
156015
189239
90134
156154
145312
37509
257398
248175
290287
415227
156136
63888
417739
186305
145256
244279
11263
189890
118806
155561
164640
426858
121226
290989
118776
167578
196325
37656
172304
145289
151528
133333
107006
193560
97479
193410
92300
238287
136576
259765
195262
5517
259768
192577
190052
95997
159769
167952
251855
192352
112039
257165
166642
257441
150099
189003
55749
417045
139061
59197
47813
163668
142496
122308
416358
116003
186729
250820
146844
172661
120577
253843
99188
433221
151695
124370
116134
264721
64218
261495
127642
409698
249002
418501
422573
32267
168258
433457
97458
187650
244040
32833
91703
99129
257316
261550
240038
45266
426381
28414
184233
280322
5488
241372
174573
259072
163146
173752
237153
258259
136200
194768
172025
192571
246357
150463
46853
180691
94456
185187
235839
144681
30141
181233
413988
230690
134379
247265
114296
239118
189384
85009
138402
189943
143972
150367
92394
793
418265
380510
96456
90723
89944
153721
139055
146778
262016
19766
417046
194500
128360
22451
261568
403512
434089
99346
259049
230436
59881
51734
49497
36937
247787
237175
145344
90483
230216
21321
418455
181231
180975
5552
420823
119329
243724
189006
192946
111347
410992
131630
171448
252514
261945
430696
424920
90437
181841
12817
183748
8632
192183
48698
186562
230778
136351
194222
182020
5586
237926
195190
159646
96937
168007
97942
162727
126318
125997
246575
91465
96687
429207
5598
104625
165422
239629
95319
261864
430564
158587
124900
35872
154458
155779
432257
165705
259805
160628
262664
183733
258450
171683
253766
162007
55732
95900
93256
132000
186053
253375
123152
240014
126076
418691
126065
253586
153900
29762
431389
128297
290992
245866
195123
165169
254003
144979
195401
258557
266688
239579
97633
161559
36679
432252
230274
113003
110083
241392
238606
195259
409615
35159
173794
159104
118537
180462
132223
149082
171114
113153
181229
63920
137563
411307
186811
36925
146140
4640
158586
6050
73675
93626
411803
157397
127979
35905
187486
192981
155019
92195
290884
238889
241237
156990
161905
230927
123488
43120
155447
156464
416276
423736
184273
113004
143872
264503
171000
153246
37506
257728
132225
237112
126049
230053
95315
187285
142335
421285
126018
258476
411976
253696
168442
163731
183770
35926
248809
421842
196260
429310
180650
25057
166892
184978
113913
417043
247027
49861
194254
38202
195160
70525
428540
181656
163197
105828
191118
90007
181398
260530
189122
94898
171478
136832
37724
35611
249815
247012
230465
254451
164407
230352
166919
193646
183750
246055
190634
248929
427047
158765
172285
137234
173230
169564
261237
165038
411862
425260
121195
193473
253193
237050
187927
418502
55714
14792
195264
192211
235855
169340
143273
174079
259750
192350
430976
191145
237176
252427
250764
172056
152457
162752
185712
261559
190925
426375
43084
431512
246487
120558
193357
419067
182962
427784
146599
138810
55484
51419
134523
260070
192160
261684
182773
253208
230226
185369
118849
241850
194765
42361
163470
428956
59763
93772
291102
144982
237377
165701
250600
159014
118851
163733
4663
247871
171532
14679
159446
188550
48882
380482
33034
185923
107598
413734
157351
21936
239801
156014
426405
123147
260867
182951
166655
254296
159105
37627
138215
249354
259186
115516
183033
262589
249830
112680
193133
137786
249080
196116
5580
186496
412044
243387
151587
189060
413297
427597
111104
131344
49093
259283
258842
159422
90669
124235
237343
126091
172277
106939
424921
190636
130344
118403
230410
125369
189058
246355
29906
192857
49147
193134
258466
149099
186712
710060
157781
143769
184265
18843
124572
155637
246193
173057
258470
165902
249818
144946
172669
166791
257043
155909
230345
250832
291222
161653
111969
14618
196238
195271
159171
170263
131550
94390
188792
35601
241008
248353
8620
193535
147230
144744
51397
39066
249811
172700
237410
261686
173607
118125
14955
182421
49599
96561
189040
195500
32380
155606
243376
291325
138696
5530
118222
166709
169095
112295
259735
117859
154689
85010
42734
145345
185846
154721
125399
167714
415803
47538
281498
253101
159247
93814
431617
174551
150241
188456
237128
150915
187498
192991
391280
244674
252677
136300
181682
251478
144585
38832
263778
29673
189870
250864
230188
252043
145290
158839
243643
126056
182043
192794
162731
97921
90006
258596
155576
158196
158197
163940
291459
113357
433247
25457
99100
117532
151537
172015
266272
147724
120021
160096
248628
19759
147296
159592
125910
109376
263097
117618
193510
141499
93725
415303
239432
189123
422718
248049
111970
45045
259270
155068
195399
117560
253318
95687
257933
184339
258951
189927
159873
19144
245308
156982
63902
193682
195975
25980
186594
192896
759689
5251
118848
291634
149271
249828
19632
118553
238004
180689
159645
188356
257379
97777
239054
181216
290122
188836
31805
174152
145297
111081
54725
138636
165933
417699
84188
416814
263094
98095
165771
759651
174014
432333
92301
85245
139056
33404
127994
195756
90714
119338
153411
187476
131343
246101
99964
38825
36944
97097
116234
29586
161018
174139
238564
164699
421488
290379
236724
420481
112381
259801
258751
194515
11794
122355
425873
5253
246964
429406
419734
183859
98881
117136
259320
3909
34389
161387
144670
70196
138805
413492
267403
25856
237402
47588
157470
117662
161648
171110
412494
99923
11618
187069
429407
35542
125150
37602
259700
7788
188124
252951
153501
24965
6030
190056
58924
246255
9178
94995
230262
186661
157674
119538
182769
147443
111839
162729
91170
280998
130415
248625
248149
172663
243386
126073
190828
249425
252565
76691
170674
245659
42719
172651
171534
169042
156579
130254
254177
152255
153872
127511
230405
173331
172633
230037
99979
181742
70351
248015
54681
35021
118617
173095
116660
126036
7392
261720
5934
160709
19992
230110
257490
11635
158229
70092
172160
12819
4682
186595
258258
194497
173194
29892
252962
22970
243379
151733
115753
194403
112534
158217
35938
247500
180663
180841
149265
188444
237998
93902
185248
258938
166348
245497
133965
98883
49124
97938
249110
24927
172639
114311
40805
159428
157544
429878
421822
195251
190434
5557
240102
760018
150096
59749
124790
5324
153968
33355
25859
121056
193356
246887
173189
44389
230781
186593
168425
150366
21356
249635
187222
261687
195189
250625
58521
117702
196476
236013
48358
55483
260864
290751
248661
141315
151830
421891
51811
5974
123156
138923
261220
193046
260135
146133
93393
47273
122291
247295
259702
119333
238882
190753
91900
195239
169023
90317
93558
95877
29664
152717
192109
133690
137411
90711
184266
103745
70081
246498
137619
230634
163741
96931
193177
189114
55294
161570
252249
245557
416124
409467
180187
112455
230044
247667
118390
21941
123150
183789
97676
188706
164983
17489
168501
184987
48701
70539
168094
168703
423177
418737
109012
170290
164370
411238
191562
430681
246966
32035
257312
154723
239057
134081
186434
117813
5749
55736
409872
48170
4658
430751
196420
259413
144668
117621
258174
251940
154991
171533
190724
182768
19758
54877
429309
99455
180692
180576
249829
423639
250211
38856
290750
180810
125991
257146
259238
189111
51694
185109
182044
263100
70231
183224
99915
191842
258103
261576
123825
90323
6049
11796
262670
411859
120100
235907
155562
55951
147373
164583
159294
257219
188296
260924
253011
109467
412998
32236
19637
119337
58460
417539
253993
115810
122961
192887
235940
195970
119270
36719
418994
147485
85036
58470
37472
181571
35856
171566
413824
238881
119219
45676
186217
113000
260866
411276
144680
257767
93113
164697
37475
403414
64077
417684
73682
51340
415486
250656
91471
93771
148033
96137
391185
161645
240531
136301
173820
280999
258849
423422
248796
136224
249228
92478
166286
138685
162229
418457
251015
174270
159693
240013
188047
249807
257174
156617
248807
37604
99187
26296
51816
186862
42765
253264
114038
34266
182922
54235
93547
262665
247839
36741
250354
254636
159793
423773
291312
116677
189207
241853
237887
433313
182618
250210
95318
238545
422523
111095
189225
38959
90717
249813
195344
146502
138831
249079
34059
91294
152454
190054
51817
90064
241872
113001
119328
416443
238220
132366
261493
144945
190744
240404
161644
96173
153511
252360
418686
195047
155030
172905
143811
262659
91689
433277
153077
118335
421950
262596
416123
267195
188648
161002
152488
123157
132035
58933
250658
146956
195028
426167
25067
8380
246182
252014
418567
51815
259436
48559
19820
163759
90436
159448
32828
160094
426552
145383
230414
17193
182891
262410
18749
237859
290040
417381
70535
184448
193123
171586
191542
255849
158198
195048
174552
106938
187692
94889
8822
254058
93822
172513
261401
145863
120578
146372
426730
170159
33962
134370
163769
122293
189369
157317
195265
428532
243749
248805
243415
90664
163148
257332
262196
97502
5961
248167
263107
188622
38771
248262
45770
99048
121972
236045
63923
97533
428744
248720
188789
183811
93961
158214
127952
431008
153053
149147
259751
138761
280390
247017
246089
433238
156576
51620
253775
154939
34086
262936
252276
138799
145188
252327
249634
189223
180036
251068
114310
279594
138971
109417
172691
418746
414557
184952
433077
145298
159045
107098
35848
245173
417471
160705
10672
192349
147280
160289
252212
11798
163488
184588
36927
291613
123353
158222
117582
163486
243497
241842
117410
125324
433183
22938
254188
98428
112172
117721
160088
421644
145865
248547
230412
184586
290630
195845
419740
174444
122962
413391
180941
29758
19745
280554
253778
117384
96981
192324
98882
424863
245335
33175
258064
54596
246999
172654
186526
145285
99456
14666
259706
95401
174295
252213
37721
98947
8900
422394
184145
260245
248893
151558
418849
120080
245716
248237
173855
153340
38611
195485
194739
245293
237693
421011
160415
263521
8621
189203
7833
243407
33422
11254
109464
145273
187680
260505
156585
290628
162777
267278
19970
193620
421563
423637
759458
122798
230311
60458
235807
148771
70218
111085
159262
119364
180121
190181
94344
32603
135180
24436
33403
236065
237162
429877
192207
51813
230581
155387
145359
421988
8383
11050
248659
291080
186477
416868
429966
90702
46135
416605
141256
158216
125987
193681
12009
98359
257743
11803
193391
164831
710091
167971
134203
261134
139001
138987
183841
180541
19355
260511
132732
411063
113920
122844
193150
172083
237964
159768
64444
423646
253367
159730
230350
121721
8336
90715
55725
155594
194520
193098
249850
33687
409850
138196
426370
97613
415884
138132
153224
159875
159714
38965
153722
260427
236002
250282
149165
423410
45739
159157
194462
245513
180577
192475
34002
193970
230940
173327
14799
105484
182045
262678
189208
194189
73671
261570
258939
159698
180679
181230
239664
188420
57780
97438
180838
248650
424636
167030
247051
165776
143989
185589
48957
55742
133133
167032
253948
86005
159647
431391
147820
429734
131884
93391
119265
33177
162364
120565
11633
5569
168215
143885
32274
47487
411415
166712
194257
13968
153756
91819
192158
250837
168143
155278
426374
147662
33388
181467
113917
59614
55479
33999
253378
44284
160032
183115
170052
252391
117412
184200
243822
70219
189015
157532
99353
147425
134084
144656
5539
159656
138707
90510
290458
230569
190494
147232
238865
245025
239446
291301
146064
51819
252936
243411
416745
126217
90662
418499
413539
417953
168426
258256
181732
124322
166798
159583
11599
14777
181654
153274
237963
138935
186783
172080
96145
85951
291252
418658
187852
188405
415602
258691
160015
412838
424155
94906
262284
128016
99631
230976
191284
7768
230173
8296
194518
191119
171404
160114
118223
160646
183331
260519
154459
172365
160390
118402
192589
120939
120079
31777
279575
151890
109389
37603
251483
165775
139052
429178
59768
241387
89936
258935
427670
416357
99458
163881
290994
246931
195857
14807
280370
52085
164229
162396
136395
163862
187094
147065
188790
142220
143772
710067
120585
187013
185108
241852
432434
259385
11795
91293
159615
181744
267276
429495
45261
243661
90320
143277
167890
158225
136207
171116
261704
104710
134217
127513
155539
247578
96318
260801
46103
420480
416586
172658
119553
184314
290126
415606
7789
249342
194772
291132
128293
120563
230420
259907
98460
262554
157144
417694
244241
168053
51690
92444
421209
151980
253517
164771
261133
259033
418967
117407
37529
262764
429208
27176
416885
263031
234580
38875
149126
259912
257764
428519
422752
422712
35850
157534
94964
37699
759462
55739
186276
192782
415245
125403
33178
190633
241849
290896
51396
250401
49858
244194
262229
172698
192176
291144
101869
185929
162401
163485
152262
254047
91946
180860
187345
195204
158221
247525
47539
44434
146597
419213
103738
63894
257829
152038
54226
168097
133136
185371
157027
291353
162953
138978
21939
251657
153714
195825
180448
180671
37514
249076
121222
117876
261357
93586
253377
170293
173453
7395
151559
145082
154147
166832
163192
187070
250212
121534
170292
138972
37655
189961
155469
173703
189014
134256
166137
163755
193109
150240
417962
155116
156183
154461
239445
113299
262592
259115
93382
59769
154680
160863
128320
182422
230780
125744
37687
240573
126193
413298
168362
70888
195759
123856
51426
97386
95830
89942
248723
35822
427991
251024
240012
89948
94953
128229
34198
180038
187219
153465
417101
248234
189300
161415
183920
54597
264720
95609
249021
38858
98935
425945
27605
95379
411553
13990
426703
167740
238605
18578
42202
119266
267273
261057
97480
391183
174613
192523
411239
70531
150824
290125
144093
159874
98961
252247
237711
261565
172695
416918
8622
12092
195437
250621
256319
119082
173060
91077
422574
148758
84440
181689
154060
186209
11918
30963
125745
183017
195237
8881
252931
189893
5306
260920
152397
97907
259401
188640
11806
244041
187065
12169
259343
64590
159697
260198
70902
424154
250619
156331
169419
238219
420672
122371
34799
70083
117200
173730
411758
411863
429179
260771
134308
164997
194981
117533
24964
90727
94954
105728
171473
120573
166201
147380
160290
64210
187879
185115
425444
190635
147397
6006
431555
426509
159733
261960
96111
14765
260004
138513
101655
418735
33297
180746
184329
160054
93900
194735
63917
238303
422652
151843
196113
259340
11634
144225
151447
186969
194594
123459
184932
117415
22972
163775
426098
428533
238112
148750
760467
157863
95316
185399
423107
48331
14957
93818
264486
241241
29683
411541
85028
192321
422690
171108
32604
23158
249157
189042
185247
127153
154460
128410
230049
247247
90841
162226
172516
239712
241408
105141
145274
141317
248401
32605
391173
191467
180034
187585
185052
240775
192209
125969
429726
192499
193173
17081
190002
37531
55319
160660
146065
189350
237809
421066
413696
141035
29880
125965
180037
235937
156581
118277
188368
173197
250800
237290
281735
181209
121147
415714
130101
430593
241390
119267
194383
136347
59764
70887
45260
152452
145288
422341
91253
188983
38837
247523
136067
164954
115461
195760
172675
243958
196110
153974
258564
417687
91839
163396
157777
97096
147211
237889
98217
54227
8675
5537
258721
196115
34411
186052
412493
186733
159854
250368
196419
257839
191990
118618
117585
145362
38857
186662
38960
162266
109553
290285
181301
248664
144655
257531
181220
156065
160187
169342
70797
146066
51342
111096
94999
128193
194816
189918
127751
238638
93815
98796
380509
259771
159239
95297
257405
291256
434658
240749
262553
183617
235756
162761
11646
37481
153977
164365
171597
236865
151534
248790
8694
117758
98798
120092
125977
142499
239718
261942
97590
113152
246183
432112
180688
183704
127982
120559
249089
145190
230285
257745
158212
145300
138779
162394
85072
427685
259957
157782
173182
230699
90617
37530
104312
182830
189119
245499
193194
151826
152663
252132
418688
260772
146061
290944
261859
258366
245092
172013
56170
29701
169037
420444
172666
136241
258936
120003
51390
38981
91081
259201
162222
246400
165410
96141
192558
99478
134964
412376
149031
192575
180685
194815
159673
193676
193174
237411
161577
241417
33232
31802
169035
152283
139311
249064
150458
148778
409578
189346
418488
160093
174171
48622
234591
156064
422719
143360
142337
165061
14954
32193
161503
415064
264461
155550
230354
96062
423653
291161
182770
119083
37462
253422
238988
93989
236083
186669
119443
195261
8847
181152
416714
142336
43081
118449
125402
181669
193179
114258
99444
38963
14668
191577
95917
55227
260633
163850
194433
105150
235841
144130
191694
5968
180662
92222
417501
403298
33686
262973
237579
250838
420818
239721
156230
55456
181522
415997
91468
421903
153744
249105
49597
180926
98039
19127
188796
153243
196326
167669
126050
90667
169934
171111
172674
45946
249320
187341
98878
152786
170949
12849
144135
426095
193166
166155
192789
136575
117701
92770
161426
195164
262788
186278
290984
159289
142167
155731
153260
181315
97435
99457
127953
186170
154664
239653
128051
96735
195169
138556
245717
162606
111838
117418
259408
187282
183702
257630
34166
262847
158104
124239
115749
90651
35952
119377
166347
172681
188165
153404
137849
415563
138974
152260
168117
188787
420476
119323
173450
410814
93819
148755
14752
138814
91763
247797
192501
35843
99996
230116
244025
422549
196120
164999
186483
115751
181839
259344
38751
42113
157750
143966
290383
148765
12972
159170
148752
166650
136048
190346
137880
421278
192472
5521
14671
32381
168706
119336
59928
133135
32354
136571
241115
11784
166789
250629
416922
180742
153720
428738
189008
403366
124886
134645
242111
160704
153211
117620
24268
426867
430575
14556
193619
99054
243725
84194
186213
90710
191846
148497
120119
239060
258736
257702
189359
126208
290043
34761
99511
251138
118596
248046
430616
127852
250279
195532
239059
90607
135001
180867
143039
36929
92212
35531
230363
115524
140984
259342
9934
93364
107082
85453
247949
138808
188936
428745
411025
166792
181399
180654
191045
192597
409856
189848
180966
11914
159164
162351
127855
48361
17731
137879
47540
121165
54574
429034
70536
119325
185193
429311
131607
291281
98277
193507
257182
161431
54707
115523
420935
247546
417518
16100
159423
419454
12974
196475
14778
165163
173352
144651
141510
5590
168423
160467
195167
418744
165980
144796
194977
19688
169877
145301
161425
14683
425122
238892
153230
422011
99912
237111
171472
186663
160019
253918
190615
34981
187221
111348
47591
93856
192783
37823
98896
99720
11791
93383
411062
160012
252009
253485
128182
249091
133892
147290
421931
166196
152866
118600
141255
91078
193122
247867
194334
251827
423640
172696
165774
98975
36744
252008
432199
186480
258515
417324
235903
160061
134372
184202
258904
416601
159158
37484
417951
253265
291029
171241
36711
181433
245121
123330
164216
11269
258467
121966
391425
190327
259787
33176
19756
190747
162743
760466
424011
258809
260516
281679
143967
261218
118775
29902
253363
186883
185370
118598
425844
411024
230280
173353
180656
249998
759452
97936
170261
29901
249723
415195
180942
151828
91692
236014
138718
248885
409932
93489
180649
64069
94780
187637
169482
193997
34499
160444
38847
230592
185196
413224
51818
182465
419803
260100
95323
137567
260150
258368
237965
430970
134167
148688
38961
416998
186599
171109
247093
230413
14785
291105
425443
261621
193503
239830
95915
262085
118859
262846
247584
117880
180948
174642
154457
169231
254308
194802
160013
19229
186778
240903
51403
93260
18579
174322
120937
93903
186668
128165
195155
158279
245663
247328
193172
11790
95234
98795
249424
27606
166158
258173
259297
127828
237925
290042
409715
249158
430603
126089
186735
187783
189209
164955
22988
260775
196216
427184
59926
99164
246410
230346
98503
12144
89905
98188
22819
47488
419801
96495
118601
230408
183330
94546
173392
144944
14989
145305
92910
418096
4639
147316
259704
195249
432256
12808
191849
172678
93882
192354
161827
260999
164586
168115
434438
257770
95639
412257
193527
417781
426029
21933
29767
413984
260240
253488
70090
259068
430364
157140
128242
192323
157184
238977
185612
54917
253549
145119
154347
31040
136488
194384
139000
188445
29699
161427
415337
194506
165453
257882
145097
152248
137782
118871
168443
252084
48347
168360
235901
428778
188878
99623
259888
235806
141711
238335
90132
429314
37689
191110
33365
126069
126081
167641
235712
159421
247092
45264
430695
250284
171591
120022
172309
96744
422804
38862
157138
168633
172284
149160
144675
144943
417940
194417
236626
93252
172667
143768
431580
22453
11799
421620
409716
183332
413257
260521
36770
186926
261577
230313
290376
116649
247235
188126
39016
174644
417038
239152
6060
259190
117429
432198
240046
884
425845
51790
260147
184579
136671
418270
112124
99051
260506
152636
163941
180162
126092
142740
14763
155323
8753
95129
187339
169025
145292
185233
190769
236067
195130
64219
195586
55476
174632
112293
90722
48173
118307
105976
180534
163698
98880
181657
163745
248549
183810
184582
158209
421284
45983
263021
424342
188403
419805
249825
34754
156106
120010
154980
133344
184954
230375
230688
391346
33353
416741
144684
107216
35022
237860
145307
248261
95602
160865
42725
98891
251565
414259
180591
113366
258739
10903
104615
243916
237144
170148
290706
32298
254284
759364
182305
252128
17802
149032
192797
421283
136566
94958
121228
237408
107087
31411
5558
73708
37289
29811
252273
158537
51461
180745
255576
162365
142807
135032
161560
194163
429181
39018
254179
149216
241391
180946
147204
156575
154088
93402
426372
162225
142223
112389
155575
254007
191334
32846
246447
144679
119322
124119
417037
162224
138363
174574
150807
257390
64067
250806
118536
126080
188488
161670
169601
155887
133348
180839
154757
253486
119271
33363
94960
173341
150394
291638
126209
128166
261223
193759
187880
420192
172703
240007
70216
76706
250796
70910
168858
133890
52076
186481
130416
238691
173672
121166
156423
118412
110318
183732
192084
157835
55480
185711
117858
163679
421479
193931
5550
192955
118875
182191
70814
130782
133287
92211
253390
162146
8626
181217
180865
6048
239361
131226
291127
44429
143887
259622
173062
416712
186728
33185
246017
263101
241409
290318
126055
149161
161656
252937
48576
94282
159855
257157
188851
194053
193897
13774
259108
248482
49090
161758
185246
251716
99110
33669
235757
281746
154089
281456
148768
185912
51736
290810
171483
163424
62633
137801
99914
230214
160163
163877
164760
94454
90987
152887
101283
416993
180597
149149
249096
759445
416908
55727
92538
261251
98664
261685
90005
257380
190802
251600
152219
101277
250280
241563
97095
155295
122264
46314
181153
253888
138726
253761
242112
237406
90650
417703
230779
45945
18876
417515
132637
24936
426551
154150
158211
183703
94512
156993
156003
144509
189261
95301
185136
114314
19622
119345
252949
55950
248920
51893
195267
261572
291433
417519
84223
29689
131346
235801
245811
263104
12810
257744
49253
185237
133439
430697
141221
138561
111094
391133
414179
184585
239048
193406
155619
37493
192784
239359
195158
12006
252242
185373
172680
432258
168141
260101
150464
54878
290377
244300
237960
128296
430975
251567
230349
264138
139297
258738
281455
36740
186220
193360
181671
194374
181653
413251
14794
110020
181127
237379
99916
185179
241365
14791
145346
170198
162357
196149
181849
241844
159396
248660
155593
191578
148367
248179
264478
29914
188354
7391
195241
427928
81950
64212
173198
99617
56138
280760
97940
191134
187223
29919
414264
194668
142007
190986
391172
172081
182280
426168
261865
431388
168255
180862
169449
137484
157368
248658
141700
189772
260241
195668
156426
246213
143040
166229
126309
252938
117719
417514
281675
182201
98506
98504
119415
113417
116882
147259
45554
166048
163774
252989
117623
230340
237612
147484
158584
195247
33695
182970
185099
51470
192787
163147
155595
126099
193505
262118
148358
138900
92334
252012
247266
241873
91103
254214
252696
99073
73717
93491
122295
429308
95321
142164
172644
244027
125598
136226
90728
428096
185326
104669
153245
161352
118788
412639
156962
250356
122935
281413
240166
163251
5297
415228
418500
131829
174191
32873
55726
148770
125326
172090
19133
118495
423136
5321
138468
245870
194618
147686
415566
22465
266973
243660
257155
159651
416986
247327
97941
90484
144981
289994
70251
47776
138193
98783
55741
253320
249004
409511
32599
252563
251842
238999
171539
230341
16089
425123
261711
234557
259167
99926
123490
192019
154936
173041
33444
119380
22955
168052
96233
153867
89294
11081
33033
261044
180640
264189
249988
188753
123791
235838
180363
5553
132520
37693
416528
193525
416919
248794
38958
195824
134083
247047
96171
51427
280622
171592
159265
186779
159288
17634
159732
173766
190497
264460
139060
192957
172829
245869
172017
185245
128231
250794
162658
146146
160887
173729
247722
250184
118582
144794
193404
247521
250835
411204
146743
133373
163042
259744
245024
99710
156016
173592
167919
36774
171589
42736
157418
117619
189924
189968
257167
259800
425066
116136
169544
154454
244142
189221
19742
230362
260494
186447
173170
169757
246965
93985
419611
391475
246500
115196
190495
429397
42364
152216
237888
36771
186780
153244
173237
14822
290622
253782
33296
245032
195988
8625
241406
172308
260947
192471
258853
99306
38733
259773
194740
190926
427174
12848
138780
290127
431356
148208
429879
96192
17630
5270
183222
421277
187726
161856
11802
97439
247975
192579
172301
180741
172660
113736
27177
113914
412778
190748
290895
184082
165897
260510
95417
168383
290985
120968
193867
156961
85048
124238
257468
5646
181665
427635
147067
125967
194388
70801
413732
424862
191847
152451
121097
38841
172646
31940
153897
120145
14696
245356
416910
191557
250624
118445
117184
235840
29813
47614
125397
411756
421645
147823
415223
137844
153461
12627
70911
260925
240860
5649
165449
93964
191332
4669
186142
163427
421373
267271
133134
259073
426758
136227
195862
42767
136568
29587
193622
26306
159291
124243
159857
63896
132254
238890
33470
54231
252425
8537
166058
413493
237730
172077
117530
180464
196531
97554
164907
259018
185928
99913
55740
237495
156580
261858
162648
258062
144391
153422
123154
191989
169998
17488
261578
416996
238761
417048
11090
152254
152785
245197
193866
148402
411483
154775
162287
237519
135345
409735
138848
237201
249721
172282
255579
193409
92397
419208
241371
162403
429811
186671
182402
422547
420421
155668
250653
230637
250801
91239
161396
126316
122041
258619
187997
156010
24358
416914
416917
95528
123587
194743
29908
247522
188912
8493
416157
99043
193093
187887
52137
9936
260927
133132
230224
24961
37543
124717
193031
157053
172283
230378
12010
409480
163355
36357
159630
5650
418947
37582
186598
154722
12959
230583
235990
172652
433267
162959
157052
148699
185218
248623
141681
193113
112399
230762
48875
230264
29746
194311
113922
99533
122958
58463
189899
188837
94504
111100
161481
70259
230943
99263
33694
76690
143968
254472
37694
35916
239289
236267
237113
182303
422654
98288
124245
116078
191559
262017
156985
164481
162159
142639
241561
245868
247868
188643
138684
258775
253423
143868
193371
172672
110310
290982
192956
251078
113918
127824
36936
246968
238893
170913
143767
416997
5566
36313
118720
54599
239693
98984
245085
94520
240958
413491
173184
133346
192357
194376
230783
243863
246738
133347
33323
433517
185358
172098
55695
155226
280418
196222
163939
185113
281501
261716
250620
95494
185111
164449
290872
169417
98508
183612
115733
149085
256603
429907
195758
251506
120974
194422
112462
189793
45042
247239
148763
51738
415197
230587
252219
46331
253783
11657
37541
117895
29475
260524
55663
168734
98214
291110
14803
165873
253364
248255
97013
34767
89977
281753
42971
172701
150233
124120
238612
57060
11642
156532
165494
118092
253853
55662
37690
412047
417424
411462
36666
91085
253785
33188
421279
249832
234594
97943
279580
260779
280735
409537
97012
19827
137410
5966
257688
16195
193486
169535
151557
132013
174135
230277
260528
116675
6319
183663
42266
168467
237857
409623
249098
45046
247951
291258
180157
415889
196471
259906
258741
5973
174015
413499
243380
195191
267272
119143
84229
152461
5519
153716
230945
11048
413390
146138
117426
250865
413498
259624
193170
37584
194424
257634
173344
188411
45561
152880
147498
425661
237403
238552
239985
262191
33476
183112
45043
237712
291116
184083
427107
25064
162891
165415
168855
154056
3056
172166
183600
22983
17347
263090
126344
147083
126260
182772
190046
150097
162645
196235
164830
147660
421818
182908
143476
5965
409903
174338
243948
194220
14797
167639
120120
187729
144745
37651
433216
155215
149052
24959
427957
118625
120025
163545
244299
132214
259341
421820
429876
416909
84228
156408
260531
252085
118840
121149
153808
144104
110314
164230
120083
117191
418993
291576
230460
125917
236088
91224
185241
243642
94899
246011
37463
161339
433456
247531
760317
169699
95563
248624
128298
189967
261644
250541
194814
98739
264458
133375
261551
250503
149132
240668
96174
162360
187924
154316
248553
118807
111098
193531
119344
433907
245732
181525
280301
173059
141919
434090
134313
182198
166793
17339
187926
245867
165703
172371
169536
419799
140546
163565
172735
170775
291286
424822
236866
137854
186973
247002
97501
157779
38829
188310
142222
162143
167010
11656
37500
291030
191136
38860
131604
142495
94378
121754
258552
186767
432250
251826
247638
417044
93826
17635
185473
147598
251516
64070
143961
111732
249947
136495
41782
148772
154252
120560
412043
48174
163373
193107
430821
168142
117881
154373
188653
244162
99489
187888
138815
187071
184444
417696
248574
147822
432538
18581
185297
230404
169343
237272
258212
195266
427393
191848
8384
63892
189018
5562
113734
173199
92795
422859
265024
236353
186807
253759
196256
240198
22992
161669
142113
128292
245031
145220
167704
152661
146117
148051
290812
246221
245275
423425
235859
281563
416203
38754
152807
70214
253946
172693
171278
124277
99081
238879
190058
291109
96746
127829
185710
64211
181520
115567
262621
230417
188162
247025
111084
430974
157905
5982
136313
141709
191574
119170
158215
185899
194635
188094
99057
29768
258566
172653
160866
137482
151844
42975
38761
254635
191575
280609
164582
421289
416260
19667
186860
423426
12816
429761
156011
415886
247393
135824
5555
191131
194737
133286
90055
234597
141699
133315
116235
189045
126312
145343
252700
122789
415565
266257
145311
290727
243645
59907
64167
422795
237277
166346
36695
126068
260503
133111
124996
27141
21884
6045
261867
61080
160173
759449
241847
189908
134598
141885
145038
138800
12171
760464
261766
125976
155067
189500
5527
184315
240534
192318
96315
169988
46819
193401
85038
163671
251602
34992
415883
154385
238904
5556
171481
187823
45632
160029
157399
184696
258722
257397
415294
157669
291483
167506
174576
180682
147386
33168
137848
137173
409743
413529
126206
247397
172656
141222
146596
152767
195978
251140
238976
113358
29668
419439
13513
94900
125944
760463
155464
188727
31429
261566
114245
106935
759451
259363
183116
34378
8297
182663
245000
160126
156009
248975
138625
193532
14555
5304
258546
107088
254215
159658
260984
92577
161654
12475
193043
145835
249827
166241
244048
84239
145954
261034
184234
260527
154941
184977
190773
148762
411804
145867
18586
107083
51600
186251
11792
155602
184072
174013
99983
194519
248891
46104
145250
157035
165898
45743
172091
160115
230514
5645
262419
152455
11793
136202
248629
42261
163976
252278
115742
142170
185201
417678
167891
81716
248663
142248
248132
144804
237947
291520
152343
260472
11636
98470
417455
127510
193792
182952
422653
181045
260860
239282
126054
422796
