    0    0    0   0.000000000   0.000000000   0.000000E+00   0.000000E+00
    0    2    0   0.000000000   1.087432579   0.962536E-02  -0.380396E-17
   -2    0    0  -1.087432579   0.000000000   0.962536E-02  -0.743829E-17
    2    0    0   1.087432579  -0.000000000   0.962536E-02   0.743829E-17
    0   -2    0  -0.000000000  -1.087432579   0.962536E-02   0.380396E-17
    2   -2    0   1.087432579  -1.087432579   0.941669E-02   0.922230E-17
   -2    2    0  -1.087432579   1.087432579   0.941669E-02  -0.922230E-17
    2    2    0   1.087432579   1.087432579   0.941669E-02   0.236514E-16
   -2   -2    0  -1.087432579  -1.087432579   0.941669E-02  -0.236514E-16
   -4    0    0  -2.174865157   0.000000000   0.216215E-01  -0.686492E-17
    0    4    0   0.000000000   2.174865157   0.216215E-01  -0.368500E-17
    4    0    0   2.174865157  -0.000000000   0.216215E-01   0.686492E-17
    0   -4    0  -0.000000000  -2.174865157   0.216215E-01   0.368500E-17
    4   -2    0   2.174865157  -1.087432579  -0.268624E-01  -0.416818E-16
    2   -4    0   1.087432579  -2.174865157  -0.268624E-01   0.118591E-16
   -2   -4    0  -1.087432579  -2.174865157  -0.268624E-01   0.354287E-17
   -4    2    0  -2.174865157   1.087432579  -0.268624E-01   0.416818E-16
   -4   -2    0  -2.174865157  -1.087432579  -0.268624E-01   0.356954E-16
    2    4    0   1.087432579   2.174865157  -0.268624E-01  -0.354287E-17
    4    2    0   2.174865157   1.087432579  -0.268624E-01  -0.356954E-16
   -2    4    0  -1.087432579   2.174865157  -0.268624E-01  -0.118591E-16
    4    4    0   2.174865157   2.174865157  -0.459458E-02   0.163014E-16
   -4   -4    0  -2.174865157  -2.174865157  -0.459458E-02  -0.163014E-16
    4   -4    0   2.174865157  -2.174865157  -0.459458E-02   0.140239E-16
   -4    4    0  -2.174865157   2.174865157  -0.459458E-02  -0.140239E-16
    0   -6    0  -0.000000000  -3.262297736   0.318972E-01  -0.900499E-17
    0    6    0   0.000000000   3.262297736   0.318972E-01   0.900499E-17
   -6    0    0  -3.262297736   0.000000000   0.318972E-01  -0.116293E-16
    6    0    0   3.262297736  -0.000000000   0.318972E-01   0.116293E-16
   -2    6    0  -1.087432579   3.262297736   0.224395E-01  -0.193078E-16
   -6   -2    0  -3.262297736  -1.087432579   0.224395E-01  -0.929078E-17
    6   -2    0   3.262297736  -1.087432579   0.224395E-01   0.323207E-17
    2    6    0   1.087432579   3.262297736   0.224395E-01   0.275015E-16
    2   -6    0   1.087432579  -3.262297736   0.224395E-01   0.193078E-16
   -2   -6    0  -1.087432579  -3.262297736   0.224395E-01  -0.275015E-16
    6    2    0   3.262297736   1.087432579   0.224395E-01   0.929078E-17
   -6    2    0  -3.262297736   1.087432579   0.224395E-01  -0.323207E-17
   -6    4    0  -3.262297736   2.174865157  -0.201873E-01  -0.402889E-16
    6    4    0   3.262297736   2.174865157  -0.201873E-01   0.431479E-16
   -4   -6    0  -2.174865157  -3.262297736  -0.201873E-01   0.679081E-16
   -6   -4    0  -3.262297736  -2.174865157  -0.201873E-01  -0.431479E-16
    4   -6    0   2.174865157  -3.262297736  -0.201873E-01  -0.209207E-16
   -4    6    0  -2.174865157   3.262297736  -0.201873E-01   0.209207E-16
    6   -4    0   3.262297736  -2.174865157  -0.201873E-01   0.402889E-16
    4    6    0   2.174865157   3.262297736  -0.201873E-01  -0.679081E-16
    0    8    0   0.000000000   4.349730315   0.329106E-01   0.238821E-16
    0   -8    0  -0.000000000  -4.349730315   0.329106E-01  -0.238821E-16
   -8    0    0  -4.349730315   0.000000000   0.329106E-01  -0.430694E-16
    8    0    0   4.349730315  -0.000000000   0.329106E-01   0.430694E-16
   -2    8    0  -1.087432579   4.349730315  -0.148402E-01  -0.231723E-16
   -8   -2    0  -4.349730315  -1.087432579  -0.148402E-01   0.377990E-16
    8    2    0   4.349730315   1.087432579  -0.148402E-01  -0.377990E-16
    2    8    0   1.087432579   4.349730315  -0.148402E-01   0.786014E-17
   -2   -8    0  -1.087432579  -4.349730315  -0.148402E-01  -0.786014E-17
   -8    2    0  -4.349730315   1.087432579  -0.148402E-01   0.303810E-16
    2   -8    0   1.087432579  -4.349730315  -0.148402E-01   0.231723E-16
    8   -2    0   4.349730315  -1.087432579  -0.148402E-01  -0.303810E-16
    6   -6    0   3.262297736  -3.262297736   0.167128E-01  -0.940743E-17
    6    6    0   3.262297736   3.262297736   0.167128E-01   0.179904E-16
   -6   -6    0  -3.262297736  -3.262297736   0.167128E-01  -0.179904E-16
   -6    6    0  -3.262297736   3.262297736   0.167128E-01   0.940743E-17
   -8   -4    0  -4.349730315  -2.174865157   0.835388E-02  -0.401834E-16
    8   -4    0   4.349730315  -2.174865157   0.835388E-02   0.339054E-16
   -4    8    0  -2.174865157   4.349730315   0.835388E-02   0.917688E-17
    8    4    0   4.349730315   2.174865157   0.835388E-02   0.401834E-16
   -8    4    0  -4.349730315   2.174865157   0.835388E-02  -0.339054E-16
    4   -8    0   2.174865157  -4.349730315   0.835388E-02  -0.917688E-17
   -4   -8    0  -2.174865157  -4.349730315   0.835388E-02  -0.149770E-16
    4    8    0   2.174865157   4.349730315   0.835388E-02   0.149770E-16
   10    0    0   5.437162894  -0.000000000   0.224268E-01   0.101088E-16
    0  -10    0  -0.000000000  -5.437162894   0.224268E-01  -0.987471E-17
    0   10    0   0.000000000   5.437162894   0.224268E-01   0.987471E-17
  -10    0    0  -5.437162894   0.000000000   0.224268E-01  -0.101088E-16
    8   -6    0   4.349730315  -3.262297736   0.852366E-02   0.163576E-17
   -6   -8    0  -3.262297736  -4.349730315   0.852366E-02   0.132804E-16
    8    6    0   4.349730315   3.262297736   0.852366E-02   0.408199E-17
   -8   -6    0  -4.349730315  -3.262297736   0.852366E-02  -0.408199E-17
   -8    6    0  -4.349730315   3.262297736   0.852366E-02  -0.163576E-17
    6    8    0   3.262297736   4.349730315   0.852366E-02  -0.132804E-16
    6   -8    0   3.262297736  -4.349730315   0.852366E-02  -0.113105E-16
   -6    8    0  -3.262297736   4.349730315   0.852366E-02   0.113105E-16
    2  -10    0   1.087432579  -5.437162894   0.101496E-01  -0.186517E-16
   10   -2    0   5.437162894  -1.087432579   0.101496E-01   0.386285E-16
   -2   10    0  -1.087432579   5.437162894   0.101496E-01   0.186517E-16
   -2  -10    0  -1.087432579  -5.437162894   0.101496E-01  -0.175510E-16
    2   10    0   1.087432579   5.437162894   0.101496E-01   0.175510E-16
   10    2    0   5.437162894   1.087432579   0.101496E-01   0.534070E-16
  -10    2    0  -5.437162894   1.087432579   0.101496E-01  -0.386285E-16
  -10   -2    0  -5.437162894  -1.087432579   0.101496E-01  -0.534070E-16
   -4  -10    0  -2.174865157  -5.437162894  -0.789027E-02   0.183050E-16
  -10    4    0  -5.437162894   2.174865157  -0.789027E-02   0.367447E-16
   10   -4    0   5.437162894  -2.174865157  -0.789027E-02  -0.367447E-16
    4   10    0   2.174865157   5.437162894  -0.789027E-02  -0.183050E-16
   10    4    0   5.437162894   2.174865157  -0.789027E-02  -0.499324E-16
   -4   10    0  -2.174865157   5.437162894  -0.789027E-02  -0.373197E-17
    4  -10    0   2.174865157  -5.437162894  -0.789027E-02   0.373197E-17
  -10   -4    0  -5.437162894  -2.174865157  -0.789027E-02   0.499324E-16
    8    8    0   4.349730315   4.349730315  -0.344610E-03   0.130890E-16
    8   -8    0   4.349730315  -4.349730315  -0.344610E-03   0.190361E-16
   -8   -8    0  -4.349730315  -4.349730315  -0.344610E-03  -0.130890E-16
   -8    8    0  -4.349730315   4.349730315  -0.344610E-03  -0.190361E-16
   -6   10    0  -3.262297736   5.437162894   0.193777E-01   0.534140E-16
   10    6    0   5.437162894   3.262297736   0.193777E-01   0.380895E-16
  -10   -6    0  -5.437162894  -3.262297736   0.193777E-01  -0.380895E-16
    6  -10    0   3.262297736  -5.437162894   0.193777E-01  -0.534140E-16
   10   -6    0   5.437162894  -3.262297736   0.193777E-01   0.509126E-16
   -6  -10    0  -3.262297736  -5.437162894   0.193777E-01  -0.157054E-16
  -10    6    0  -5.437162894   3.262297736   0.193777E-01  -0.509126E-16
    6   10    0   3.262297736   5.437162894   0.193777E-01   0.157054E-16
   12    0    0   6.524595472  -0.000000000   0.191780E-01  -0.137598E-16
    0   12    0   0.000000000   6.524595472   0.191780E-01  -0.145373E-16
    0  -12    0  -0.000000000  -6.524595472   0.191780E-01   0.145373E-16
  -12    0    0  -6.524595472   0.000000000   0.191780E-01   0.137598E-16
    2   12    0   1.087432579   6.524595472  -0.286530E-02  -0.309593E-16
  -12   -2    0  -6.524595472  -1.087432579  -0.286530E-02  -0.407435E-17
   -2   12    0  -1.087432579   6.524595472  -0.286530E-02   0.304364E-17
   -2  -12    0  -1.087432579  -6.524595472  -0.286530E-02   0.309593E-16
  -12    2    0  -6.524595472   1.087432579  -0.286530E-02  -0.589100E-17
   12   -2    0   6.524595472  -1.087432579  -0.286530E-02   0.589100E-17
   12    2    0   6.524595472   1.087432579  -0.286530E-02   0.407435E-17
    2  -12    0   1.087432579  -6.524595472  -0.286530E-02  -0.304364E-17
   -4  -12    0  -2.174865157  -6.524595472  -0.104728E-02   0.813098E-17
    4   12    0   2.174865157   6.524595472  -0.104728E-02  -0.813098E-17
   12    4    0   6.524595472   2.174865157  -0.104728E-02  -0.439214E-17
   12   -4    0   6.524595472  -2.174865157  -0.104728E-02   0.649166E-17
  -12   -4    0  -6.524595472  -2.174865157  -0.104728E-02   0.439214E-17
   -4   12    0  -2.174865157   6.524595472  -0.104728E-02  -0.653822E-17
    4  -12    0   2.174865157  -6.524595472  -0.104728E-02   0.653822E-17
  -12    4    0  -6.524595472   2.174865157  -0.104728E-02  -0.649166E-17
    8  -10    0   4.349730315  -5.437162894  -0.123133E-03  -0.114986E-16
   10    8    0   5.437162894   4.349730315  -0.123133E-03  -0.133812E-16
   -8  -10    0  -4.349730315  -5.437162894  -0.123133E-03   0.116341E-16
   -8   10    0  -4.349730315   5.437162894  -0.123133E-03   0.114986E-16
  -10   -8    0  -5.437162894  -4.349730315  -0.123133E-03   0.133812E-16
    8   10    0   4.349730315   5.437162894  -0.123133E-03  -0.116341E-16
  -10    8    0  -5.437162894   4.349730315  -0.123133E-03   0.691509E-17
   10   -8    0   5.437162894  -4.349730315  -0.123133E-03  -0.691509E-17
  -12   -6    0  -6.524595472  -3.262297736  -0.444759E-02  -0.734679E-17
   12    6    0   6.524595472   3.262297736  -0.444759E-02   0.734679E-17
   12   -6    0   6.524595472  -3.262297736  -0.444759E-02   0.147556E-17
    6   12    0   3.262297736   6.524595472  -0.444759E-02  -0.156313E-16
  -12    6    0  -6.524595472   3.262297736  -0.444759E-02  -0.147556E-17
   -6   12    0  -3.262297736   6.524595472  -0.444759E-02  -0.144713E-17
   -6  -12    0  -3.262297736  -6.524595472  -0.444759E-02   0.156313E-16
    6  -12    0   3.262297736  -6.524595472  -0.444759E-02   0.144713E-17
  -14    0    0  -7.612028051   0.000000000  -0.915374E-02   0.159519E-16
   14    0    0   7.612028051  -0.000000000  -0.915374E-02  -0.159519E-16
    0  -14    0  -0.000000000  -7.612028051  -0.915374E-02   0.166731E-16
    0   14    0   0.000000000   7.612028051  -0.915374E-02  -0.166731E-16
   10  -10    0   5.437162894  -5.437162894   0.150122E-01   0.557272E-16
   10   10    0   5.437162894   5.437162894   0.150122E-01   0.549342E-16
  -10  -10    0  -5.437162894  -5.437162894   0.150122E-01  -0.549342E-16
  -10   10    0  -5.437162894   5.437162894   0.150122E-01  -0.557272E-16
   -2   14    0  -1.087432579   7.612028051  -0.189760E-02   0.430546E-17
    2  -14    0   1.087432579  -7.612028051  -0.189760E-02  -0.430546E-17
  -14    2    0  -7.612028051   1.087432579  -0.189760E-02  -0.241299E-17
   -2  -14    0  -1.087432579  -7.612028051  -0.189760E-02  -0.601802E-18
   14   -2    0   7.612028051  -1.087432579  -0.189760E-02   0.241299E-17
  -14   -2    0  -7.612028051  -1.087432579  -0.189760E-02   0.138322E-16
   14    2    0   7.612028051   1.087432579  -0.189760E-02  -0.138322E-16
    2   14    0   1.087432579   7.612028051  -0.189760E-02   0.601802E-18
    8   12    0   4.349730315   6.524595472   0.117201E-01   0.447865E-16
   -8  -12    0  -4.349730315  -6.524595472   0.117201E-01  -0.447865E-16
   12   -8    0   6.524595472  -4.349730315   0.117201E-01  -0.311654E-16
  -12    8    0  -6.524595472   4.349730315   0.117201E-01   0.311654E-16
    8  -12    0   4.349730315  -6.524595472   0.117201E-01   0.210536E-16
   -8   12    0  -4.349730315   6.524595472   0.117201E-01  -0.210536E-16
   12    8    0   6.524595472   4.349730315   0.117201E-01  -0.185629E-16
  -12   -8    0  -6.524595472  -4.349730315   0.117201E-01   0.185629E-16
   -4   14    0  -2.174865157   7.612028051  -0.991026E-02  -0.432602E-17
    4  -14    0   2.174865157  -7.612028051  -0.991026E-02   0.432602E-17
    4   14    0   2.174865157   7.612028051  -0.991026E-02   0.819072E-17
   -4  -14    0  -2.174865157  -7.612028051  -0.991026E-02  -0.819072E-17
  -14    4    0  -7.612028051   2.174865157  -0.991026E-02   0.135811E-16
   14    4    0   7.612028051   2.174865157  -0.991026E-02  -0.270461E-16
   14   -4    0   7.612028051  -2.174865157  -0.991026E-02  -0.135811E-16
  -14   -4    0  -7.612028051  -2.174865157  -0.991026E-02   0.270461E-16
   -6   14    0  -3.262297736   7.612028051  -0.216449E-03  -0.797575E-17
    6   14    0   3.262297736   7.612028051  -0.216449E-03   0.669010E-17
  -14   -6    0  -7.612028051  -3.262297736  -0.216449E-03  -0.186082E-17
   14   -6    0   7.612028051  -3.262297736  -0.216449E-03   0.143394E-17
   -6  -14    0  -3.262297736  -7.612028051  -0.216449E-03  -0.669010E-17
  -14    6    0  -7.612028051   3.262297736  -0.216449E-03  -0.143394E-17
   14    6    0   7.612028051   3.262297736  -0.216449E-03   0.186082E-17
    6  -14    0   3.262297736  -7.612028051  -0.216449E-03   0.797575E-17
  -10   12    0  -5.437162894   6.524595472   0.174531E-02   0.930967E-17
   10  -12    0   5.437162894  -6.524595472   0.174531E-02  -0.930967E-17
  -10  -12    0  -5.437162894  -6.524595472   0.174531E-02   0.111180E-16
   12  -10    0   6.524595472  -5.437162894   0.174531E-02   0.197055E-17
   12   10    0   6.524595472   5.437162894   0.174531E-02   0.107693E-16
  -12   10    0  -6.524595472   5.437162894   0.174531E-02  -0.197055E-17
  -12  -10    0  -6.524595472  -5.437162894   0.174531E-02  -0.107693E-16
   10   12    0   5.437162894   6.524595472   0.174531E-02  -0.111180E-16
   16    0    0   8.699460630  -0.000000000   0.220226E-01   0.365416E-16
    0  -16    0  -0.000000000  -8.699460630   0.220226E-01  -0.359812E-16
  -16    0    0  -8.699460630   0.000000000   0.220226E-01  -0.365416E-16
    0   16    0   0.000000000   8.699460630   0.220226E-01   0.359812E-16
    2   16    0   1.087432579   8.699460630  -0.318892E-03  -0.478981E-19
   -2  -16    0  -1.087432579  -8.699460630  -0.318892E-03   0.478981E-19
    2  -16    0   1.087432579  -8.699460630  -0.318892E-03   0.939318E-18
   -2   16    0  -1.087432579   8.699460630  -0.318892E-03  -0.939318E-18
  -16   -2    0  -8.699460630  -1.087432579  -0.318892E-03   0.168144E-17
  -16    2    0  -8.699460630   1.087432579  -0.318892E-03   0.129580E-16
   16   -2    0   8.699460630  -1.087432579  -0.318892E-03  -0.129580E-16
   16    2    0   8.699460630   1.087432579  -0.318892E-03  -0.168144E-17
  -14    8    0  -7.612028051   4.349730315  -0.909750E-02   0.315943E-16
    8  -14    0   4.349730315  -7.612028051  -0.909750E-02   0.143763E-16
  -14   -8    0  -7.612028051  -4.349730315  -0.909750E-02   0.423046E-16
   -8   14    0  -4.349730315   7.612028051  -0.909750E-02  -0.143763E-16
    8   14    0   4.349730315   7.612028051  -0.909750E-02  -0.479830E-16
   14    8    0   7.612028051   4.349730315  -0.909750E-02  -0.423046E-16
   -8  -14    0  -4.349730315  -7.612028051  -0.909750E-02   0.479830E-16
   14   -8    0   7.612028051  -4.349730315  -0.909750E-02  -0.315943E-16
    4   16    0   2.174865157   8.699460630   0.287763E-02  -0.812760E-17
   -4   16    0  -2.174865157   8.699460630   0.287763E-02   0.185861E-16
   16    4    0   8.699460630   2.174865157   0.287763E-02   0.258577E-16
  -16   -4    0  -8.699460630  -2.174865157   0.287763E-02  -0.258577E-16
   -4  -16    0  -2.174865157  -8.699460630   0.287763E-02   0.812760E-17
  -16    4    0  -8.699460630   2.174865157   0.287763E-02  -0.301761E-16
   16   -4    0   8.699460630  -2.174865157   0.287763E-02   0.301761E-16
    4  -16    0   2.174865157  -8.699460630   0.287763E-02  -0.185861E-16
  -12  -12    0  -6.524595472  -6.524595472   0.149862E-02  -0.119749E-16
   12  -12    0   6.524595472  -6.524595472   0.149862E-02  -0.586679E-17
   12   12    0   6.524595472   6.524595472   0.149862E-02   0.119749E-16
  -12   12    0  -6.524595472   6.524595472   0.149862E-02   0.586679E-17
   16   -6    0   8.699460630  -3.262297736   0.502054E-02   0.119141E-16
  -16    6    0  -8.699460630   3.262297736   0.502054E-02  -0.119141E-16
  -16   -6    0  -8.699460630  -3.262297736   0.502054E-02  -0.181985E-17
    6   16    0   3.262297736   8.699460630   0.502054E-02   0.491258E-17
   16    6    0   8.699460630   3.262297736   0.502054E-02   0.181985E-17
    6  -16    0   3.262297736  -8.699460630   0.502054E-02  -0.143860E-16
   -6   16    0  -3.262297736   8.699460630   0.502054E-02   0.143860E-16
   -6  -16    0  -3.262297736  -8.699460630   0.502054E-02  -0.491258E-17
  -14  -10    0  -7.612028051  -5.437162894  -0.681579E-03   0.146959E-16
  -10   14    0  -5.437162894   7.612028051  -0.681579E-03  -0.260118E-16
  -10  -14    0  -5.437162894  -7.612028051  -0.681579E-03  -0.172071E-16
  -14   10    0  -7.612028051   5.437162894  -0.681579E-03   0.246819E-17
   14  -10    0   7.612028051  -5.437162894  -0.681579E-03  -0.246819E-17
   14   10    0   7.612028051   5.437162894  -0.681579E-03  -0.146959E-16
   10  -14    0   5.437162894  -7.612028051  -0.681579E-03   0.260118E-16
   10   14    0   5.437162894   7.612028051  -0.681579E-03   0.172071E-16
  -16   -8    0  -8.699460630  -4.349730315   0.863374E-02  -0.371825E-16
   16   -8    0   8.699460630  -4.349730315   0.863374E-02   0.406639E-16
   16    8    0   8.699460630   4.349730315   0.863374E-02   0.371825E-16
    8   16    0   4.349730315   8.699460630   0.863374E-02   0.279601E-16
  -16    8    0  -8.699460630   4.349730315   0.863374E-02  -0.406639E-16
    8  -16    0   4.349730315  -8.699460630   0.863374E-02  -0.120811E-16
   -8   16    0  -4.349730315   8.699460630   0.863374E-02   0.120811E-16
   -8  -16    0  -4.349730315  -8.699460630   0.863374E-02  -0.279601E-16
  -18    0    0  -9.786893209   0.000000000   0.118919E-01  -0.213785E-16
    0  -18    0  -0.000000000  -9.786893209   0.118919E-01  -0.270214E-16
   18    0    0   9.786893209  -0.000000000   0.118919E-01   0.213785E-16
    0   18    0   0.000000000   9.786893209   0.118919E-01   0.270214E-16
   18    2    0   9.786893209   1.087432579   0.508227E-02   0.247302E-16
    2   18    0   1.087432579   9.786893209   0.508227E-02   0.174051E-16
   -2  -18    0  -1.087432579  -9.786893209   0.508227E-02  -0.174051E-16
  -18    2    0  -9.786893209   1.087432579   0.508227E-02  -0.460999E-16
   -2   18    0  -1.087432579   9.786893209   0.508227E-02   0.207616E-16
  -18   -2    0  -9.786893209  -1.087432579   0.508227E-02  -0.247302E-16
   18   -2    0   9.786893209  -1.087432579   0.508227E-02   0.460999E-16
    2  -18    0   1.087432579  -9.786893209   0.508227E-02  -0.207616E-16
   -4   18    0  -2.174865157   9.786893209  -0.295592E-02   0.643707E-17
   -4  -18    0  -2.174865157  -9.786893209  -0.295592E-02  -0.172375E-17
  -18   -4    0  -9.786893209  -2.174865157  -0.295592E-02   0.230425E-16
  -18    4    0  -9.786893209   2.174865157  -0.295592E-02   0.152429E-16
   18   -4    0   9.786893209  -2.174865157  -0.295592E-02  -0.152429E-16
    4   18    0   2.174865157   9.786893209  -0.295592E-02   0.172375E-17
    4  -18    0   2.174865157  -9.786893209  -0.295592E-02  -0.643707E-17
   18    4    0   9.786893209   2.174865157  -0.295592E-02  -0.230425E-16
   14   12    0   7.612028051   6.524595472  -0.630101E-02  -0.190163E-16
   14  -12    0   7.612028051  -6.524595472  -0.630101E-02  -0.117613E-16
  -14   12    0  -7.612028051   6.524595472  -0.630101E-02   0.117613E-16
  -12   14    0  -6.524595472   7.612028051  -0.630101E-02  -0.177176E-16
  -14  -12    0  -7.612028051  -6.524595472  -0.630101E-02   0.190163E-16
  -12  -14    0  -6.524595472  -7.612028051  -0.630101E-02   0.233441E-16
   12  -14    0   6.524595472  -7.612028051  -0.630101E-02   0.177176E-16
   12   14    0   6.524595472   7.612028051  -0.630101E-02  -0.233441E-16
   16  -10    0   8.699460630  -5.437162894   0.548189E-02  -0.260947E-17
   16   10    0   8.699460630   5.437162894   0.548189E-02   0.120820E-16
   10   16    0   5.437162894   8.699460630   0.548189E-02  -0.697971E-17
  -16   10    0  -8.699460630   5.437162894   0.548189E-02   0.260947E-17
   10  -16    0   5.437162894  -8.699460630   0.548189E-02  -0.144693E-16
  -16  -10    0  -8.699460630  -5.437162894   0.548189E-02  -0.120820E-16
  -10   16    0  -5.437162894   8.699460630   0.548189E-02   0.144693E-16
  -10  -16    0  -5.437162894  -8.699460630   0.548189E-02   0.697971E-17
   18   -6    0   9.786893209  -3.262297736   0.112499E-01   0.428933E-16
  -18    6    0  -9.786893209   3.262297736   0.112499E-01  -0.428933E-16
   -6  -18    0  -3.262297736  -9.786893209   0.112499E-01  -0.125308E-16
   -6   18    0  -3.262297736   9.786893209   0.112499E-01   0.410620E-16
    6  -18    0   3.262297736  -9.786893209   0.112499E-01  -0.410620E-16
  -18   -6    0  -9.786893209  -3.262297736   0.112499E-01  -0.750665E-16
   18    6    0   9.786893209   3.262297736   0.112499E-01   0.750665E-16
    6   18    0   3.262297736   9.786893209   0.112499E-01   0.125308E-16
    8  -18    0   4.349730315  -9.786893209   0.136909E-03   0.366460E-17
  -18   -8    0  -9.786893209  -4.349730315   0.136909E-03   0.255010E-16
  -18    8    0  -9.786893209   4.349730315   0.136909E-03   0.157814E-16
   -8  -18    0  -4.349730315  -9.786893209   0.136909E-03   0.321214E-17
   18   -8    0   9.786893209  -4.349730315   0.136909E-03  -0.157814E-16
   -8   18    0  -4.349730315   9.786893209   0.136909E-03  -0.366460E-17
   18    8    0   9.786893209   4.349730315   0.136909E-03  -0.255010E-16
    8   18    0   4.349730315   9.786893209   0.136909E-03  -0.321214E-17
  -14  -14    0  -7.612028051  -7.612028051  -0.123810E-02   0.320032E-17
   14   14    0   7.612028051   7.612028051  -0.123810E-02  -0.320032E-17
   14  -14    0   7.612028051  -7.612028051  -0.123810E-02   0.732450E-17
  -14   14    0  -7.612028051   7.612028051  -0.123810E-02  -0.732450E-17
    0  -20    0  -0.000000000 -10.874325787   0.290805E-02   0.137720E-17
    0   20    0   0.000000000  10.874325787   0.290805E-02  -0.137720E-17
   20    0    0  10.874325787  -0.000000000   0.290805E-02   0.260769E-16
  -20    0    0 -10.874325787   0.000000000   0.290805E-02  -0.260769E-16
  -12   16    0  -6.524595472   8.699460630   0.663898E-02   0.283788E-16
   12  -16    0   6.524595472  -8.699460630   0.663898E-02  -0.283788E-16
  -12  -16    0  -6.524595472  -8.699460630   0.663898E-02   0.220838E-16
  -16   12    0  -8.699460630   6.524595472   0.663898E-02  -0.175123E-16
   12   16    0   6.524595472   8.699460630   0.663898E-02  -0.220838E-16
  -16  -12    0  -8.699460630  -6.524595472   0.663898E-02  -0.176738E-16
   16   12    0   8.699460630   6.524595472   0.663898E-02   0.176738E-16
   16  -12    0   8.699460630  -6.524595472   0.663898E-02   0.175123E-16
    2  -20    0   1.087432579 -10.874325787  -0.556656E-02   0.361105E-16
  -20   -2    0 -10.874325787  -1.087432579  -0.556656E-02   0.295259E-16
   -2   20    0  -1.087432579  10.874325787  -0.556656E-02  -0.361105E-16
   20   -2    0  10.874325787  -1.087432579  -0.556656E-02  -0.427390E-16
  -20    2    0 -10.874325787   1.087432579  -0.556656E-02   0.427390E-16
   -2  -20    0  -1.087432579 -10.874325787  -0.556656E-02   0.215900E-16
   20    2    0  10.874325787   1.087432579  -0.556656E-02  -0.295259E-16
    2   20    0   1.087432579  10.874325787  -0.556656E-02  -0.215900E-16
   -4   20    0  -2.174865157  10.874325787   0.292131E-03  -0.396578E-17
   20   -4    0  10.874325787  -2.174865157   0.292131E-03   0.283080E-16
   -4  -20    0  -2.174865157 -10.874325787   0.292131E-03  -0.406014E-17
   20    4    0  10.874325787   2.174865157   0.292131E-03   0.278102E-16
    4  -20    0   2.174865157 -10.874325787   0.292131E-03   0.396578E-17
  -20   -4    0 -10.874325787  -2.174865157   0.292131E-03  -0.278102E-16
  -20    4    0 -10.874325787   2.174865157   0.292131E-03  -0.283080E-16
    4   20    0   2.174865157  10.874325787   0.292131E-03   0.406014E-17
  -18   10    0  -9.786893209   5.437162894   0.946138E-02  -0.439224E-16
  -10  -18    0  -5.437162894  -9.786893209   0.946138E-02  -0.212757E-16
  -10   18    0  -5.437162894   9.786893209   0.946138E-02   0.210691E-16
   18  -10    0   9.786893209  -5.437162894   0.946138E-02   0.439224E-16
   10   18    0   5.437162894   9.786893209   0.946138E-02   0.212757E-16
  -18  -10    0  -9.786893209  -5.437162894   0.946138E-02  -0.164963E-16
   18   10    0   9.786893209   5.437162894   0.946138E-02   0.164963E-16
   10  -18    0   5.437162894  -9.786893209   0.946138E-02  -0.210691E-16
  -20   -6    0 -10.874325787  -3.262297736  -0.281727E-02   0.392154E-16
    6  -20    0   3.262297736 -10.874325787  -0.281727E-02   0.323377E-16
  -20    6    0 -10.874325787   3.262297736  -0.281727E-02   0.231787E-16
   -6   20    0  -3.262297736  10.874325787  -0.281727E-02  -0.323377E-16
   -6  -20    0  -3.262297736 -10.874325787  -0.281727E-02   0.592259E-17
    6   20    0   3.262297736  10.874325787  -0.281727E-02  -0.592259E-17
   20   -6    0  10.874325787  -3.262297736  -0.281727E-02  -0.231787E-16
   20    6    0  10.874325787   3.262297736  -0.281727E-02  -0.392154E-16
  -16   14    0  -8.699460630   7.612028051  -0.501574E-02  -0.214738E-17
   16  -14    0   8.699460630  -7.612028051  -0.501574E-02   0.214738E-17
  -16  -14    0  -8.699460630  -7.612028051  -0.501574E-02   0.211421E-16
  -14   16    0  -7.612028051   8.699460630  -0.501574E-02   0.503639E-17
   14  -16    0   7.612028051  -8.699460630  -0.501574E-02  -0.503639E-17
   14   16    0   7.612028051   8.699460630  -0.501574E-02  -0.123053E-16
   16   14    0   8.699460630   7.612028051  -0.501574E-02  -0.211421E-16
  -14  -16    0  -7.612028051  -8.699460630  -0.501574E-02   0.123053E-16
   20    8    0  10.874325787   4.349730315  -0.394291E-03   0.148529E-16
    8   20    0   4.349730315  10.874325787  -0.394291E-03  -0.112558E-17
   -8  -20    0  -4.349730315 -10.874325787  -0.394291E-03   0.112558E-17
   20   -8    0  10.874325787  -4.349730315  -0.394291E-03   0.206355E-16
  -20   -8    0 -10.874325787  -4.349730315  -0.394291E-03  -0.148529E-16
    8  -20    0   4.349730315 -10.874325787  -0.394291E-03   0.177541E-16
  -20    8    0 -10.874325787   4.349730315  -0.394291E-03  -0.206355E-16
   -8   20    0  -4.349730315  10.874325787  -0.394291E-03  -0.177541E-16
  -18  -12    0  -9.786893209  -6.524595472   0.212052E-02  -0.172030E-17
  -18   12    0  -9.786893209   6.524595472   0.212052E-02   0.122455E-19
  -12  -18    0  -6.524595472  -9.786893209   0.212052E-02   0.158587E-17
  -12   18    0  -6.524595472   9.786893209   0.212052E-02   0.763714E-17
   12   18    0   6.524595472   9.786893209   0.212052E-02  -0.158587E-17
   18  -12    0   9.786893209  -6.524595472   0.212052E-02  -0.122455E-19
   12  -18    0   6.524595472  -9.786893209   0.212052E-02  -0.763714E-17
   18   12    0   9.786893209   6.524595472   0.212052E-02   0.172030E-17
   22    0    0  11.961758366  -0.000000000   0.285169E-02   0.726642E-17
  -22    0    0 -11.961758366   0.000000000   0.285169E-02  -0.726642E-17
    0  -22    0  -0.000000000 -11.961758366   0.285169E-02  -0.161090E-16
    0   22    0   0.000000000  11.961758366   0.285169E-02   0.161090E-16
   -2   22    0  -1.087432579  11.961758366   0.367901E-02   0.202779E-16
   22   -2    0  11.961758366  -1.087432579   0.367901E-02   0.563181E-16
    2  -22    0   1.087432579 -11.961758366   0.367901E-02  -0.202779E-16
  -22    2    0 -11.961758366   1.087432579   0.367901E-02  -0.563181E-16
   -2  -22    0  -1.087432579 -11.961758366   0.367901E-02  -0.224867E-16
  -22   -2    0 -11.961758366  -1.087432579   0.367901E-02  -0.494291E-16
   22    2    0  11.961758366   1.087432579   0.367901E-02   0.494291E-16
    2   22    0   1.087432579  11.961758366   0.367901E-02   0.224867E-16
    4   22    0   2.174865157  11.961758366  -0.526002E-02  -0.385842E-16
   10  -20    0   5.437162894 -10.874325787  -0.337077E-02   0.194082E-16
   22    4    0  11.961758366   2.174865157  -0.526002E-02  -0.388524E-16
    4  -22    0   2.174865157 -11.961758366  -0.526002E-02   0.226044E-16
  -10   20    0  -5.437162894  10.874325787  -0.337077E-02  -0.194082E-16
   -4  -22    0  -2.174865157 -11.961758366  -0.526002E-02   0.385842E-16
  -10  -20    0  -5.437162894 -10.874325787  -0.337077E-02   0.131169E-16
  -22    4    0 -11.961758366   2.174865157  -0.526002E-02   0.399654E-16
   -4   22    0  -2.174865157  11.961758366  -0.526002E-02  -0.226044E-16
  -20  -10    0 -10.874325787  -5.437162894  -0.337077E-02   0.143933E-16
   22   -4    0  11.961758366  -2.174865157  -0.526002E-02  -0.399654E-16
  -20   10    0 -10.874325787   5.437162894  -0.337077E-02   0.339936E-16
   20  -10    0  10.874325787  -5.437162894  -0.337077E-02  -0.339936E-16
   20   10    0  10.874325787   5.437162894  -0.337077E-02  -0.143933E-16
   10   20    0   5.437162894  10.874325787  -0.337077E-02  -0.131169E-16
  -22   -4    0 -11.961758366  -2.174865157  -0.526002E-02   0.388524E-16
  -16   16    0  -8.699460630   8.699460630   0.957862E-02   0.728714E-17
   16   16    0   8.699460630   8.699460630   0.957862E-02   0.227458E-17
   16  -16    0   8.699460630  -8.699460630   0.957862E-02  -0.728714E-17
  -16  -16    0  -8.699460630  -8.699460630   0.957862E-02  -0.227458E-17
  -22   -6    0 -11.961758366  -3.262297736   0.164186E-02  -0.281134E-16
    6  -22    0   3.262297736 -11.961758366   0.164186E-02  -0.979128E-17
   -6  -22    0  -3.262297736 -11.961758366   0.164186E-02   0.845243E-17
  -18   14    0  -9.786893209   7.612028051  -0.311180E-03  -0.206539E-16
  -14   18    0  -7.612028051   9.786893209  -0.311180E-03   0.105396E-16
   -6   22    0  -3.262297736  11.961758366   0.164186E-02   0.979128E-17
   18   14    0   9.786893209   7.612028051  -0.311180E-03   0.796270E-17
   14  -18    0   7.612028051  -9.786893209  -0.311180E-03  -0.105396E-16
  -14  -18    0  -7.612028051  -9.786893209  -0.311180E-03   0.926933E-17
   22   -6    0  11.961758366  -3.262297736   0.164186E-02   0.279591E-16
  -18  -14    0  -9.786893209  -7.612028051  -0.311180E-03  -0.796270E-17
   14   18    0   7.612028051   9.786893209  -0.311180E-03  -0.926933E-17
   18  -14    0   9.786893209  -7.612028051  -0.311180E-03   0.206539E-16
   22    6    0  11.961758366   3.262297736   0.164186E-02   0.281134E-16
    6   22    0   3.262297736  11.961758366   0.164186E-02  -0.845243E-17
  -22    6    0 -11.961758366   3.262297736   0.164186E-02  -0.279591E-16
  -20  -12    0 -10.874325787  -6.524595472   0.148422E-02  -0.214516E-16
  -12   20    0  -6.524595472  10.874325787   0.148422E-02   0.210296E-17
   20  -12    0  10.874325787  -6.524595472   0.148422E-02   0.206332E-16
  -20   12    0 -10.874325787   6.524595472   0.148422E-02  -0.206332E-16
   20   12    0  10.874325787   6.524595472   0.148422E-02   0.214516E-16
   12  -20    0   6.524595472 -10.874325787   0.148422E-02  -0.210296E-17
   12   20    0   6.524595472  10.874325787   0.148422E-02   0.616687E-17
  -12  -20    0  -6.524595472 -10.874325787   0.148422E-02  -0.616687E-17
    8   22    0   4.349730315  11.961758366   0.200728E-02   0.805083E-17
   22   -8    0  11.961758366  -4.349730315   0.200728E-02   0.115567E-16
    8  -22    0   4.349730315 -11.961758366   0.200728E-02   0.330816E-17
  -22    8    0 -11.961758366   4.349730315   0.200728E-02  -0.115567E-16
   -8  -22    0  -4.349730315 -11.961758366   0.200728E-02  -0.805083E-17
   -8   22    0  -4.349730315  11.961758366   0.200728E-02  -0.330816E-17
   22    8    0  11.961758366   4.349730315   0.200728E-02   0.201299E-16
  -22   -8    0 -11.961758366  -4.349730315   0.200728E-02  -0.201299E-16
    0  -24    0  -0.000000000 -13.049190945   0.645000E-02  -0.583359E-18
    0   24    0   0.000000000  13.049190945   0.645000E-02   0.583359E-18
  -24    0    0 -13.049190945   0.000000000   0.645000E-02   0.802122E-17
   24    0    0  13.049190945  -0.000000000   0.645000E-02  -0.802122E-17
   18  -16    0   9.786893209  -8.699460630   0.460565E-02  -0.146423E-16
  -16  -18    0  -8.699460630  -9.786893209   0.460565E-02   0.389294E-17
   16   18    0   8.699460630   9.786893209   0.460565E-02  -0.389294E-17
  -18   16    0  -9.786893209   8.699460630   0.460565E-02   0.146423E-16
   16  -18    0   8.699460630  -9.786893209   0.460565E-02  -0.131848E-16
   18   16    0   9.786893209   8.699460630   0.460565E-02  -0.879261E-17
  -18  -16    0  -9.786893209  -8.699460630   0.460565E-02   0.879261E-17
  -16   18    0  -8.699460630   9.786893209   0.460565E-02   0.131848E-16
   -2   24    0  -1.087432579  13.049190945  -0.226988E-02   0.104417E-16
   24    2    0  13.049190945   1.087432579  -0.226988E-02   0.339601E-17
   24   -2    0  13.049190945  -1.087432579  -0.226988E-02   0.399360E-17
  -24   -2    0 -13.049190945  -1.087432579  -0.226988E-02  -0.339601E-17
    2  -24    0   1.087432579 -13.049190945  -0.226988E-02  -0.104417E-16
   -2  -24    0  -1.087432579 -13.049190945  -0.226988E-02   0.186437E-16
    2   24    0   1.087432579  13.049190945  -0.226988E-02  -0.186437E-16
  -24    2    0 -13.049190945   1.087432579  -0.226988E-02  -0.399360E-17
   10  -22    0   5.437162894 -11.961758366   0.481102E-02   0.200576E-16
  -22   10    0 -11.961758366   5.437162894   0.481102E-02  -0.463381E-16
  -10   22    0  -5.437162894  11.961758366   0.481102E-02  -0.200576E-16
  -10  -22    0  -5.437162894 -11.961758366   0.481102E-02  -0.198122E-16
   22  -10    0  11.961758366  -5.437162894   0.481102E-02   0.463381E-16
   22   10    0  11.961758366   5.437162894   0.481102E-02   0.662404E-16
  -22  -10    0 -11.961758366  -5.437162894   0.481102E-02  -0.662404E-16
   10   22    0   5.437162894  11.961758366   0.481102E-02   0.198122E-16
   24    4    0  13.049190945   2.174865157   0.869041E-03   0.271066E-17
    4  -24    0   2.174865157 -13.049190945   0.869041E-03   0.556700E-17
  -24    4    0 -13.049190945   2.174865157   0.869041E-03  -0.722606E-17
  -24   -4    0 -13.049190945  -2.174865157   0.869041E-03  -0.271066E-17
   24   -4    0  13.049190945  -2.174865157   0.869041E-03   0.722606E-17
   -4  -24    0  -2.174865157 -13.049190945   0.869041E-03  -0.189148E-16
   -4   24    0  -2.174865157  13.049190945   0.869041E-03  -0.556700E-17
    4   24    0   2.174865157  13.049190945   0.869041E-03   0.189148E-16
  -14  -20    0  -7.612028051 -10.874325787  -0.462304E-02   0.173059E-16
   20   14    0  10.874325787   7.612028051  -0.462304E-02  -0.919437E-17
  -14   20    0  -7.612028051  10.874325787  -0.462304E-02   0.176396E-16
   20  -14    0  10.874325787  -7.612028051  -0.462304E-02  -0.355131E-17
   14  -20    0   7.612028051 -10.874325787  -0.462304E-02  -0.176396E-16
  -20  -14    0 -10.874325787  -7.612028051  -0.462304E-02   0.919437E-17
   14   20    0   7.612028051  10.874325787  -0.462304E-02  -0.173059E-16
  -20   14    0 -10.874325787   7.612028051  -0.462304E-02   0.355131E-17
   -6  -24    0  -3.262297736 -13.049190945   0.662211E-04  -0.243324E-17
   24    6    0  13.049190945   3.262297736   0.662211E-04   0.909906E-17
    6   24    0   3.262297736  13.049190945   0.662211E-04   0.243324E-17
    6  -24    0   3.262297736 -13.049190945   0.662211E-04  -0.350632E-17
  -24    6    0 -13.049190945   3.262297736   0.662211E-04  -0.724898E-17
   24   -6    0  13.049190945  -3.262297736   0.662211E-04   0.724898E-17
  -24   -6    0 -13.049190945  -3.262297736   0.662211E-04  -0.909906E-17
   -6   24    0  -3.262297736  13.049190945   0.662211E-04   0.350632E-17
  -22   12    0 -11.961758366   6.524595472  -0.351568E-02   0.256708E-16
  -22  -12    0 -11.961758366  -6.524595472  -0.351568E-02   0.195200E-16
   22  -12    0  11.961758366  -6.524595472  -0.351568E-02  -0.256708E-16
   12   22    0   6.524595472  11.961758366  -0.351568E-02  -0.121248E-16
   12  -22    0   6.524595472 -11.961758366  -0.351568E-02  -0.751496E-17
   22   12    0  11.961758366   6.524595472  -0.351568E-02  -0.195200E-16
  -12   22    0  -6.524595472  11.961758366  -0.351568E-02   0.751496E-17
  -12  -22    0  -6.524595472 -11.961758366  -0.351568E-02   0.121248E-16
   -8  -24    0  -4.349730315 -13.049190945   0.218684E-02   0.385869E-17
   24   -8    0  13.049190945  -4.349730315   0.218684E-02  -0.198644E-19
  -24   -8    0 -13.049190945  -4.349730315   0.218684E-02  -0.255486E-17
   -8   24    0  -4.349730315  13.049190945   0.218684E-02  -0.498741E-17
   24    8    0  13.049190945   4.349730315   0.218684E-02   0.255486E-17
    8  -24    0   4.349730315 -13.049190945   0.218684E-02   0.498741E-17
  -24    8    0 -13.049190945   4.349730315   0.218684E-02   0.198644E-19
    8   24    0   4.349730315  13.049190945   0.218684E-02  -0.385869E-17
  -18   18    0  -9.786893209   9.786893209   0.738547E-02   0.442626E-17
   18  -18    0   9.786893209  -9.786893209   0.738547E-02  -0.442626E-17
   18   18    0   9.786893209   9.786893209   0.738547E-02   0.199313E-16
  -18  -18    0  -9.786893209  -9.786893209   0.738547E-02  -0.199313E-16
   16  -20    0   8.699460630 -10.874325787   0.141483E-02   0.113064E-16
  -16   20    0  -8.699460630  10.874325787   0.141483E-02  -0.113064E-16
  -20  -16    0 -10.874325787  -8.699460630   0.141483E-02  -0.648996E-17
   20  -16    0  10.874325787  -8.699460630   0.141483E-02   0.199142E-17
  -20   16    0 -10.874325787   8.699460630   0.141483E-02  -0.199142E-17
   20   16    0  10.874325787   8.699460630   0.141483E-02   0.648996E-17
  -16  -20    0  -8.699460630 -10.874325787   0.141483E-02  -0.179330E-16
   16   20    0   8.699460630  10.874325787   0.141483E-02   0.179330E-16
   24  -10    0  13.049190945  -5.437162894   0.844434E-04   0.565634E-17
  -10   24    0  -5.437162894  13.049190945   0.844434E-04   0.102665E-16
   10   24    0   5.437162894  13.049190945   0.844434E-04  -0.128760E-16
   10  -24    0   5.437162894 -13.049190945   0.844434E-04  -0.102665E-16
  -10  -24    0  -5.437162894 -13.049190945   0.844434E-04   0.128760E-16
  -24   10    0 -13.049190945   5.437162894   0.844434E-04  -0.565634E-17
   24   10    0  13.049190945   5.437162894   0.844434E-04   0.371089E-17
  -24  -10    0 -13.049190945  -5.437162894   0.844434E-04  -0.371089E-17
   26    0    0  14.136623524  -0.000000000   0.351673E-02  -0.243636E-16
    0  -26    0  -0.000000000 -14.136623524   0.351673E-02   0.696191E-18
    0   26    0   0.000000000  14.136623524   0.351673E-02  -0.696191E-18
  -26    0    0 -14.136623524   0.000000000   0.351673E-02   0.243636E-16
   22   14    0  11.961758366   7.612028051   0.250733E-04   0.230752E-16
   14  -22    0   7.612028051 -11.961758366   0.250733E-04   0.314522E-17
   22  -14    0  11.961758366  -7.612028051   0.250733E-04   0.236275E-16
  -14   22    0  -7.612028051  11.961758366   0.250733E-04  -0.314522E-17
  -22   14    0 -11.961758366   7.612028051   0.250733E-04  -0.236275E-16
   14   22    0   7.612028051  11.961758366   0.250733E-04   0.954242E-17
  -22  -14    0 -11.961758366  -7.612028051   0.250733E-04  -0.230752E-16
  -14  -22    0  -7.612028051 -11.961758366   0.250733E-04  -0.954242E-17
   -2  -26    0  -1.087432579 -14.136623524   0.116895E-02  -0.167290E-17
    2  -26    0   1.087432579 -14.136623524   0.116895E-02   0.686548E-18
   26    2    0  14.136623524   1.087432579   0.116895E-02  -0.412831E-17
   26   -2    0  14.136623524  -1.087432579   0.116895E-02   0.969526E-17
  -26   -2    0 -14.136623524  -1.087432579   0.116895E-02   0.412831E-17
  -26    2    0 -14.136623524   1.087432579   0.116895E-02  -0.969526E-17
    2   26    0   1.087432579  14.136623524   0.116895E-02   0.167290E-17
   -2   26    0  -1.087432579  14.136623524   0.116895E-02  -0.686548E-18
  -26   -4    0 -14.136623524  -2.174865157  -0.159633E-02  -0.759193E-17
   -4   26    0  -2.174865157  14.136623524  -0.159633E-02  -0.504489E-18
    4   26    0   2.174865157  14.136623524  -0.159633E-02   0.709949E-17
   -4  -26    0  -2.174865157 -14.136623524  -0.159633E-02  -0.709949E-17
    4  -26    0   2.174865157 -14.136623524  -0.159633E-02   0.504489E-18
   26    4    0  14.136623524   2.174865157  -0.159633E-02   0.759193E-17
  -26    4    0 -14.136623524   2.174865157  -0.159633E-02  -0.309633E-17
   26   -4    0  14.136623524  -2.174865157  -0.159633E-02   0.309633E-17
  -26   -6    0 -14.136623524  -3.262297736   0.564802E-02  -0.642276E-17
   26   -6    0  14.136623524  -3.262297736   0.564802E-02  -0.947105E-17
   26    6    0  14.136623524   3.262297736   0.564802E-02   0.642276E-17
    6  -26    0   3.262297736 -14.136623524   0.564802E-02  -0.321698E-17
   -6   26    0  -3.262297736  14.136623524   0.564802E-02   0.321698E-17
    6   26    0   3.262297736  14.136623524   0.564802E-02  -0.117922E-16
   -6  -26    0  -3.262297736 -14.136623524   0.564802E-02   0.117922E-16
  -26    6    0 -14.136623524   3.262297736   0.564802E-02   0.947105E-17
  -24  -12    0 -13.049190945  -6.524595472   0.249788E-02   0.894858E-17
   12   24    0   6.524595472  13.049190945   0.249788E-02   0.362940E-17
   24   12    0  13.049190945   6.524595472   0.249788E-02  -0.894858E-17
  -24   12    0 -13.049190945   6.524595472   0.249788E-02  -0.179243E-17
   12  -24    0   6.524595472 -13.049190945   0.249788E-02   0.313581E-17
   24  -12    0  13.049190945  -6.524595472   0.249788E-02   0.179243E-17
  -12  -24    0  -6.524595472 -13.049190945   0.249788E-02  -0.362940E-17
  -12   24    0  -6.524595472  13.049190945   0.249788E-02  -0.313581E-17
   20  -18    0  10.874325787  -9.786893209  -0.237099E-02  -0.172752E-16
  -20  -18    0 -10.874325787  -9.786893209  -0.237099E-02   0.173483E-16
  -18   20    0  -9.786893209  10.874325787  -0.237099E-02   0.132567E-16
   18   20    0   9.786893209  10.874325787  -0.237099E-02  -0.134044E-16
   18  -20    0   9.786893209 -10.874325787  -0.237099E-02  -0.132567E-16
  -20   18    0 -10.874325787   9.786893209  -0.237099E-02   0.172752E-16
   20   18    0  10.874325787   9.786893209  -0.237099E-02  -0.173483E-16
  -18  -20    0  -9.786893209 -10.874325787  -0.237099E-02   0.134044E-16
   16   22    0   8.699460630  11.961758366   0.598846E-03  -0.149003E-16
  -16  -22    0  -8.699460630 -11.961758366   0.598846E-03   0.149003E-16
   22   16    0  11.961758366   8.699460630   0.598846E-03  -0.526106E-17
  -22   16    0 -11.961758366   8.699460630   0.598846E-03   0.628597E-17
  -16   22    0  -8.699460630  11.961758366   0.598846E-03   0.150322E-17
   16  -22    0   8.699460630 -11.961758366   0.598846E-03  -0.150322E-17
   22  -16    0  11.961758366  -8.699460630   0.598846E-03  -0.628597E-17
  -22  -16    0 -11.961758366  -8.699460630   0.598846E-03   0.526106E-17
  -26    8    0 -14.136623524   4.349730315  -0.256627E-02   0.116680E-16
   26    8    0  14.136623524   4.349730315  -0.256627E-02  -0.216456E-16
  -26   -8    0 -14.136623524  -4.349730315  -0.256627E-02   0.216456E-16
    8  -26    0   4.349730315 -14.136623524  -0.256627E-02  -0.497564E-17
   26   -8    0  14.136623524  -4.349730315  -0.256627E-02  -0.116680E-16
    8   26    0   4.349730315  14.136623524  -0.256627E-02  -0.142281E-16
   -8   26    0  -4.349730315  14.136623524  -0.256627E-02   0.497564E-17
   -8  -26    0  -4.349730315 -14.136623524  -0.256627E-02   0.142281E-16
   24   14    0  13.049190945   7.612028051  -0.343795E-02   0.168249E-16
  -24  -14    0 -13.049190945  -7.612028051  -0.343795E-02  -0.168249E-16
   14  -24    0   7.612028051 -13.049190945  -0.343795E-02  -0.949166E-17
  -14   24    0  -7.612028051  13.049190945  -0.343795E-02   0.949166E-17
  -24   14    0 -13.049190945   7.612028051  -0.343795E-02  -0.931813E-18
   14   24    0   7.612028051  13.049190945  -0.343795E-02  -0.133198E-16
  -14  -24    0  -7.612028051 -13.049190945  -0.343795E-02   0.133198E-16
   24  -14    0  13.049190945  -7.612028051  -0.343795E-02   0.931813E-18
  -26   10    0 -14.136623524   5.437162894   0.367625E-02   0.233177E-17
   26   10    0  14.136623524   5.437162894   0.367625E-02   0.223716E-17
   10  -26    0   5.437162894 -14.136623524   0.367625E-02   0.973773E-17
  -10   26    0  -5.437162894  14.136623524   0.367625E-02  -0.973773E-17
   10   26    0   5.437162894  14.136623524   0.367625E-02   0.214096E-16
   26  -10    0  14.136623524  -5.437162894   0.367625E-02  -0.233177E-17
  -26  -10    0 -14.136623524  -5.437162894   0.367625E-02  -0.223716E-17
  -10  -26    0  -5.437162894 -14.136623524   0.367625E-02  -0.214096E-16
    0  -28    0  -0.000000000 -15.224056102   0.858477E-02  -0.155428E-16
    0   28    0   0.000000000  15.224056102   0.858477E-02   0.155428E-16
  -28    0    0 -15.224056102   0.000000000   0.858477E-02  -0.154621E-16
   28    0    0  15.224056102  -0.000000000   0.858477E-02   0.154621E-16
  -28    2    0 -15.224056102   1.087432579   0.201562E-03  -0.747464E-17
   -2   28    0  -1.087432579  15.224056102   0.201562E-03   0.773586E-17
   28   -2    0  15.224056102  -1.087432579   0.201562E-03   0.747464E-17
  -28   -2    0 -15.224056102  -1.087432579   0.201562E-03   0.220789E-17
   28    2    0  15.224056102   1.087432579   0.201562E-03  -0.220789E-17
   -2  -28    0  -1.087432579 -15.224056102   0.201562E-03  -0.301612E-17
    2   28    0   1.087432579  15.224056102   0.201562E-03   0.301612E-17
    2  -28    0   1.087432579 -15.224056102   0.201562E-03  -0.773586E-17
  -20   20    0 -10.874325787  10.874325787  -0.362052E-03  -0.161439E-16
   20  -20    0  10.874325787 -10.874325787  -0.362052E-03   0.161439E-16
  -20  -20    0 -10.874325787 -10.874325787  -0.362052E-03  -0.241036E-16
   20   20    0  10.874325787  10.874325787  -0.362052E-03   0.241036E-16
    4  -28    0   2.174865157 -15.224056102   0.836930E-03  -0.563501E-17
   28    4    0  15.224056102   2.174865157   0.836930E-03   0.192745E-17
   28   -4    0  15.224056102  -2.174865157   0.836930E-03   0.114898E-16
  -28   -4    0 -15.224056102  -2.174865157   0.836930E-03  -0.192745E-17
   -4   28    0  -2.174865157  15.224056102   0.836930E-03   0.563501E-17
  -28    4    0 -15.224056102   2.174865157   0.836930E-03  -0.114898E-16
   -4  -28    0  -2.174865157 -15.224056102   0.836930E-03   0.429230E-17
    4   28    0   2.174865157  15.224056102   0.836930E-03  -0.429230E-17
  -22   18    0 -11.961758366   9.786893209   0.446277E-02  -0.526020E-16
  -18   22    0  -9.786893209  11.961758366   0.446277E-02  -0.242687E-16
   22  -18    0  11.961758366  -9.786893209   0.446277E-02   0.526020E-16
  -18  -22    0  -9.786893209 -11.961758366   0.446277E-02  -0.238855E-16
   18  -22    0   9.786893209 -11.961758366   0.446277E-02   0.242687E-16
  -22  -18    0 -11.961758366  -9.786893209   0.446277E-02  -0.354656E-16
   18   22    0   9.786893209  11.961758366   0.446277E-02   0.238855E-16
   22   18    0  11.961758366   9.786893209   0.446277E-02   0.354656E-16
   -6   28    0  -3.262297736  15.224056102   0.131052E-02  -0.844575E-18
  -28   -6    0 -15.224056102  -3.262297736   0.131052E-02  -0.375080E-18
   -6  -28    0  -3.262297736 -15.224056102   0.131052E-02   0.528127E-17
  -28    6    0 -15.224056102   3.262297736   0.131052E-02  -0.136100E-17
   26  -12    0  14.136623524  -6.524595472   0.112879E-02  -0.641206E-17
  -26  -12    0 -14.136623524  -6.524595472   0.112879E-02   0.529563E-18
  -12   26    0  -6.524595472  14.136623524   0.112879E-02   0.536960E-17
   28   -6    0  15.224056102  -3.262297736   0.131052E-02   0.136100E-17
   12  -26    0   6.524595472 -14.136623524   0.112879E-02  -0.536960E-17
   28    6    0  15.224056102   3.262297736   0.131052E-02   0.375080E-18
   12   26    0   6.524595472  14.136623524   0.112879E-02   0.154156E-16
  -26   12    0 -14.136623524   6.524595472   0.112879E-02   0.641206E-17
    6  -28    0   3.262297736 -15.224056102   0.131052E-02   0.844575E-18
  -12  -26    0  -6.524595472 -14.136623524   0.112879E-02  -0.154156E-16
    6   28    0   3.262297736  15.224056102   0.131052E-02  -0.528127E-17
   26   12    0  14.136623524   6.524595472   0.112879E-02  -0.529563E-18
  -16  -24    0  -8.699460630 -13.049190945   0.357449E-02  -0.230613E-16
   24  -16    0  13.049190945  -8.699460630   0.357449E-02  -0.215991E-16
   16  -24    0   8.699460630 -13.049190945   0.357449E-02   0.115231E-16
   16   24    0   8.699460630  13.049190945   0.357449E-02   0.230613E-16
  -16   24    0  -8.699460630  13.049190945   0.357449E-02  -0.115231E-16
   24   16    0  13.049190945   8.699460630   0.357449E-02  -0.109161E-16
  -24   16    0 -13.049190945   8.699460630   0.357449E-02   0.215991E-16
  -24  -16    0 -13.049190945  -8.699460630   0.357449E-02   0.109161E-16
  -28   -8    0 -15.224056102  -4.349730315   0.470800E-02  -0.239174E-16
  -28    8    0 -15.224056102   4.349730315   0.470800E-02  -0.186453E-16
    8  -28    0   4.349730315 -15.224056102   0.470800E-02   0.395392E-18
   -8   28    0  -4.349730315  15.224056102   0.470800E-02  -0.395392E-18
   28   -8    0  15.224056102  -4.349730315   0.470800E-02   0.186453E-16
   28    8    0  15.224056102   4.349730315   0.470800E-02   0.239174E-16
    8   28    0   4.349730315  15.224056102   0.470800E-02   0.831869E-17
   -8  -28    0  -4.349730315 -15.224056102   0.470800E-02  -0.831869E-17
  -14   26    0  -7.612028051  14.136623524  -0.438488E-03   0.347066E-17
  -14  -26    0  -7.612028051 -14.136623524  -0.438488E-03  -0.184933E-16
  -26   14    0 -14.136623524   7.612028051  -0.438488E-03  -0.121359E-16
   14   26    0   7.612028051  14.136623524  -0.438488E-03   0.184933E-16
   14  -26    0   7.612028051 -14.136623524  -0.438488E-03  -0.347066E-17
  -26  -14    0 -14.136623524  -7.612028051  -0.438488E-03  -0.447821E-17
   26   14    0  14.136623524   7.612028051  -0.438488E-03   0.447821E-17
   26  -14    0  14.136623524  -7.612028051  -0.438488E-03   0.121359E-16
  -22   20    0 -11.961758366  10.874325787  -0.164607E-02   0.180513E-16
   20  -22    0  10.874325787 -11.961758366  -0.164607E-02  -0.142239E-16
   20   22    0  10.874325787  11.961758366  -0.164607E-02  -0.158486E-16
   22  -20    0  11.961758366 -10.874325787  -0.164607E-02  -0.180513E-16
   22   20    0  11.961758366  10.874325787  -0.164607E-02  -0.688038E-17
  -20  -22    0 -10.874325787 -11.961758366  -0.164607E-02   0.158486E-16
  -22  -20    0 -11.961758366 -10.874325787  -0.164607E-02   0.688038E-17
  -20   22    0 -10.874325787  11.961758366  -0.164607E-02   0.142239E-16
  -28   10    0 -15.224056102   5.437162894   0.261198E-02   0.315387E-17
   28   10    0  15.224056102   5.437162894   0.261198E-02   0.293611E-17
   28  -10    0  15.224056102  -5.437162894   0.261198E-02  -0.315387E-17
  -10  -28    0  -5.437162894 -15.224056102   0.261198E-02   0.713703E-17
   10   28    0   5.437162894  15.224056102   0.261198E-02  -0.713703E-17
  -10   28    0  -5.437162894  15.224056102   0.261198E-02   0.851085E-17
  -28  -10    0 -15.224056102  -5.437162894   0.261198E-02  -0.293611E-17
   10  -28    0   5.437162894 -15.224056102   0.261198E-02  -0.851085E-17
   24  -18    0  13.049190945  -9.786893209   0.443131E-03   0.689233E-17
  -18  -24    0  -9.786893209 -13.049190945   0.443131E-03   0.607103E-17
  -24  -18    0 -13.049190945  -9.786893209   0.443131E-03   0.484065E-17
   24   18    0  13.049190945   9.786893209   0.443131E-03  -0.484065E-17
  -18   24    0  -9.786893209  13.049190945   0.443131E-03   0.273420E-17
   18   24    0   9.786893209  13.049190945   0.443131E-03  -0.607103E-17
  -24   18    0 -13.049190945   9.786893209   0.443131E-03  -0.689233E-17
   18  -24    0   9.786893209 -13.049190945   0.443131E-03  -0.273420E-17
   28  -12    0  15.224056102  -6.524595472   0.257977E-02   0.192281E-16
  -28  -12    0 -15.224056102  -6.524595472   0.257977E-02  -0.274667E-16
  -12   28    0  -6.524595472  15.224056102   0.257977E-02   0.850006E-17
   12  -28    0   6.524595472 -15.224056102   0.257977E-02  -0.850006E-17
  -28   12    0 -15.224056102   6.524595472   0.257977E-02  -0.192281E-16
   28   12    0  15.224056102   6.524595472   0.257977E-02   0.274667E-16
  -12  -28    0  -6.524595472 -15.224056102   0.257977E-02   0.801577E-17
   12   28    0   6.524595472  15.224056102   0.257977E-02  -0.801577E-17
  -16  -26    0  -8.699460630 -14.136623524   0.144935E-02   0.281779E-17
  -26  -16    0 -14.136623524  -8.699460630   0.144935E-02   0.136764E-16
   26   16    0  14.136623524   8.699460630   0.144935E-02  -0.136764E-16
   16  -26    0   8.699460630 -14.136623524   0.144935E-02  -0.319319E-17
   26  -16    0  14.136623524  -8.699460630   0.144935E-02  -0.126393E-16
  -16   26    0  -8.699460630  14.136623524   0.144935E-02   0.319319E-17
   16   26    0   8.699460630  14.136623524   0.144935E-02  -0.281779E-17
  -26   16    0 -14.136623524   8.699460630   0.144935E-02   0.126393E-16
   22  -22    0  11.961758366 -11.961758366  -0.400161E-03   0.479705E-17
  -22  -22    0 -11.961758366 -11.961758366  -0.400161E-03  -0.157493E-16
   22   22    0  11.961758366  11.961758366  -0.400161E-03   0.157493E-16
  -22   22    0 -11.961758366  11.961758366  -0.400161E-03  -0.479705E-17
  -20   24    0 -10.874325787  13.049190945   0.333646E-03  -0.871488E-17
  -24   20    0 -13.049190945  10.874325787   0.333646E-03  -0.461865E-17
  -24  -20    0 -13.049190945 -10.874325787   0.333646E-03   0.623546E-17
   24   20    0  13.049190945  10.874325787   0.333646E-03  -0.623546E-17
  -20  -24    0 -10.874325787 -13.049190945   0.333646E-03  -0.178413E-16
   20   24    0  10.874325787  13.049190945   0.333646E-03   0.178413E-16
   20  -24    0  10.874325787 -13.049190945   0.333646E-03   0.871488E-17
   24  -20    0  13.049190945 -10.874325787   0.333646E-03   0.461865E-17
  -28  -14    0 -15.224056102  -7.612028051  -0.246235E-02  -0.135946E-17
   14   28    0   7.612028051  15.224056102  -0.246235E-02  -0.242453E-16
  -14   28    0  -7.612028051  15.224056102  -0.246235E-02   0.457392E-17
   28   14    0  15.224056102   7.612028051  -0.246235E-02   0.135946E-17
  -14  -28    0  -7.612028051 -15.224056102  -0.246235E-02   0.242453E-16
  -28   14    0 -15.224056102   7.612028051  -0.246235E-02   0.386648E-17
   28  -14    0  15.224056102  -7.612028051  -0.246235E-02  -0.386648E-17
   14  -28    0   7.612028051 -15.224056102  -0.246235E-02  -0.457392E-17
   18  -26    0   9.786893209 -14.136623524   0.317826E-02   0.965804E-17
  -26  -18    0 -14.136623524  -9.786893209   0.317826E-02   0.110423E-16
  -18   26    0  -9.786893209  14.136623524   0.317826E-02  -0.965804E-17
   26   18    0  14.136623524   9.786893209   0.317826E-02  -0.110423E-16
   26  -18    0  14.136623524  -9.786893209   0.317826E-02  -0.100298E-17
  -26   18    0 -14.136623524   9.786893209   0.317826E-02   0.100298E-17
   18   26    0   9.786893209  14.136623524   0.317826E-02   0.207274E-16
  -18  -26    0  -9.786893209 -14.136623524   0.317826E-02  -0.207274E-16
  -16   28    0  -8.699460630  15.224056102   0.514652E-02   0.274509E-17
  -28   16    0 -15.224056102   8.699460630   0.514652E-02  -0.338532E-16
   28  -16    0  15.224056102  -8.699460630   0.514652E-02   0.338532E-16
  -16  -28    0  -8.699460630 -15.224056102   0.514652E-02  -0.516837E-16
   28   16    0  15.224056102   8.699460630   0.514652E-02   0.450686E-16
  -28  -16    0 -15.224056102  -8.699460630   0.514652E-02  -0.450686E-16
   16  -28    0   8.699460630 -15.224056102   0.514652E-02  -0.274509E-17
   16   28    0   8.699460630  15.224056102   0.514652E-02   0.516837E-16
  -24   22    0 -13.049190945  11.961758366  -0.563813E-03  -0.707444E-17
   22   24    0  11.961758366  13.049190945  -0.563813E-03  -0.118148E-16
  -22  -24    0 -11.961758366 -13.049190945  -0.563813E-03   0.118148E-16
   24  -22    0  13.049190945 -11.961758366  -0.563813E-03   0.707444E-17
   22  -24    0  11.961758366 -13.049190945  -0.563813E-03  -0.388850E-17
  -22   24    0 -11.961758366  13.049190945  -0.563813E-03   0.388850E-17
  -24  -22    0 -13.049190945 -11.961758366  -0.563813E-03  -0.546529E-17
   24   22    0  13.049190945  11.961758366  -0.563813E-03   0.546529E-17
  -26   20    0 -14.136623524  10.874325787  -0.234382E-02   0.194465E-17
  -26  -20    0 -14.136623524 -10.874325787  -0.234382E-02  -0.744424E-17
   26  -20    0  14.136623524 -10.874325787  -0.234382E-02  -0.194465E-17
  -20   26    0 -10.874325787  14.136623524  -0.234382E-02   0.150479E-16
   20  -26    0  10.874325787 -14.136623524  -0.234382E-02  -0.150479E-16
   20   26    0  10.874325787  14.136623524  -0.234382E-02  -0.240709E-16
   26   20    0  14.136623524  10.874325787  -0.234382E-02   0.744424E-17
  -20  -26    0 -10.874325787 -14.136623524  -0.234382E-02   0.240709E-16
   28  -18    0  15.224056102  -9.786893209   0.285977E-02   0.777126E-17
  -28   18    0 -15.224056102   9.786893209   0.285977E-02  -0.777126E-17
   18  -28    0   9.786893209 -15.224056102   0.285977E-02  -0.309818E-17
  -18   28    0  -9.786893209  15.224056102   0.285977E-02   0.309818E-17
   28   18    0  15.224056102   9.786893209   0.285977E-02  -0.157211E-17
  -18  -28    0  -9.786893209 -15.224056102   0.285977E-02  -0.123407E-16
  -28  -18    0 -15.224056102  -9.786893209   0.285977E-02   0.157211E-17
   18   28    0   9.786893209  15.224056102   0.285977E-02   0.123407E-16
   24   24    0  13.049190945  13.049190945   0.143380E-02   0.491896E-17
   24  -24    0  13.049190945 -13.049190945   0.143380E-02  -0.231553E-17
  -24  -24    0 -13.049190945 -13.049190945   0.143380E-02  -0.491896E-17
  -24   24    0 -13.049190945  13.049190945   0.143380E-02   0.231553E-17
   22   26    0  11.961758366  14.136623524   0.342159E-02   0.441679E-16
  -26  -22    0 -14.136623524 -11.961758366   0.342159E-02  -0.512938E-17
  -22  -26    0 -11.961758366 -14.136623524   0.342159E-02  -0.441679E-16
  -26   22    0 -14.136623524  11.961758366   0.342159E-02  -0.415816E-17
  -22   26    0 -11.961758366  14.136623524   0.342159E-02  -0.253482E-16
   22  -26    0  11.961758366 -14.136623524   0.342159E-02   0.253482E-16
   26  -22    0  14.136623524 -11.961758366   0.342159E-02   0.415816E-17
   26   22    0  14.136623524  11.961758366   0.342159E-02   0.512938E-17
  -28   20    0 -15.224056102  10.874325787   0.109503E-02  -0.127334E-16
  -28  -20    0 -15.224056102 -10.874325787   0.109503E-02  -0.555817E-17
   20  -28    0  10.874325787 -15.224056102   0.109503E-02   0.266937E-17
   28  -20    0  15.224056102 -10.874325787   0.109503E-02   0.127334E-16
   28   20    0  15.224056102  10.874325787   0.109503E-02   0.555817E-17
  -20  -28    0 -10.874325787 -15.224056102   0.109503E-02  -0.171604E-16
  -20   28    0 -10.874325787  15.224056102   0.109503E-02  -0.266937E-17
   20   28    0  10.874325787  15.224056102   0.109503E-02   0.171604E-16
  -24  -26    0 -13.049190945 -14.136623524  -0.532718E-03   0.369545E-17
   24  -26    0  13.049190945 -14.136623524  -0.532718E-03   0.128143E-17
  -26   24    0 -14.136623524  13.049190945  -0.532718E-03   0.143804E-17
  -26  -24    0 -14.136623524 -13.049190945  -0.532718E-03   0.122830E-16
   26   24    0  14.136623524  13.049190945  -0.532718E-03  -0.122830E-16
  -24   26    0 -13.049190945  14.136623524  -0.532718E-03  -0.128143E-17
   24   26    0  13.049190945  14.136623524  -0.532718E-03  -0.369545E-17
   26  -24    0  14.136623524 -13.049190945  -0.532718E-03  -0.143804E-17
   22  -28    0  11.961758366 -15.224056102  -0.299814E-03  -0.576071E-17
  -22   28    0 -11.961758366  15.224056102  -0.299814E-03   0.576071E-17
  -28  -22    0 -15.224056102 -11.961758366  -0.299814E-03   0.368142E-17
  -28   22    0 -15.224056102  11.961758366  -0.299814E-03   0.127094E-17
  -22  -28    0 -11.961758366 -15.224056102  -0.299814E-03   0.637681E-17
   28  -22    0  15.224056102 -11.961758366  -0.299814E-03  -0.127094E-17
   22   28    0  11.961758366  15.224056102  -0.299814E-03  -0.637681E-17
   28   22    0  15.224056102  11.961758366  -0.299814E-03  -0.368142E-17
  -26   26    0 -14.136623524  14.136623524   0.859608E-03   0.259285E-17
   26   26    0  14.136623524  14.136623524   0.859608E-03  -0.100543E-16
  -26  -26    0 -14.136623524 -14.136623524   0.859608E-03   0.100543E-16
   26  -26    0  14.136623524 -14.136623524   0.859608E-03  -0.259285E-17
   28  -24    0  15.224056102 -13.049190945   0.243446E-02   0.654126E-17
  -24  -28    0 -13.049190945 -15.224056102   0.243446E-02  -0.169714E-16
   28   24    0  15.224056102  13.049190945   0.243446E-02   0.158909E-16
   24  -28    0  13.049190945 -15.224056102   0.243446E-02  -0.685721E-17
   24   28    0  13.049190945  15.224056102   0.243446E-02   0.169714E-16
  -28  -24    0 -15.224056102 -13.049190945   0.243446E-02  -0.158909E-16
  -24   28    0 -13.049190945  15.224056102   0.243446E-02   0.685721E-17
  -28   24    0 -15.224056102  13.049190945   0.243446E-02  -0.654126E-17
  -28  -26    0 -15.224056102 -14.136623524   0.151702E-02  -0.667340E-19
   28   26    0  15.224056102  14.136623524   0.151702E-02   0.667340E-19
  -26  -28    0 -14.136623524 -15.224056102   0.151702E-02  -0.275443E-17
  -26   28    0 -14.136623524  15.224056102   0.151702E-02   0.131480E-16
   28  -26    0  15.224056102 -14.136623524   0.151702E-02  -0.374096E-19
   26   28    0  14.136623524  15.224056102   0.151702E-02   0.275443E-17
   26  -28    0  14.136623524 -15.224056102   0.151702E-02  -0.131480E-16
  -28   26    0 -15.224056102  14.136623524   0.151702E-02   0.374096E-19
  -28   28    0 -15.224056102  15.224056102   0.337230E-02   0.691227E-18
   28  -28    0  15.224056102 -15.224056102   0.337230E-02  -0.691227E-18
  -28  -28    0 -15.224056102 -15.224056102   0.337230E-02  -0.195414E-16
   28   28    0  15.224056102  15.224056102   0.337230E-02   0.195414E-16
