    0    0    0   0.000000000   0.000000000  -0.834307E-18   0.401126E-04
    0    1    0   0.000000000   0.478245207  -0.618876E-17   0.102460E-03
   -1    0    0  -0.478245207   0.000000000  -0.663341E-17   0.102460E-03
    1    0    0   0.478245207  -0.000000000  -0.663341E-17   0.102460E-03
    0   -1    0  -0.000000000  -0.478245207  -0.618876E-17   0.102460E-03
    1   -1    0   0.478245207  -0.478245207   0.128955E-17   0.330291E-17
   -1    1    0  -0.478245207   0.478245207   0.128955E-17  -0.376116E-17
    1    1    0   0.478245207   0.478245207  -0.123140E-17  -0.408455E-17
   -1   -1    0  -0.478245207  -0.478245207  -0.123140E-17   0.362630E-17
   -2    0    0  -0.956490414   0.000000000   0.211929E-02   0.166776E-03
    0    2    0   0.000000000   0.956490414   0.211929E-02   0.166776E-03
    2    0    0   0.956490414  -0.000000000   0.211929E-02   0.166776E-03
    0   -2    0  -0.000000000  -0.956490414   0.211929E-02   0.166776E-03
    2   -1    0   0.956490414  -0.478245207  -0.439345E-02  -0.238891E-03
    1   -2    0   0.478245207  -0.956490414  -0.312141E-17  -0.238891E-03
   -1   -2    0  -0.478245207  -0.956490414  -0.638388E-17  -0.238891E-03
   -2    1    0  -0.956490414   0.478245207  -0.439345E-02  -0.238891E-03
   -2   -1    0  -0.956490414  -0.478245207   0.439345E-02  -0.238891E-03
    1    2    0   0.478245207   0.956490414  -0.638388E-17  -0.238891E-03
    2    1    0   0.956490414   0.478245207   0.439345E-02  -0.238891E-03
   -1    2    0  -0.478245207   0.956490414  -0.312141E-17  -0.238891E-03
    2    2    0   0.956490414   0.956490414   0.284118E-02  -0.100030E-03
   -2   -2    0  -0.956490414  -0.956490414   0.284118E-02  -0.100030E-03
    2   -2    0   0.956490414  -0.956490414   0.284118E-02  -0.100030E-03
   -2    2    0  -0.956490414   0.956490414   0.284118E-02  -0.100030E-03
    0   -3    0  -0.000000000  -1.434735621  -0.178376E-16  -0.112060E-16
    0    3    0   0.000000000   1.434735621  -0.178376E-16   0.886180E-17
   -3    0    0  -1.434735621   0.000000000   0.503996E-17  -0.177796E-16
    3    0    0   1.434735621  -0.000000000   0.503996E-17   0.154354E-16
   -1    3    0  -0.478245207   1.434735621  -0.169709E-17  -0.881262E-04
   -3   -1    0  -1.434735621  -0.478245207  -0.240522E-17  -0.881262E-04
    3   -1    0   1.434735621  -0.478245207   0.404437E-17  -0.881262E-04
    1    3    0   0.478245207   1.434735621   0.391238E-17  -0.881262E-04
    1   -3    0   0.478245207  -1.434735621  -0.169709E-17  -0.881262E-04
   -1   -3    0  -0.478245207  -1.434735621   0.391238E-17  -0.881262E-04
    3    1    0   1.434735621   0.478245207  -0.240522E-17  -0.881262E-04
   -3    1    0  -1.434735621   0.478245207   0.404437E-17  -0.881262E-04
   -3    2    0  -1.434735621   0.956490414   0.567707E-17   0.191172E-03
    3    2    0   1.434735621   0.956490414   0.696887E-17   0.191172E-03
   -2   -3    0  -0.956490414  -1.434735621   0.194448E-01   0.191172E-03
   -3   -2    0  -1.434735621  -0.956490414   0.696887E-17   0.191172E-03
    2   -3    0   0.956490414  -1.434735621  -0.194448E-01   0.191172E-03
   -2    3    0  -0.956490414   1.434735621  -0.194448E-01   0.191172E-03
    3   -2    0   1.434735621  -0.956490414   0.567707E-17   0.191172E-03
    2    3    0   0.956490414   1.434735621   0.194448E-01   0.191172E-03
    0    4    0   0.000000000   1.912980828   0.238938E-01   0.446094E-03
    0   -4    0  -0.000000000  -1.912980828   0.238938E-01   0.446094E-03
   -4    0    0  -1.912980828   0.000000000   0.238938E-01   0.446094E-03
    4    0    0   1.912980828  -0.000000000   0.238938E-01   0.446094E-03
   -1    4    0  -0.478245207   1.912980828   0.105442E-16  -0.158193E-16
   -4   -1    0  -1.912980828  -0.478245207   0.104728E-01   0.230189E-17
    4    1    0   1.912980828   0.478245207   0.104728E-01  -0.199384E-17
    1    4    0   0.478245207   1.912980828   0.248355E-18   0.823970E-17
   -1   -4    0  -0.478245207  -1.912980828   0.248355E-18  -0.793166E-17
   -4    1    0  -1.912980828   0.478245207  -0.104728E-01   0.233410E-17
    1   -4    0   0.478245207  -1.912980828   0.105442E-16   0.161273E-16
    4   -1    0   1.912980828  -0.478245207  -0.104728E-01  -0.202605E-17
    3   -3    0   1.434735621  -1.434735621   0.681097E-17   0.426926E-03
    3    3    0   1.434735621   1.434735621  -0.217736E-17   0.426926E-03
   -3   -3    0  -1.434735621  -1.434735621  -0.217736E-17   0.426926E-03
   -3    3    0  -1.434735621   1.434735621   0.681097E-17   0.426926E-03
   -4   -2    0  -1.912980828  -0.956490414  -0.197333E-01  -0.239483E-03
    4   -2    0   1.912980828  -0.956490414  -0.197333E-01  -0.239483E-03
   -2    4    0  -0.956490414   1.912980828   0.252470E-01  -0.239483E-03
    4    2    0   1.912980828   0.956490414  -0.197333E-01  -0.239483E-03
   -4    2    0  -1.912980828   0.956490414  -0.197333E-01  -0.239483E-03
    2   -4    0   0.956490414  -1.912980828   0.252470E-01  -0.239483E-03
   -2   -4    0  -0.956490414  -1.912980828   0.252470E-01  -0.239483E-03
    2    4    0   0.956490414   1.912980828   0.252470E-01  -0.239483E-03
    4    3    0   1.912980828   1.434735621   0.451769E-02  -0.614463E-04
   -3    4    0  -1.434735621   1.912980828  -0.100449E-16  -0.614463E-04
    3   -4    0   1.434735621  -1.912980828  -0.100449E-16  -0.614463E-04
    3    4    0   1.434735621   1.912980828  -0.197298E-16  -0.614463E-04
    4   -3    0   1.912980828  -1.434735621  -0.451769E-02  -0.614463E-04
   -3   -4    0  -1.434735621  -1.912980828  -0.197298E-16  -0.614463E-04
   -4   -3    0  -1.912980828  -1.434735621   0.451769E-02  -0.614463E-04
   -4    3    0  -1.912980828   1.434735621  -0.451769E-02  -0.614463E-04
    5    0    0   2.391226035  -0.000000000  -0.690790E-17  -0.126257E-16
   -5    0    0  -2.391226035   0.000000000  -0.690790E-17   0.135138E-16
    0    5    0   0.000000000   2.391226035  -0.726445E-17   0.476246E-18
    0   -5    0  -0.000000000  -2.391226035  -0.726445E-17   0.411797E-18
    1   -5    0   0.478245207  -2.391226035   0.632360E-17  -0.737190E-17
    5   -1    0   2.391226035  -0.478245207   0.656586E-17   0.130002E-16
   -1    5    0  -0.478245207   2.391226035   0.632360E-17   0.648834E-17
   -1   -5    0  -0.478245207  -2.391226035  -0.231943E-17   0.374274E-17
    1    5    0   0.478245207   2.391226035  -0.231943E-17  -0.462629E-17
    5    1    0   2.391226035   0.478245207  -0.790550E-17  -0.185620E-16
   -5    1    0  -2.391226035   0.478245207   0.656586E-17  -0.138837E-16
   -5   -1    0  -2.391226035  -0.478245207  -0.790550E-17   0.176784E-16
   -2   -5    0  -0.956490414  -2.391226035   0.510147E-02  -0.186752E-03
   -5    2    0  -2.391226035   0.956490414   0.137697E-16  -0.186752E-03
    5   -2    0   2.391226035  -0.956490414   0.137697E-16  -0.186752E-03
    2    5    0   0.956490414   2.391226035   0.510147E-02  -0.186752E-03
    5    2    0   2.391226035   0.956490414   0.107825E-16  -0.186752E-03
   -2    5    0  -0.956490414   2.391226035  -0.510147E-02  -0.186752E-03
    2   -5    0   0.956490414  -2.391226035  -0.510147E-02  -0.186752E-03
   -5   -2    0  -2.391226035  -0.956490414   0.107825E-16  -0.186752E-03
    4    4    0   1.912980828   1.912980828   0.102033E-01   0.192973E-03
    4   -4    0   1.912980828  -1.912980828   0.102033E-01   0.192973E-03
   -4   -4    0  -1.912980828  -1.912980828   0.102033E-01   0.192973E-03
   -4    4    0  -1.912980828   1.912980828   0.102033E-01   0.192973E-03
   -3    5    0  -1.434735621   2.391226035   0.136317E-16  -0.111800E-16
    5    3    0   2.391226035   1.434735621  -0.298142E-16   0.773775E-17
   -5   -3    0  -2.391226035  -1.434735621  -0.298142E-16  -0.895169E-17
    3   -5    0   1.434735621  -2.391226035   0.136317E-16   0.996604E-17
    5   -3    0   2.391226035  -1.434735621   0.128110E-16   0.240621E-17
   -3   -5    0  -1.434735621  -2.391226035  -0.119596E-18   0.616747E-17
   -5    3    0  -2.391226035   1.434735621   0.128110E-16  -0.362015E-17
    3    5    0   1.434735621   2.391226035  -0.119596E-18  -0.738141E-17
    6    0    0   2.869471242  -0.000000000  -0.230667E-01  -0.378372E-03
    0    6    0   0.000000000   2.869471242  -0.230667E-01  -0.378372E-03
    0   -6    0  -0.000000000  -2.869471242  -0.230667E-01  -0.378372E-03
   -6    0    0  -2.869471242   0.000000000  -0.230667E-01  -0.378372E-03
    1    6    0   0.478245207   2.869471242  -0.247579E-17  -0.414757E-17
   -6   -1    0  -2.869471242  -0.478245207  -0.147259E-01   0.104046E-16
   -1    6    0  -0.478245207   2.869471242   0.393322E-17  -0.751335E-18
   -1   -6    0  -0.478245207  -2.869471242  -0.247579E-17   0.590796E-17
   -6    1    0  -2.869471242   0.478245207   0.147259E-01  -0.273272E-16
    6   -1    0   2.869471242  -0.478245207   0.147259E-01   0.290876E-16
    6    1    0   2.869471242   0.478245207  -0.147259E-01  -0.864422E-17
    1   -6    0   0.478245207  -2.869471242   0.393322E-17   0.251173E-17
   -2   -6    0  -0.956490414  -2.869471242   0.625387E-03   0.691325E-17
    2    6    0   0.956490414   2.869471242   0.625387E-03  -0.865970E-17
    6    2    0   2.869471242   0.956490414   0.149810E-01   0.408827E-16
    6   -2    0   2.869471242  -0.956490414   0.149810E-01   0.358412E-16
   -6   -2    0  -2.869471242  -0.956490414   0.149810E-01  -0.426292E-16
   -2    6    0  -0.956490414   2.869471242   0.625387E-03  -0.600420E-17
    2   -6    0   0.956490414  -2.869471242   0.625387E-03   0.425776E-17
   -6    2    0  -2.869471242   0.956490414   0.149810E-01  -0.375877E-16
    4   -5    0   1.912980828  -2.391226035   0.319012E-02  -0.139471E-03
    5    4    0   2.391226035   1.912980828  -0.237687E-17  -0.139471E-03
   -4   -5    0  -1.912980828  -2.391226035  -0.319012E-02  -0.139471E-03
   -4    5    0  -1.912980828   2.391226035   0.319012E-02  -0.139471E-03
   -5   -4    0  -2.391226035  -1.912980828  -0.237687E-17  -0.139471E-03
    4    5    0   1.912980828   2.391226035  -0.319012E-02  -0.139471E-03
   -5    4    0  -2.391226035   1.912980828  -0.324982E-17  -0.139471E-03
    5   -4    0   2.391226035  -1.912980828  -0.324982E-17  -0.139471E-03
   -6   -3    0  -2.869471242  -1.434735621  -0.122372E-01  -0.229225E-03
    6    3    0   2.869471242   1.434735621  -0.122372E-01  -0.229225E-03
    6   -3    0   2.869471242  -1.434735621   0.122372E-01  -0.229225E-03
    3    6    0   1.434735621   2.869471242  -0.390643E-18  -0.229225E-03
   -6    3    0  -2.869471242   1.434735621   0.122372E-01  -0.229225E-03
   -3    6    0  -1.434735621   2.869471242   0.758658E-17  -0.229225E-03
   -3   -6    0  -1.434735621  -2.869471242  -0.390643E-18  -0.229225E-03
    3   -6    0   1.434735621  -2.869471242   0.758658E-17  -0.229225E-03
   -7    0    0  -3.347716449   0.000000000  -0.187550E-16   0.262198E-16
    7    0    0   3.347716449  -0.000000000  -0.187550E-16  -0.259974E-16
    0   -7    0  -0.000000000  -3.347716449  -0.186341E-16   0.113232E-16
    0    7    0   0.000000000   3.347716449  -0.186341E-16  -0.111008E-16
   -1    7    0  -0.478245207   3.347716449   0.857332E-17  -0.617618E-17
    7   -1    0   3.347716449  -0.478245207  -0.388993E-16  -0.335719E-16
    1   -7    0   0.478245207  -3.347716449   0.857332E-17   0.628193E-17
    7    1    0   3.347716449   0.478245207   0.820678E-17   0.159335E-16
   -1   -7    0  -0.478245207  -3.347716449   0.409690E-17   0.375587E-17
    1    7    0   0.478245207   3.347716449   0.409690E-17  -0.365013E-17
   -7   -1    0  -3.347716449  -0.478245207   0.820678E-17  -0.158278E-16
   -7    1    0  -3.347716449   0.478245207  -0.388993E-16   0.336777E-16
    5   -5    0   2.391226035  -2.391226035  -0.114252E-17   0.154626E-03
   -5   -5    0  -2.391226035  -2.391226035   0.825297E-17   0.154626E-03
    5    5    0   2.391226035   2.391226035   0.825297E-17   0.154626E-03
   -5    5    0  -2.391226035   2.391226035  -0.114252E-17   0.154626E-03
    4    6    0   1.912980828   2.869471242   0.474068E-02   0.210743E-03
   -4   -6    0  -1.912980828  -2.869471242   0.474068E-02   0.210743E-03
    6   -4    0   2.869471242  -1.912980828   0.130743E-02   0.210743E-03
   -6    4    0  -2.869471242   1.912980828   0.130743E-02   0.210743E-03
    4   -6    0   1.912980828  -2.869471242   0.474068E-02   0.210743E-03
   -4    6    0  -1.912980828   2.869471242   0.474068E-02   0.210743E-03
    6    4    0   2.869471242   1.912980828   0.130743E-02   0.210743E-03
   -6   -4    0  -2.869471242  -1.912980828   0.130743E-02   0.210743E-03
   -2    7    0  -0.956490414   3.347716449  -0.122433E-01  -0.339077E-03
    2   -7    0   0.956490414  -3.347716449  -0.122433E-01  -0.339077E-03
    2    7    0   0.956490414   3.347716449   0.122433E-01  -0.339077E-03
   -2   -7    0  -0.956490414  -3.347716449   0.122433E-01  -0.339077E-03
   -7    2    0  -3.347716449   0.956490414  -0.115401E-16  -0.339077E-03
    7    2    0   3.347716449   0.956490414   0.256503E-17  -0.339077E-03
    7   -2    0   3.347716449  -0.956490414  -0.115401E-16  -0.339077E-03
   -7   -2    0  -3.347716449  -0.956490414   0.256503E-17  -0.339077E-03
   -3    7    0  -1.434735621   3.347716449   0.450841E-17   0.278537E-03
    3    7    0   1.434735621   3.347716449  -0.660321E-17   0.278537E-03
   -7   -3    0  -3.347716449  -1.434735621   0.930124E-17   0.278537E-03
    7   -3    0   3.347716449  -1.434735621  -0.136388E-16   0.278537E-03
   -3   -7    0  -1.434735621  -3.347716449  -0.660321E-17   0.278537E-03
   -7    3    0  -3.347716449   1.434735621  -0.136388E-16   0.278537E-03
    7    3    0   3.347716449   1.434735621   0.930124E-17   0.278537E-03
    3   -7    0   1.434735621  -3.347716449   0.450841E-17   0.278537E-03
   -5    6    0  -2.391226035   2.869471242   0.161569E-17   0.393228E-17
    5   -6    0   2.391226035  -2.869471242   0.161569E-17  -0.391905E-17
   -5   -6    0  -2.391226035  -2.869471242   0.372886E-17   0.596128E-17
    6   -5    0   2.869471242  -2.391226035   0.126607E-01   0.905258E-17
    6    5    0   2.869471242   2.391226035  -0.126607E-01  -0.362017E-16
   -6    5    0  -2.869471242   2.391226035   0.126607E-01  -0.903935E-17
   -6   -5    0  -2.869471242  -2.391226035  -0.126607E-01   0.362150E-16
    5    6    0   2.391226035   2.869471242   0.372886E-17  -0.594805E-17
    8    0    0   3.825961656  -0.000000000  -0.866655E-02  -0.170415E-03
    0   -8    0  -0.000000000  -3.825961656  -0.866655E-02  -0.170415E-03
   -8    0    0  -3.825961656   0.000000000  -0.866655E-02  -0.170415E-03
    0    8    0   0.000000000   3.825961656  -0.866655E-02  -0.170415E-03
    1    8    0   0.478245207   3.825961656   0.777890E-17   0.203487E-17
   -1   -8    0  -0.478245207  -3.825961656   0.777890E-17  -0.103456E-17
    1   -8    0   0.478245207  -3.825961656  -0.626125E-17   0.217376E-17
   -1    8    0  -0.478245207   3.825961656  -0.626125E-17  -0.117345E-17
   -8   -1    0  -3.825961656  -0.478245207   0.950152E-02  -0.240490E-16
   -8    1    0  -3.825961656   0.478245207  -0.950152E-02   0.110778E-16
    8   -1    0   3.825961656  -0.478245207  -0.950152E-02  -0.100775E-16
    8    1    0   3.825961656   0.478245207   0.950152E-02   0.250493E-16
   -7    4    0  -3.347716449   1.912980828  -0.240743E-16   0.147118E-17
    4   -7    0   1.912980828  -3.347716449   0.230489E-03   0.810451E-17
   -7   -4    0  -3.347716449  -1.912980828  -0.330638E-16   0.111574E-16
   -4    7    0  -1.912980828   3.347716449   0.230489E-03  -0.840087E-17
    4    7    0   1.912980828   3.347716449  -0.230489E-03  -0.224919E-17
    7    4    0   3.347716449   1.912980828  -0.330638E-16  -0.114537E-16
   -4   -7    0  -1.912980828  -3.347716449  -0.230489E-03   0.195283E-17
    7   -4    0   3.347716449  -1.912980828  -0.240743E-16  -0.176754E-17
    2    8    0   0.956490414   3.825961656   0.797708E-02   0.132396E-03
   -2    8    0  -0.956490414   3.825961656   0.797708E-02   0.132396E-03
    8    2    0   3.825961656   0.956490414  -0.298263E-03   0.132396E-03
   -8   -2    0  -3.825961656  -0.956490414  -0.298263E-03   0.132396E-03
   -2   -8    0  -0.956490414  -3.825961656   0.797708E-02   0.132396E-03
   -8    2    0  -3.825961656   0.956490414  -0.298263E-03   0.132396E-03
    8   -2    0   3.825961656  -0.956490414  -0.298263E-03   0.132396E-03
    2   -8    0   0.956490414  -3.825961656   0.797708E-02   0.132396E-03
   -6   -6    0  -2.869471242  -2.869471242   0.552937E-02   0.230291E-03
    6   -6    0   2.869471242  -2.869471242   0.552937E-02   0.230291E-03
    6    6    0   2.869471242   2.869471242   0.552937E-02   0.230291E-03
   -6    6    0  -2.869471242   2.869471242   0.552937E-02   0.230291E-03
    8   -3    0   3.825961656  -1.434735621   0.258147E-02   0.152876E-03
   -8    3    0  -3.825961656   1.434735621   0.258147E-02   0.152876E-03
   -8   -3    0  -3.825961656  -1.434735621  -0.258147E-02   0.152876E-03
    3    8    0   1.434735621   3.825961656  -0.191731E-16   0.152876E-03
    8    3    0   3.825961656   1.434735621  -0.258147E-02   0.152876E-03
    3   -8    0   1.434735621  -3.825961656  -0.745396E-17   0.152876E-03
   -3    8    0  -1.434735621   3.825961656  -0.745396E-17   0.152876E-03
   -3   -8    0  -1.434735621  -3.825961656  -0.191731E-16   0.152876E-03
   -7   -5    0  -3.347716449  -2.391226035   0.316796E-16   0.322281E-16
   -5    7    0  -2.391226035   3.347716449   0.169869E-17   0.395375E-18
   -5   -7    0  -2.391226035  -3.347716449   0.312984E-17   0.738766E-17
   -7    5    0  -3.347716449   2.391226035  -0.115173E-16  -0.209845E-16
    7   -5    0   3.347716449  -2.391226035  -0.115173E-16   0.215857E-16
    7    5    0   3.347716449   2.391226035   0.316796E-16  -0.316270E-16
    5   -7    0   2.391226035  -3.347716449   0.169869E-17   0.205797E-18
    5    7    0   2.391226035   3.347716449   0.312984E-17  -0.678649E-17
   -8   -4    0  -3.825961656  -1.912980828  -0.925190E-02  -0.521932E-04
    8   -4    0   3.825961656  -1.912980828  -0.925190E-02  -0.521932E-04
    8    4    0   3.825961656   1.912980828  -0.925190E-02  -0.521932E-04
    4    8    0   1.912980828   3.825961656   0.391534E-02  -0.521932E-04
   -8    4    0  -3.825961656   1.912980828  -0.925190E-02  -0.521932E-04
    4   -8    0   1.912980828  -3.825961656   0.391534E-02  -0.521932E-04
   -4    8    0  -1.912980828   3.825961656   0.391534E-02  -0.521932E-04
   -4   -8    0  -1.912980828  -3.825961656   0.391534E-02  -0.521932E-04
   -9    0    0  -4.304206863   0.000000000  -0.178677E-17   0.665016E-04
    0   -9    0  -0.000000000  -4.304206863  -0.399335E-17   0.665016E-04
    9    0    0   4.304206863  -0.000000000  -0.178677E-17   0.665016E-04
    0    9    0   0.000000000   4.304206863  -0.399335E-17   0.665016E-04
    9    1    0   4.304206863   0.478245207  -0.683346E-17  -0.238027E-18
    1    9    0   0.478245207   4.304206863  -0.518162E-18   0.285073E-18
   -1   -9    0  -0.478245207  -4.304206863  -0.518162E-18   0.103241E-17
   -9    1    0  -4.304206863   0.478245207  -0.613023E-17  -0.222779E-16
   -1    9    0  -0.478245207   4.304206863   0.400370E-17   0.637600E-17
   -9   -1    0  -4.304206863  -0.478245207  -0.683346E-17   0.155551E-17
    9   -1    0   4.304206863  -0.478245207  -0.613023E-17   0.235954E-16
    1   -9    0   0.478245207  -4.304206863   0.400370E-17  -0.505852E-17
   -2    9    0  -0.956490414   4.304206863  -0.513315E-04  -0.827158E-18
   -7   -6    0  -3.347716449  -2.869471242   0.381148E-16  -0.169994E-16
   -9   -2    0  -4.304206863  -0.956490414   0.700817E-17  -0.155339E-16
    7    6    0   3.347716449   2.869471242   0.381148E-16   0.184724E-16
    6    7    0   2.869471242   3.347716449   0.111117E-01   0.559519E-16
   -6    7    0  -2.869471242   3.347716449  -0.111117E-01  -0.706141E-17
   -7    6    0  -3.347716449   2.869471242   0.243904E-16  -0.189834E-16
   -2   -9    0  -0.956490414  -4.304206863   0.513315E-04   0.914344E-17
    7   -6    0   3.347716449  -2.869471242   0.243904E-16   0.204564E-16
   -6   -7    0  -2.869471242  -3.347716449   0.111117E-01  -0.544788E-16
    2   -9    0   0.956490414  -4.304206863  -0.513315E-04   0.837109E-18
    6   -7    0   2.869471242  -3.347716449  -0.111117E-01   0.853443E-17
    9   -2    0   4.304206863  -0.956490414   0.135102E-16   0.181860E-16
    9    2    0   4.304206863   0.956490414   0.700817E-17   0.155439E-16
   -9    2    0  -4.304206863   0.956490414   0.135102E-16  -0.181761E-16
    2    9    0   0.956490414   4.304206863   0.513315E-04  -0.913349E-17
    8   -5    0   3.825961656  -2.391226035  -0.261000E-02  -0.224982E-03
    8    5    0   3.825961656   2.391226035   0.261000E-02  -0.224982E-03
    5    8    0   2.391226035   3.825961656  -0.295578E-17  -0.224982E-03
   -8    5    0  -3.825961656   2.391226035  -0.261000E-02  -0.224982E-03
    5   -8    0   2.391226035  -3.825961656  -0.676909E-17  -0.224982E-03
   -8   -5    0  -3.825961656  -2.391226035   0.261000E-02  -0.224982E-03
   -5    8    0  -2.391226035   3.825961656  -0.676909E-17  -0.224982E-03
   -5   -8    0  -2.391226035  -3.825961656  -0.295578E-17  -0.224982E-03
    9   -3    0   4.304206863  -1.434735621   0.771277E-17  -0.161002E-17
   -9    3    0  -4.304206863   1.434735621   0.771277E-17   0.271896E-17
   -3   -9    0  -1.434735621  -4.304206863  -0.100352E-16   0.133255E-16
   -3    9    0  -1.434735621   4.304206863   0.397509E-17  -0.122548E-16
    3   -9    0   1.434735621  -4.304206863   0.397509E-17   0.133638E-16
   -9   -3    0  -4.304206863  -1.434735621  -0.180351E-16  -0.461700E-17
    9    3    0   4.304206863   1.434735621  -0.180351E-16   0.572594E-17
    3    9    0   1.434735621   4.304206863  -0.100352E-16  -0.122165E-16
    4   -9    0   1.912980828  -4.304206863   0.116556E-01   0.278730E-03
   -9   -4    0  -4.304206863  -1.912980828  -0.978864E-17   0.278730E-03
   -9    4    0  -4.304206863   1.912980828   0.978496E-18   0.278730E-03
   -4   -9    0  -1.912980828  -4.304206863  -0.116556E-01   0.278730E-03
    9   -4    0   4.304206863  -1.912980828   0.978496E-18   0.278730E-03
   -4    9    0  -1.912980828   4.304206863   0.116556E-01   0.278730E-03
    9    4    0   4.304206863   1.912980828  -0.978864E-17   0.278730E-03
    4    9    0   1.912980828   4.304206863  -0.116556E-01   0.278730E-03
   -7   -7    0  -3.347716449  -3.347716449   0.179895E-17   0.431865E-17
    7    7    0   3.347716449   3.347716449   0.179895E-17  -0.542573E-17
    7   -7    0   3.347716449  -3.347716449   0.545685E-17   0.157480E-17
   -7    7    0  -3.347716449   3.347716449   0.545685E-17  -0.268189E-17
   -6    8    0  -2.869471242   3.825961656   0.314377E-02   0.649608E-04
    6   -8    0   2.869471242  -3.825961656   0.314377E-02   0.649608E-04
    6    8    0   2.869471242   3.825961656   0.314377E-02   0.649608E-04
   -6   -8    0  -2.869471242  -3.825961656   0.314377E-02   0.649608E-04
    8    6    0   3.825961656   2.869471242   0.154105E-01   0.649608E-04
   -8   -6    0  -3.825961656  -2.869471242   0.154105E-01   0.649608E-04
   -8    6    0  -3.825961656   2.869471242   0.154105E-01   0.649608E-04
    8   -6    0   3.825961656  -2.869471242   0.154105E-01   0.649608E-04
    0  -10    0  -0.000000000  -4.782452070  -0.990167E-02  -0.988637E-04
  -10    0    0  -4.782452070   0.000000000  -0.990167E-02  -0.988637E-04
    0   10    0   0.000000000   4.782452070  -0.990167E-02  -0.988637E-04
   10    0    0   4.782452070  -0.000000000  -0.990167E-02  -0.988637E-04
    1  -10    0   0.478245207  -4.782452070  -0.315307E-17  -0.174302E-16
  -10   -1    0  -4.782452070  -0.478245207  -0.808605E-02   0.307536E-16
   -1   10    0  -0.478245207   4.782452070  -0.315307E-17   0.182347E-16
   10   -1    0   4.782452070  -0.478245207   0.808605E-02   0.127016E-16
  -10    1    0  -4.782452070   0.478245207   0.808605E-02  -0.118971E-16
   -1  -10    0  -0.478245207  -4.782452070   0.910647E-17  -0.164614E-16
   10    1    0   4.782452070   0.478245207  -0.808605E-02  -0.299491E-16
    1   10    0   0.478245207   4.782452070   0.910647E-17   0.172659E-16
   -2   10    0  -0.956490414   4.782452070   0.155414E-02  -0.228958E-04
   10   -2    0   4.782452070  -0.956490414   0.182754E-01  -0.228958E-04
   -2  -10    0  -0.956490414  -4.782452070   0.155414E-02  -0.228958E-04
   10    2    0   4.782452070   0.956490414   0.182754E-01  -0.228958E-04
    2  -10    0   0.956490414  -4.782452070   0.155414E-02  -0.228958E-04
  -10   -2    0  -4.782452070  -0.956490414   0.182754E-01  -0.228958E-04
  -10    2    0  -4.782452070   0.956490414   0.182754E-01  -0.228958E-04
    2   10    0   0.956490414   4.782452070   0.155414E-02  -0.228958E-04
   -9    5    0  -4.304206863   2.391226035  -0.653023E-17  -0.173770E-17
   -5   -9    0  -2.391226035  -4.304206863   0.285661E-17  -0.673387E-17
   -5    9    0  -2.391226035   4.304206863   0.234841E-17  -0.154390E-16
    9   -5    0   4.304206863  -2.391226035  -0.653023E-17  -0.192539E-18
    5    9    0   2.391226035   4.304206863   0.285661E-17   0.480364E-17
   -9   -5    0  -4.304206863  -2.391226035   0.107633E-16  -0.116372E-16
    9    5    0   4.304206863   2.391226035   0.107633E-16   0.970697E-17
    5   -9    0   2.391226035  -4.304206863   0.234841E-17   0.135087E-16
  -10   -3    0  -4.782452070  -1.434735621  -0.736355E-02  -0.233294E-03
    3  -10    0   1.434735621  -4.782452070  -0.155981E-17  -0.233294E-03
  -10    3    0  -4.782452070   1.434735621   0.736355E-02  -0.233294E-03
   -3   10    0  -1.434735621   4.782452070  -0.155981E-17  -0.233294E-03
   -3  -10    0  -1.434735621  -4.782452070   0.172624E-17  -0.233294E-03
    3   10    0   1.434735621   4.782452070   0.172624E-17  -0.233294E-03
   10   -3    0   4.782452070  -1.434735621   0.736355E-02  -0.233294E-03
   10    3    0   4.782452070   1.434735621  -0.736355E-02  -0.233294E-03
   -8    7    0  -3.825961656   3.347716449   0.200623E-02  -0.167678E-03
    8   -7    0   3.825961656  -3.347716449   0.200623E-02  -0.167678E-03
   -8   -7    0  -3.825961656  -3.347716449  -0.200623E-02  -0.167678E-03
   -7    8    0  -3.347716449   3.825961656   0.291239E-18  -0.167678E-03
    7   -8    0   3.347716449  -3.825961656   0.291239E-18  -0.167678E-03
    7    8    0   3.347716449   3.825961656   0.979899E-17  -0.167678E-03
    8    7    0   3.825961656   3.347716449  -0.200623E-02  -0.167678E-03
   -7   -8    0  -3.347716449  -3.825961656   0.979899E-17  -0.167678E-03
   10    4    0   4.782452070   1.912980828  -0.854748E-02  -0.164618E-03
    4   10    0   1.912980828   4.782452070   0.406436E-02  -0.164618E-03
   -4  -10    0  -1.912980828  -4.782452070   0.406436E-02  -0.164618E-03
   10   -4    0   4.782452070  -1.912980828  -0.854748E-02  -0.164618E-03
  -10   -4    0  -4.782452070  -1.912980828  -0.854748E-02  -0.164618E-03
    4  -10    0   1.912980828  -4.782452070   0.406436E-02  -0.164618E-03
  -10    4    0  -4.782452070   1.912980828  -0.854748E-02  -0.164618E-03
   -4   10    0  -1.912980828   4.782452070   0.406436E-02  -0.164618E-03
   -9   -6    0  -4.304206863  -2.869471242   0.167787E-17   0.244851E-17
   -9    6    0  -4.304206863   2.869471242  -0.120132E-16  -0.976513E-17
   -6   -9    0  -2.869471242  -4.304206863  -0.285585E-02   0.219994E-16
   -6    9    0  -2.869471242   4.304206863   0.285585E-02  -0.176124E-17
    6    9    0   2.869471242   4.304206863  -0.285585E-02  -0.209510E-16
    9   -6    0   4.304206863  -2.869471242  -0.120132E-16   0.108136E-16
    6   -9    0   2.869471242  -4.304206863   0.285585E-02   0.280966E-17
    9    6    0   4.304206863   2.869471242   0.167787E-17  -0.140009E-17
   11    0    0   5.260697277  -0.000000000   0.105489E-16  -0.242907E-16
  -11    0    0  -5.260697277   0.000000000   0.105489E-16   0.244968E-16
    0  -11    0  -0.000000000  -5.260697277   0.708910E-17   0.300131E-18
    0   11    0   0.000000000   5.260697277   0.708910E-17  -0.940829E-19
   -1   11    0  -0.478245207   5.260697277  -0.133040E-18   0.448602E-17
   11   -1    0   5.260697277  -0.478245207  -0.131898E-16   0.789426E-17
    1  -11    0   0.478245207  -5.260697277  -0.133040E-18  -0.453345E-17
  -11    1    0  -5.260697277   0.478245207  -0.131898E-16  -0.794169E-17
   -1  -11    0  -0.478245207  -5.260697277   0.964986E-17   0.682535E-18
  -11   -1    0  -5.260697277  -0.478245207   0.349735E-16  -0.935638E-17
   11    1    0   5.260697277   0.478245207   0.349735E-16   0.930895E-17
    1   11    0   0.478245207   5.260697277   0.964986E-17  -0.729963E-18
    2   11    0   0.956490414   5.260697277   0.808809E-02   0.180381E-03
   -2  -11    0  -0.956490414  -5.260697277   0.808809E-02   0.180381E-03
   11    2    0   5.260697277   0.956490414   0.112919E-17   0.180381E-03
    2  -11    0   0.956490414  -5.260697277  -0.808809E-02   0.180381E-03
   11   -2    0   5.260697277  -0.956490414  -0.987606E-17   0.180381E-03
   -2   11    0  -0.956490414   5.260697277  -0.808809E-02   0.180381E-03
  -11   -2    0  -5.260697277  -0.956490414   0.112919E-17   0.180381E-03
  -11    2    0  -5.260697277   0.956490414  -0.987606E-17   0.180381E-03
    5  -10    0   2.391226035  -4.782452070   0.102761E-16   0.786797E-17
   -5  -10    0  -2.391226035  -4.782452070   0.602846E-17   0.632858E-18
   -5   10    0  -2.391226035   4.782452070   0.102761E-16  -0.845525E-17
  -10    5    0  -4.782452070   2.391226035   0.118360E-01  -0.628683E-17
   10   -5    0   4.782452070  -2.391226035   0.118360E-01   0.569955E-17
   10    5    0   4.782452070   2.391226035  -0.118360E-01  -0.385245E-16
    5   10    0   2.391226035   4.782452070   0.602846E-17  -0.122014E-17
  -10   -5    0  -4.782452070  -2.391226035  -0.118360E-01   0.379372E-16
   -8    8    0  -3.825961656   3.825961656   0.801633E-02   0.284554E-03
    8    8    0   3.825961656   3.825961656   0.801633E-02   0.284554E-03
    8   -8    0   3.825961656  -3.825961656   0.801633E-02   0.284554E-03
   -8   -8    0  -3.825961656  -3.825961656   0.801633E-02   0.284554E-03
  -11   -3    0  -5.260697277  -1.434735621   0.367329E-16   0.821630E-17
    3  -11    0   1.434735621  -5.260697277   0.428335E-17  -0.497524E-17
   -3  -11    0  -1.434735621  -5.260697277   0.811306E-17  -0.410866E-17
   -9    7    0  -4.304206863   3.347716449   0.437261E-17  -0.415642E-17
   -7    9    0  -3.347716449   4.304206863   0.586340E-17  -0.529620E-17
   -3   11    0  -1.434735621   5.260697277   0.428335E-17   0.541804E-17
    9    7    0   4.304206863   3.347716449   0.142945E-17  -0.224565E-16
    7   -9    0   3.347716449  -4.304206863   0.586340E-17   0.454131E-17
   -7   -9    0  -3.347716449  -4.304206863  -0.224717E-16  -0.612888E-18
   11   -3    0   5.260697277  -1.434735621  -0.201513E-16  -0.244044E-17
   -9   -7    0  -4.304206863  -3.347716449   0.142945E-17   0.217016E-16
    7    9    0   3.347716449   4.304206863  -0.224717E-16  -0.141997E-18
    9   -7    0   4.304206863  -3.347716449   0.437261E-17   0.340154E-17
   11    3    0   5.260697277   1.434735621   0.367329E-16  -0.777350E-17
    3   11    0   1.434735621   5.260697277   0.811306E-17   0.455146E-17
  -11    3    0  -5.260697277   1.434735621  -0.201513E-16   0.288324E-17
  -10   -6    0  -4.782452070  -2.869471242   0.579064E-03   0.167489E-16
   -6   10    0  -2.869471242   4.782452070   0.722482E-02  -0.225757E-17
   10   -6    0   4.782452070  -2.869471242   0.579064E-03  -0.289468E-18
  -10    6    0  -4.782452070   2.869471242   0.579064E-03  -0.143050E-18
   10    6    0   4.782452070   2.869471242   0.579064E-03  -0.171814E-16
    6  -10    0   2.869471242  -4.782452070   0.722482E-02   0.182506E-17
    6   10    0   2.869471242   4.782452070   0.722482E-02   0.301079E-16
   -6  -10    0  -2.869471242  -4.782452070   0.722482E-02  -0.305404E-16
    4   11    0   1.912980828   5.260697277   0.857577E-02   0.169175E-03
   11   -4    0   5.260697277  -1.912980828   0.100578E-17   0.169175E-03
    4  -11    0   1.912980828  -5.260697277  -0.857577E-02   0.169175E-03
  -11    4    0  -5.260697277   1.912980828   0.100578E-17   0.169175E-03
   -4  -11    0  -1.912980828  -5.260697277   0.857577E-02   0.169175E-03
   -4   11    0  -1.912980828   5.260697277  -0.857577E-02   0.169175E-03
   11    4    0   5.260697277   1.912980828   0.285498E-16   0.169175E-03
  -11   -4    0  -5.260697277  -1.912980828   0.285498E-16   0.169175E-03
    0  -12    0  -0.000000000  -5.738942484   0.534395E-03   0.219565E-16
    0   12    0   0.000000000   5.738942484   0.534395E-03  -0.245764E-16
  -12    0    0  -5.738942484   0.000000000   0.534395E-03   0.640516E-17
   12    0    0   5.738942484  -0.000000000   0.534395E-03  -0.902507E-17
    9   -8    0   4.304206863  -3.825961656  -0.280145E-17  -0.126406E-16
   -8   -9    0  -3.825961656  -4.304206863  -0.890743E-02   0.440256E-16
    8    9    0   3.825961656   4.304206863  -0.890743E-02  -0.441142E-16
   -9    8    0  -4.304206863   3.825961656  -0.280145E-17   0.125520E-16
    8   -9    0   3.825961656  -4.304206863   0.890743E-02  -0.938634E-17
    9    8    0   4.304206863   3.825961656  -0.107795E-16  -0.134894E-16
   -9   -8    0  -4.304206863  -3.825961656  -0.107795E-16   0.134008E-16
   -8    9    0  -3.825961656   4.304206863   0.890743E-02   0.929770E-17
   -1   12    0  -0.478245207   5.738942484   0.247480E-17  -0.672346E-05
   12    1    0   5.738942484   0.478245207   0.846045E-02  -0.672346E-05
   12   -1    0   5.738942484  -0.478245207  -0.846045E-02  -0.672346E-05
  -12   -1    0  -5.738942484  -0.478245207   0.846045E-02  -0.672346E-05
    1  -12    0   0.478245207  -5.738942484   0.247480E-17  -0.672346E-05
   -1  -12    0  -0.478245207  -5.738942484  -0.155836E-17  -0.672346E-05
    1   12    0   0.478245207   5.738942484  -0.155836E-17  -0.672346E-05
  -12    1    0  -5.738942484   0.478245207  -0.846045E-02  -0.672346E-05
    5  -11    0   2.391226035  -5.260697277  -0.155359E-18  -0.643578E-17
  -11    5    0  -5.260697277   2.391226035  -0.158449E-16  -0.312044E-17
   -5   11    0  -2.391226035   5.260697277  -0.155359E-18   0.540329E-17
   -5  -11    0  -2.391226035  -5.260697277   0.703578E-17  -0.216240E-16
   11   -5    0   5.260697277  -2.391226035  -0.158449E-16   0.208794E-17
   11    5    0   5.260697277   2.391226035   0.334431E-16   0.142761E-16
  -11   -5    0  -5.260697277  -2.391226035   0.334431E-16  -0.153086E-16
    5   11    0   2.391226035   5.260697277   0.703578E-17   0.205915E-16
   12    2    0   5.738942484   0.956490414   0.111177E-01   0.441058E-03
    2  -12    0   0.956490414  -5.738942484  -0.986313E-02   0.441058E-03
  -12    2    0  -5.738942484   0.956490414   0.111177E-01   0.441058E-03
  -12   -2    0  -5.738942484  -0.956490414   0.111177E-01   0.441058E-03
   12   -2    0   5.738942484  -0.956490414   0.111177E-01   0.441058E-03
   -2  -12    0  -0.956490414  -5.738942484  -0.986313E-02   0.441058E-03
   -2   12    0  -0.956490414   5.738942484  -0.986313E-02   0.441058E-03
    2   12    0   0.956490414   5.738942484  -0.986313E-02   0.441058E-03
   -7  -10    0  -3.347716449  -4.782452070   0.503139E-17  -0.397422E-17
   10    7    0   4.782452070   3.347716449  -0.505937E-02  -0.334794E-16
   -7   10    0  -3.347716449   4.782452070   0.121136E-16   0.953247E-17
   10   -7    0   4.782452070  -3.347716449   0.505937E-02   0.796354E-17
    7  -10    0   3.347716449  -4.782452070   0.121136E-16  -0.812944E-17
  -10   -7    0  -4.782452070  -3.347716449  -0.505937E-02   0.348825E-16
    7   10    0   3.347716449   4.782452070   0.503139E-17   0.537725E-17
  -10    7    0  -4.782452070   3.347716449   0.505937E-02  -0.656051E-17
   -3  -12    0  -1.434735621  -5.738942484   0.465758E-17   0.767382E-17
   12    3    0   5.738942484   1.434735621   0.583828E-03  -0.899618E-17
    3   12    0   1.434735621   5.738942484   0.465758E-17  -0.859448E-17
    3  -12    0   1.434735621  -5.738942484   0.430762E-17   0.492982E-18
  -12    3    0  -5.738942484   1.434735621  -0.583828E-03   0.823885E-17
   12   -3    0   5.738942484  -1.434735621  -0.583828E-03  -0.915951E-17
  -12   -3    0  -5.738942484  -1.434735621   0.583828E-03   0.807553E-17
   -3   12    0  -1.434735621   5.738942484   0.430762E-17  -0.141363E-17
  -11    6    0  -5.260697277   2.869471242  -0.734194E-17  -0.107560E-16
  -11   -6    0  -5.260697277  -2.869471242   0.164524E-16  -0.288147E-16
   11   -6    0   5.260697277  -2.869471242  -0.734194E-17   0.110872E-16
    6   11    0   2.869471242   5.260697277   0.102961E-01   0.469591E-16
    6  -11    0   2.869471242  -5.260697277  -0.102961E-01   0.139738E-16
   11    6    0   5.260697277   2.869471242   0.164524E-16   0.291459E-16
   -6   11    0  -2.869471242   5.260697277  -0.102961E-01  -0.136426E-16
   -6  -11    0  -2.869471242  -5.260697277   0.102961E-01  -0.466279E-16
   -4  -12    0  -1.912980828  -5.738942484   0.127397E-01   0.416287E-03
   12   -4    0   5.738942484  -1.912980828   0.117742E-02   0.416287E-03
  -12   -4    0  -5.738942484  -1.912980828   0.117742E-02   0.416287E-03
   -4   12    0  -1.912980828   5.738942484   0.127397E-01   0.416287E-03
   12    4    0   5.738942484   1.912980828   0.117742E-02   0.416287E-03
    4  -12    0   1.912980828  -5.738942484   0.127397E-01   0.416287E-03
  -12    4    0  -5.738942484   1.912980828   0.117742E-02   0.416287E-03
    4   12    0   1.912980828   5.738942484   0.127397E-01   0.416287E-03
   -9    9    0  -4.304206863   4.304206863  -0.114511E-16   0.397450E-17
    9   -9    0   4.304206863  -4.304206863  -0.114511E-16  -0.451147E-17
    9    9    0   4.304206863   4.304206863   0.292070E-16  -0.534377E-18
   -9   -9    0  -4.304206863  -4.304206863   0.292070E-16  -0.258373E-20
    8  -10    0   3.825961656  -4.782452070   0.748725E-02   0.150806E-03
   -8   10    0  -3.825961656   4.782452070   0.748725E-02   0.150806E-03
  -10   -8    0  -4.782452070  -3.825961656   0.336206E-02   0.150806E-03
   10   -8    0   4.782452070  -3.825961656   0.336206E-02   0.150806E-03
  -10    8    0  -4.782452070   3.825961656   0.336206E-02   0.150806E-03
   10    8    0   4.782452070   3.825961656   0.336206E-02   0.150806E-03
   -8  -10    0  -3.825961656  -4.782452070   0.748725E-02   0.150806E-03
    8   10    0   3.825961656   4.782452070   0.748725E-02   0.150806E-03
  -13    0    0  -6.217187691   0.000000000  -0.978960E-17   0.138797E-16
    0  -13    0  -0.000000000  -6.217187691  -0.769015E-17   0.188214E-16
   13    0    0   6.217187691  -0.000000000  -0.978960E-17  -0.141169E-16
    0   13    0   0.000000000   6.217187691  -0.769015E-17  -0.190587E-16
   -5  -12    0  -2.391226035  -5.738942484  -0.271152E-16   0.473720E-17
   12   -5    0   5.738942484  -2.391226035  -0.508329E-02  -0.534976E-17
   -5   12    0  -2.391226035   5.738942484  -0.136478E-16  -0.376604E-17
  -12    5    0  -5.738942484   2.391226035  -0.508329E-02   0.650916E-17
    5  -12    0   2.391226035  -5.738942484  -0.136478E-16   0.492545E-17
    5   12    0   2.391226035   5.738942484  -0.271152E-16  -0.357780E-17
   12    5    0   5.738942484   2.391226035   0.508329E-02   0.255264E-16
  -12   -5    0  -5.738942484  -2.391226035   0.508329E-02  -0.243670E-16
   11    7    0   5.260697277   3.347716449   0.197884E-16   0.631622E-17
   -1  -13    0  -0.478245207  -6.217187691  -0.929606E-17  -0.668226E-17
    1  -13    0   0.478245207  -6.217187691   0.507480E-18   0.504105E-17
   -7   11    0  -3.347716449   5.260697277   0.254430E-16   0.395602E-17
   13   -1    0   6.217187691  -0.478245207   0.124305E-16  -0.224649E-17
    7  -11    0   3.347716449  -5.260697277   0.254430E-16  -0.403149E-17
   -1   13    0  -0.478245207   6.217187691   0.507480E-18  -0.499655E-17
   13    1    0   6.217187691   0.478245207  -0.185675E-16   0.104646E-16
   11   -7    0   5.260697277  -3.347716449  -0.208292E-16   0.536230E-17
  -13   -1    0  -6.217187691  -0.478245207  -0.185675E-16  -0.104200E-16
  -13    1    0  -6.217187691   0.478245207   0.124305E-16   0.229100E-17
  -11   -7    0  -5.260697277  -3.347716449   0.197884E-16  -0.639168E-17
    1   13    0   0.478245207   6.217187691  -0.929606E-17   0.672676E-17
    7   11    0   3.347716449   5.260697277  -0.106959E-16   0.111281E-16
  -11    7    0  -5.260697277   3.347716449  -0.208292E-16  -0.543777E-17
   -7  -11    0  -3.347716449  -5.260697277  -0.106959E-16  -0.112035E-16
  -13   -2    0  -6.217187691  -0.956490414  -0.902880E-17   0.724704E-17
   -2   13    0  -0.956490414   6.217187691   0.943834E-02   0.157963E-16
    2   13    0   0.956490414   6.217187691  -0.943834E-02  -0.241222E-16
   -2  -13    0  -0.956490414  -6.217187691  -0.943834E-02   0.237566E-16
    2  -13    0   0.956490414  -6.217187691   0.943834E-02  -0.161619E-16
   13    2    0   6.217187691   0.956490414  -0.902880E-17  -0.761258E-17
  -13    2    0  -6.217187691   0.956490414   0.244595E-17   0.228119E-17
   13   -2    0   6.217187691  -0.956490414   0.244595E-17  -0.264673E-17
  -13   -3    0  -6.217187691  -1.434735621   0.220302E-18  -0.182608E-16
   13   -3    0   6.217187691  -1.434735621  -0.606888E-17   0.748236E-17
   13    3    0   6.217187691   1.434735621   0.220302E-18   0.176597E-16
    3  -13    0   1.434735621  -6.217187691   0.700417E-17  -0.376923E-17
   -3   13    0  -1.434735621   6.217187691   0.700417E-17   0.316809E-17
    3   13    0   1.434735621   6.217187691   0.794177E-17  -0.172721E-17
   -3  -13    0  -1.434735621  -6.217187691   0.794177E-17   0.112608E-17
  -13    3    0  -6.217187691   1.434735621  -0.606888E-17  -0.808349E-17
  -12   -6    0  -5.738942484  -2.869471242   0.118504E-01   0.416694E-03
    6   12    0   2.869471242   5.738942484   0.619637E-03   0.416694E-03
   12    6    0   5.738942484   2.869471242   0.118504E-01   0.416694E-03
  -12    6    0  -5.738942484   2.869471242   0.118504E-01   0.416694E-03
    6  -12    0   2.869471242  -5.738942484   0.619637E-03   0.416694E-03
   12   -6    0   5.738942484  -2.869471242   0.118504E-01   0.416694E-03
   -6  -12    0  -2.869471242  -5.738942484   0.619637E-03   0.416694E-03
   -6   12    0  -2.869471242   5.738942484   0.619637E-03   0.416694E-03
   10   -9    0   4.782452070  -4.304206863   0.116556E-03   0.215660E-17
  -10   -9    0  -4.782452070  -4.304206863  -0.116556E-03  -0.712653E-17
   -9   10    0  -4.304206863   4.782452070   0.396592E-17  -0.114046E-16
    9   10    0   4.304206863   4.782452070  -0.383265E-17   0.126919E-17
    9  -10    0   4.304206863  -4.782452070   0.396592E-17   0.121348E-16
  -10    9    0  -4.782452070   4.304206863   0.116556E-03  -0.142643E-17
   10    9    0   4.782452070   4.304206863  -0.116556E-03   0.785670E-17
   -9  -10    0  -4.304206863  -4.782452070  -0.383265E-17  -0.539023E-18
   13    4    0   6.217187691   1.912980828   0.125680E-16  -0.110516E-16
   13   -4    0   6.217187691  -1.912980828   0.310190E-16  -0.123694E-16
  -13   -4    0  -6.217187691  -1.912980828   0.125680E-16   0.117389E-16
    8   11    0   3.825961656   5.260697277  -0.771895E-03   0.645502E-04
   -8   11    0  -3.825961656   5.260697277   0.771895E-03   0.645502E-04
   11    8    0   5.260697277   3.825961656  -0.281092E-16   0.645502E-04
    4  -13    0   1.912980828  -6.217187691   0.297677E-02  -0.238886E-17
  -13    4    0  -6.217187691   1.912980828   0.310190E-16   0.130567E-16
  -11   -8    0  -5.260697277  -3.825961656  -0.281092E-16   0.645502E-04
  -11    8    0  -5.260697277   3.825961656  -0.226112E-16   0.645502E-04
    8  -11    0   3.825961656  -5.260697277   0.771895E-03   0.645502E-04
    4   13    0   1.912980828   6.217187691  -0.297677E-02  -0.126527E-16
   -8  -11    0  -3.825961656  -5.260697277  -0.771895E-03   0.645502E-04
   11   -8    0   5.260697277  -3.825961656  -0.226112E-16   0.645502E-04
   -4   13    0  -1.912980828   6.217187691   0.297677E-02   0.307622E-17
   -4  -13    0  -1.912980828  -6.217187691  -0.297677E-02   0.133401E-16
   12    7    0   5.738942484   3.347716449  -0.509131E-02   0.356058E-03
  -12   -7    0  -5.738942484  -3.347716449  -0.509131E-02   0.356058E-03
    7  -12    0   3.347716449  -5.738942484   0.158580E-16   0.356058E-03
   -7   12    0  -3.347716449   5.738942484   0.158580E-16   0.356058E-03
  -12    7    0  -5.738942484   3.347716449   0.509131E-02   0.356058E-03
    7   12    0   3.347716449   5.738942484   0.815186E-17   0.356058E-03
   -7  -12    0  -3.347716449  -5.738942484   0.815186E-17   0.356058E-03
   12   -7    0   5.738942484  -3.347716449   0.509131E-02   0.356058E-03
  -13    5    0  -6.217187691   2.391226035  -0.913298E-17  -0.965745E-17
   13    5    0   6.217187691   2.391226035  -0.131769E-17   0.822214E-17
    5  -13    0   2.391226035  -6.217187691   0.106530E-16   0.110323E-16
   -5   13    0  -2.391226035   6.217187691   0.106530E-16  -0.108671E-16
    5   13    0   2.391226035   6.217187691  -0.605319E-17  -0.830440E-17
   13   -5    0   6.217187691  -2.391226035  -0.913298E-17   0.982269E-17
  -13   -5    0  -6.217187691  -2.391226035  -0.131769E-17  -0.805690E-17
   -5  -13    0  -2.391226035  -6.217187691  -0.605319E-17   0.846964E-17
    0  -14    0  -0.000000000  -6.695432898   0.660250E-04   0.512858E-17
    0   14    0   0.000000000   6.695432898   0.660250E-04  -0.632570E-17
  -14    0    0  -6.695432898   0.000000000   0.660250E-04   0.101632E-16
   14    0    0   6.695432898  -0.000000000   0.660250E-04  -0.113603E-16
  -14    1    0  -6.695432898   0.478245207   0.157542E-02   0.417008E-04
   -1   14    0  -0.478245207   6.695432898   0.869390E-18   0.417008E-04
   14   -1    0   6.695432898  -0.478245207   0.157542E-02   0.417008E-04
  -14   -1    0  -6.695432898  -0.478245207  -0.157542E-02   0.417008E-04
   14    1    0   6.695432898   0.478245207  -0.157542E-02   0.417008E-04
   -1  -14    0  -0.478245207  -6.695432898  -0.412648E-17   0.417008E-04
    1   14    0   0.478245207   6.695432898  -0.412648E-17   0.417008E-04
    1  -14    0   0.478245207  -6.695432898   0.869390E-18   0.417008E-04
    2  -14    0   0.956490414  -6.695432898   0.821281E-03  -0.542151E-04
   14   -2    0   6.695432898  -0.956490414   0.748908E-02  -0.542151E-04
   14    2    0   6.695432898   0.956490414   0.748908E-02  -0.542151E-04
  -14    2    0  -6.695432898   0.956490414   0.748908E-02  -0.542151E-04
   -2   14    0  -0.956490414   6.695432898   0.821281E-03  -0.542151E-04
  -14   -2    0  -6.695432898  -0.956490414   0.748908E-02  -0.542151E-04
    2   14    0   0.956490414   6.695432898   0.821281E-03  -0.542151E-04
   -2  -14    0  -0.956490414  -6.695432898   0.821281E-03  -0.542151E-04
   10  -10    0   4.782452070  -4.782452070   0.898642E-02   0.156727E-03
  -10  -10    0  -4.782452070  -4.782452070   0.898642E-02   0.156727E-03
  -10   10    0  -4.782452070   4.782452070   0.898642E-02   0.156727E-03
   10   10    0   4.782452070   4.782452070   0.898642E-02   0.156727E-03
  -11    9    0  -5.260697277   4.304206863  -0.170485E-16   0.908868E-17
   -9   11    0  -4.304206863   5.260697277   0.288132E-17   0.716839E-17
   11   -9    0   5.260697277  -4.304206863  -0.170485E-16  -0.719317E-17
   -9  -11    0  -4.304206863  -5.260697277  -0.640860E-17  -0.831717E-17
    9  -11    0   4.304206863  -5.260697277   0.288132E-17  -0.527288E-17
  -11   -9    0  -5.260697277  -4.304206863   0.661513E-17  -0.535059E-17
    9   11    0   4.304206863   5.260697277  -0.640860E-17   0.102127E-16
   11    9    0   5.260697277   4.304206863   0.661513E-17   0.724610E-17
   -3   14    0  -1.434735621   6.695432898   0.475811E-17  -0.785020E-18
  -14   -3    0  -6.695432898  -1.434735621   0.982052E-02  -0.315652E-16
   -3  -14    0  -1.434735621  -6.695432898   0.798301E-17  -0.646288E-17
  -14    3    0  -6.695432898   1.434735621  -0.982052E-02   0.347028E-16
   13   -6    0   6.217187691  -2.869471242  -0.176071E-16  -0.238314E-17
  -13   -6    0  -6.217187691  -2.869471242  -0.237654E-16   0.664547E-17
   -6   13    0  -2.869471242   6.217187691   0.834905E-02   0.169972E-16
   14   -3    0   6.695432898  -1.434735621  -0.982052E-02  -0.360229E-16
    6  -13    0   2.869471242  -6.217187691   0.834905E-02  -0.155628E-16
   14    3    0   6.695432898   1.434735621   0.982052E-02   0.302452E-16
    6   13    0   2.869471242   6.217187691  -0.834905E-02  -0.219508E-16
  -13    6    0  -6.217187691   2.869471242  -0.176071E-16   0.381756E-17
    3  -14    0   1.434735621  -6.695432898   0.475811E-17  -0.535031E-18
   -6  -13    0  -2.869471242  -6.217187691  -0.834905E-02   0.233853E-16
    3   14    0   1.434735621   6.695432898   0.798301E-17   0.514283E-17
   13    6    0   6.217187691   2.869471242  -0.237654E-16  -0.521105E-17
   -8  -12    0  -3.825961656  -5.738942484   0.790566E-02   0.342137E-03
   12   -8    0   5.738942484  -3.825961656  -0.360492E-02   0.342137E-03
    8  -12    0   3.825961656  -5.738942484   0.790566E-02   0.342137E-03
    8   12    0   3.825961656   5.738942484   0.790566E-02   0.342137E-03
   -8   12    0  -3.825961656   5.738942484   0.790566E-02   0.342137E-03
   12    8    0   5.738942484   3.825961656  -0.360492E-02   0.342137E-03
  -12    8    0  -5.738942484   3.825961656  -0.360492E-02   0.342137E-03
  -12   -8    0  -5.738942484  -3.825961656  -0.360492E-02   0.342137E-03
  -14   -4    0  -6.695432898  -1.912980828   0.286574E-02   0.231747E-03
  -14    4    0  -6.695432898   1.912980828   0.286574E-02   0.231747E-03
    4  -14    0   1.912980828  -6.695432898   0.628999E-02   0.231747E-03
   -4   14    0  -1.912980828   6.695432898   0.628999E-02   0.231747E-03
   14   -4    0   6.695432898  -1.912980828   0.286574E-02   0.231747E-03
   14    4    0   6.695432898   1.912980828   0.286574E-02   0.231747E-03
    4   14    0   1.912980828   6.695432898   0.628999E-02   0.231747E-03
   -4  -14    0  -1.912980828  -6.695432898   0.628999E-02   0.231747E-03
   -7   13    0  -3.347716449   6.217187691  -0.139111E-16   0.129788E-18
   -7  -13    0  -3.347716449  -6.217187691   0.399784E-18   0.939283E-17
  -13    7    0  -6.217187691   3.347716449  -0.584078E-17  -0.530773E-17
    7   13    0   3.347716449   6.217187691   0.399784E-18  -0.949372E-17
    7  -13    0   3.347716449  -6.217187691  -0.139111E-16  -0.230682E-18
  -13   -7    0  -6.217187691  -3.347716449  -0.888779E-17  -0.571155E-18
   13    7    0   6.217187691   3.347716449  -0.888779E-17   0.470261E-18
   13   -7    0   6.217187691  -3.347716449  -0.584078E-17   0.520683E-17
  -14    5    0  -6.695432898   2.391226035  -0.961209E-02  -0.221650E-03
   -5  -14    0  -2.391226035  -6.695432898  -0.719340E-17  -0.221650E-03
   14   -5    0   6.695432898  -2.391226035  -0.961209E-02  -0.221650E-03
  -14   -5    0  -6.695432898  -2.391226035   0.961209E-02  -0.221650E-03
   14    5    0   6.695432898   2.391226035   0.961209E-02  -0.221650E-03
    5   14    0   2.391226035   6.695432898  -0.719340E-17  -0.221650E-03
   -5   14    0  -2.391226035   6.695432898   0.114088E-16  -0.221650E-03
    5  -14    0   2.391226035  -6.695432898   0.114088E-16  -0.221650E-03
  -11   10    0  -5.260697277   4.782452070  -0.363325E-16  -0.219333E-17
   10  -11    0   4.782452070  -5.260697277  -0.542310E-02   0.400362E-17
   11  -10    0   5.260697277  -4.782452070  -0.363325E-16   0.323070E-17
  -10   11    0  -4.782452070   5.260697277  -0.542310E-02  -0.296625E-17
  -10  -11    0  -4.782452070  -5.260697277   0.542310E-02  -0.128831E-16
   10   11    0   4.782452070   5.260697277   0.542310E-02   0.139204E-16
   11   10    0   5.260697277   4.782452070  -0.242779E-16   0.656542E-17
  -11  -10    0  -5.260697277  -4.782452070  -0.242779E-16  -0.552804E-17
   12   -9    0   5.738942484  -4.304206863  -0.319093E-02   0.351293E-03
   -9  -12    0  -4.304206863  -5.738942484  -0.799296E-17   0.351293E-03
  -12   -9    0  -5.738942484  -4.304206863   0.319093E-02   0.351293E-03
   12    9    0   5.738942484   4.304206863   0.319093E-02   0.351293E-03
   -9   12    0  -4.304206863   5.738942484  -0.393612E-17   0.351293E-03
    9   12    0   4.304206863   5.738942484  -0.799296E-17   0.351293E-03
  -12    9    0  -5.738942484   4.304206863  -0.319093E-02   0.351293E-03
    9  -12    0   4.304206863  -5.738942484  -0.393612E-17   0.351293E-03
   14   -6    0   6.695432898  -2.869471242  -0.338642E-02  -0.215490E-03
  -14   -6    0  -6.695432898  -2.869471242  -0.338642E-02  -0.215490E-03
   -6   14    0  -2.869471242   6.695432898   0.545532E-02  -0.215490E-03
    6  -14    0   2.869471242  -6.695432898   0.545532E-02  -0.215490E-03
  -14    6    0  -6.695432898   2.869471242  -0.338642E-02  -0.215490E-03
   14    6    0   6.695432898   2.869471242  -0.338642E-02  -0.215490E-03
   -6  -14    0  -2.869471242  -6.695432898   0.545532E-02  -0.215490E-03
    6   14    0   2.869471242   6.695432898   0.545532E-02  -0.215490E-03
   -8  -13    0  -3.825961656  -6.217187691  -0.153517E-02   0.861294E-04
  -13   -8    0  -6.217187691  -3.825961656   0.318578E-17   0.861294E-04
   13    8    0   6.217187691   3.825961656   0.318578E-17   0.861294E-04
    8  -13    0   3.825961656  -6.217187691   0.153517E-02   0.861294E-04
   13   -8    0   6.217187691  -3.825961656   0.114042E-16   0.861294E-04
   -8   13    0  -3.825961656   6.217187691   0.153517E-02   0.861294E-04
    8   13    0   3.825961656   6.217187691  -0.153517E-02   0.861294E-04
  -13    8    0  -6.217187691   3.825961656   0.114042E-16   0.861294E-04
   11  -11    0   5.260697277  -5.260697277   0.152797E-16   0.355002E-17
  -11  -11    0  -5.260697277  -5.260697277  -0.151553E-16  -0.221656E-17
   11   11    0   5.260697277   5.260697277  -0.151553E-16   0.490996E-18
  -11   11    0  -5.260697277   5.260697277   0.152797E-16  -0.527559E-17
  -10   12    0  -4.782452070   5.738942484   0.279586E-02   0.107399E-03
  -12   10    0  -5.738942484   4.782452070  -0.809086E-02   0.107399E-03
  -12  -10    0  -5.738942484  -4.782452070  -0.809086E-02   0.107399E-03
   12   10    0   5.738942484   4.782452070  -0.809086E-02   0.107399E-03
  -10  -12    0  -4.782452070  -5.738942484   0.279586E-02   0.107399E-03
   10   12    0   4.782452070   5.738942484   0.279586E-02   0.107399E-03
   10  -12    0   4.782452070  -5.738942484   0.279586E-02   0.107399E-03
   12  -10    0   5.738942484  -4.782452070  -0.809086E-02   0.107399E-03
  -14   -7    0  -6.695432898  -3.347716449   0.373693E-02   0.885593E-04
    7   14    0   3.347716449   6.695432898  -0.534899E-17   0.885593E-04
   -7   14    0  -3.347716449   6.695432898  -0.429223E-17   0.885593E-04
   14    7    0   6.695432898   3.347716449   0.373693E-02   0.885593E-04
   -7  -14    0  -3.347716449  -6.695432898  -0.534899E-17   0.885593E-04
  -14    7    0  -6.695432898   3.347716449  -0.373693E-02   0.885593E-04
   14   -7    0   6.695432898  -3.347716449  -0.373693E-02   0.885593E-04
    7  -14    0   3.347716449  -6.695432898  -0.429223E-17   0.885593E-04
    9  -13    0   4.304206863  -6.217187691  -0.591984E-20   0.103218E-16
  -13   -9    0  -6.217187691  -4.304206863  -0.223981E-17  -0.181411E-16
   -9   13    0  -4.304206863   6.217187691  -0.591984E-20  -0.991435E-17
   13    9    0   6.217187691   4.304206863  -0.223981E-17   0.185485E-16
   13   -9    0   6.217187691  -4.304206863  -0.102100E-16   0.129076E-16
  -13    9    0  -6.217187691   4.304206863  -0.102100E-16  -0.125002E-16
    9   13    0   4.304206863   6.217187691   0.359620E-17  -0.135018E-17
   -9  -13    0  -4.304206863  -6.217187691   0.359620E-17   0.175761E-17
   -8   14    0  -3.825961656   6.695432898  -0.289022E-03  -0.197331E-17
  -14    8    0  -6.695432898   3.825961656   0.358346E-03  -0.386280E-17
   14   -8    0   6.695432898  -3.825961656   0.358346E-03   0.450648E-17
   -8  -14    0  -3.825961656  -6.695432898  -0.289022E-03  -0.646403E-17
   14    8    0   6.695432898   3.825961656   0.358346E-03  -0.556013E-17
  -14   -8    0  -6.695432898  -3.825961656   0.358346E-03   0.620380E-17
    8  -14    0   3.825961656  -6.695432898  -0.289022E-03   0.261699E-17
    8   14    0   3.825961656   6.695432898  -0.289022E-03   0.710770E-17
  -12   11    0  -5.738942484   5.260697277   0.405412E-02   0.230472E-03
   11   12    0   5.260697277   5.738942484  -0.218781E-16   0.230472E-03
  -11  -12    0  -5.260697277  -5.738942484  -0.218781E-16   0.230472E-03
   12  -11    0   5.738942484  -5.260697277   0.405412E-02   0.230472E-03
   11  -12    0   5.260697277  -5.738942484  -0.149574E-17   0.230472E-03
  -11   12    0  -5.260697277   5.738942484  -0.149574E-17   0.230472E-03
  -12  -11    0  -5.738942484  -5.260697277  -0.405412E-02   0.230472E-03
   12   11    0   5.738942484   5.260697277  -0.405412E-02   0.230472E-03
  -13   10    0  -6.217187691   4.782452070  -0.482252E-17  -0.487415E-17
  -13  -10    0  -6.217187691  -4.782452070  -0.983282E-17   0.672584E-17
   13  -10    0   6.217187691  -4.782452070  -0.482252E-17   0.458255E-17
  -10   13    0  -4.782452070   6.217187691  -0.263331E-02  -0.864490E-17
   10  -13    0   4.782452070  -6.217187691  -0.263331E-02   0.835330E-17
   10   13    0   4.782452070   6.217187691   0.263331E-02   0.101906E-16
   13   10    0   6.217187691   4.782452070  -0.983282E-17  -0.701744E-17
  -10  -13    0  -4.782452070  -6.217187691   0.263331E-02  -0.104822E-16
   14   -9    0   6.695432898  -4.304206863  -0.468393E-02   0.109032E-03
  -14    9    0  -6.695432898   4.304206863  -0.468393E-02   0.109032E-03
    9  -14    0   4.304206863  -6.695432898  -0.190191E-17   0.109032E-03
   -9   14    0  -4.304206863   6.695432898  -0.190191E-17   0.109032E-03
   14    9    0   6.695432898   4.304206863   0.468393E-02   0.109032E-03
   -9  -14    0  -4.304206863  -6.695432898   0.234136E-17   0.109032E-03
  -14   -9    0  -6.695432898  -4.304206863   0.468393E-02   0.109032E-03
    9   14    0   4.304206863   6.695432898   0.234136E-17   0.109032E-03
   12   12    0   5.738942484   5.738942484  -0.170511E-02   0.146253E-03
   12  -12    0   5.738942484  -5.738942484  -0.170511E-02   0.146253E-03
  -12  -12    0  -5.738942484  -5.738942484  -0.170511E-02   0.146253E-03
  -12   12    0  -5.738942484   5.738942484  -0.170511E-02   0.146253E-03
   11   13    0   5.260697277   6.217187691   0.960486E-17  -0.112745E-16
  -13  -11    0  -6.217187691  -5.260697277  -0.118610E-16  -0.350922E-17
  -11  -13    0  -5.260697277  -6.217187691   0.960486E-17   0.128847E-16
  -13   11    0  -6.217187691   5.260697277   0.515566E-17  -0.148978E-16
  -11   13    0  -5.260697277   6.217187691   0.966274E-18  -0.783970E-17
   11  -13    0   5.260697277  -6.217187691   0.966274E-18   0.944990E-17
   13  -11    0   6.217187691  -5.260697277   0.515566E-17   0.165080E-16
   13   11    0   6.217187691   5.260697277  -0.118610E-16   0.511942E-17
  -14   10    0  -6.695432898   4.782452070   0.182309E-02   0.102598E-03
  -14  -10    0  -6.695432898  -4.782452070   0.182309E-02   0.102598E-03
   10  -14    0   4.782452070  -6.695432898   0.906745E-03   0.102598E-03
   14  -10    0   6.695432898  -4.782452070   0.182309E-02   0.102598E-03
   14   10    0   6.695432898   4.782452070   0.182309E-02   0.102598E-03
  -10  -14    0  -4.782452070  -6.695432898   0.906745E-03   0.102598E-03
  -10   14    0  -4.782452070   6.695432898   0.906745E-03   0.102598E-03
   10   14    0   4.782452070   6.695432898   0.906745E-03   0.102598E-03
  -12  -13    0  -5.738942484  -6.217187691   0.373432E-02   0.202760E-03
   12  -13    0   5.738942484  -6.217187691  -0.373432E-02   0.202760E-03
  -13   12    0  -6.217187691   5.738942484   0.913640E-17   0.202760E-03
  -13  -12    0  -6.217187691  -5.738942484  -0.112351E-16   0.202760E-03
   13   12    0   6.217187691   5.738942484  -0.112351E-16   0.202760E-03
  -12   13    0  -5.738942484   6.217187691  -0.373432E-02   0.202760E-03
   12   13    0   5.738942484   6.217187691   0.373432E-02   0.202760E-03
   13  -12    0   6.217187691  -5.738942484   0.913640E-17   0.202760E-03
   11  -14    0   5.260697277  -6.695432898  -0.491721E-17   0.113140E-03
  -11   14    0  -5.260697277   6.695432898  -0.491721E-17   0.113140E-03
  -14  -11    0  -6.695432898  -5.260697277  -0.648720E-02   0.113140E-03
  -14   11    0  -6.695432898   5.260697277   0.648720E-02   0.113140E-03
  -11  -14    0  -5.260697277  -6.695432898   0.132411E-17   0.113140E-03
   14  -11    0   6.695432898  -5.260697277   0.648720E-02   0.113140E-03
   11   14    0   5.260697277   6.695432898   0.132411E-17   0.113140E-03
   14   11    0   6.695432898   5.260697277  -0.648720E-02   0.113140E-03
  -13   13    0  -6.217187691   6.217187691   0.341363E-17  -0.330728E-18
   13   13    0   6.217187691   6.217187691  -0.470990E-17   0.157587E-16
  -13  -13    0  -6.217187691  -6.217187691  -0.470990E-17  -0.158518E-16
   13  -13    0   6.217187691  -6.217187691   0.341363E-17   0.237597E-18
   14  -12    0   6.695432898  -5.738942484   0.369417E-02  -0.112275E-03
  -12  -14    0  -5.738942484  -6.695432898  -0.312329E-02  -0.112275E-03
   14   12    0   6.695432898   5.738942484   0.369417E-02  -0.112275E-03
   12  -14    0   5.738942484  -6.695432898  -0.312329E-02  -0.112275E-03
   12   14    0   5.738942484   6.695432898  -0.312329E-02  -0.112275E-03
  -14  -12    0  -6.695432898  -5.738942484   0.369417E-02  -0.112275E-03
  -12   14    0  -5.738942484   6.695432898  -0.312329E-02  -0.112275E-03
  -14   12    0  -6.695432898   5.738942484   0.369417E-02  -0.112275E-03
  -14  -13    0  -6.695432898  -6.217187691  -0.750995E-03   0.203285E-16
   14   13    0   6.695432898   6.217187691  -0.750995E-03  -0.192939E-16
  -13  -14    0  -6.217187691  -6.695432898   0.552372E-17  -0.136127E-16
  -13   14    0  -6.217187691   6.695432898   0.631461E-17   0.139705E-16
   14  -13    0   6.695432898  -6.217187691   0.750995E-03   0.486619E-17
   13   14    0   6.217187691   6.695432898   0.552372E-17   0.146473E-16
   13  -14    0   6.217187691  -6.695432898   0.631461E-17  -0.129359E-16
  -14   13    0  -6.695432898   6.217187691   0.750995E-03  -0.383161E-17
  -14   14    0  -6.695432898   6.695432898   0.333611E-02  -0.114619E-03
   14  -14    0   6.695432898  -6.695432898   0.333611E-02  -0.114619E-03
  -14  -14    0  -6.695432898  -6.695432898   0.333611E-02  -0.114619E-03
   14   14    0   6.695432898   6.695432898   0.333611E-02  -0.114619E-03
