58932
28252
35691
75097
35636
250619
411239
291103
8040
44498
163861
4640
50684
93904
155469
616416
50471
247534
244301
252129
158195
22054
67127
78815
79929
40673
96192
90049
98880
190344
433456
164633
24193
81487
60894
47160
422796
606170
157628
83596
280849
171107
108994
411553
70030
31381
75625
48178
23440
192353
188357
67023
41315
106998
433086
67989
24211
194514
95626
250866
170147
51290
250486
82420
61184
107576
109718
192858
66103
2108
19022
161647
157879
189622
71285
611409
251136
230101
159424
180842
196286
248547
203065
186456
412376
11255
93430
198201
71515
104380
153909
39162
600562
173073
78314
28648
163419
75094
410754
98098
237191
91338
31157
88542
84971
10420
291329
5591
172836
93856
602453
92334
36549
30851
25787
238745
172095
248175
258691
24186
88056
93324
250653
237966
428908
75508
80871
250864
95296
67709
189795
248604
163421
85702
53218
416929
20945
255806
418207
150131
72045
627394
189359
68766
153895
181654
151494
93323
262060
4811
31722
85556
54404
248892
159730
5297
54574
75399
262678
174031
90665
9568
290626
170052
81495
152128
411804
93983
97618
40050
16510
98547
280124
174089
48140
80472
51692
202769
167743
72068
257990
248579
195070
80582
78876
92767
188648
106380
237113
631685
173169
155056
152216
97068
190693
87731
55831
67433
415064
252619
290126
155030
187692
33593
40466
190573
167685
151516
415887
40279
152455
238112
201347
236266
261720
168919
50726
191526
91471
75361
50290
260866
161258
96771
154076
417049
35329
2043
262935
72043
257991
152261
35692
24829
23607
67568
58899
62178
156532
158744
191118
419479
28006
68252
262715
162648
192989
55599
189894
23847
41951
50472
86711
247639
59959
105208
62669
40672
75173
252633
154942
247524
236973
9091
26797
161575
90676
63224
89513
40974
58454
39604
419137
156385
78020
151433
404478
169700
40474
248554
55482
103446
59750
411218
153420
41326
163415
59290
75674
15734
257383
9988
2157
230341
66831
290327
300224
100268
412045
257181
14395
43572
430978
74607
201448
237929
44970
174174
85705
162007
79922
243378
153230
190434
410158
93393
99051
259161
85991
246409
171545
1286
153465
154348
56970
74907
93987
616277
183768
183970
107533
80520
422548
151948
28340
173730
417689
252391
245496
93725
66242
43041
616187
183700
90173
24546
79980
433248
87530
54445
174139
239368
188370
91572
87234
80878
421190
16569
413699
40563
104766
202757
84465
98871
185354
627389
246999
164142
86306
96956
238306
237141
98809
28646
201745
194645
422380
89350
66528
78115
194974
66255
290122
163394
427042
182923
158696
249049
413498
90719
78150
52626
85614
100018
412495
240102
38153
241807
249974
237421
161342
28179
155278
165163
76417
161343
41803
24801
174446
419664
194431
78123
195861
62084
79113
59440
59739
166919
258152
413104
30373
192361
238612
78861
407962
33594
78119
66854
173049
20215
99368
69436
158722
280553
5269
191849
71987
170625
196328
33728
259168
152207
201447
238753
153755
161808
43691
180462
11269
154385
417684
33652
183963
63095
412493
68627
109271
79927
28503
30703
171586
416679
411145
99367
164407
100510
102358
411801
249997
154932
158668
4208
79323
259006
25821
9213
616261
68067
249097
83407
173048
162168
68181
193309
195857
100620
291632
99548
91822
165287
409993
90679
171119
173338
254068
72956
59956
82608
155443
79997
70029
98796
40933
248615
247675
85663
252989
38286
257409
88794
86212
26942
238000
41188
759462
154087
259956
43058
158065
54821
421644
79921
636729
169163
189891
38293
86927
240857
151780
78890
193893
5672
170911
150206
67146
161358
26841
10052
54775
290983
261223
108392
62937
290761
68612
55480
56351
27764
194815
84466
193301
88668
153809
424900
27204
155560
78143
50047
60537
21935
237888
417682
247002
154726
108297
38418
154388
238626
78144
85623
196325
73962
262426
194925
193913
80221
73217
85521
38406
88502
416915
434188
433184
49663
642370
71861
23379
247244
425443
59762
170584
50796
168116
96181
239396
91437
86813
24441
241162
159020
623975
81861
629147
24686
41310
98553
103347
183085
99563
95052
190574
1879
409511
89977
159014
78730
152036
44719
75316
64774
251027
646265
160159
170322
84017
35273
82928
158230
153937
241404
155282
418208
241002
71256
65339
163397
56342
238117
249158
62873
54813
68265
202941
23804
174087
173787
83943
85513
51446
152449
245807
152663
431957
72060
98552
658001
64731
421545
412003
183636
7788
22073
96060
189919
52033
195970
8399
185358
161359
202516
71168
67740
257164
88051
433183
161281
162778
291333
257182
9238
246400
80580
51665
2720
36513
191125
159431
161406
202273
88928
291280
417101
26780
159760
198735
24868
195399
130009
155368
155907
2411
158705
5392
200257
97476
174046
251389
151528
290129
262589
182919
172511
244041
103158
421563
2296
86914
251852
197859
9547
97073
96943
31602
194377
71896
28054
27922
181469
89964
256219
82721
166712
158665
31137
98618
75410
57964
290991
250576
61022
4691
428738
430132
260947
91704
171110
257285
42473
161987
54387
412508
627395
159423
21932
251034
55479
258115
246356
262934
51880
249950
156593
43414
102758
170775
50572
74871
71449
41327
236145
59753
167702
238630
237616
153071
201346
164544
102038
290377
88793
237143
78424
81365
51790
54068
410328
76927
172089
159715
237001
202126
416715
77100
280323
36562
248809
24507
97095
59891
186278
78860
409272
81526
241798
25024
49566
241661
9177
32054
605632
231009
416813
190651
66102
250867
55469
152085
152717
86432
406531
624184
158716
56710
188788
98569
83954
263103
42980
429208
251137
416912
69024
194375
174552
165778
81943
422259
97480
68935
107538
158683
607038
88907
33657
55487
35495
92221
189115
36204
172829
188754
72028
159044
21933
65989
152794
423423
237927
171565
430972
259437
202905
90040
77073
110244
78368
36473
96938
160657
150813
94297
83898
643067
241800
65004
432114
86158
425694
28562
90177
259075
413038
41268
94421
24547
166922
83459
253486
50873
16533
159926
258129
72046
43235
257395
428378
188322
416917
65038
240858
616488
1548
28030
238620
167921
629148
54546
33716
241476
280320
430133
69666
73022
161537
151197
168420
87989
92795
41324
168139
249160
280121
50801
180032
251590
194762
413988
416916
181657
422397
168342
67649
158678
34051
9636
637669
83337
95430
193299
94636
202784
908
44323
182425
69595
249083
97180
163488
30899
257224
290939
29443
72580
290762
174576
258119
166677
290967
55477
198611
2801
61465
97555
79329
257386
104935
83728
189970
249081
607842
25681
75394
154320
54247
248614
69612
192339
644866
51911
26845
257385
78718
238287
33659
92216
620301
83309
155761
45817
11259
27368
184594
81922
159697
94546
43799
52537
88520
41142
74613
24870
165179
161354
162171
95714
51343
1530
167071
151503
245121
9022
183687
290986
8024
419841
85400
62358
241003
187617
93363
68301
185393
172144
182380
2446
65499
74622
429686
290759
28559
193633
75395
72955
163395
152220
59192
237928
33650
168859
56347
416927
153721
84448
82940
259346
260584
280119
94251
194803
78710
251135
99622
86224
63362
230315
42774
103863
280825
151506
21356
202467
153333
238617
55319
87211
9560
164006
27357
152112
69891
73604
601475
259002
93588
167952
75390
180030
628478
39182
71149
41402
35119
171749
81107
248602
13425
39470
2093
95403
165309
409596
245495
257713
84138
72071
57213
416711
75677
39164
249756
248553
191284
157399
262857
67096
93742
417425
84581
61023
75914
248230
165370
202328
164169
87784
89386
237752
55472
63636
57052
167919
186196
77370
174554
188706
167906
71949
153933
186779
74090
51612
189551
75911
66130
237174
75377
73462
172368
74619
252595
186447
54819
91959
90664
66262
607560
69896
66409
165814
106670
67404
248075
417679
419227
163880
155763
4534
26875
78142
172365
75099
71632
150445
261220
72033
186783
102918
78017
243416
421178
151501
51157
58003
159295
74679
246043
75135
7221
55476
244299
249998
652289
421891
78863
163278
290115
259347
85210
23285
87886
202998
78120
68238
187013
31832
61754
84131
100547
1458
183920
84133
191524
60559
55664
44715
171598
110750
80874
2180
75156
158695
391089
196109
251854
88318
160966
190698
90686
50473
97514
35537
250630
197006
409852
153717
163273
5671
230327
43939
172304
163731
154154
75325
40330
90883
75126
260587
616445
241822
260857
151749
72211
413107
600287
51461
62111
257049
193320
263090
188936
65039
59907
67753
43724
252427
66477
201217
185709
248888
87231
104888
646094
257162
39848
1278
429406
68080
249085
163936
78406
174191
244567
195265
50618
421193
52996
78399
88736
419803
58633
10009
152113
50036
2012
237849
169231
237946
85290
161877
80670
42743
10046
160953
424583
6113
160318
20351
230316
93984
209
157531
89346
54814
261851
172077
27948
153688
41145
56132
95459
22226
79990
242039
430751
187881
106997
33929
91689
291314
86818
241657
190345
67761
238551
57037
63562
167250
413103
165261
72149
58692
42903
26308
230102
166991
257397
290119
195848
417681
100878
168114
89443
156230
93502
98819
244146
185931
80458
419162
417685
162406
93628
86203
74910
257214
9566
172098
9806
258937
281378
418686
158066
248610
77582
165168
253194
152453
409849
260923
3909
200258
172132
75101
41005
54868
150463
181510
110040
629308
241806
300277
152798
73810
173346
105922
24542
180363
168999
259352
158163
31989
202961
643934
7940
43240
88506
169157
201451
83324
238488
80283
202696
290602
201278
34331
167918
57035
237410
162177
84667
54818
422804
246631
193894
237674
14122
262840
421272
89607
421903
98085
75104
51418
258135
156688
263100
96191
100401
262045
196117
71532
616276
259067
152250
26619
193950
407957
9625
182079
237324
84968
416809
201363
56329
51344
257165
180035
262621
52348
75907
100617
182266
62275
5333
99996
164432
80968
80517
35204
169544
171112
90465
415489
151504
30897
245024
60561
50839
9624
189890
616292
241492
70024
257504
241161
249426
414557
151980
419796
44728
24951
258153
290324
196892
80246
73722
181125
40965
66353
50800
4681
189607
75908
93252
250863
170159
42917
151733
241408
77330
100615
262941
169810
72042
78566
68635
80880
244143
83475
69339
173325
40679
77090
180535
190653
237409
71845
92561
98815
262860
173451
51340
2843
76279
246093
83842
251143
250212
59696
163430
51909
642400
75100
4810
90487
107708
251026
202047
237413
198779
237805
166133
60396
196149
108093
194337
182768
97389
41316
73601
172307
416911
239826
192360
172090
58753
194342
95900
68958
86854
39437
73600
150976
97904
417678
26994
91946
196329
81919
237577
163389
71888
84661
249320
247409
68338
183842
96140
202747
100202
290985
63716
249910
58742
250840
172096
87991
71213
73952
52043
167404
83928
33925
413086
156584
27043
150242
78420
167993
250655
185713
53753
27523
40924
79446
612194
161645
89907
430970
64902
608629
230348
66879
163427
28159
98812
196327
68780
153225
30592
429404
97782
171113
196113
201472
622453
71431
93844
96169
150458
40280
84753
67758
58696
151922
67653
241000
97013
159802
39184
432680
157645
151881
22280
31113
76167
90466
158662
257339
162175
194515
62395
89445
248893
36002
417696
280417
192349
61271
69646
87477
16927
169934
169158
85179
250624
256220
259162
192591
616361
280400
158048
195500
15698
94345
191523
158962
85620
415568
187273
257393
24254
156495
249022
249021
35379
150677
173979
97939
66672
90720
60565
24946
27402
76152
187878
238757
31369
79389
262855
260927
50898
193920
238629
180405
163565
616192
193499
91691
10510
79241
413823
86355
193298
87522
172143
82872
195247
93726
57863
80021
239717
90666
6027
245498
32626
202348
236330
10180
76264
60514
416321
426375
89500
253265
182265
77102
152795
25349
77300
158051
90172
50566
188795
65730
82404
56349
190497
391189
173072
616257
245307
153715
89301
71422
258132
96111
56472
60506
240748
153349
97141
90182
51135
174642
415602
187555
65985
180026
186275
249999
245540
81207
238304
4682
427051
66129
157532
170168
612209
71805
40138
34201
156376
260397
155302
186453
243404
239452
15308
67592
9442
82983
164545
94953
41351
52267
181569
50906
247525
75525
194644
68667
252836
72717
75629
62396
2376
79917
65057
158052
51791
246781
92794
22215
153756
5596
251140
72034
153728
411976
71430
262856
185359
91823
15862
36031
9233
627393
87236
56300
71950
194816
27302
290133
41776
62225
201475
151748
44516
249099
414559
153729
88752
237408
153386
198449
616470
417299
98896
40967
413339
88237
249419
237579
54390
84973
51695
90056
90507
195436
30115
20400
163432
621325
257714
74998
182771
198788
290765
266259
75103
78394
162593
33874
230147
86925
33758
92390
419807
280879
32718
167159
87114
759445
159673
83900
249636
99617
40313
167405
247725
81321
238988
44762
158487
65367
151512
240669
24221
23854
80612
31370
42702
74057
15368
163486
93743
606979
154352
245539
180819
211
248623
31380
27187
189794
65169
39416
56498
151510
252699
83326
88127
246498
244305
55486
606971
4532
50619
193563
237400
44392
189045
155906
185244
164547
4851
84462
604
96416
158372
63675
414372
252365
9080
58168
414385
72006
171537
60372
171588
17073
291563
237115
262680
427670
54777
166989
172097
238631
628495
252166
202351
40513
164765
172378
259018
15981
280549
26585
40093
166924
64708
73044
237886
248237
183788
166545
56340
155185
54314
83838
186819
20259
202323
259342
79920
260922
188727
259355
36298
97998
78554
43743
243724
189543
76611
171838
248184
155561
201215
75641
249972
250539
40707
238952
158674
195849
66730
68300
245061
195262
412777
157880
9254
73232
165308
152219
53128
36522
63673
58713
38386
19069
156437
58896
433238
257388
249129
193296
83840
78116
154386
37309
291116
170867
188707
237140
153973
24498
35768
252422
153398
420428
28080
192816
169429
246965
174090
15171
154725
155275
65266
433818
88547
170863
262756
171597
181525
261136
409578
238619
44368
249070
50909
417697
50625
88139
55661
155720
248482
93318
163931
85318
189967
254060
418849
291613
428745
161643
252634
428512
251846
27365
80969
248733
152348
82633
164349
414382
237246
59894
261548
95820
416921
413340
156583
165286
243415
5338
96195
189342
429416
412258
246662
34452
9586
92902
759450
83310
182387
161003
290999
202353
103711
259071
23432
24942
173336
153346
190536
99720
98493
11550
24502
75373
201453
261766
161857
191841
230549
75398
154091
237998
195346
54820
253485
4849
94420
243864
417704
65440
162393
159714
58680
415714
173684
85352
55663
51206
53322
41732
58862
628476
188620
152254
16980
417384
80051
415890
63042
188726
191328
156366
50495
78572
55475
189530
50162
41186
30015
102056
426404
260282
241406
30747
188801
150236
432206
158710
166918
89461
87987
41002
110022
51614
158107
105545
77092
86560
50623
2243
262553
80846
39180
162184
64752
417634
68764
85209
119
250622
426097
56555
413697
424921
92219
433247
198587
202943
96119
5611
406526
48179
86920
74660
239166
97460
84517
9425
51289
281083
257728
188364
238319
194378
248050
491557
155303
43709
40606
16811
107690
69637
62342
22055
35479
22031
68411
13021
27054
409698
51693
251384
190495
52542
250907
2996
290283
291311
52054
85665
197874
261558
68119
82915
90681
188751
241409
87328
9529
36573
280398
71564
172629
74850
83339
180816
23241
79400
75409
82981
180891
39597
173503
91875
173682
191989
171972
26311
248169
95914
411025
432380
230428
164546
188365
27401
5335
67759
190469
83458
41209
171111
250093
606235
251146
96165
260470
60542
257220
419801
91396
195586
73794
27035
19047
6011
195851
628897
80097
237114
84201
413494
44869
96291
56554
51488
156092
163440
194739
41772
290758
79646
50900
181824
90508
198070
159350
409266
75644
194335
80403
26990
100618
161734
426760
9237
159698
38171
35380
155187
72072
99052
34678
248139
414381
78767
171594
167579
64998
172302
248734
92335
241659
171116
86204
21928
68028
290982
161428
16463
432207
184758
50797
157644
95378
57500
77088
167684
201446
247236
422540
73657
187910
616260
75370
40587
83658
182036
23143
36453
60415
418500
151500
156579
88245
166650
53752
251142
109477
247051
95130
98023
63037
53422
24828
168142
82422
238625
78841
162102
30740
657720
236349
8754
93255
200827
174615
98820
193638
107216
183960
60965
93989
168360
200130
36148
50174
35540
241869
68128
87872
161423
44367
194664
31171
39331
190747
172370
254308
429907
157316
79022
174574
51734
78390
26195
74029
27997
153070
31636
57384
49028
188359
172081
100102
93901
40680
52598
252323
84885
416586
69665
259004
158701
16826
432205
93114
55871
259345
259005
29250
244304
82118
75210
73603
76554
406612
82927
54877
252597
290990
86926
241418
157533
169937
32623
159312
71954
155495
9520
43800
63506
163276
41193
167425
629501
110041
4194
250094
51598
415707
94758
186214
75913
237926
156491
26344
431392
246217
174616
43578
257526
185218
259170
418130
191990
58749
195198
159795
78808
38140
94422
163416
184034
261549
98025
66853
193307
256209
90002
83902
165394
69075
251939
418091
192957
10440
68959
190577
78136
159692
94962
154147
94393
88054
9548
188797
189929
158165
26787
81917
59226
631709
75411
74662
69356
261820
261718
61192
261624
90703
191847
53295
23770
192597
41680
23145
606424
27815
93973
171108
249069
72678
164285
189652
80339
164437
83952
236258
194757
120
246094
247798
61700
50938
90180
75672
36600
84584
40993
183769
80142
427597
257384
250846
181859
87113
158215
158227
291630
171591
56321
67006
9174
96639
200209
98289
402503
93543
70031
53452
201361
67405
263033
78407
54421
165910
195204
409647
161386
78813
66729
56540
76976
86352
79387
170157
9923
290763
42760
420477
237675
26255
51208
78804
87988
98891
85596
84361
155766
75264
188728
87329
150096
151511
62480
152208
107636
192182
188321
421279
154915
53358
58385
202850
65507
422690
36206
167704
81350
419797
50847
239165
163393
251941
78496
237692
238632
100258
613597
24534
31112
23849
158064
263107
22100
158715
99759
192181
169145
51893
428098
230274
238761
259166
9175
380114
24243
291431
152594
51396
41198
607052
42168
255805
249090
185912
51573
95877
168141
180966
44714
49743
100552
87119
433235
163879
192363
30695
4206
239361
260556
93633
82407
156295
80956
84590
81459
65265
163437
51571
230441
159289
423107
73816
8177
65624
190492
28671
69008
98284
92576
81920
162779
24486
69723
88355
33726
40872
9549
151734
247047
417693
55517
181864
173052
153467
88724
195807
197703
244011
41024
632494
188802
96103
75209
75710
628471
280108
67216
85410
153975
74872
235897
39693
153757
152460
158060
2276
168889
4537
100219
257330
155186
86930
40089
171566
202944
9319
6287
158837
28466
90724
257234
253193
153714
197557
9569
172843
60178
80227
154141
416680
88264
171547
182932
26068
243405
81364
258123
197001
40057
77111
78413
66852
245935
88667
184591
30333
260324
255842
201443
170155
36050
189638
163428
189892
23846
154351
98784
202875
253869
38044
24194
190743
39189
155231
49567
165169
79231
158684
189800
262999
31375
75371
417676
290757
258692
432906
57207
71994
265592
41141
29197
247239
85349
153723
92396
658980
170169
93
243848
16
66274
81206
72074
182954
170291
77591
410709
99630
66200
73255
195167
291334
14396
162119
100862
55525
257711
53103
171169
41325
421276
75095
1051
28387
421277
42961
169232
150137
62671
164441
193503
26577
155173
605665
15837
72772
85359
195028
261759
191140
251857
235903
94599
74383
241424
78181
30390
79998
23346
170868
248149
39672
187995
248598
280548
86757
391088
15863
159620
98188
619196
153716
623991
63288
248808
80589
251828
239222
431370
39833
261550
181262
265180
55591
69101
418545
80521
23811
261604
74333
53800
69678
69889
37406
63022
416909
9272
160453
79910
25567
172131
201216
78812
89352
258147
158639
105374
291562
261704
161001
250841
200862
9634
67895
11267
71777
290987
186952
87230
248622
166496
609762
98795
189341
85512
74677
158537
57214
16127
93907
158162
26310
200973
250806
412257
77572
240007
182767
245936
261551
170304
170861
164287
39240
88554
9188
40485
45816
67025
98895
153758
194749
246041
72030
155772
35544
281457
904
160888
412043
89351
422533
72094
52575
158712
107394
6270
430971
97403
109346
2593
130416
168362
188983
432042
103708
184588
161007
24213
69299
20748
39014
159809
259824
56346
31077
240817
246976
192595
33503
30867
72373
50854
89841
163390
182382
182934
616491
56326
10363
164439
179
280946
97472
153808
76164
257528
290285
89056
72561
201753
9240
39300
159600
60643
240055
100614
151769
78856
243407
97533
28133
54817
167046
65728
82912
51143
162182
29355
173983
257394
160096
74332
9078
261846
154526
433337
83865
69897
50902
108781
11802
69724
24326
73564
61021
55466
2309
240188
195181
202349
158717
256037
235900
189555
50620
98672
250796
81412
180028
612556
68284
43300
63427
248555
41399
81301
37106
79317
80068
75368
241801
94779
426405
83083
241419
249420
166827
248620
41424
6017
97616
99054
40565
158682
27152
86712
40463
422395
24531
194322
23682
187917
195252
95559
34838
237282
192503
153340
172620
86814
28899
259624
426125
170295
56362
71214
290120
24393
159804
415029
241491
78862
163387
75965
56565
153260
247529
193506
257051
241808
171539
415050
2381
291161
87528
248551
187911
188792
188355
108975
187429
98882
34050
52490
195124
80967
39611
43883
200870
616437
51006
646586
95437
69017
9394
85443
98889
162402
2994
83940
163435
1001
74320
173982
185243
194772
79331
78183
240012
2995
249110
195172
55481
402372
9270
200270
240011
170949
153344
431358
185712
237416
73503
158863
42057
90397
79449
194137
290477
71062
162959
55483
80224
430604
408431
85621
58818
99629
616172
164403
250910
75678
250807
240404
230333
34845
248255
75391
171592
616189
163279
50378
180119
197901
432333
186777
60416
188787
405958
413503
237145
241825
153500
170292
41203
254059
158699
235988
249996
198289
74284
50901
90179
96745
194433
187618
160864
188730
195591
421273
41059
87563
57241
291945
43718
94601
53241
68473
252369
97942
190435
158637
412667
80102
188624
615220
110318
412042
187614
94519
186555
627995
29248
161648
86816
253023
97077
95128
42987
2088
258130
201160
27417
39181
194467
77299
94995
409758
2390
92392
194092
86511
153231
91676
39231
253195
8406
170290
247001
425123
56546
247975
153399
191325
44349
615738
100861
165911
167058
53330
616177
423147
165409
24567
153974
249169
87990
76304
431038
100569
89934
200980
257379
260853
77296
35138
71892
255854
251390
290287
107648
33982
280125
72048
416814
96954
153761
427050
73973
158217
202575
248174
162728
85706
188799
91821
29540
38295
61782
190346
26846
243838
245541
158634
99964
188550
257226
91052
200134
237910
186213
56538
165771
182388
95996
95317
600286
78814
91828
263102
62394
616422
260311
98975
258149
72039
262933
237963
88055
50846
192991
429967
255718
230103
188361
90450
253063
108763
83945
190535
252364
236256
153731
157965
92102
250798
257529
173064
80218
253267
82303
162575
170910
157317
240014
188367
152470
165776
161860
15638
154929
69894
96568
85755
180988
422547
54009
82910
180038
174644
172837
44756
97743
193561
35772
152259
258109
165933
74629
169482
260864
51736
32591
193891
258754
262229
34923
189534
427045
194973
58751
44692
33604
150207
241155
151841
25725
247638
69169
39596
172283
53332
43519
201450
169156
16511
241810
429181
98050
238005
97940
173347
414558
89945
9714
230340
257222
71893
78126
85622
162401
60174
65733
237176
168341
194344
79000
104898
79196
166585
2001
605623
155390
431382
250210
181313
248887
411800
65680
9092
50899
2182
80844
161146
72097
69597
110313
185932
35268
170656
102072
659561
58978
71771
89608
83016
406532
25
166711
79524
166526
68873
71627
96944
195256
174555
63013
81373
172078
230330
162953
72383
260925
69112
429178
259348
247522
426371
91692
85699
186272
99340
9077
40464
102351
172183
191323
183088
249079
237519
194338
260855
173333
171542
261945
153222
653482
422427
195594
15172
71323
280047
432113
258855
432112
410866
416886
261849
62904
8415
153224
90199
237361
428095
163413
192365
414379
433187
69638
81066
421960
187730
247519
195405
193029
260721
185476
110033
150186
39952
166287
237414
78129
84136
62683
611670
190742
254166
23853
155649
608177
247410
153228
71474
83000
40607
180838
248277
195264
97159
188090
97943
249080
44716
164762
41290
33981
92393
158229
65058
94600
290280
248549
407803
200131
68765
171544
77691
415997
244743
87212
57968
162759
414374
96935
616296
163274
165232
195858
45824
172367
187996
65618
40948
183635
63606
94457
68934
202548
255579
759652
153077
189921
98774
185373
160163
258631
91239
104616
191559
98902
247327
98818
43667
35509
55069
257052
163881
173789
200532
191522
246357
94964
260535
74017
44670
181315
152461
153255
157834
168052
45822
88544
162166
78875
418693
172301
81453
171543
67017
96108
43425
162647
73275
90672
27203
248056
71887
194773
28249
250832
193434
185587
68120
427561
73792
14388
69791
191848
201796
9640
430556
171136
78114
28732
71956
188639
155770
155116
79126
260028
89349
183871
189201
237558
170165
185368
422011
155823
158713
760017
280401
250654
195397
44749
621651
45823
27539
5987
238636
162732
238637
54464
159025
241819
15999
158670
171241
86710
60538
230132
258905
98474
99965
192350
197373
162644
9021
259001
41111
9865
194759
257702
252608
170568
29509
98911
152452
107145
110083
74004
188373
89397
600266
82873
92301
193914
40927
9635
242122
193510
246355
182789
237418
89980
193031
40019
80623
23378
83003
98954
89947
31378
11265
196116
166546
248886
65664
91439
55620
170464
164624
8750
71679
193512
152655
108419
74039
170946
189538
248920
90178
189888
420706
28891
196120
40932
79793
93116
153347
184590
370032
29247
63604
86673
65503
247801
259343
418690
32625
50911
428541
151770
240665
160600
172145
62040
188159
57670
413108
94631
168634
152255
85821
88267
261964
240054
84759
156498
54069
190748
423442
88929
26945
263105
236008
189614
290124
92963
196132
86815
62874
195182
9145
53804
280123
153402
194755
171535
191519
27946
169862
73234
625376
95615
68750
153026
81358
50025
400222
40329
166134
43040
257377
37304
248183
21930
194977
290601
88446
162173
81109
97096
97588
66670
94071
194600
152257
235901
83729
36561
87233
93392
68339
155394
153740
187271
34388
33596
190572
158054
34924
191119
40678
170906
154391
195344
10035
150099
154152
83277
88920
79232
86922
31723
87612
173974
50034
43569
248350
168998
159794
170690
171237
35573
74218
84450
81499
192362
414380
193310
158667
74620
152258
254071
290992
173352
92220
414376
85207
185906
27995
170674
158725
89985
44731
240166
280390
50379
96957
201470
249948
249098
34330
60618
23439
40840
72148
194737
243946
155908
245608
243417
162781
238113
27547
196284
78313
172618
165063
94017
15307
431464
87527
642250
247531
81208
24154
188789
238638
248975
67763
110315
628473
80250
185475
90721
195846
191351
58720
414388
162163
109719
26963
161347
158224
237420
39614
194769
84082
16955
9864
252428
259159
2359
68125
107671
407876
91225
26041
72581
182076
187916
173094
183961
159019
66383
83476
172842
88142
414377
51895
75270
159425
63165
93322
201246
174445
412044
78149
169154
97621
631441
171536
44393
192502
87208
158741
80222
155444
169757
85713
22207
431822
40929
63097
290458
184593
252426
23773
54855
169151
93434
433594
150395
164233
261021
427957
75909
1050
30315
162000
238748
158745
174045
154157
250792
36638
56547
55714
40456
261552
50271
63222
108406
75381
416815
44524
416709
77714
79866
248600
94610
73192
109138
415293
171352
159313
6271
89936
158679
182424
256222
29353
416713
93899
251025
237999
109136
173059
67147
409611
23142
56134
187921
1944
56331
90321
192351
415811
251563
162396
162100
202558
159281
188323
185822
261867
189571
84663
247234
194774
77590
59500
616385
161572
66861
9528
23929
158700
164444
262788
170913
261684
86633
260560
238977
76165
156490
170628
426374
246013
165230
79324
632069
251028
189931
162178
31121
173984
418258
9463
413539
88795
88726
194345
83388
414375
153210
71023
429726
190489
230146
79202
185583
54071
430695
66161
70027
88616
183351
258156
107946
93476
158431
40328
154412
54018
94633
646670
252128
153211
251843
431463
423254
259340
258136
251851
164365
67071
53424
159395
56991
172841
241799
90716
24532
99532
84887
262624
251475
154757
97387
50163
68431
280304
51659
251844
50295
62115
191326
57512
190954
109323
28508
150344
29390
33627
78117
247642
237693
636075
160161
27305
43520
69490
240859
198288
52633
90648
79396
60563
37300
85360
642384
257387
184318
423255
155563
98893
600175
249066
263032
400339
66939
198624
92394
154778
66733
248884
5600
31508
63715
162130
154159
154145
245293
491556
110166
37369
257770
249911
9980
158686
33738
172079
415735
182937
45820
15393
159696
247799
167406
624035
95401
201348
79328
152987
257715
71148
431512
172278
84589
33626
259032
154716
418726
50006
241824
98808
67356
198625
26482
163275
414264
24901
66736
190494
1388
90174
193297
180040
108643
412047
94963
9633
42535
1937
150446
166491
54812
40046
634722
90483
72036
171106
247521
68129
71235
194506
155909
78571
291325
97674
5304
68318
182917
194244
94598
626999
51998
88532
35555
411026
99623
251848
290631
32741
70063
156531
186989
261043
172083
292097
243406
94757
241871
2447
180276
259142
417702
15242
262849
77600
237177
78581
66875
56320
158220
4669
380383
162008
155111
413174
43230
161349
280107
29063
36355
83581
659405
241241
172834
154931
15012
4536
23347
56301
89444
153421
156595
153352
85411
237111
37262
56412
55872
156986
625
248563
250834
17036
44907
74856
289991
420847
832
195435
99443
105431
173972
168143
29240
90711
194817
421716
616281
90134
237424
248381
55442
615560
171832
261221
170297
163434
171120
62223
54062
606259
237065
88556
110081
164436
60397
418689
40413
628907
188369
261019
261605
251477
262732
23522
427458
240246
248682
23447
31601
73809
4147
189930
97590
155181
43229
98797
426373
39190
190745
109012
153400
23711
50297
65994
59767
191520
240013
159198
83461
102352
63225
71802
290116
258504
87209
98963
75206
68337
258146
84967
430979
188157
257331
98894
189597
628955
202522
24500
409848
600486
240958
24830
88725
425122
426372
77367
165665
35545
169613
34277
430602
36146
94954
170687
230331
97620
104715
59362
602043
31361
431391
55707
23115
66880
240477
160865
657616
188293
183750
414386
76422
59655
411803
174444
258155
98810
71095
73581
163277
413493
423444
151970
413255
11804
62872
79859
5260
431617
158854
156534
165815
239227
72070
58727
158703
241488
8751
28153
160088
23852
71029
155276
65987
69423
78281
237808
174203
260474
68634
9818
82911
238640
254635
14000
189576
165454
69430
158050
156985
240025
194138
414174
40509
41038
66850
261174
196893
417688
168890
252620
96955
237751
39183
241937
40465
252130
202940
63281
65338
40656
43220
409480
153746
68763
628485
245513
191408
71939
99478
170768
419226
56980
84586
67319
78817
90175
250839
83389
413098
29249
248806
152210
290978
86277
163927
86923
158718
65141
290629
171682
159236
6100
173331
260472
183607
96174
36425
251847
1023
32742
290132
9522
20771
430603
616423
51470
97478
291001
759649
84519
61751
605385
29543
80145
615718
155539
238624
201454
49554
158720
158697
237297
9347
23714
152248
290125
106251
634618
250724
182921
83955
103090
154938
241489
180890
413495
185524
160469
153397
94998
156439
163926
173329
415715
251826
155370
261853
2744
4040
57273
2242
258133
251825
201061
58555
202999
162731
161905
98163
90727
247797
262016
180027
93886
259351
380386
422794
607229
153405
80414
98288
185584
39847
78665
190668
419804
15757
419626
80033
72037
33502
88906
433185
15438
257531
290628
75910
625521
66723
24152
72143
173066
150209
402574
163424
258026
55478
79086
290750
249095
10480
245793
170152
86756
88263
39438
90324
168145
78060
246155
245072
154939
26042
33591
100864
426096
180463
84591
616509
427596
161578
170301
40299
66321
5337
166920
14279
409715
290751
150113
194434
251849
194753
81527
261547
153742
164667
69062
24769
49551
51425
238615
417687
258681
248189
73929
32509
59391
55467
187272
195593
109363
163422
170162
194432
251856
69045
158708
88053
96171
91783
230927
4083
43420
94343
87232
263035
56189
67005
4679
55509
260856
33600
244521
85350
69725
91957
616289
246311
252368
174088
170261
98798
92900
86354
280104
66475
241337
160436
417698
84580
77103
417686
62980
110020
239774
75640
154349
2184
35271
247821
76972
259260
24545
153223
81940
15991
23101
23771
262936
89459
49549
170123
73054
202904
83939
99631
32624
417705
75389
75676
171599
198724
66253
261778
102383
20721
239663
174171
40508
257116
202544
402891
86761
153968
201785
239712
261762
152397
64714
230280
159288
8043
6249
50565
66062
98287
247640
189912
430976
186218
417300
412048
81483
248629
40677
54367
161005
180491
168595
185539
80225
245640
180039
257329
50503
5299
50492
69625
193508
75213
161432
280760
63043
34314
159235
34329
40140
241159
422387
403025
39337
194599
262859
155558
153246
171593
21059
152346
67518
80149
153750
65866
62193
616511
58024
75673
182792
151639
63605
98811
75392
191846
81609
155910
174322
192980
159650
80320
57658
421548
154142
28557
67055
235896
90678
193318
91956
95616
67571
161387
84917
39619
29224
75327
257798
190396
189928
260022
261715
181570
411024
72504
164955
431052
95379
187615
80885
187922
237063
193919
108905
159024
165775
95035
57694
409850
84817
40751
291313
5248
96744
167994
174553
80063
245849
85139
183732
56552
189893
56497
249093
188047
172282
20233
174321
23076
82408
190224
425845
50896
180372
31376
426550
248013
188704
91528
247726
192369
87213
616304
170626
86911
237947
429190
413499
171029
200309
24242
54060
154686
80404
195450
31373
415605
150208
78118
248114
257216
72226
429182
90322
74621
91958
108048
164481
95917
24203
88266
94781
174190
29193
159695
238772
433457
98897
292070
71951
252514
174551
97080
616516
83949
93457
95623
24156
76928
201701
69952
155383
170289
248805
32038
24800
92391
66159
41270
162266
152215
165061
63589
83323
1361
52631
154820
73108
62286
40912
83595
81500
433308
39772
191557
241873
196228
414350
259144
158180
166836
34047
170882
237163
201087
91168
98817
94614
14387
154936
251144
228
9798
91829
162727
33651
427048
97921
280399
163271
4162
100852
35455
91130
154161
99963
76305
2181
74018
158402
59928
248550
189968
26847
70062
153053
70045
62110
52431
168117
96936
50306
59761
241827
413224
63164
280551
102032
163885
152457
75205
238495
158373
202963
93491
88447
245275
87611
170300
67755
96953
243948
162165
183116
61025
155822
187804
79926
58694
174188
431388
151522
85412
158702
158568
280418
241330
33647
53118
413193
62302
35637
52939
159806
161345
156580
53023
416807
86643
88669
23042
155765
58740
187912
81831
5306
259035
9143
96125
195398
2218
90297
86356
78583
108966
169150
68955
67361
67994
161420
40507
158704
159691
165770
237405
166597
246520
14337
166500
81921
193304
170167
91961
248188
44754
155180
72112
172279
87560
418645
84705
9007
91703
245092
155387
71191
419624
82306
39227
182381
167378
256319
155184
168888
291634
41311
174091
94760
60399
238614
245071
251015
106748
607558
54605
164081
417691
251482
257161
94020
36083
66671
245021
80849
24145
290128
81323
79415
62615
291638
172160
73052
88140
87947
98286
230043
94874
242200
30903
150645
80226
170299
391131
413984
425581
150198
422389
156981
193316
237415
86205
67766
243929
78402
95320
85986
261943
416712
169146
104196
290127
241242
150171
252423
38232
180033
73461
430574
76122
158687
98878
67970
94999
161574
187731
27150
84583
9362
432569
159247
69663
281456
169147
65341
182421
95273
237750
51688
80673
65628
236331
66647
246852
41934
55484
239223
251499
260921
25822
263034
96945
78408
182021
155768
257381
58748
95234
50415
166493
404376
171833
24763
172791
56499
68167
52725
162937
290379
51409
56352
194667
185613
197157
202768
193918
33794
32688
51600
72038
236974
415565
759449
414384
36546
418501
30582
182375
93626
82569
417039
252425
8755
96933
106701
55662
154756
29542
238976
202743
78185
130415
249941
54816
288
72818
86714
80402
152114
250843
192352
151467
55471
247530
96173
415566
894
240917
84929
76262
429725
83378
21938
55489
74999
85605
245291
81216
172084
171595
58389
84983
150098
255804
90713
69298
16428
51691
195760
74624
27998
165667
251567
41313
628903
51427
74855
39467
73310
63220
71019
79474
158056
90319
94602
247533
194639
33589
44757
27497
94762
23204
67819
84646
34365
99053
80386
186860
195345
260606
259851
77588
38428
164954
195856
77072
92911
54552
84969
247049
6315
40510
98214
93325
238627
248603
250538
163860
92913
31371
84452
259167
66345
55294
4237
185372
56167
430466
417412
65732
186782
240094
75396
76782
158057
52178
72014
95402
98934
241414
50035
4533
245806
181653
73660
161772
181314
50905
193308
52036
28007
236004
79628
68998
189932
230142
93317
290457
95072
30814
26036
72942
98579
158159
91955
249228
86516
109703
185477
72095
237144
54811
254057
94605
78686
9693
22381
56548
91337
73020
91241
27992
89933
84655
35136
73969
90674
60840
258151
60207
246234
40766
247728
256603
190636
192981
75675
200522
162606
243412
77592
97097
246012
71917
154730
27370
86642
100267
34807
84757
418685
71695
247295
152214
98459
41421
186726
252327
247241
81486
94618
51211
75631
250625
50570
97012
22399
105172
97589
170227
250763
237962
93631
41426
73233
421278
58207
76011
152467
159728
167738
248890
93959
41786
180193
98953
20799
9235
67993
71891
198269
159291
42685
254201
68633
105162
36559
98467
261683
87885
69142
98277
239653
161352
412780
241804
607358
263106
249425
291312
98935
165368
243642
30693
759452
86621
151509
163269
73170
72905
35270
172093
23848
628494
71952
58653
241483
195243
79785
413496
90384
22279
251842
414163
173750
99055
74616
33592
158640
153936
105170
94634
66158
174037
59766
98669
67995
616448
248235
254058
411481
243922
289986
193294
160097
97070
197434
90449
159693
150470
30860
150239
163431
413035
24943
290811
162761
156258
81830
97997
5595
153245
69892
252366
170148
241803
77294
24206
66162
190650
259049
87210
291615
248612
252596
155281
202352
252131
165408
433307
291286
290130
402882
23684
74523
290993
261319
72047
39187
57690
35755
40873
190432
81484
194734
253479
156367
80382
237419
16655
16386
91574
260586
88314
173392
257156
93439
291126
244298
247724
171831
182770
104129
4538
59272
164634
72823
251827
59808
66734
413109
51732
9525
75999
250906
193312
5632
180459
60394
95625
78986
59614
430977
195064
40350
86935
157400
14082
82746
33603
22009
34925
98881
13326
180406
174613
188794
245937
153462
250658
194767
97078
248168
39691
290117
4146
261020
37409
245650
27369
188752
74618
80851
77396
11788
264479
257530
251488
260999
189344
34396
109107
66558
102606
230263
48008
25724
41352
68412
193306
80143
15577
158721
2840
248572
153734
91819
23438
39905
171596
246408
20216
411887
172130
41314
151544
84931
93727
250723
16571
158671
80282
62871
168749
259349
97143
60652
13023
420371
2297
87112
103395
156310
251492
65665
183870
193921
150090
73964
161538
91261
27129
610352
91285
2729
50211
58731
83853
38892
245792
238047
251139
259003
63570
183086
652897
252270
170154
249065
98955
39241
91294
79645
433312
169753
99633
291
40029
79327
158196
434079
235899
27775
159699
189531
249354
423441
281041
31567
59768
170784
251023
51391
97088
156384
248804
183089
255577
67623
249091
81941
63098
86025
100420
17056
34046
237417
199183
91254
158198
34100
187517
73107
180192
1924
600174
180576
433313
159290
202783
165307
156529
109709
153461
157334
251564
153726
72206
193509
173343
24944
56348
9076
60560
202654
64773
49760
202810
169936
107215
22398
72075
86817
239151
90135
39675
159233
73972
192368
245653
97158
10439
51596
192338
189896
628342
82109
406525
626749
28482
415809
87948
66667
421066
163883
261302
53406
156492
183748
413501
73043
154411
198524
66119
23419
416920
161357
153125
156537
35267
237889
14354
80955
50291
30805
418090
44395
82347
290131
241157
6058
81654
74992
108615
54043
48208
257173
248182
107605
158197
419799
249722
74958
430699
155767
79691
248548
246575
79671
248000
73956
29235
430616
77678
79201
238048
167426
261607
15800
169699
246011
5305
41267
79411
162400
241490
164286
258921
163707
71890
262601
75239
59582
94603
75993
10113
189364
79510
46007
33826
78412
246358
9694
239580
39626
74504
230262
239781
106567
50595
202018
14306
80845
171532
189374
15134
90714
246966
102273
412776
183231
198723
163388
845
93490
167392
63495
35572
258120
260195
158157
422618
182066
161693
156232
39828
71685
181655
159766
249092
60191
420846
26410
93906
241426
261688
65982
169042
162957
73981
28838
167703
162101
16462
171590
80064
247302
193560
202517
51132
253422
193931
260928
172619
92973
106556
74994
237930
71336
252324
249067
78153
86508
63659
237146
87214
190773
197820
70064
57069
76416
152877
252695
26588
78056
81485
68957
153350
165804
162183
90677
291614
52868
39652
14374
182766
155712
68144
73409
247729
81944
40315
239761
155227
36572
192808
251478
165813
158214
55713
81322
160160
291284
76043
95323
163268
29283
619730
39686
105510
84592
24538
35165
67022
152252
411483
67021
66124
76313
37302
418699
426407
238339
95956
84453
913
90728
5475
202019
79263
158218
153977
30850
188940
163438
155665
89299
106950
72716
159016
50754
415342
66743
158856
411327
85606
82913
261942
241156
418601
67045
84886
33927
159630
422386
55033
63461
23644
414396
72640
36560
74790
433241
639950
153905
193646
612191
426543
614306
236262
150233
81918
92553
68960
71147
250865
80512
80140
99718
626
87110
65800
196721
89447
154156
238623
150097
173342
416910
56505
80197
251138
759461
88145
253395
419840
100532
241416
69664
167429
236758
259350
82606
173978
71889
79388
150655
162646
32002
66105
290981
604887
6003
261810
200437
151498
72859
184595
80588
408313
193150
63670
48127
251481
84137
652896
71288
156464
40409
62698
88728
433370
189887
242280
87785
39212
161353
258134
254072
28110
2728
260198
66479
94609
2448
260858
291281
246741
246518
157333
171889
60181
96194
165393
240021
432270
71686
87995
84321
156982
89726
22033
171448
61058
158486
425444
169752
45818
411238
158698
237162
187882
427047
262847
78411
98056
190468
156776
94392
86687
158213
61193
67098
61752
51419
27920
404697
32559
68472
163145
23614
21936
152111
413111
75356
40562
60395
171541
39908
166653
83659
60967
189920
198633
95036
245000
186954
161854
87871
163270
169612
157641
169610
150777
260924
68537
245154
94616
59926
80038
169138
239721
153967
80671
84815
163882
173330
71257
65062
261606
421645
89906
96631
58741
261716
32690
84561
152466
238746
35093
11799
78140
237944
248190
184972
197860
417298
236259
71533
243644
60176
40675
88952
95037
859
41936
69823
108099
616325
86715
71605
251487
91745
250460
39235
158860
194766
55590
73403
153970
166892
185612
249072
1432
16277
58868
158566
38346
426588
427870
151445
91240
86913
194376
251886
15310
158638
83854
162403
289
73787
55695
15457
172082
154941
68363
173328
628739
418502
43969
230329
162395
158685
200460
152283
237749
230313
4806
94518
1719
281601
411554
238303
89648
158709
43199
258121
249082
9236
91763
67760
158711
257392
42675
188729
80247
230344
76038
172147
161154
188292
152786
181511
54065
250640
66851
241237
189807
94892
165772
196425
159605
2444
166654
163487
107649
59749
87564
39957
193505
74908
84884
109702
251651
74321
39163
250626
169728
73687
261222
1565
202942
258150
158740
84767
164431
248680
27128
195757
54070
172656
401210
422523
172838
180817
77075
628472
87790
160866
153419
40518
71322
110082
187616
250623
40511
59769
261758
57036
83947
181860
196285
150118
194771
172839
163281
86634
24539
247786
238545
195850
193501
91169
24533
236976
151505
26309
173339
193511
41143
241813
170657
182390
21931
93945
182379
85883
281455
246931
186778
241482
261586
195180
162159
280106
96773
58747
102513
213
67357
433236
4337
75376
164434
100857
32567
261133
83942
98475
26848
64613
35771
10179
99620
238621
248562
290456
35057
251940
91096
97069
155753
260859
261686
409501
236347
193637
201279
88244
56339
89944
58957
31138
61224
75645
416808
85615
71899
59195
195438
163412
152797
259239
31372
91097
165369
422340
181377
65990
418947
182717
259023
185542
180029
65487
82984
24544
159796
257225
50626
162760
615610
158161
83270
157534
316
85356
260182
245497
161127
99547
9026
248605
153060
34316
192592
150464
192357
409530
140546
248181
258137
98814
170156
50197
150476
420370
35272
165231
25622
99621
196111
188158
189572
159592
249100
183811
24210
53335
164230
72546
107845
247412
51667
5393
30891
180008
14123
78666
9934
241812
94424
236007
27921
23458
39161
108783
74661
257712
37367
55468
78779
190808
153241
65153
244300
236638
19006
172091
7789
162176
66261
187909
427562
65991
74957
183881
84225
189922
94015
102045
30237
30748
77419
150184
35769
263104
257493
261965
86175
54268
50226
163877
193305
165931
51620
78152
236637
67358
417424
153259
412046
152456
280322
237406
77640
434621
411975
158244
658880
241131
172366
239716
82744
622460
201149
160045
198190
88469
249721
2582
40966
236332
84459
72010
98892
36343
641377
429207
182391
159018
78127
237193
65984
245649
69588
188833
98599
65152
68708
78414
94997
602228
92910
158567
69171
24373
263521
159023
160945
169413
174379
27680
257050
162592
152458
107542
2460
248187
173900
191350
98366
100174
201875
27525
280793
425442
162806
62165
28214
67331
153724
166567
414373
95318
80970
421950
88141
188368
54063
172284
253549
432199
1368
258503
67880
93207
162576
2767
85398
3056
190347
75096
32525
30863
11805
61749
27772
248627
81366
44849
108972
166495
39391
22502
63564
173607
616323
238755
612316
248256
31600
237139
68131
432740
252677
30866
93428
153423
161861
109701
30865
240046
182908
57688
53341
86929
97937
150315
74526
50627
9936
71895
73661
39694
188360
238115
28649
89302
249073
251498
150211
241410
81105
264215
188703
249075
153687
76593
69078
154934
423252
157835
41422
173752
51725
86292
27306
68426
84987
260310
174567
422341
40471
158063
87217
251141
31377
23363
78389
194640
80921
183731
69191
60540
415567
88543
82421
84932
163944
188622
248607
246001
24488
50591
30861
247408
62668
248626
78410
155321
198780
236265
167576
241163
55632
158058
41234
23683
201086
106706
62368
66725
53490
59196
51469
30530
75010
201587
249068
174614
163391
76156
68068
96012
194513
258111
79332
68121
162174
411476
95313
75623
94888
248606
155668
195394
28676
243410
78134
159287
88422
168113
190145
79988
24867
169159
253675
155183
90506
95997
190348
16750
66937
96976
161422
97014
75628
241828
84972
258113
78491
28079
2246
168358
240775
249723
58956
163420
59920
41895
5152
252791
82929
56336
605
230036
96853
239711
54918
153718
169863
39685
74612
38811
82920
200634
194641
110314
154727
30263
173068
79390
290909
250845
66724
421275
169751
261138
251486
196326
200476
5048
78072
30862
63341
291102
25584
93047
156533
150915
249140
237399
10160
50311
194602
10122
151561
81812
79412
26229
180837
98960
104100
240037
9587
237495
248601
75369
257219
153747
84461
257408
198005
24485
100393
173344
56335
107469
67102
71789
6166
108973
106534
84135
194638
156016
391132
65992
24468
52615
162198
89045
109342
413825
159731
39130
411276
39336
38441
85819
50313
202501
203009
153686
58708
93902
188362
50699
91960
75513
245794
240667
75980
433233
616147
266258
710036
195263
193154
97477
759444
187914
150210
253877
56345
9048
261643
190688
23769
150094
64829
26789
188398
72372
40475
11263
261559
162394
62196
183873
25582
203002
252421
85361
243377
158160
247243
159712
257375
250628
68266
81546
172076
246447
96854
258110
429966
158061
10197
43352
163909
28479
155773
43676
193168
183686
96730
189585
86762
36356
188851
68428
241809
76946
155335
72069
99489
97459
74514
92770
55515
100789
237110
193371
187908
75643
84811
184592
27767
23856
56363
250656
44863
433242
94780
188363
35269
182554
182071
90667
420818
152110
421629
81501
633213
5060
5229
14316
161670
413700
237411
40584
252635
155277
189942
155382
73923
180403
8055
241160
160061
257376
109545
86293
260212
94019
291326
65988
80301
261689
22076
31677
159615
76969
1362
23186
91465
20834
84662
22221
180460
247301
78184
54793
163417
192356
88521
243413
94611
158676
628489
258450
167948
57409
192590
249330
2092
169611
50624
25566
39186
163801
411210
169141
75393
37306
105173
55070
241816
41025
413184
78405
184974
153422
54878
95654
236267
93903
158059
96164
93905
28504
160797
258177
167739
201452
78556
24303
11803
158226
52153
89032
163797
80847
169142
81067
31619
71631
421270
281757
58737
184696
193818
258838
247528
28836
71959
88143
183789
245294
154163
158222
71301
71884
74367
198762
50164
160470
19068
59743
24505
161000
258128
187928
95482
163439
165932
182898
78560
33276
22278
164442
72410
130417
23712
97473
105565
36574
99457
66559
189366
81205
103939
80245
106707
193995
168005
191304
427174
1126
203046
158053
9521
87111
85701
251474
157470
9527
163799
250844
94632
79869
54725
39389
79326
88504
51738
85624
430187
152260
25576
52548
104070
59763
88908
95319
251145
159729
29393
72073
41997
16435
50502
181509
62312
170150
81325
290630
89938
260473
56802
61024
56801
104861
156530
241158
24940
15313
55498
2010
83419
154158
100856
158221
198384
40566
157639
400093
422396
96319
100550
258057
77586
237848
72061
167267
153501
109376
60620
411795
45821
4808
418908
69162
5606
188295
192631
77584
210
171137
24200
201211
181571
54810
184589
251568
72691
60393
155179
431389
98879
163732
194976
65779
424717
257337
41427
413500
9626
65007
190431
180057
257218
67847
246740
94870
154758
411415
88959
84677
153733
15583
239766
247331
28465
78955
1547
52943
82607
259341
194339
48147
172133
237461
71831
241123
163280
39558
33655
92536
150095
605381
109289
86921
409930
43054
243726
193317
241815
290627
51910
160467
194748
30403
161004
238618
50215
91706
78151
110317
153810
61753
29544
44514
92501
97072
258840
183301
87429
600563
84460
92974
14236
151499
259164
60642
164231
84883
150824
67757
24202
94296
201637
421959
71804
78495
422388
162196
259623
100545
183770
68130
80672
258125
100823
90651
238119
188549
67505
52268
41753
88128
261926
238953
67355
39185
180461
188725
52623
108075
107670
11254
74626
200256
91675
2472
433371
182936
73982
66131
109704
195794
183031
108764
80148
68714
202086
94342
34085
99625
9148
290808
155637
40885
239769
65625
51496
6006
70026
634631
237945
94252
28251
95916
195758
91339
168343
170151
65549
55725
291636
51342
426098
16177
165115
99628
196110
85007
169725
183633
280105
20015
110309
183634
4812
73055
168383
165064
415885
99056
280321
238762
156096
50590
62618
26749
43742
238338
68890
57243
162688
80883
193433
240666
156983
280118
41208
252135
50493
66735
75352
409273
422264
93429
61029
198761
35152
78713
169423
189461
88553
11273
65508
20090
11801
15472
156466
38385
13022
2993
157313
39834
151826
174556
161002
241243
96521
248545
237407
159800
95479
160699
1414
98140
89525
157351
162179
170581
185245
72040
37254
657600
164366
26914
172655
659824
182371
255578
10362
241405
24537
100099
169139
77271
73658
153072
416885
84809
109377
417692
152620
180841
88138
28650
65671
98026
75102
153745
150241
259948
193636
710060
238491
290908
68936
80888
88315
26228
54511
180840
62670
195123
153056
409735
98885
264191
84458
252071
246448
27660
425660
78147
60562
240038
48137
163939
152796
86063
174177
16592
250211
34094
67441
413698
153227
160151
4680
67072
186269
161764
85355
168980
195633
35680
73817
418688
60179
167731
239782
91820
77704
291944
422433
28111
170785
28445
427985
81737
57058
157957
154316
160063
290988
248177
200657
109389
95639
86912
99300
61216
84451
96059
425958
88319
263099
22177
417037
239224
411179
170862
409885
80147
24333
106238
74311
39188
248186
100731
54599
99442
160452
82748
180493
262858
69437
607911
25565
202355
88914
421179
163418
237968
257215
248684
247330
636733
186863
238493
92034
201639
5279
257338
259139
170912
1302
180034
249063
82982
77583
48005
26269
251318
73231
30704
56591
188374
110021
68715
85518
195239
96185
91103
26307
24962
429192
55284
98551
420139
26270
31097
93396
36523
99719
163941
28481
97461
87120
188753
66100
50292
63462
58931
23116
415884
172372
94617
252326
54243
41937
201213
40794
78834
74615
62195
30018
166058
161669
90675
98024
81942
433311
201045
171115
628479
91690
54385
158690
78122
174617
171540
252678
1125
193504
25583
60541
247033
102356
84930
84758
44723
194770
153753
51471
166710
259169
40139
237694
415606
104862
94341
237290
37053
73798
291002
183820
195251
83948
169545
150240
250908
248180
26747
238550
424496
97336
182772
173976
173751
97015
172382
54420
9234
237404
172833
60400
168137
165411
162958
169547
50416
106322
238114
95129
90668
9471
95316
167141
80141
290766
159148
187920
57000
169095
424636
56437
62691
158247
1360
71432
652888
55470
244040
192364
1920
96855
183663
163308
85514
158746
258936
44717
167427
85140
413037
241811
172308
56353
51142
172371
170623
52852
257233
84918
280554
236045
163442
41003
78018
51389
44517
264729
248803
159805
9227
67227
71955
290984
78811
53388
33561
25413
600289
50288
153243
201583
257709
22282
261953
27238
98285
252047
83597
195166
67097
192355
168144
251845
194751
168891
193645
79414
30854
173050
253888
191521
418499
189943
185370
263101
248621
51681
4807
238989
193562
75374
73815
170160
642085
162181
55462
50621
72065
75091
246372
86717
27843
415604
189895
4067
248173
152253
196115
248894
169144
185371
202125
75630
247240
189166
252696
246519
91874
193311
69718
67741
159294
165285
68263
166525
161865
78403
156368
83951
56381
189580
193916
83950
35734
251485
89840
83594
33897
172209
406613
33660
80581
628839
60014
151497
108872
249229
414389
153401
78851
17038
99604
93316
291000
253487
81868
413129
250795
236333
246313
68427
173127
171589
33656
431008
95494
258154
93475
421173
77384
62285
107585
73930
44932
154914
428379
238046
20154
413391
21929
251859
73277
290421
100179
100548
248185
75355
38407
95314
259238
159732
31868
103737
253844
156017
153736
230460
27318
249102
87237
241817
193912
201214
54064
51690
91827
5321
170035
9176
49720
241938
79669
54681
93634
167430
159246
56324
85351
241475
154933
419798
2471
50033
184330
184976
88904
29407
27816
183841
425440
426308
89303
261134
100517
95788
56556
166591
414394
413824
83347
640953
71324
73789
628842
51915
168633
236348
152459
245174
70028
257527
90200
2183
77636
97898
20645
23713
153725
15246
73705
78053
93382
68127
27649
627752
259033
50995
156496
94022
78557
158706
35670
62260
174270
110390
40483
1549
247641
290994
93687
55474
168855
99723
414378
95478
78864
80776
83267
27349
5140
2185
158068
162169
290378
24941
625663
98047
59764
59200
608458
80144
194333
9173
91379
86170
12102
73529
250541
159807
247411
90718
280725
93908
50983
425682
230314
84813
73647
202089
153720
166494
86166
421842
67739
68031
259438
243414
83851
156468
182374
4809
243725
415882
247303
27858
608269
98912
153730
26468
76653
257078
107574
31033
264139
80543
172305
50852
236268
171003
173341
193151
40051
68433
250627
77515
40992
68432
72418
404694
59929
160890
6022
174138
417683
16066
173788
151508
71832
409716
417777
151638
402784
54321
260920
427049
59191
607580
13020
74056
622458
421217
88378
43385
94344
41140
238305
171498
9464
247237
153242
239718
86859
52347
45667
30615
20234
31175
170298
66065
196987
75531
166709
163484
36156
253321
79240
110394
40928
187913
2295
90437
59387
52613
243822
281136
290455
85625
291637
244241
93961
202965
78148
246517
65627
616327
98783
85820
85399
98183
182933
86040
61227
65626
27877
154759
167998
254061
34052
40931
54375
66104
94873
79490
247242
32689
259069
86688
201819
427388
194482
65838
78555
4118
78019
63157
65500
202085
89939
16572
158194
72773
24020
56354
201641
161006
170164
417680
95899
71058
432040
90181
1341
73346
153976
93321
72690
66160
194601
245306
30815
150238
90509
68647
238751
201642
412639
28123
608469
607808
44729
31345
173334
77295
39958
160164
254636
151507
38427
419800
430975
413502
31058
192184
76147
39521
259072
170294
50897
89609
155322
31379
41998
153108
195859
200981
40582
258839
65061
613700
182422
58311
180810
156409
155762
24536
248882
57803
237887
151545
256677
80117
184414
156489
201369
59744
258117
260926
162167
427928
24549
93635
159920
33646
38405
184973
94993
197338
50628
650059
187924
28558
414259
89687
192501
36548
185474
171168
155228
63677
98888
291545
247332
40914
97676
72560
20732
98884
72076
23223
417694
88533
53792
30093
180492
29212
409994
174575
59255
2738
76087
245654
99626
71437
248921
30864
159293
90717
67762
153226
431390
39228
257525
251589
9232
281412
230349
198765
86941
159799
187907
156465
41816
88915
417038
191525
50491
89689
94890
185242
105167
30221
52113
78559
164443
152396
191558
50937
71258
73951
257380
431369
94504
98781
416811
182423
83839
93636
97617
52785
73799
86169
180839
637680
194668
94573
250836
413100
73567
78409
67330
255459
105756
641378
91253
290764
61026
230345
151559
88144
23710
94253
188366
621324
56539
54867
96765
109700
4403
98429
110312
184587
5984
247235
52179
39408
164636
160599
259074
616468
249949
238634
60398
619636
100851
91395
35651
92042
239783
52487
618337
291928
193634
188653
188356
200259
188623
188371
235987
258718
173729
40199
105923
151903
203176
154525
612013
247839
410238
189796
62191
170153
400786
69422
40056
50275
41039
246226
2449
50489
239558
55465
429191
192341
153739
172369
635099
72155
190746
162397
249094
2111
94016
188964
36547
54465
188984
20927
89941
243376
197818
202356
154930
430696
12173
158666
240818
30561
411219
5590
98096
100195
61269
252132
158723
182373
163306
54915
230507
200447
193303
259850
248236
65792
40676
167741
66478
184975
70025
413390
151514
169140
259957
169420
27988
248611
90446
80034
66101
64791
98816
67583
161424
102353
79605
194139
94615
157643
164543
150649
152454
33685
191844
22392
67349
8405
81372
291285
430974
157314
72582
236276
165113
182377
50580
421628
186215
62098
121
62192
245866
409655
189927
23027
158101
43571
201783
166596
192523
83001
152784
48146
80799
29350
87982
90320
55592
237766
186780
79087
428778
153025
108977
183964
96940
195400
50296
75708
16640
196053
189647
159015
83953
154090
47121
79386
84571
187428
98022
75624
622452
33960
87873
160290
413106
195668
169162
90323
164404
158067
40861
89691
406745
429501
161028
166651
96856
96937
81496
21116
87870
86740
163411
72563
71604
81480
189846
96959
93627
181046
66411
380483
40886
158707
52603
251500
42012
259861
98402
75092
413112
195395
51737
245186
78141
66726
186455
409561
88649
78573
167009
20091
187612
24945
51397
190744
416928
280120
167355
66317
89464
172210
195845
33658
90372
107599
80098
193915
247523
187323
194643
414395
150394
240198
22277
189911
15458
249088
105475
75366
97120
247091
65147
82312
106808
61270
27367
82405
261400
418966
9605
26063
37145
20169
174043
40740
154482
193670
241823
94339
156528
169935
83311
400465
80146
18111
93898
248599
81498
76168
238496
42671
84588
189848
4200
416810
65340
79233
77297
195249
81359
87207
160889
83269
263768
253843
16394
415767
74525
159021
84754
71146
100551
172830
38229
78128
98170
78367
27661
83593
161426
262427
1000
161356
2750
237112
192340
189550
182069
194764
259070
194878
245173
96931
41396
259344
82409
31568
54061
93964
71282
65867
154416
54017
604514
66243
172092
192979
160655
50895
90318
77585
167705
41265
39956
90447
391133
258118
262554
202304
52026
25538
163730
55456
290114
161862
201744
27250
158672
22386
58707
25825
40412
91286
78400
95563
91530
83002
290625
432198
415957
165114
8241
32549
191527
80337
168734
90064
170146
238639
195855
170914
80848
265063
163976
261623
158232
105544
239772
610619
28647
50596
94606
432904
420183
36151
248353
28327
45666
409837
154086
290632
173980
30898
80873
417251
415518
41423
155769
33505
405959
250909
83481
152465
81112
23850
73746
88982
87874
152038
27330
290760
28377
15456
29196
76859
57875
194245
25719
159733
156578
56815
1625
99164
57660
201362
239664
162929
80887
172281
248613
258271
201037
195396
91224
412561
237192
614675
79099
88666
79475
158742
800
2445
247048
194334
201210
95417
10251
158166
248609
52037
152246
8753
95876
424582
95450
30692
409928
202882
180373
4639
194775
168161
151632
31638
70046
160999
84132
54055
155182
57714
253586
155540
34203
67099
174187
77721
251858
18125
65494
413714
248148
430681
90439
180458
171171
410992
170293
172024
245069
241656
97479
27765
33727
93943
250657
161346
100839
95817
78021
94607
6093
258141
195759
236264
39832
410144
23100
413099
411240
97125
68169
86510
155029
72579
193295
99306
262059
27773
416619
417040
29241
201444
95322
417215
180058
59378
6073
13424
246729
235898
155178
171959
195756
22274
161644
241660
237164
84812
197221
196925
16491
75326
95603
194243
107808
99775
153126
202945
44045
5081
87735
50907
172642
84175
169172
154384
63289
167265
202339
201445
73790
190493
90448
161949
162782
417426
255853
5324
158231
99290
90055
33588
261721
158158
80674
5336
69431
154387
56254
415051
162172
245934
61027
427046
24504
180056
237494
150138
180404
77589
44759
152217
415889
200972
103620
93944
195971
20863
245070
167580
249101
169152
79391
48128
40674
152209
186535
428540
195355
31537
12962
203008
248546
88909
156438
247727
155386
36309
194336
10255
150540
171118
290845
201636
59179
173973
79989
432553
195860
200521
94378
249089
32037
153342
261560
180371
66728
59741
67567
151519
78709
99479
7218
160720
159286
159017
84974
23965
11551
86151
87752
416710
41014
252698
94390
173170
55950
185369
24190
186605
257272
96974
258841
188423
94906
102010
152451
41425
174318
258922
43516
156585
4392
173237
50622
79473
195745
50026
153404
257334
249951
44755
92577
200635
391475
428096
99627
259141
158675
17018
62190
605805
93258
68956
16755
86291
158714
291288
96061
238494
172162
158506
248889
106043
166132
99533
10335
88322
195595
165365
248678
57127
261717
189559
420476
60644
202946
380184
239220
290812
658160
412317
75633
431053
80410
36135
264138
95053
195437
250797
430576
183749
257710
80420
169164
238489
65801
151518
95697
77298
159426
189917
173131
180843
31092
238153
150973
39514
80020
65493
412375
190433
73656
192594
202657
429179
236589
50815
159769
180464
153732
429519
29222
63555
40129
55518
99085
69076
258143
414392
81106
38074
40477
195852
247526
158664
62616
248891
189969
194379
172832
150237
188
249634
79112
102359
159205
152221
170465
171463
230346
91785
158680
257398
80879
244302
88461
198584
97780
198787
153754
422712
160319
290121
40608
191842
238492
80077
100522
258148
93326
69461
241814
67020
258131
93872
237412
61362
71830
84593
51426
69890
11797
161853
39674
40052
94994
241820
154937
28651
63563
163392
414391
41204
63473
85358
31078
193991
414383
40564
163355
5070
280693
75397
291105
4075
642934
251657
251452
75298
248171
170302
169161
54916
170585
416714
167446
241244
261644
1301
194763
241805
57540
197227
171870
74328
24662
2179
21115
421376
1964
253878
98162
32622
642091
15536
251491
259860
44761
27237
94391
182773
72078
24021
186651
108769
280048
27423
78054
618714
33729
261022
200133
158691
100622
260695
162009
42516
9273
9178
100840
171839
110748
100544
197819
80522
153510
93632
427635
24506
107598
39895
152264
150234
188835
100309
257217
417703
56500
72027
90176
193314
102039
36512
415716
169160
183730
417699
190491
15749
153972
759459
243645
151587
41189
170163
247532
153763
80385
74617
64652
84816
153748
606363
249064
14242
2245
65983
187880
72029
258145
75011
56350
91803
180465
60682
163433
161405
162180
248559
419228
9637
259068
8195
78052
418096
74656
93327
29239
28122
39907
423177
413251
153760
9695
180370
67320
89948
98053
51252
69102
413809
171879
244010
183969
68430
20731
104654
109266
85415
291300
262058
422797
155215
40298
416812
67456
91170
629106
249076
29195
235902
96167
71894
80825
63096
161351
420475
93629
188469
248234
182769
257048
230351
622
31250
430973
158636
14162
418691
236257
259353
62164
99722
257122
5601
172080
413102
410097
422549
429727
202962
238750
191322
86357
93586
86155
74995
93630
243643
152218
99456
87850
246967
426095
404479
192504
167428
152249
43515
158219
171585
158312
90663
656879
170675
25718
416963
73797
171353
74604
43990
413594
159808
263084
71284
183962
104393
85522
41271
28645
87562
186862
78859
85401
262228
427389
7941
36448
15336
75402
64974
2133
69567
55463
173057
245370
39179
195168
65059
39827
254202
74606
159803
76412
182909
107850
76968
50305
32558
51896
404695
190000
185933
41398
83336
429189
173605
106482
86168
156003
42497
69808
189617
84808
154162
167905
57569
27741
202016
159237
167950
27498
82745
79325
415886
54223
193315
59765
187613
58275
246042
94254
93448
1841
29541
89647
50799
260585
623536
69441
409832
50849
427140
167157
290281
28545
88545
39673
159797
170161
430697
67286
87767
251385
156091
56782
71337
96193
75360
290118
73796
41144
165803
188793
21937
154146
41775
258112
20211
195853
58150
28260
77763
251562
190198
21941
279581
54865
237965
201212
152329
51621
238754
642192
41397
259424
84714
615905
249050
164435
429734
55068
95321
291332
167402
10672
616354
9863
420509
68132
161859
99624
163148
76415
97633
243656
257378
154153
92986
59583
151444
241114
250275
155388
201638
241848
62891
56592
108974
41112
13019
262998
195165
246887
158505
50161
158663
193507
186216
54388
93253
154935
69596
237575
110399
81992
37410
15633
36454
23708
16423
171404
80872
94613
43451
72096
55485
24174
86156
31057
290755
429472
67103
619232
32560
187783
250575
48154
246225
164438
161360
161421
93900
280003
251024
200129
410958
25824
26582
421555
87875
429512
261530
40473
162164
252137
416601
165777
202947
85520
62719
55749
152212
110393
98428
87887
230247
100860
86760
844
155229
26849
169426
72207
38058
85357
200984
240815
80228
96746
58733
425657
238613
80387
252322
94891
81076
186861
74382
27362
40949
198348
759650
415810
247520
158164
50910
80099
163884
237809
248676
38136
251566
69895
27400
408314
75671
163423
430571
230352
84587
281413
71434
624042
195519
187516
77081
291003
248278
402173
201640
237401
66938
36169
249096
76151
158635
92217
108978
188796
416918
8134
167264
50855
246402
166923
180037
87992
188834
37301
83946
195261
71283
