    0    0    0   0.000000000   0.000000000  -0.536958E-18   0.176210E-04
    0    2    0  -0.000000000   2.329953307   0.713949E-02   0.777814E-04
   -2    0    0  -2.329953307   0.000000000   0.713949E-02   0.777814E-04
    2    0    0   2.329953307  -0.000000000   0.713949E-02   0.777814E-04
    0   -2    0   0.000000000  -2.329953307   0.713949E-02   0.777814E-04
    2   -2    0   2.329953307  -2.329953307   0.577401E-01   0.181042E-03
   -2    2    0  -2.329953307   2.329953307   0.577401E-01   0.181042E-03
    2    2    0   2.329953307   2.329953307   0.577401E-01   0.181042E-03
   -2   -2    0  -2.329953307  -2.329953307   0.577401E-01   0.181042E-03
   -4    0    0  -4.659906614   0.000000000   0.391693E-01   0.176976E-03
    0    4    0  -0.000000000   4.659906614   0.391693E-01   0.176976E-03
    4    0    0   4.659906614  -0.000000000   0.391693E-01   0.176976E-03
    0   -4    0   0.000000000  -4.659906614   0.391693E-01   0.176976E-03
    4   -2    0   4.659906614  -2.329953307   0.684580E-02   0.748353E-04
    2   -4    0   2.329953307  -4.659906614   0.684580E-02   0.748353E-04
   -2   -4    0  -2.329953307  -4.659906614   0.684580E-02   0.748353E-04
   -4    2    0  -4.659906614   2.329953307   0.684580E-02   0.748353E-04
   -4   -2    0  -4.659906614  -2.329953307   0.684580E-02   0.748353E-04
    2    4    0   2.329953307   4.659906614   0.684580E-02   0.748353E-04
    4    2    0   4.659906614   2.329953307   0.684580E-02   0.748353E-04
   -2    4    0  -2.329953307   4.659906614   0.684580E-02   0.748353E-04
    4    4    0   4.659906614   4.659906614   0.256958E-01   0.170268E-03
   -4   -4    0  -4.659906614  -4.659906614   0.256958E-01   0.170268E-03
    4   -4    0   4.659906614  -4.659906614   0.256958E-01   0.170268E-03
   -4    4    0  -4.659906614   4.659906614   0.256958E-01   0.170268E-03
    0   -6    0   0.000000000  -6.989859921   0.555207E-02   0.722755E-04
    0    6    0  -0.000000000   6.989859921   0.555207E-02   0.722755E-04
   -6    0    0  -6.989859921   0.000000000   0.555207E-02   0.722755E-04
    6    0    0   6.989859921  -0.000000000   0.555207E-02   0.722755E-04
   -2    6    0  -2.329953307   6.989859921   0.222285E-01   0.167373E-03
   -6   -2    0  -6.989859921  -2.329953307   0.222285E-01   0.167373E-03
    6   -2    0   6.989859921  -2.329953307   0.222285E-01   0.167373E-03
    2    6    0   2.329953307   6.989859921   0.222285E-01   0.167373E-03
    2   -6    0   2.329953307  -6.989859921   0.222285E-01   0.167373E-03
   -2   -6    0  -2.329953307  -6.989859921   0.222285E-01   0.167373E-03
    6    2    0   6.989859921   2.329953307   0.222285E-01   0.167373E-03
   -6    2    0  -6.989859921   2.329953307   0.222285E-01   0.167373E-03
   -6    4    0  -6.989859921   4.659906614   0.448470E-02   0.700439E-04
    6    4    0   6.989859921   4.659906614   0.448470E-02   0.700439E-04
   -4   -6    0  -4.659906614  -6.989859921   0.448470E-02   0.700439E-04
   -6   -4    0  -6.989859921  -4.659906614   0.448470E-02   0.700439E-04
    4   -6    0   4.659906614  -6.989859921   0.448470E-02   0.700439E-04
   -4    6    0  -4.659906614   6.989859921   0.448470E-02   0.700439E-04
    6   -4    0   6.989859921  -4.659906614   0.448470E-02   0.700439E-04
    4    6    0   4.659906614   6.989859921   0.448470E-02   0.700439E-04
    0    8    0  -0.000000000   9.319813228   0.160282E-01   0.159888E-03
    0   -8    0   0.000000000  -9.319813228   0.160282E-01   0.159888E-03
   -8    0    0  -9.319813228   0.000000000   0.160282E-01   0.159888E-03
    8    0    0   9.319813228  -0.000000000   0.160282E-01   0.159888E-03
   -2    8    0  -2.329953307   9.319813228   0.369975E-02   0.680792E-04
   -8   -2    0  -9.319813228  -2.329953307   0.369975E-02   0.680792E-04
    8    2    0   9.319813228   2.329953307   0.369975E-02   0.680792E-04
    2    8    0   2.329953307   9.319813228   0.369975E-02   0.680792E-04
   -2   -8    0  -2.329953307  -9.319813228   0.369975E-02   0.680792E-04
   -8    2    0  -9.319813228   2.329953307   0.369975E-02   0.680792E-04
    2   -8    0   2.329953307  -9.319813228   0.369975E-02   0.680792E-04
    8   -2    0   9.319813228  -2.329953307   0.369975E-02   0.680792E-04
    6   -6    0   6.989859921  -6.989859921   0.146839E-01   0.157700E-03
    6    6    0   6.989859921   6.989859921   0.146839E-01   0.157700E-03
   -6   -6    0  -6.989859921  -6.989859921   0.146839E-01   0.157700E-03
   -6    6    0  -6.989859921   6.989859921   0.146839E-01   0.157700E-03
   -8   -4    0  -9.319813228  -4.659906614   0.135478E-01   0.155634E-03
    8   -4    0   9.319813228  -4.659906614   0.135478E-01   0.155634E-03
   -4    8    0  -4.659906614   9.319813228   0.135478E-01   0.155634E-03
    8    4    0   9.319813228   4.659906614   0.135478E-01   0.155634E-03
   -8    4    0  -9.319813228   4.659906614   0.135478E-01   0.155634E-03
    4   -8    0   4.659906614  -9.319813228   0.135478E-01   0.155634E-03
   -4   -8    0  -4.659906614  -9.319813228   0.135478E-01   0.155634E-03
    4    8    0   4.659906614   9.319813228   0.135478E-01   0.155634E-03
   10    0    0  11.649766535  -0.000000000   0.269145E-02   0.647559E-04
    0  -10    0   0.000000000 -11.649766535   0.269145E-02   0.647559E-04
    0   10    0  -0.000000000  11.649766535   0.269145E-02   0.647559E-04
  -10    0    0 -11.649766535   0.000000000   0.269145E-02   0.647559E-04
    8   -6    0   9.319813228  -6.989859921   0.269145E-02   0.647559E-04
   -6   -8    0  -6.989859921  -9.319813228   0.269145E-02   0.647559E-04
    8    6    0   9.319813228   6.989859921   0.269145E-02   0.647559E-04
   -8   -6    0  -9.319813228  -6.989859921   0.269145E-02   0.647559E-04
   -8    6    0  -9.319813228   6.989859921   0.269145E-02   0.647559E-04
    6    8    0   6.989859921   9.319813228   0.269145E-02   0.647559E-04
    6   -8    0   6.989859921  -9.319813228   0.269145E-02   0.647559E-04
   -6    8    0  -6.989859921   9.319813228   0.269145E-02   0.647559E-04
    2  -10    0   2.329953307 -11.649766535   0.109851E-01   0.150048E-03
   10   -2    0  11.649766535  -2.329953307   0.109851E-01   0.150048E-03
   -2   10    0  -2.329953307  11.649766535   0.109851E-01   0.150048E-03
   -2  -10    0  -2.329953307 -11.649766535   0.109851E-01   0.150048E-03
    2   10    0   2.329953307  11.649766535   0.109851E-01   0.150048E-03
   10    2    0  11.649766535   2.329953307   0.109851E-01   0.150048E-03
  -10    2    0 -11.649766535   2.329953307   0.109851E-01   0.150048E-03
  -10   -2    0 -11.649766535  -2.329953307   0.109851E-01   0.150048E-03
   -4  -10    0  -4.659906614 -11.649766535   0.235757E-02   0.633269E-04
  -10    4    0 -11.649766535   4.659906614   0.235757E-02   0.633269E-04
   10   -4    0  11.649766535  -4.659906614   0.235757E-02   0.633269E-04
    4   10    0   4.659906614  11.649766535   0.235757E-02   0.633269E-04
   10    4    0  11.649766535   4.659906614   0.235757E-02   0.633269E-04
   -4   10    0  -4.659906614  11.649766535   0.235757E-02   0.633269E-04
    4  -10    0   4.659906614 -11.649766535   0.235757E-02   0.633269E-04
  -10   -4    0 -11.649766535  -4.659906614   0.235757E-02   0.633269E-04
    8    8    0   9.319813228   9.319813228   0.922155E-02   0.145194E-03
    8   -8    0   9.319813228  -9.319813228   0.922155E-02   0.145194E-03
   -8   -8    0  -9.319813228  -9.319813228   0.922155E-02   0.145194E-03
   -8    8    0  -9.319813228   9.319813228   0.922155E-02   0.145194E-03
   -6   10    0  -6.989859921  11.649766535   0.874987E-02   0.143708E-03
   10    6    0  11.649766535   6.989859921   0.874987E-02   0.143708E-03
  -10   -6    0 -11.649766535  -6.989859921   0.874987E-02   0.143708E-03
    6  -10    0   6.989859921 -11.649766535   0.874987E-02   0.143708E-03
   10   -6    0  11.649766535  -6.989859921   0.874987E-02   0.143708E-03
   -6  -10    0  -6.989859921 -11.649766535   0.874987E-02   0.143708E-03
  -10    6    0 -11.649766535   6.989859921   0.874987E-02   0.143708E-03
    6   10    0   6.989859921  11.649766535   0.874987E-02   0.143708E-03
   12    0    0  13.979719842  -0.000000000   0.832276E-02   0.142278E-03
    0   12    0  -0.000000000  13.979719842   0.832276E-02   0.142278E-03
    0  -12    0   0.000000000 -13.979719842   0.832276E-02   0.142278E-03
  -12    0    0 -13.979719842   0.000000000   0.832276E-02   0.142278E-03
    2   12    0   2.329953307  13.979719842   0.188087E-02   0.608136E-04
  -12   -2    0 -13.979719842  -2.329953307   0.188087E-02   0.608136E-04
   -2   12    0  -2.329953307  13.979719842   0.188087E-02   0.608136E-04
   -2  -12    0  -2.329953307 -13.979719842   0.188087E-02   0.608136E-04
  -12    2    0 -13.979719842   2.329953307   0.188087E-02   0.608136E-04
   12   -2    0  13.979719842  -2.329953307   0.188087E-02   0.608136E-04
   12    2    0  13.979719842   2.329953307   0.188087E-02   0.608136E-04
    2  -12    0   2.329953307 -13.979719842   0.188087E-02   0.608136E-04
   -4  -12    0  -4.659906614 -13.979719842   0.757953E-02   0.139576E-03
    4   12    0   4.659906614  13.979719842   0.757953E-02   0.139576E-03
   12    4    0  13.979719842   4.659906614   0.757953E-02   0.139576E-03
   12   -4    0  13.979719842  -4.659906614   0.757953E-02   0.139576E-03
  -12   -4    0 -13.979719842  -4.659906614   0.757953E-02   0.139576E-03
   -4   12    0  -4.659906614  13.979719842   0.757953E-02   0.139576E-03
    4  -12    0   4.659906614 -13.979719842   0.757953E-02   0.139576E-03
  -12    4    0 -13.979719842   4.659906614   0.757953E-02   0.139576E-03
    8  -10    0   9.319813228 -11.649766535   0.170644E-02   0.596960E-04
   10    8    0  11.649766535   9.319813228   0.170644E-02   0.596960E-04
   -8  -10    0  -9.319813228 -11.649766535   0.170644E-02   0.596960E-04
   -8   10    0  -9.319813228  11.649766535   0.170644E-02   0.596960E-04
  -10   -8    0 -11.649766535  -9.319813228   0.170644E-02   0.596960E-04
    8   10    0   9.319813228  11.649766535   0.170644E-02   0.596960E-04
  -10    8    0 -11.649766535   9.319813228   0.170644E-02   0.596960E-04
   10   -8    0  11.649766535  -9.319813228   0.170644E-02   0.596960E-04
  -12   -6    0 -13.979719842  -6.989859921   0.156141E-02   0.586542E-04
   12    6    0  13.979719842   6.989859921   0.156141E-02   0.586542E-04
   12   -6    0  13.979719842  -6.989859921   0.156141E-02   0.586542E-04
    6   12    0   6.989859921  13.979719842   0.156141E-02   0.586542E-04
  -12    6    0 -13.979719842   6.989859921   0.156141E-02   0.586542E-04
   -6   12    0  -6.989859921  13.979719842   0.156141E-02   0.586542E-04
   -6  -12    0  -6.989859921 -13.979719842   0.156141E-02   0.586542E-04
    6  -12    0   6.989859921 -13.979719842   0.156141E-02   0.586542E-04
  -14    0    0 -16.309673150   0.000000000   0.143935E-02   0.576784E-04
   14    0    0  16.309673150  -0.000000000   0.143935E-02   0.576784E-04
    0  -14    0   0.000000000 -16.309673150   0.143935E-02   0.576784E-04
    0   14    0  -0.000000000  16.309673150   0.143935E-02   0.576784E-04
   10  -10    0  11.649766535 -11.649766535   0.618759E-02   0.133574E-03
   10   10    0  11.649766535  11.649766535   0.618759E-02   0.133574E-03
  -10  -10    0 -11.649766535 -11.649766535   0.618759E-02   0.133574E-03
  -10   10    0 -11.649766535  11.649766535   0.618759E-02   0.133574E-03
   -2   14    0  -2.329953307  16.309673150   0.618759E-02   0.133574E-03
    2  -14    0   2.329953307 -16.309673150   0.618759E-02   0.133574E-03
  -14    2    0 -16.309673150   2.329953307   0.618759E-02   0.133574E-03
   -2  -14    0  -2.329953307 -16.309673150   0.618759E-02   0.133574E-03
   14   -2    0  16.309673150  -2.329953307   0.618759E-02   0.133574E-03
  -14   -2    0 -16.309673150  -2.329953307   0.618759E-02   0.133574E-03
   14    2    0  16.309673150   2.329953307   0.618759E-02   0.133574E-03
    2   14    0   2.329953307  16.309673150   0.618759E-02   0.133574E-03
    8   12    0   9.319813228  13.979719842   0.596744E-02   0.132482E-03
   -8  -12    0  -9.319813228 -13.979719842   0.596744E-02   0.132482E-03
   12   -8    0  13.979719842  -9.319813228   0.596744E-02   0.132482E-03
  -12    8    0 -13.979719842   9.319813228   0.596744E-02   0.132482E-03
    8  -12    0   9.319813228 -13.979719842   0.596744E-02   0.132482E-03
   -8   12    0  -9.319813228  13.979719842   0.596744E-02   0.132482E-03
   12    8    0  13.979719842   9.319813228   0.596744E-02   0.132482E-03
  -12   -8    0 -13.979719842  -9.319813228   0.596744E-02   0.132482E-03
   -4   14    0  -4.659906614  16.309673150   0.133550E-02   0.567605E-04
    4  -14    0   4.659906614 -16.309673150   0.133550E-02   0.567605E-04
    4   14    0   4.659906614  16.309673150   0.133550E-02   0.567605E-04
   -4  -14    0  -4.659906614 -16.309673150   0.133550E-02   0.567605E-04
  -14    4    0 -16.309673150   4.659906614   0.133550E-02   0.567605E-04
   14    4    0  16.309673150   4.659906614   0.133550E-02   0.567605E-04
   14   -4    0  16.309673150  -4.659906614   0.133550E-02   0.567605E-04
  -14   -4    0 -16.309673150  -4.659906614   0.133550E-02   0.567605E-04
   -6   14    0  -6.989859921  16.309673150   0.539110E-02   0.129387E-03
    6   14    0   6.989859921  16.309673150   0.539110E-02   0.129387E-03
  -14   -6    0 -16.309673150  -6.989859921   0.539110E-02   0.129387E-03
   14   -6    0  16.309673150  -6.989859921   0.539110E-02   0.129387E-03
   -6  -14    0  -6.989859921 -16.309673150   0.539110E-02   0.129387E-03
  -14    6    0 -16.309673150   6.989859921   0.539110E-02   0.129387E-03
   14    6    0  16.309673150   6.989859921   0.539110E-02   0.129387E-03
    6  -14    0   6.989859921 -16.309673150   0.539110E-02   0.129387E-03
  -10   12    0 -11.649766535  13.979719842   0.116891E-02   0.550724E-04
   10  -12    0  11.649766535 -13.979719842   0.116891E-02   0.550724E-04
  -10  -12    0 -11.649766535 -13.979719842   0.116891E-02   0.550724E-04
   12  -10    0  13.979719842 -11.649766535   0.116891E-02   0.550724E-04
   12   10    0  13.979719842  11.649766535   0.116891E-02   0.550724E-04
  -12   10    0 -13.979719842  11.649766535   0.116891E-02   0.550724E-04
  -12  -10    0 -13.979719842 -11.649766535   0.116891E-02   0.550724E-04
   10   12    0  11.649766535  13.979719842   0.116891E-02   0.550724E-04
   16    0    0  18.639626457  -0.000000000   0.491576E-02   0.126529E-03
    0  -16    0   0.000000000 -18.639626457   0.491576E-02   0.126529E-03
  -16    0    0 -18.639626457   0.000000000   0.491576E-02   0.126529E-03
    0   16    0  -0.000000000  18.639626457   0.491576E-02   0.126529E-03
    2   16    0   2.329953307  18.639626457   0.110130E-02   0.542917E-04
   -2  -16    0  -2.329953307 -18.639626457   0.110130E-02   0.542917E-04
    2  -16    0   2.329953307 -18.639626457   0.110130E-02   0.542917E-04
   -2   16    0  -2.329953307  18.639626457   0.110130E-02   0.542917E-04
  -16   -2    0 -18.639626457  -2.329953307   0.110130E-02   0.542917E-04
  -16    2    0 -18.639626457   2.329953307   0.110130E-02   0.542917E-04
   16   -2    0  18.639626457  -2.329953307   0.110130E-02   0.542917E-04
   16    2    0  18.639626457   2.329953307   0.110130E-02   0.542917E-04
  -14    8    0 -16.309673150   9.319813228   0.110130E-02   0.542917E-04
    8  -14    0   9.319813228 -16.309673150   0.110130E-02   0.542917E-04
  -14   -8    0 -16.309673150  -9.319813228   0.110130E-02   0.542917E-04
   -8   14    0  -9.319813228  16.309673150   0.110130E-02   0.542917E-04
    8   14    0   9.319813228  16.309673150   0.110130E-02   0.542917E-04
   14    8    0  16.309673150   9.319813228   0.110130E-02   0.542917E-04
   -8  -14    0  -9.319813228 -16.309673150   0.110130E-02   0.542917E-04
   14   -8    0  16.309673150  -9.319813228   0.110130E-02   0.542917E-04
    4   16    0   4.659906614  18.639626457   0.464281E-02   0.124739E-03
   -4   16    0  -4.659906614  18.639626457   0.464281E-02   0.124739E-03
   16    4    0  18.639626457   4.659906614   0.464281E-02   0.124739E-03
  -16   -4    0 -18.639626457  -4.659906614   0.464281E-02   0.124739E-03
   -4  -16    0  -4.659906614 -18.639626457   0.464281E-02   0.124739E-03
  -16    4    0 -18.639626457   4.659906614   0.464281E-02   0.124739E-03
   16   -4    0  18.639626457  -4.659906614   0.464281E-02   0.124739E-03
    4  -16    0   4.659906614 -18.639626457   0.464281E-02   0.124739E-03
  -12  -12    0 -13.979719842 -13.979719842   0.439864E-02   0.123029E-03
   12  -12    0  13.979719842 -13.979719842   0.439864E-02   0.123029E-03
   12   12    0  13.979719842  13.979719842   0.439864E-02   0.123029E-03
  -12   12    0 -13.979719842  13.979719842   0.439864E-02   0.123029E-03
   16   -6    0  18.639626457  -6.989859921   0.988923E-03   0.528360E-04
  -16    6    0 -18.639626457   6.989859921   0.988923E-03   0.528360E-04
  -16   -6    0 -18.639626457  -6.989859921   0.988923E-03   0.528360E-04
    6   16    0   6.989859921  18.639626457   0.988923E-03   0.528360E-04
   16    6    0  18.639626457   6.989859921   0.988923E-03   0.528360E-04
    6  -16    0   6.989859921 -18.639626457   0.988923E-03   0.528360E-04
   -6   16    0  -6.989859921  18.639626457   0.988923E-03   0.528360E-04
   -6  -16    0  -6.989859921 -18.639626457   0.988923E-03   0.528360E-04
  -14  -10    0 -16.309673150 -11.649766535   0.428598E-02   0.122203E-03
  -10   14    0 -11.649766535  16.309673150   0.428598E-02   0.122203E-03
  -10  -14    0 -11.649766535 -16.309673150   0.428598E-02   0.122203E-03
  -14   10    0 -16.309673150  11.649766535   0.428598E-02   0.122203E-03
   14  -10    0  16.309673150 -11.649766535   0.428598E-02   0.122203E-03
   14   10    0  16.309673150  11.649766535   0.428598E-02   0.122203E-03
   10  -14    0  11.649766535 -16.309673150   0.428598E-02   0.122203E-03
   10   14    0  11.649766535  16.309673150   0.428598E-02   0.122203E-03
  -16   -8    0 -18.639626457  -9.319813228   0.398034E-02   0.119826E-03
   16   -8    0  18.639626457  -9.319813228   0.398034E-02   0.119826E-03
   16    8    0  18.639626457   9.319813228   0.398034E-02   0.119826E-03
    8   16    0   9.319813228  18.639626457   0.398034E-02   0.119826E-03
  -16    8    0 -18.639626457   9.319813228   0.398034E-02   0.119826E-03
    8  -16    0   9.319813228 -18.639626457   0.398034E-02   0.119826E-03
   -8   16    0  -9.319813228  18.639626457   0.398034E-02   0.119826E-03
   -8  -16    0  -9.319813228 -18.639626457   0.398034E-02   0.119826E-03
  -18    0    0 -20.969579764   0.000000000   0.899355E-03   0.515001E-04
    0  -18    0   0.000000000 -20.969579764   0.899355E-03   0.515001E-04
   18    0    0  20.969579764  -0.000000000   0.899355E-03   0.515001E-04
    0   18    0  -0.000000000  20.969579764   0.899355E-03   0.515001E-04
   18    2    0  20.969579764   2.329953307   0.388799E-02   0.119066E-03
    2   18    0   2.329953307  20.969579764   0.388799E-02   0.119066E-03
   -2  -18    0  -2.329953307 -20.969579764   0.388799E-02   0.119066E-03
  -18    2    0 -20.969579764   2.329953307   0.388799E-02   0.119066E-03
   -2   18    0  -2.329953307  20.969579764   0.388799E-02   0.119066E-03
  -18   -2    0 -20.969579764  -2.329953307   0.388799E-02   0.119066E-03
   18   -2    0  20.969579764  -2.329953307   0.388799E-02   0.119066E-03
    2  -18    0   2.329953307 -20.969579764   0.388799E-02   0.119066E-03
   -4   18    0  -4.659906614  20.969579764   0.861035E-03   0.508706E-04
   -4  -18    0  -4.659906614 -20.969579764   0.861035E-03   0.508706E-04
  -18   -4    0 -20.969579764  -4.659906614   0.861035E-03   0.508706E-04
  -18    4    0 -20.969579764   4.659906614   0.861035E-03   0.508706E-04
   18   -4    0  20.969579764  -4.659906614   0.861035E-03   0.508706E-04
    4   18    0   4.659906614  20.969579764   0.861035E-03   0.508706E-04
    4  -18    0   4.659906614 -20.969579764   0.861035E-03   0.508706E-04
   18    4    0  20.969579764   4.659906614   0.861035E-03   0.508706E-04
   14   12    0  16.309673150  13.979719842   0.861035E-03   0.508706E-04
   14  -12    0  16.309673150 -13.979719842   0.861035E-03   0.508706E-04
  -14   12    0 -16.309673150  13.979719842   0.861035E-03   0.508706E-04
  -12   14    0 -13.979719842  16.309673150   0.861035E-03   0.508706E-04
  -14  -12    0 -16.309673150 -13.979719842   0.861035E-03   0.508706E-04
  -12  -14    0 -13.979719842 -16.309673150   0.861035E-03   0.508706E-04
   12  -14    0  13.979719842 -16.309673150   0.861035E-03   0.508706E-04
   12   14    0  13.979719842  16.309673150   0.861035E-03   0.508706E-04
   16  -10    0  18.639626457 -11.649766535   0.826209E-03   0.502639E-04
   16   10    0  18.639626457  11.649766535   0.826209E-03   0.502639E-04
   10   16    0  11.649766535  18.639626457   0.826209E-03   0.502639E-04
  -16   10    0 -18.639626457  11.649766535   0.826209E-03   0.502639E-04
   10  -16    0  11.649766535 -18.639626457   0.826209E-03   0.502639E-04
  -16  -10    0 -18.639626457 -11.649766535   0.826209E-03   0.502639E-04
  -10   16    0 -11.649766535  18.639626457   0.826209E-03   0.502639E-04
  -10  -16    0 -11.649766535 -18.639626457   0.826209E-03   0.502639E-04
   18   -6    0  20.969579764  -6.989859921   0.355805E-02   0.116167E-03
  -18    6    0 -20.969579764   6.989859921   0.355805E-02   0.116167E-03
   -6  -18    0  -6.989859921 -20.969579764   0.355805E-02   0.116167E-03
   -6   18    0  -6.989859921  20.969579764   0.355805E-02   0.116167E-03
    6  -18    0   6.989859921 -20.969579764   0.355805E-02   0.116167E-03
  -18   -6    0 -20.969579764  -6.989859921   0.355805E-02   0.116167E-03
   18    6    0  20.969579764   6.989859921   0.355805E-02   0.116167E-03
    6   18    0   6.989859921  20.969579764   0.355805E-02   0.116167E-03
    8  -18    0   9.319813228 -20.969579764   0.765191E-03   0.491122E-04
  -18   -8    0 -20.969579764  -9.319813228   0.765191E-03   0.491122E-04
  -18    8    0 -20.969579764   9.319813228   0.765191E-03   0.491122E-04
   -8  -18    0  -9.319813228 -20.969579764   0.765191E-03   0.491122E-04
   18   -8    0  20.969579764  -9.319813228   0.765191E-03   0.491122E-04
   -8   18    0  -9.319813228  20.969579764   0.765191E-03   0.491122E-04
   18    8    0  20.969579764   9.319813228   0.765191E-03   0.491122E-04
    8   18    0   9.319813228  20.969579764   0.765191E-03   0.491122E-04
  -14  -14    0 -16.309673150 -16.309673150   0.328004E-02   0.113470E-03
   14   14    0  16.309673150  16.309673150   0.328004E-02   0.113470E-03
   14  -14    0  16.309673150 -16.309673150   0.328004E-02   0.113470E-03
  -14   14    0 -16.309673150  16.309673150   0.328004E-02   0.113470E-03
    0  -20    0   0.000000000 -23.299533071   0.321723E-02   0.112824E-03
    0   20    0  -0.000000000  23.299533071   0.321723E-02   0.112824E-03
   20    0    0  23.299533071  -0.000000000   0.321723E-02   0.112824E-03
  -20    0    0 -23.299533071   0.000000000   0.321723E-02   0.112824E-03
  -12   16    0 -13.979719842  18.639626457   0.321723E-02   0.112824E-03
   12  -16    0  13.979719842 -18.639626457   0.321723E-02   0.112824E-03
  -12  -16    0 -13.979719842 -18.639626457   0.321723E-02   0.112824E-03
  -16   12    0 -18.639626457  13.979719842   0.321723E-02   0.112824E-03
   12   16    0  13.979719842  18.639626457   0.321723E-02   0.112824E-03
  -16  -12    0 -18.639626457 -13.979719842   0.321723E-02   0.112824E-03
   16   12    0  18.639626457  13.979719842   0.321723E-02   0.112824E-03
   16  -12    0  18.639626457 -13.979719842   0.321723E-02   0.112824E-03
    2  -20    0   2.329953307 -23.299533071   0.738269E-03   0.485642E-04
  -20   -2    0 -23.299533071  -2.329953307   0.738269E-03   0.485642E-04
   -2   20    0  -2.329953307  23.299533071   0.738269E-03   0.485642E-04
   20   -2    0  23.299533071  -2.329953307   0.738269E-03   0.485642E-04
  -20    2    0 -23.299533071   2.329953307   0.738269E-03   0.485642E-04
   -2  -20    0  -2.329953307 -23.299533071   0.738269E-03   0.485642E-04
   20    2    0  23.299533071   2.329953307   0.738269E-03   0.485642E-04
    2   20    0   2.329953307  23.299533071   0.738269E-03   0.485642E-04
   -4   20    0  -4.659906614  23.299533071   0.309858E-02   0.111564E-03
   20   -4    0  23.299533071  -4.659906614   0.309858E-02   0.111564E-03
   -4  -20    0  -4.659906614 -23.299533071   0.309858E-02   0.111564E-03
   20    4    0  23.299533071   4.659906614   0.309858E-02   0.111564E-03
    4  -20    0   4.659906614 -23.299533071   0.309858E-02   0.111564E-03
  -20   -4    0 -23.299533071  -4.659906614   0.309858E-02   0.111564E-03
  -20    4    0 -23.299533071   4.659906614   0.309858E-02   0.111564E-03
    4   20    0   4.659906614  23.299533071   0.309858E-02   0.111564E-03
  -18   10    0 -20.969579764  11.649766535   0.304249E-02   0.110948E-03
  -10  -18    0 -11.649766535 -20.969579764   0.304249E-02   0.110948E-03
  -10   18    0 -11.649766535  20.969579764   0.304249E-02   0.110948E-03
   18  -10    0  20.969579764 -11.649766535   0.304249E-02   0.110948E-03
   10   18    0  11.649766535  20.969579764   0.304249E-02   0.110948E-03
  -18  -10    0 -20.969579764 -11.649766535   0.304249E-02   0.110948E-03
   18   10    0  20.969579764  11.649766535   0.304249E-02   0.110948E-03
   10  -18    0  11.649766535 -20.969579764   0.304249E-02   0.110948E-03
  -20   -6    0 -23.299533071  -6.989859921   0.690189E-03   0.475174E-04
    6  -20    0   6.989859921 -23.299533071   0.690189E-03   0.475174E-04
  -20    6    0 -23.299533071   6.989859921   0.690189E-03   0.475174E-04
   -6   20    0  -6.989859921  23.299533071   0.690189E-03   0.475174E-04
   -6  -20    0  -6.989859921 -23.299533071   0.690189E-03   0.475174E-04
    6   20    0   6.989859921  23.299533071   0.690189E-03   0.475174E-04
   20   -6    0  23.299533071  -6.989859921   0.690189E-03   0.475174E-04
   20    6    0  23.299533071   6.989859921   0.690189E-03   0.475174E-04
  -16   14    0 -18.639626457  16.309673150   0.668595E-03   0.470165E-04
   16  -14    0  18.639626457 -16.309673150   0.668595E-03   0.470165E-04
  -16  -14    0 -18.639626457 -16.309673150   0.668595E-03   0.470165E-04
  -14   16    0 -16.309673150  18.639626457   0.668595E-03   0.470165E-04
   14  -16    0  16.309673150 -18.639626457   0.668595E-03   0.470165E-04
   14   16    0  16.309673150  18.639626457   0.668595E-03   0.470165E-04
   16   14    0  18.639626457  16.309673150   0.668595E-03   0.470165E-04
  -14  -16    0 -16.309673150 -18.639626457   0.668595E-03   0.470165E-04
   20    8    0  23.299533071   9.319813228   0.278993E-02   0.108008E-03
    8   20    0   9.319813228  23.299533071   0.278993E-02   0.108008E-03
   -8  -20    0  -9.319813228 -23.299533071   0.278993E-02   0.108008E-03
   20   -8    0  23.299533071  -9.319813228   0.278993E-02   0.108008E-03
  -20   -8    0 -23.299533071  -9.319813228   0.278993E-02   0.108008E-03
    8  -20    0   9.319813228 -23.299533071   0.278993E-02   0.108008E-03
  -20    8    0 -23.299533071   9.319813228   0.278993E-02   0.108008E-03
   -8   20    0  -9.319813228  23.299533071   0.278993E-02   0.108008E-03
  -18  -12    0 -20.969579764 -13.979719842   0.648394E-03   0.465295E-04
  -18   12    0 -20.969579764  13.979719842   0.648394E-03   0.465295E-04
  -12  -18    0 -13.979719842 -20.969579764   0.648394E-03   0.465295E-04
  -12   18    0 -13.979719842  20.969579764   0.648394E-03   0.465295E-04
   12   18    0  13.979719842  20.969579764   0.648394E-03   0.465295E-04
   18  -12    0  20.969579764 -13.979719842   0.648394E-03   0.465295E-04
   12  -18    0  13.979719842 -20.969579764   0.648394E-03   0.465295E-04
   18   12    0  20.969579764  13.979719842   0.648394E-03   0.465295E-04
   22    0    0  25.629486378  -0.000000000   0.629441E-03   0.460554E-04
  -22    0    0 -25.629486378   0.000000000   0.629441E-03   0.460554E-04
    0  -22    0   0.000000000 -25.629486378   0.629441E-03   0.460554E-04
    0   22    0  -0.000000000  25.629486378   0.629441E-03   0.460554E-04
   -2   22    0  -2.329953307  25.629486378   0.265750E-02   0.106343E-03
   22   -2    0  25.629486378  -2.329953307   0.265750E-02   0.106343E-03
    2  -22    0   2.329953307 -25.629486378   0.265750E-02   0.106343E-03
  -22    2    0 -25.629486378   2.329953307   0.265750E-02   0.106343E-03
   -2  -22    0  -2.329953307 -25.629486378   0.265750E-02   0.106343E-03
  -22   -2    0 -25.629486378  -2.329953307   0.265750E-02   0.106343E-03
   22    2    0  25.629486378   2.329953307   0.265750E-02   0.106343E-03
    2   22    0   2.329953307  25.629486378   0.265750E-02   0.106343E-03
   10  -20    0  11.649766535 -23.299533071   0.611610E-03   0.455935E-04
  -10  -20    0 -11.649766535 -23.299533071   0.611610E-03   0.455935E-04
   10   20    0  11.649766535  23.299533071   0.611610E-03   0.455935E-04
  -20  -10    0 -23.299533071 -11.649766535   0.611610E-03   0.455935E-04
  -10   20    0 -11.649766535  23.299533071   0.611610E-03   0.455935E-04
   20  -10    0  23.299533071 -11.649766535   0.611610E-03   0.455935E-04
   20   10    0  23.299533071  11.649766535   0.611610E-03   0.455935E-04
  -20   10    0 -23.299533071  11.649766535   0.611610E-03   0.455935E-04
   22    4    0  25.629486378   4.659906614   0.611610E-03   0.455935E-04
    4   22    0   4.659906614  25.629486378   0.611610E-03   0.455935E-04
   22   -4    0  25.629486378  -4.659906614   0.611610E-03   0.455935E-04
   -4   22    0  -4.659906614  25.629486378   0.611610E-03   0.455935E-04
   -4  -22    0  -4.659906614 -25.629486378   0.611610E-03   0.455935E-04
    4  -22    0   4.659906614 -25.629486378   0.611610E-03   0.455935E-04
  -22    4    0 -25.629486378   4.659906614   0.611610E-03   0.455935E-04
  -22   -4    0 -25.629486378  -4.659906614   0.611610E-03   0.455935E-04
  -16   16    0 -18.639626457  18.639626457   0.253697E-02   0.104745E-03
   16   16    0  18.639626457  18.639626457   0.253697E-02   0.104745E-03
   16  -16    0  18.639626457 -18.639626457   0.253697E-02   0.104745E-03
  -16  -16    0 -18.639626457 -18.639626457   0.253697E-02   0.104745E-03
  -22   -6    0 -25.629486378  -6.989859921   0.249916E-02   0.104226E-03
    6  -22    0   6.989859921 -25.629486378   0.249916E-02   0.104226E-03
   -6  -22    0  -6.989859921 -25.629486378   0.249916E-02   0.104226E-03
  -18   14    0 -20.969579764  16.309673150   0.249916E-02   0.104226E-03
  -14   18    0 -16.309673150  20.969579764   0.249916E-02   0.104226E-03
   -6   22    0  -6.989859921  25.629486378   0.249916E-02   0.104226E-03
   18   14    0  20.969579764  16.309673150   0.249916E-02   0.104226E-03
   14  -18    0  16.309673150 -20.969579764   0.249916E-02   0.104226E-03
  -14  -18    0 -16.309673150 -20.969579764   0.249916E-02   0.104226E-03
   22   -6    0  25.629486378  -6.989859921   0.249916E-02   0.104226E-03
  -18  -14    0 -20.969579764 -16.309673150   0.249916E-02   0.104226E-03
   14   18    0  16.309673150  20.969579764   0.249916E-02   0.104226E-03
   18  -14    0  20.969579764 -16.309673150   0.249916E-02   0.104226E-03
   22    6    0  25.629486378   6.989859921   0.249916E-02   0.104226E-03
    6   22    0   6.989859921  25.629486378   0.249916E-02   0.104226E-03
  -22    6    0 -25.629486378   6.989859921   0.249916E-02   0.104226E-03
  -20  -12    0 -23.299533071 -13.979719842   0.239211E-02   0.102709E-03
  -12   20    0 -13.979719842  23.299533071   0.239211E-02   0.102709E-03
   20  -12    0  23.299533071 -13.979719842   0.239211E-02   0.102709E-03
  -20   12    0 -23.299533071  13.979719842   0.239211E-02   0.102709E-03
   20   12    0  23.299533071  13.979719842   0.239211E-02   0.102709E-03
   12  -20    0  13.979719842 -23.299533071   0.239211E-02   0.102709E-03
   12   20    0  13.979719842  23.299533071   0.239211E-02   0.102709E-03
  -12  -20    0 -13.979719842 -23.299533071   0.239211E-02   0.102709E-03
    8   22    0   9.319813228  25.629486378   0.563832E-03   0.442750E-04
   22   -8    0  25.629486378  -9.319813228   0.563832E-03   0.442750E-04
    8  -22    0   9.319813228 -25.629486378   0.563832E-03   0.442750E-04
  -22    8    0 -25.629486378   9.319813228   0.563832E-03   0.442750E-04
   -8  -22    0  -9.319813228 -25.629486378   0.563832E-03   0.442750E-04
   -8   22    0  -9.319813228  25.629486378   0.563832E-03   0.442750E-04
   22    8    0  25.629486378   9.319813228   0.563832E-03   0.442750E-04
  -22   -8    0 -25.629486378  -9.319813228   0.563832E-03   0.442750E-04
    0  -24    0   0.000000000 -27.959439685   0.226264E-02   0.100771E-03
    0   24    0  -0.000000000  27.959439685   0.226264E-02   0.100771E-03
  -24    0    0 -27.959439685   0.000000000   0.226264E-02   0.100771E-03
   24    0    0  27.959439685  -0.000000000   0.226264E-02   0.100771E-03
   18  -16    0  20.969579764 -18.639626457   0.535942E-03   0.434462E-04
  -16  -18    0 -18.639626457 -20.969579764   0.535942E-03   0.434462E-04
   16   18    0  18.639626457  20.969579764   0.535942E-03   0.434462E-04
  -18   16    0 -20.969579764  18.639626457   0.535942E-03   0.434462E-04
   16  -18    0  18.639626457 -20.969579764   0.535942E-03   0.434462E-04
   18   16    0  20.969579764  18.639626457   0.535942E-03   0.434462E-04
  -18  -16    0 -20.969579764 -18.639626457   0.535942E-03   0.434462E-04
  -16   18    0 -18.639626457  20.969579764   0.535942E-03   0.434462E-04
   -2   24    0  -2.329953307  27.959439685   0.535942E-03   0.434462E-04
   24    2    0  27.959439685   2.329953307   0.535942E-03   0.434462E-04
   24   -2    0  27.959439685  -2.329953307   0.535942E-03   0.434462E-04
  -24   -2    0 -27.959439685  -2.329953307   0.535942E-03   0.434462E-04
    2  -24    0   2.329953307 -27.959439685   0.535942E-03   0.434462E-04
   -2  -24    0  -2.329953307 -27.959439685   0.535942E-03   0.434462E-04
    2   24    0   2.329953307  27.959439685   0.535942E-03   0.434462E-04
  -24    2    0 -27.959439685   2.329953307   0.535942E-03   0.434462E-04
   10  -22    0  11.649766535 -25.629486378   0.223239E-02   0.100300E-03
  -22   10    0 -25.629486378  11.649766535   0.223239E-02   0.100300E-03
  -10   22    0 -11.649766535  25.629486378   0.223239E-02   0.100300E-03
  -10  -22    0 -11.649766535 -25.629486378   0.223239E-02   0.100300E-03
   22  -10    0  25.629486378 -11.649766535   0.223239E-02   0.100300E-03
   22   10    0  25.629486378  11.649766535   0.223239E-02   0.100300E-03
  -22  -10    0 -25.629486378 -11.649766535   0.223239E-02   0.100300E-03
   10   22    0  11.649766535  25.629486378   0.223239E-02   0.100300E-03
   24    4    0  27.959439685   4.659906614   0.220291E-02   0.998356E-04
    4  -24    0   4.659906614 -27.959439685   0.220291E-02   0.998356E-04
  -24    4    0 -27.959439685   4.659906614   0.220291E-02   0.998356E-04
  -24   -4    0 -27.959439685  -4.659906614   0.220291E-02   0.998356E-04
   24   -4    0  27.959439685  -4.659906614   0.220291E-02   0.998356E-04
   -4  -24    0  -4.659906614 -27.959439685   0.220291E-02   0.998356E-04
   -4   24    0  -4.659906614  27.959439685   0.220291E-02   0.998356E-04
    4   24    0   4.659906614  27.959439685   0.220291E-02   0.998356E-04
  -14  -20    0 -16.309673150 -23.299533071   0.522993E-03   0.430455E-04
   20   14    0  23.299533071  16.309673150   0.522993E-03   0.430455E-04
  -14   20    0 -16.309673150  23.299533071   0.522993E-03   0.430455E-04
   20  -14    0  23.299533071 -16.309673150   0.522993E-03   0.430455E-04
   14  -20    0  16.309673150 -23.299533071   0.522993E-03   0.430455E-04
  -20  -14    0 -23.299533071 -16.309673150   0.522993E-03   0.430455E-04
   14   20    0  16.309673150  23.299533071   0.522993E-03   0.430455E-04
  -20   14    0 -23.299533071  16.309673150   0.522993E-03   0.430455E-04
   -6  -24    0  -6.989859921 -27.959439685   0.510641E-03   0.426534E-04
   24    6    0  27.959439685   6.989859921   0.510641E-03   0.426534E-04
    6   24    0   6.989859921  27.959439685   0.510641E-03   0.426534E-04
    6  -24    0   6.989859921 -27.959439685   0.510641E-03   0.426534E-04
  -24    6    0 -27.959439685   6.989859921   0.510641E-03   0.426534E-04
   24   -6    0  27.959439685  -6.989859921   0.510641E-03   0.426534E-04
  -24   -6    0 -27.959439685  -6.989859921   0.510641E-03   0.426534E-04
   -6   24    0  -6.989859921  27.959439685   0.510641E-03   0.426534E-04
  -22   12    0 -25.629486378  13.979719842   0.498840E-03   0.422694E-04
  -22  -12    0 -25.629486378 -13.979719842   0.498840E-03   0.422694E-04
   22  -12    0  25.629486378 -13.979719842   0.498840E-03   0.422694E-04
   12   22    0  13.979719842  25.629486378   0.498840E-03   0.422694E-04
   12  -22    0  13.979719842 -25.629486378   0.498840E-03   0.422694E-04
   22   12    0  25.629486378  13.979719842   0.498840E-03   0.422694E-04
  -12   22    0 -13.979719842  25.629486378   0.498840E-03   0.422694E-04
  -12  -22    0 -13.979719842 -25.629486378   0.498840E-03   0.422694E-04
   -8  -24    0  -9.319813228 -27.959439685   0.204082E-02   0.971529E-04
   24   -8    0  27.959439685  -9.319813228   0.204082E-02   0.971529E-04
  -24   -8    0 -27.959439685  -9.319813228   0.204082E-02   0.971529E-04
   -8   24    0  -9.319813228  27.959439685   0.204082E-02   0.971529E-04
   24    8    0  27.959439685   9.319813228   0.204082E-02   0.971529E-04
    8  -24    0   9.319813228 -27.959439685   0.204082E-02   0.971529E-04
  -24    8    0 -27.959439685   9.319813228   0.204082E-02   0.971529E-04
    8   24    0   9.319813228  27.959439685   0.204082E-02   0.971529E-04
  -18   18    0 -20.969579764  20.969579764   0.201602E-02   0.967225E-04
   18  -18    0  20.969579764 -20.969579764   0.201602E-02   0.967225E-04
   18   18    0  20.969579764  20.969579764   0.201602E-02   0.967225E-04
  -18  -18    0 -20.969579764 -20.969579764   0.201602E-02   0.967225E-04
   16  -20    0  18.639626457 -23.299533071   0.199181E-02   0.962967E-04
  -16   20    0 -18.639626457  23.299533071   0.199181E-02   0.962967E-04
  -20  -16    0 -23.299533071 -18.639626457   0.199181E-02   0.962967E-04
   20  -16    0  23.299533071 -18.639626457   0.199181E-02   0.962967E-04
  -20   16    0 -23.299533071  18.639626457   0.199181E-02   0.962967E-04
   20   16    0  23.299533071  18.639626457   0.199181E-02   0.962967E-04
  -16  -20    0 -18.639626457 -23.299533071   0.199181E-02   0.962967E-04
   16   20    0  18.639626457  23.299533071   0.199181E-02   0.962967E-04
  -26    0    0 -30.289392992   0.000000000   0.466376E-03   0.411633E-04
    0  -26    0   0.000000000 -30.289392992   0.466376E-03   0.411633E-04
   26    0    0  30.289392992  -0.000000000   0.466376E-03   0.411633E-04
    0   26    0  -0.000000000  30.289392992   0.466376E-03   0.411633E-04
  -10  -24    0 -11.649766535 -27.959439685   0.466376E-03   0.411633E-04
   24  -10    0  27.959439685 -11.649766535   0.466376E-03   0.411633E-04
  -10   24    0 -11.649766535  27.959439685   0.466376E-03   0.411633E-04
  -24   10    0 -27.959439685  11.649766535   0.466376E-03   0.411633E-04
   10  -24    0  11.649766535 -27.959439685   0.466376E-03   0.411633E-04
   10   24    0  11.649766535  27.959439685   0.466376E-03   0.411633E-04
   24   10    0  27.959439685  11.649766535   0.466376E-03   0.411633E-04
  -24  -10    0 -27.959439685 -11.649766535   0.466376E-03   0.411633E-04
   22   14    0  25.629486378  16.309673150   0.192240E-02   0.950452E-04
   -2  -26    0  -2.329953307 -30.289392992   0.192240E-02   0.950452E-04
    2  -26    0   2.329953307 -30.289392992   0.192240E-02   0.950452E-04
  -14   22    0 -16.309673150  25.629486378   0.192240E-02   0.950452E-04
   26   -2    0  30.289392992  -2.329953307   0.192240E-02   0.950452E-04
   14  -22    0  16.309673150 -25.629486378   0.192240E-02   0.950452E-04
   -2   26    0  -2.329953307  30.289392992   0.192240E-02   0.950452E-04
   26    2    0  30.289392992   2.329953307   0.192240E-02   0.950452E-04
   22  -14    0  25.629486378 -16.309673150   0.192240E-02   0.950452E-04
  -26   -2    0 -30.289392992  -2.329953307   0.192240E-02   0.950452E-04
  -26    2    0 -30.289392992   2.329953307   0.192240E-02   0.950452E-04
  -22  -14    0 -25.629486378 -16.309673150   0.192240E-02   0.950452E-04
    2   26    0   2.329953307  30.289392992   0.192240E-02   0.950452E-04
   14   22    0  16.309673150  25.629486378   0.192240E-02   0.950452E-04
  -22   14    0 -25.629486378  16.309673150   0.192240E-02   0.950452E-04
  -14  -22    0 -16.309673150 -25.629486378   0.192240E-02   0.950452E-04
  -26   -4    0 -30.289392992  -4.659906614   0.456426E-03   0.408088E-04
   -4   26    0  -4.659906614  30.289392992   0.456426E-03   0.408088E-04
    4   26    0   4.659906614  30.289392992   0.456426E-03   0.408088E-04
   -4  -26    0  -4.659906614 -30.289392992   0.456426E-03   0.408088E-04
    4  -26    0   4.659906614 -30.289392992   0.456426E-03   0.408088E-04
   26    4    0  30.289392992   4.659906614   0.456426E-03   0.408088E-04
  -26    4    0 -30.289392992   4.659906614   0.456426E-03   0.408088E-04
   26   -4    0  30.289392992  -4.659906614   0.456426E-03   0.408088E-04
  -26   -6    0 -30.289392992  -6.989859921   0.183677E-02   0.934343E-04
   26   -6    0  30.289392992  -6.989859921   0.183677E-02   0.934343E-04
   26    6    0  30.289392992   6.989859921   0.183677E-02   0.934343E-04
    6  -26    0   6.989859921 -30.289392992   0.183677E-02   0.934343E-04
   -6   26    0  -6.989859921  30.289392992   0.183677E-02   0.934343E-04
    6   26    0   6.989859921  30.289392992   0.183677E-02   0.934343E-04
   -6  -26    0  -6.989859921 -30.289392992   0.183677E-02   0.934343E-04
  -26    6    0 -30.289392992   6.989859921   0.183677E-02   0.934343E-04
  -24  -12    0 -27.959439685 -13.979719842   0.181649E-02   0.930414E-04
   12   24    0  13.979719842  27.959439685   0.181649E-02   0.930414E-04
   24   12    0  27.959439685  13.979719842   0.181649E-02   0.930414E-04
  -24   12    0 -27.959439685  13.979719842   0.181649E-02   0.930414E-04
   12  -24    0  13.979719842 -27.959439685   0.181649E-02   0.930414E-04
   24  -12    0  27.959439685 -13.979719842   0.181649E-02   0.930414E-04
  -12  -24    0 -13.979719842 -27.959439685   0.181649E-02   0.930414E-04
  -12   24    0 -13.979719842  27.959439685   0.181649E-02   0.930414E-04
   20  -18    0  23.299533071 -20.969579764   0.437673E-03   0.401197E-04
  -20  -18    0 -23.299533071 -20.969579764   0.437673E-03   0.401197E-04
  -18   20    0 -20.969579764  23.299533071   0.437673E-03   0.401197E-04
   18   20    0  20.969579764  23.299533071   0.437673E-03   0.401197E-04
   18  -20    0  20.969579764 -23.299533071   0.437673E-03   0.401197E-04
  -20   18    0 -23.299533071  20.969579764   0.437673E-03   0.401197E-04
   20   18    0  23.299533071  20.969579764   0.437673E-03   0.401197E-04
  -18  -20    0 -20.969579764 -23.299533071   0.437673E-03   0.401197E-04
   26    8    0  30.289392992   9.319813228   0.428824E-03   0.397845E-04
   26   -8    0  30.289392992  -9.319813228   0.428824E-03   0.397845E-04
  -26   -8    0 -30.289392992  -9.319813228   0.428824E-03   0.397845E-04
   16   22    0  18.639626457  25.629486378   0.428824E-03   0.397845E-04
  -16   22    0 -18.639626457  25.629486378   0.428824E-03   0.397845E-04
   22   16    0  25.629486378  18.639626457   0.428824E-03   0.397845E-04
    8  -26    0   9.319813228 -30.289392992   0.428824E-03   0.397845E-04
  -26    8    0 -30.289392992   9.319813228   0.428824E-03   0.397845E-04
  -22  -16    0 -25.629486378 -18.639626457   0.428824E-03   0.397845E-04
  -22   16    0 -25.629486378  18.639626457   0.428824E-03   0.397845E-04
   16  -22    0  18.639626457 -25.629486378   0.428824E-03   0.397845E-04
    8   26    0   9.319813228  30.289392992   0.428824E-03   0.397845E-04
  -16  -22    0 -18.639626457 -25.629486378   0.428824E-03   0.397845E-04
   22  -16    0  25.629486378 -18.639626457   0.428824E-03   0.397845E-04
   -8   26    0  -9.319813228  30.289392992   0.428824E-03   0.397845E-04
   -8  -26    0  -9.319813228 -30.289392992   0.428824E-03   0.397845E-04
   24   14    0  27.959439685  16.309673150   0.412079E-03   0.429753E-04
  -24  -14    0 -27.959439685 -16.309673150   0.412079E-03   0.429753E-04
   14  -24    0  16.309673150 -27.959439685   0.412079E-03   0.429753E-04
  -14   24    0 -16.309673150  27.959439685   0.412079E-03   0.429753E-04
  -24   14    0 -27.959439685  16.309673150   0.412079E-03   0.429753E-04
   14   24    0  16.309673150  27.959439685   0.412079E-03   0.429753E-04
  -14  -24    0 -16.309673150 -27.959439685   0.412079E-03   0.429753E-04
   24  -14    0  27.959439685 -16.309673150   0.412079E-03   0.429753E-04
  -26   10    0 -30.289392992  11.649766535   0.168568E-02   0.903919E-04
   26   10    0  30.289392992  11.649766535   0.168568E-02   0.903919E-04
   10  -26    0  11.649766535 -30.289392992   0.168568E-02   0.903919E-04
  -10   26    0 -11.649766535  30.289392992   0.168568E-02   0.903919E-04
   10   26    0  11.649766535  30.289392992   0.168568E-02   0.903919E-04
   26  -10    0  30.289392992 -11.649766535   0.168568E-02   0.903919E-04
  -26  -10    0 -30.289392992 -11.649766535   0.168568E-02   0.903919E-04
  -10  -26    0 -11.649766535 -30.289392992   0.168568E-02   0.903919E-04
    0  -28    0   0.000000000 -32.619346299   0.166844E-02   0.900271E-04
    0   28    0  -0.000000000  32.619346299   0.166844E-02   0.900271E-04
  -28    0    0 -32.619346299   0.000000000   0.166844E-02   0.900271E-04
   28    0    0  32.619346299  -0.000000000   0.166844E-02   0.900271E-04
  -28    2    0 -32.619346299   2.329953307   0.404149E-03   0.421809E-04
   -2   28    0  -2.329953307  32.619346299   0.404149E-03   0.421809E-04
   28   -2    0  32.619346299  -2.329953307   0.404149E-03   0.421809E-04
  -28   -2    0 -32.619346299  -2.329953307   0.404149E-03   0.421809E-04
   28    2    0  32.619346299   2.329953307   0.404149E-03   0.421809E-04
   -2  -28    0  -2.329953307 -32.619346299   0.404149E-03   0.421809E-04
    2   28    0   2.329953307  32.619346299   0.404149E-03   0.421809E-04
    2  -28    0   2.329953307 -32.619346299   0.404149E-03   0.421809E-04
  -20   20    0 -23.299533071  23.299533071   0.163494E-02   0.893072E-04
   20  -20    0  23.299533071 -23.299533071   0.163494E-02   0.893072E-04
  -20  -20    0 -23.299533071 -23.299533071   0.163494E-02   0.893072E-04
   20   20    0  23.299533071  23.299533071   0.163494E-02   0.893072E-04
    4  -28    0   4.659906614 -32.619346299   0.163494E-02   0.893072E-04
   28    4    0  32.619346299   4.659906614   0.163494E-02   0.893072E-04
   28   -4    0  32.619346299  -4.659906614   0.163494E-02   0.893072E-04
  -28   -4    0 -32.619346299  -4.659906614   0.163494E-02   0.893072E-04
   -4   28    0  -4.659906614  32.619346299   0.163494E-02   0.893072E-04
  -28    4    0 -32.619346299   4.659906614   0.163494E-02   0.893072E-04
   -4  -28    0  -4.659906614 -32.619346299   0.163494E-02   0.893072E-04
    4   28    0   4.659906614  32.619346299   0.163494E-02   0.893072E-04
  -22   18    0 -25.629486378  20.969579764   0.161866E-02   0.889519E-04
  -18   22    0 -20.969579764  25.629486378   0.161866E-02   0.889519E-04
   22  -18    0  25.629486378 -20.969579764   0.161866E-02   0.889519E-04
  -18  -22    0 -20.969579764 -25.629486378   0.161866E-02   0.889519E-04
   18  -22    0  20.969579764 -25.629486378   0.161866E-02   0.889519E-04
  -22  -18    0 -25.629486378 -20.969579764   0.161866E-02   0.889519E-04
   18   22    0  20.969579764  25.629486378   0.161866E-02   0.889519E-04
   22   18    0  25.629486378  20.969579764   0.161866E-02   0.889519E-04
   -6   28    0  -6.989859921  32.619346299   0.389095E-03   0.406530E-04
  -28   -6    0 -32.619346299  -6.989859921   0.389095E-03   0.406530E-04
   -6  -28    0  -6.989859921 -32.619346299   0.389095E-03   0.406530E-04
  -28    6    0 -32.619346299   6.989859921   0.389095E-03   0.406530E-04
   26  -12    0  30.289392992 -13.979719842   0.389095E-03   0.410276E-04
  -26  -12    0 -30.289392992 -13.979719842   0.389095E-03   0.410276E-04
  -12   26    0 -13.979719842  30.289392992   0.389095E-03   0.410276E-04
   28   -6    0  32.619346299  -6.989859921   0.389095E-03   0.406530E-04
   12  -26    0  13.979719842 -30.289392992   0.389095E-03   0.410276E-04
   28    6    0  32.619346299   6.989859921   0.389095E-03   0.406530E-04
   12   26    0  13.979719842  30.289392992   0.389095E-03   0.410276E-04
  -26   12    0 -30.289392992  13.979719842   0.389095E-03   0.410276E-04
    6  -28    0   6.989859921 -32.619346299   0.389095E-03   0.406530E-04
  -12  -26    0 -13.979719842 -30.289392992   0.389095E-03   0.410276E-04
    6   28    0   6.989859921  32.619346299   0.389095E-03   0.406530E-04
   26   12    0  30.289392992  13.979719842   0.389095E-03   0.410276E-04
  -16  -24    0 -18.639626457 -27.959439685   0.157161E-02   0.879044E-04
   24  -16    0  27.959439685 -18.639626457   0.157161E-02   0.879044E-04
   16  -24    0  18.639626457 -27.959439685   0.157161E-02   0.879044E-04
   16   24    0  18.639626457  27.959439685   0.157161E-02   0.879044E-04
  -16   24    0 -18.639626457  27.959439685   0.157161E-02   0.879044E-04
   24   16    0  27.959439685  18.639626457   0.157161E-02   0.879044E-04
  -24   16    0 -27.959439685  18.639626457   0.157161E-02   0.879044E-04
  -24  -16    0 -27.959439685 -18.639626457   0.157161E-02   0.879044E-04
  -28   -8    0 -32.619346299  -9.319813228   0.154164E-02   0.872207E-04
  -28    8    0 -32.619346299   9.319813228   0.154164E-02   0.872207E-04
    8  -28    0   9.319813228 -32.619346299   0.154164E-02   0.872207E-04
   -8   28    0  -9.319813228  32.619346299   0.154164E-02   0.872207E-04
   28   -8    0  32.619346299  -9.319813228   0.154164E-02   0.872207E-04
   28    8    0  32.619346299   9.319813228   0.154164E-02   0.872207E-04
    8   28    0   9.319813228  32.619346299   0.154164E-02   0.872207E-04
   -8  -28    0  -9.319813228 -32.619346299   0.154164E-02   0.872207E-04
  -14   26    0 -16.309673150  30.289392992   0.149865E-02   0.862164E-04
  -14  -26    0 -16.309673150 -30.289392992   0.149865E-02   0.862164E-04
  -26   14    0 -30.289392992  16.309673150   0.149865E-02   0.862164E-04
   14   26    0  16.309673150  30.289392992   0.149865E-02   0.862164E-04
   14  -26    0  16.309673150 -30.289392992   0.149865E-02   0.862164E-04
  -26  -14    0 -30.289392992 -16.309673150   0.149865E-02   0.862164E-04
   26   14    0  30.289392992  16.309673150   0.149865E-02   0.862164E-04
   26  -14    0  30.289392992 -16.309673150   0.149865E-02   0.862164E-04
  -22   20    0 -25.629486378  23.299533071   0.361845E-03   0.385014E-04
   20  -22    0  23.299533071 -25.629486378   0.361845E-03   0.385014E-04
   20   22    0  23.299533071  25.629486378   0.361845E-03   0.385014E-04
   22  -20    0  25.629486378 -23.299533071   0.361845E-03   0.385014E-04
   22   20    0  25.629486378  23.299533071   0.361845E-03   0.385014E-04
  -20  -22    0 -23.299533071 -25.629486378   0.361845E-03   0.385014E-04
  -22  -20    0 -25.629486378 -23.299533071   0.361845E-03   0.385014E-04
  -20   22    0 -23.299533071  25.629486378   0.361845E-03   0.385014E-04
  -28   10    0 -32.619346299  11.649766535   0.361845E-03   0.361765E-04
   28   10    0  32.619346299  11.649766535   0.361845E-03   0.361765E-04
   28  -10    0  32.619346299 -11.649766535   0.361845E-03   0.361765E-04
  -10  -28    0 -11.649766535 -32.619346299   0.361845E-03   0.361765E-04
   10   28    0  11.649766535  32.619346299   0.361845E-03   0.361765E-04
  -10   28    0 -11.649766535  32.619346299   0.361845E-03   0.361765E-04
  -28  -10    0 -32.619346299 -11.649766535   0.361845E-03   0.361765E-04
   10  -28    0  11.649766535 -32.619346299   0.361845E-03   0.361765E-04
   24  -18    0  27.959439685 -20.969579764   0.355562E-03   0.372347E-04
  -18  -24    0 -20.969579764 -27.959439685   0.355562E-03   0.372347E-04
  -24  -18    0 -27.959439685 -20.969579764   0.355562E-03   0.372347E-04
   24   18    0  27.959439685  20.969579764   0.355562E-03   0.372347E-04
  -18   24    0 -20.969579764  27.959439685   0.355562E-03   0.372347E-04
   18   24    0  20.969579764  27.959439685   0.355562E-03   0.372347E-04
  -24   18    0 -27.959439685  20.969579764   0.355562E-03   0.372347E-04
   18  -24    0  20.969579764 -27.959439685   0.355562E-03   0.372347E-04
   28  -12    0  32.619346299 -13.979719842   0.140656E-02   0.839653E-04
  -28  -12    0 -32.619346299 -13.979719842   0.140656E-02   0.839653E-04
  -12   28    0 -13.979719842  32.619346299   0.140656E-02   0.839653E-04
   12  -28    0  13.979719842 -32.619346299   0.140656E-02   0.839653E-04
  -28   12    0 -32.619346299  13.979719842   0.140656E-02   0.839653E-04
   28   12    0  32.619346299  13.979719842   0.140656E-02   0.839653E-04
  -12  -28    0 -13.979719842 -32.619346299   0.140656E-02   0.839653E-04
   12   28    0  13.979719842  32.619346299   0.140656E-02   0.839653E-04
  -16  -26    0 -18.639626457 -30.289392992   0.343562E-03   0.341152E-04
  -26  -16    0 -30.289392992 -18.639626457   0.343562E-03   0.341152E-04
   26   16    0  30.289392992  18.639626457   0.343562E-03   0.341152E-04
   16  -26    0  18.639626457 -30.289392992   0.343562E-03   0.341152E-04
   26  -16    0  30.289392992 -18.639626457   0.343562E-03   0.341152E-04
  -16   26    0 -18.639626457  30.289392992   0.343562E-03   0.341152E-04
   16   26    0  18.639626457  30.289392992   0.343562E-03   0.341152E-04
  -26   16    0 -30.289392992  18.639626457   0.343562E-03   0.341152E-04
   22  -22    0  25.629486378 -25.629486378   0.134697E-02   0.824309E-04
  -22  -22    0 -25.629486378 -25.629486378   0.134697E-02   0.824309E-04
   22   22    0  25.629486378  25.629486378   0.134697E-02   0.824309E-04
  -22   22    0 -25.629486378  25.629486378   0.134697E-02   0.824309E-04
  -20   24    0 -23.299533071  27.959439685   0.133561E-02   0.821309E-04
  -24   20    0 -27.959439685  23.299533071   0.133561E-02   0.821309E-04
  -24  -20    0 -27.959439685 -23.299533071   0.133561E-02   0.821309E-04
   24   20    0  27.959439685  23.299533071   0.133561E-02   0.821309E-04
  -20  -24    0 -23.299533071 -27.959439685   0.133561E-02   0.821309E-04
   20   24    0  23.299533071  27.959439685   0.133561E-02   0.821309E-04
   20  -24    0  23.299533071 -27.959439685   0.133561E-02   0.821309E-04
   24  -20    0  27.959439685 -23.299533071   0.133561E-02   0.821309E-04
  -28  -14    0 -32.619346299 -16.309673150   0.326858E-03   0.324879E-04
   14   28    0  16.309673150  32.619346299   0.326858E-03   0.324879E-04
  -14   28    0 -16.309673150  32.619346299   0.326858E-03   0.324879E-04
   28   14    0  32.619346299  16.309673150   0.326858E-03   0.324879E-04
  -14  -28    0 -16.309673150 -32.619346299   0.326858E-03   0.324879E-04
  -28   14    0 -32.619346299  16.309673150   0.326858E-03   0.324879E-04
   28  -14    0  32.619346299 -16.309673150   0.326858E-03   0.324879E-04
   14  -28    0  16.309673150 -32.619346299   0.326858E-03   0.324879E-04
   18  -26    0  20.969579764 -30.289392992   0.130257E-02   0.812441E-04
  -26  -18    0 -30.289392992 -20.969579764   0.130257E-02   0.812441E-04
  -18   26    0 -20.969579764  30.289392992   0.130257E-02   0.812441E-04
   26   18    0  30.289392992  20.969579764   0.130257E-02   0.812441E-04
   26  -18    0  30.289392992 -20.969579764   0.130257E-02   0.812441E-04
  -26   18    0 -30.289392992  20.969579764   0.130257E-02   0.812441E-04
   18   26    0  20.969579764  30.289392992   0.130257E-02   0.812441E-04
  -18  -26    0 -20.969579764 -30.289392992   0.130257E-02   0.812441E-04
  -16   28    0 -18.639626457  32.619346299   0.125072E-02   0.798083E-04
  -28   16    0 -32.619346299  18.639626457   0.125072E-02   0.798083E-04
   28  -16    0  32.619346299 -18.639626457   0.125072E-02   0.798083E-04
  -16  -28    0 -18.639626457 -32.619346299   0.125072E-02   0.798083E-04
   28   16    0  32.619346299  18.639626457   0.125072E-02   0.798083E-04
  -28  -16    0 -32.619346299 -18.639626457   0.125072E-02   0.798083E-04
   16  -28    0  18.639626457 -32.619346299   0.125072E-02   0.798083E-04
   16   28    0  18.639626457  32.619346299   0.125072E-02   0.798083E-04
  -24   22    0 -27.959439685  25.629486378   0.302004E-03   0.302021E-04
   22   24    0  25.629486378  27.959439685   0.302004E-03   0.302021E-04
  -22  -24    0 -25.629486378 -27.959439685   0.302004E-03   0.302021E-04
   24  -22    0  27.959439685 -25.629486378   0.302004E-03   0.302021E-04
   22  -24    0  25.629486378 -27.959439685   0.302004E-03   0.302021E-04
  -22   24    0 -25.629486378  27.959439685   0.302004E-03   0.302021E-04
  -24  -22    0 -27.959439685 -25.629486378   0.302004E-03   0.302021E-04
   24   22    0  27.959439685  25.629486378   0.302004E-03   0.302021E-04
  -26   20    0 -30.289392992  23.299533071   0.297427E-03   0.294411E-04
  -26  -20    0 -30.289392992 -23.299533071   0.297427E-03   0.294411E-04
   26  -20    0  30.289392992 -23.299533071   0.297427E-03   0.294411E-04
  -20   26    0 -23.299533071  30.289392992   0.297427E-03   0.294411E-04
   20  -26    0  23.299533071 -30.289392992   0.297427E-03   0.294411E-04
   20   26    0  23.299533071  30.289392992   0.297427E-03   0.294411E-04
   26   20    0  30.289392992  23.299533071   0.297427E-03   0.294411E-04
  -20  -26    0 -23.299533071 -30.289392992   0.297427E-03   0.294411E-04
   28  -18    0  32.619346299 -20.969579764   0.288629E-03   0.287130E-04
  -28   18    0 -32.619346299  20.969579764   0.288629E-03   0.287130E-04
   18  -28    0  20.969579764 -32.619346299   0.288629E-03   0.287130E-04
  -18   28    0 -20.969579764  32.619346299   0.288629E-03   0.287130E-04
   28   18    0  32.619346299  20.969579764   0.288629E-03   0.287130E-04
  -18  -28    0 -20.969579764 -32.619346299   0.288629E-03   0.287130E-04
  -28  -18    0 -32.619346299 -20.969579764   0.288629E-03   0.287130E-04
   18   28    0  20.969579764  32.619346299   0.288629E-03   0.287130E-04
   24   24    0  27.959439685  27.959439685   0.112380E-02   0.760430E-04
   24  -24    0  27.959439685 -27.959439685   0.112380E-02   0.760430E-04
  -24  -24    0 -27.959439685 -27.959439685   0.112380E-02   0.760430E-04
  -24   24    0 -27.959439685  27.959439685   0.112380E-02   0.760430E-04
   22   26    0  25.629486378  30.289392992   0.111563E-02   0.757872E-04
  -26  -22    0 -30.289392992 -25.629486378   0.111563E-02   0.757872E-04
  -22  -26    0 -25.629486378 -30.289392992   0.111563E-02   0.757872E-04
  -26   22    0 -30.289392992  25.629486378   0.111563E-02   0.757872E-04
  -22   26    0 -25.629486378  30.289392992   0.111563E-02   0.757872E-04
   22  -26    0  25.629486378 -30.289392992   0.111563E-02   0.757872E-04
   26  -22    0  30.289392992 -25.629486378   0.111563E-02   0.757872E-04
   26   22    0  30.289392992  25.629486378   0.111563E-02   0.757872E-04
  -28   20    0 -32.619346299  23.299533071   0.109175E-02   0.750298E-04
  -28  -20    0 -32.619346299 -23.299533071   0.109175E-02   0.750298E-04
   20  -28    0  23.299533071 -32.619346299   0.109175E-02   0.750298E-04
   28  -20    0  32.619346299 -23.299533071   0.109175E-02   0.750298E-04
   28   20    0  32.619346299  23.299533071   0.109175E-02   0.750298E-04
  -20  -28    0 -23.299533071 -32.619346299   0.109175E-02   0.750298E-04
  -20   28    0 -23.299533071  32.619346299   0.109175E-02   0.750298E-04
   20   28    0  23.299533071  32.619346299   0.109175E-02   0.750298E-04
  -24  -26    0 -27.959439685 -30.289392992   0.254077E-03   0.256375E-04
   24  -26    0  27.959439685 -30.289392992   0.254077E-03   0.256375E-04
  -26   24    0 -30.289392992  27.959439685   0.254077E-03   0.256375E-04
  -26  -24    0 -30.289392992 -27.959439685   0.254077E-03   0.256375E-04
   26   24    0  30.289392992  27.959439685   0.254077E-03   0.256375E-04
  -24   26    0 -27.959439685  30.289392992   0.254077E-03   0.256375E-04
   24   26    0  27.959439685  30.289392992   0.254077E-03   0.256375E-04
   26  -24    0  30.289392992 -27.959439685   0.254077E-03   0.256375E-04
   22  -28    0  25.629486378 -32.619346299   0.250678E-03   0.254909E-04
  -22   28    0 -25.629486378  32.619346299   0.250678E-03   0.254909E-04
  -28  -22    0 -32.619346299 -25.629486378   0.250678E-03   0.254909E-04
  -28   22    0 -32.619346299  25.629486378   0.250678E-03   0.254909E-04
  -22  -28    0 -25.629486378 -32.619346299   0.250678E-03   0.254909E-04
   28  -22    0  32.619346299 -25.629486378   0.250678E-03   0.254909E-04
   22   28    0  25.629486378  32.619346299   0.250678E-03   0.254909E-04
   28   22    0  32.619346299  25.629486378   0.250678E-03   0.254909E-04
  -26   26    0 -30.289392992  30.289392992   0.947311E-03   0.701029E-04
   26   26    0  30.289392992  30.289392992   0.947311E-03   0.701029E-04
  -26  -26    0 -30.289392992 -30.289392992   0.947311E-03   0.701029E-04
   26  -26    0  30.289392992 -30.289392992   0.947311E-03   0.701029E-04
   28  -24    0  32.619346299 -27.959439685   0.941286E-03   0.698832E-04
  -24  -28    0 -27.959439685 -32.619346299   0.941286E-03   0.698832E-04
   28   24    0  32.619346299  27.959439685   0.941286E-03   0.698832E-04
   24  -28    0  27.959439685 -32.619346299   0.941286E-03   0.698832E-04
   24   28    0  27.959439685  32.619346299   0.941286E-03   0.698832E-04
  -28  -24    0 -32.619346299 -27.959439685   0.941286E-03   0.698832E-04
  -24   28    0 -27.959439685  32.619346299   0.941286E-03   0.698832E-04
  -28   24    0 -32.619346299  27.959439685   0.941286E-03   0.698832E-04
  -28  -26    0 -32.619346299 -30.289392992   0.215247E-03   0.223370E-04
   28   26    0  32.619346299  30.289392992   0.215247E-03   0.223370E-04
  -26  -28    0 -30.289392992 -32.619346299   0.215247E-03   0.223370E-04
  -26   28    0 -30.289392992  32.619346299   0.215247E-03   0.223370E-04
   28  -26    0  32.619346299 -30.289392992   0.215247E-03   0.223370E-04
   26   28    0  30.289392992  32.619346299   0.215247E-03   0.223370E-04
   26  -28    0  30.289392992 -32.619346299   0.215247E-03   0.223370E-04
  -28   26    0 -32.619346299  30.289392992   0.215247E-03   0.223370E-04
  -28   28    0 -32.619346299  32.619346299   0.805425E-03   0.645763E-04
   28  -28    0  32.619346299 -32.619346299   0.805425E-03   0.645763E-04
  -28  -28    0 -32.619346299 -32.619346299   0.805425E-03   0.645763E-04
   28   28    0  32.619346299  32.619346299   0.805425E-03   0.645763E-04
