    0    0    0   0.000000000   0.000000000   0.230142E-21  -0.508410E-07
    0    2    0  -0.000000000   2.158057825  -0.597384E-01  -0.236302E-02
   -2    0    0  -2.158057825   0.000000000  -0.597384E-01  -0.236302E-02
    2    0    0   2.158057825  -0.000000000  -0.597384E-01  -0.236302E-02
    0   -2    0   0.000000000  -2.158057825  -0.597384E-01  -0.236302E-02
    2   -2    0   2.158057825  -2.158057825   0.945120E-01   0.484868E-02
   -2    2    0  -2.158057825   2.158057825   0.945120E-01   0.484868E-02
    2    2    0   2.158057825   2.158057825   0.945120E-01   0.484868E-02
   -2   -2    0  -2.158057825  -2.158057825   0.945120E-01   0.484868E-02
   -4    0    0  -4.316115649   0.000000000   0.636004E-01   0.432507E-02
    0    4    0  -0.000000000   4.316115649   0.636004E-01   0.432507E-02
    4    0    0   4.316115649  -0.000000000   0.636004E-01   0.432507E-02
    0   -4    0   0.000000000  -4.316115649   0.636004E-01   0.432507E-02
    4   -2    0   4.316115649  -2.158057825  -0.289928E-01  -0.218685E-02
    2   -4    0   2.158057825  -4.316115649  -0.289928E-01  -0.218685E-02
   -2   -4    0  -2.158057825  -4.316115649  -0.289928E-01  -0.218685E-02
   -4    2    0  -4.316115649   2.158057825  -0.289928E-01  -0.218685E-02
   -4   -2    0  -4.316115649  -2.158057825  -0.289928E-01  -0.218685E-02
    2    4    0   2.158057825   4.316115649  -0.289928E-01  -0.218685E-02
    4    2    0   4.316115649   2.158057825  -0.289928E-01  -0.218685E-02
   -2    4    0  -2.158057825   4.316115649  -0.289928E-01  -0.218685E-02
    4    4    0   4.316115649   4.316115649   0.386196E-01   0.352416E-02
   -4   -4    0  -4.316115649  -4.316115649   0.386196E-01   0.352416E-02
    4   -4    0   4.316115649  -4.316115649   0.386196E-01   0.352416E-02
   -4    4    0  -4.316115649   4.316115649   0.386196E-01   0.352416E-02
    0   -6    0   0.000000000  -6.474173474  -0.202777E-01  -0.201296E-02
    0    6    0  -0.000000000   6.474173474  -0.202777E-01  -0.201296E-02
   -6    0    0  -6.474173474   0.000000000  -0.202777E-01  -0.201296E-02
    6    0    0   6.474173474  -0.000000000  -0.202777E-01  -0.201296E-02
   -2    6    0  -2.158057825   6.474173474   0.318700E-01   0.320871E-02
   -6   -2    0  -6.474173474  -2.158057825   0.318700E-01   0.320871E-02
    6   -2    0   6.474173474  -2.158057825   0.318700E-01   0.320871E-02
    2    6    0   2.158057825   6.474173474   0.318700E-01   0.320871E-02
    2   -6    0   2.158057825  -6.474173474   0.318700E-01   0.320871E-02
   -2   -6    0  -2.158057825  -6.474173474   0.318700E-01   0.320871E-02
    6    2    0   6.474173474   2.158057825   0.318700E-01   0.320871E-02
   -6    2    0  -6.474173474   2.158057825   0.318700E-01   0.320871E-02
   -6    4    0  -6.474173474   4.316115649  -0.155223E-01  -0.184909E-02
    6    4    0   6.474173474   4.316115649  -0.155223E-01  -0.184909E-02
   -4   -6    0  -4.316115649  -6.474173474  -0.155223E-01  -0.184909E-02
   -6   -4    0  -6.474173474  -4.316115649  -0.155223E-01  -0.184909E-02
    4   -6    0   4.316115649  -6.474173474  -0.155223E-01  -0.184909E-02
   -4    6    0  -4.316115649   6.474173474  -0.155223E-01  -0.184909E-02
    6   -4    0   6.474173474  -4.316115649  -0.155223E-01  -0.184909E-02
    4    6    0   4.316115649   6.474173474  -0.155223E-01  -0.184909E-02
    0    8    0  -0.000000000   8.632231299   0.199752E-01   0.248478E-02
    0   -8    0   0.000000000  -8.632231299   0.199752E-01   0.248478E-02
   -8    0    0  -8.632231299   0.000000000   0.199752E-01   0.248478E-02
    8    0    0   8.632231299  -0.000000000   0.199752E-01   0.248478E-02
   -2    8    0  -2.158057825   8.632231299  -0.124300E-01  -0.169762E-02
   -8   -2    0  -8.632231299  -2.158057825  -0.124300E-01  -0.169762E-02
    8    2    0   8.632231299   2.158057825  -0.124300E-01  -0.169762E-02
    2    8    0   2.158057825   8.632231299  -0.124300E-01  -0.169762E-02
   -2   -8    0  -2.158057825  -8.632231299  -0.124300E-01  -0.169762E-02
   -8    2    0  -8.632231299   2.158057825  -0.124300E-01  -0.169762E-02
    2   -8    0   2.158057825  -8.632231299  -0.124300E-01  -0.169762E-02
    8   -2    0   8.632231299  -2.158057825  -0.124300E-01  -0.169762E-02
    6   -6    0   6.474173474  -6.474173474   0.175147E-01   0.229807E-02
    6    6    0   6.474173474   6.474173474   0.175147E-01   0.229807E-02
   -6   -6    0  -6.474173474  -6.474173474   0.175147E-01   0.229807E-02
   -6    6    0  -6.474173474   6.474173474   0.175147E-01   0.229807E-02
   -8   -4    0  -8.632231299  -4.316115649   0.154935E-01   0.213187E-02
    8   -4    0   8.632231299  -4.316115649   0.154935E-01   0.213187E-02
   -4    8    0  -4.316115649   8.632231299   0.154935E-01   0.213187E-02
    8    4    0   8.632231299   4.316115649   0.154935E-01   0.213187E-02
   -8    4    0  -8.632231299   4.316115649   0.154935E-01   0.213187E-02
    4   -8    0   4.316115649  -8.632231299   0.154935E-01   0.213187E-02
   -4   -8    0  -4.316115649  -8.632231299   0.154935E-01   0.213187E-02
    4    8    0   4.316115649   8.632231299   0.154935E-01   0.213187E-02
    8    6    0   8.632231299   6.474173474  -0.862618E-02  -0.143261E-02
   -6    8    0  -6.474173474   8.632231299  -0.862618E-02  -0.143261E-02
    6   -8    0   6.474173474  -8.632231299  -0.862618E-02  -0.143261E-02
    6    8    0   6.474173474   8.632231299  -0.862618E-02  -0.143261E-02
    8   -6    0   8.632231299  -6.474173474  -0.862618E-02  -0.143261E-02
   -6   -8    0  -6.474173474  -8.632231299  -0.862618E-02  -0.143261E-02
   -8   -6    0  -8.632231299  -6.474173474  -0.862618E-02  -0.143261E-02
   -8    6    0  -8.632231299   6.474173474  -0.862618E-02  -0.143261E-02
   10    0    0  10.790289123  -0.000000000  -0.862618E-02  -0.143261E-02
  -10    0    0 -10.790289123   0.000000000  -0.862618E-02  -0.143261E-02
    0   10    0  -0.000000000  10.790289123  -0.862618E-02  -0.143261E-02
    0  -10    0   0.000000000 -10.790289123  -0.862618E-02  -0.143261E-02
    2  -10    0   2.158057825 -10.790289123   0.111866E-01   0.172947E-02
   10   -2    0  10.790289123  -2.158057825   0.111866E-01   0.172947E-02
   -2   10    0  -2.158057825  10.790289123   0.111866E-01   0.172947E-02
   -2  -10    0  -2.158057825 -10.790289123   0.111866E-01   0.172947E-02
    2   10    0   2.158057825  10.790289123   0.111866E-01   0.172947E-02
   10    2    0  10.790289123   2.158057825   0.111866E-01   0.172947E-02
  -10    2    0 -10.790289123   2.158057825   0.111866E-01   0.172947E-02
  -10   -2    0 -10.790289123  -2.158057825   0.111866E-01   0.172947E-02
   -4  -10    0  -4.316115649 -10.790289123  -0.738245E-02  -0.131774E-02
  -10    4    0 -10.790289123   4.316115649  -0.738245E-02  -0.131774E-02
   10   -4    0  10.790289123  -4.316115649  -0.738245E-02  -0.131774E-02
    4   10    0   4.316115649  10.790289123  -0.738245E-02  -0.131774E-02
   10    4    0  10.790289123   4.316115649  -0.738245E-02  -0.131774E-02
   -4   10    0  -4.316115649  10.790289123  -0.738245E-02  -0.131774E-02
    4  -10    0   4.316115649 -10.790289123  -0.738245E-02  -0.131774E-02
  -10   -4    0 -10.790289123  -4.316115649  -0.738245E-02  -0.131774E-02
    8    8    0   8.632231299   8.632231299   0.847723E-02   0.143185E-02
    8   -8    0   8.632231299  -8.632231299   0.847723E-02   0.143185E-02
   -8   -8    0  -8.632231299  -8.632231299   0.847723E-02   0.143185E-02
   -8    8    0  -8.632231299   8.632231299   0.847723E-02   0.143185E-02
   -6   10    0  -6.474173474  10.790289123   0.779425E-02   0.134968E-02
   10    6    0  10.790289123   6.474173474   0.779425E-02   0.134968E-02
  -10   -6    0 -10.790289123  -6.474173474   0.779425E-02   0.134968E-02
    6  -10    0   6.474173474 -10.790289123   0.779425E-02   0.134968E-02
   10   -6    0  10.790289123  -6.474173474   0.779425E-02   0.134968E-02
   -6  -10    0  -6.474173474 -10.790289123   0.779425E-02   0.134968E-02
  -10    6    0 -10.790289123   6.474173474   0.779425E-02   0.134968E-02
    6   10    0   6.474173474  10.790289123   0.779425E-02   0.134968E-02
   12    0    0  12.948346948  -0.000000000   0.719228E-02   0.127442E-02
    0   12    0  -0.000000000  12.948346948   0.719228E-02   0.127442E-02
    0  -12    0   0.000000000 -12.948346948   0.719228E-02   0.127442E-02
  -12    0    0 -12.948346948   0.000000000   0.719228E-02   0.127442E-02
    2   12    0   2.158057825  12.948346948  -0.561407E-02  -0.111846E-02
  -12   -2    0 -12.948346948  -2.158057825  -0.561407E-02  -0.111846E-02
   -2   12    0  -2.158057825  12.948346948  -0.561407E-02  -0.111846E-02
   -2  -12    0  -2.158057825 -12.948346948  -0.561407E-02  -0.111846E-02
  -12    2    0 -12.948346948   2.158057825  -0.561407E-02  -0.111846E-02
   12   -2    0  12.948346948  -2.158057825  -0.561407E-02  -0.111846E-02
   12    2    0  12.948346948   2.158057825  -0.561407E-02  -0.111846E-02
    2  -12    0   2.158057825 -12.948346948  -0.561407E-02  -0.111846E-02
   -4  -12    0  -4.316115649 -12.948346948   0.618395E-02   0.114166E-02
    4   12    0   4.316115649  12.948346948   0.618395E-02   0.114166E-02
   12    4    0  12.948346948   4.316115649   0.618395E-02   0.114166E-02
   12   -4    0  12.948346948  -4.316115649   0.618395E-02   0.114166E-02
  -12   -4    0 -12.948346948  -4.316115649   0.618395E-02   0.114166E-02
   -4   12    0  -4.316115649  12.948346948   0.618395E-02   0.114166E-02
    4  -12    0   4.316115649 -12.948346948   0.618395E-02   0.114166E-02
  -12    4    0 -12.948346948   4.316115649   0.618395E-02   0.114166E-02
    8  -10    0   8.632231299 -10.790289123  -0.496817E-02  -0.103210E-02
   10    8    0  10.790289123   8.632231299  -0.496817E-02  -0.103210E-02
   -8  -10    0  -8.632231299 -10.790289123  -0.496817E-02  -0.103210E-02
   -8   10    0  -8.632231299  10.790289123  -0.496817E-02  -0.103210E-02
  -10   -8    0 -10.790289123  -8.632231299  -0.496817E-02  -0.103210E-02
    8   10    0   8.632231299  10.790289123  -0.496817E-02  -0.103210E-02
  -10    8    0 -10.790289123   8.632231299  -0.496817E-02  -0.103210E-02
   10   -8    0  10.790289123  -8.632231299  -0.496817E-02  -0.103210E-02
  -12   -6    0 -12.948346948  -6.474173474  -0.443085E-02  -0.953408E-03
   12    6    0  12.948346948   6.474173474  -0.443085E-02  -0.953408E-03
   12   -6    0  12.948346948  -6.474173474  -0.443085E-02  -0.953408E-03
    6   12    0   6.474173474  12.948346948  -0.443085E-02  -0.953408E-03
  -12    6    0 -12.948346948   6.474173474  -0.443085E-02  -0.953408E-03
   -6   12    0  -6.474173474  12.948346948  -0.443085E-02  -0.953408E-03
   -6  -12    0  -6.474173474 -12.948346948  -0.443085E-02  -0.953408E-03
    6  -12    0   6.474173474 -12.948346948  -0.443085E-02  -0.953408E-03
  -14    0    0 -15.106404773   0.000000000  -0.397780E-02  -0.881603E-03
   14    0    0  15.106404773  -0.000000000  -0.397780E-02  -0.881603E-03
    0  -14    0   0.000000000 -15.106404773  -0.397780E-02  -0.881603E-03
    0   14    0  -0.000000000  15.106404773  -0.397780E-02  -0.881603E-03
   -2   14    0  -2.158057825  15.106404773   0.443847E-02   0.887709E-03
   14   -2    0  15.106404773  -2.158057825   0.443847E-02   0.887709E-03
    2  -14    0   2.158057825 -15.106404773   0.443847E-02   0.887709E-03
   14    2    0  15.106404773   2.158057825   0.443847E-02   0.887709E-03
   -2  -14    0  -2.158057825 -15.106404773   0.443847E-02   0.887709E-03
    2   14    0   2.158057825  15.106404773   0.443847E-02   0.887709E-03
  -14   -2    0 -15.106404773  -2.158057825   0.443847E-02   0.887709E-03
  -14    2    0 -15.106404773   2.158057825   0.443847E-02   0.887709E-03
   10  -10    0  10.790289123 -10.790289123   0.443847E-02   0.887709E-03
  -10  -10    0 -10.790289123 -10.790289123   0.443847E-02   0.887709E-03
   10   10    0  10.790289123  10.790289123   0.443847E-02   0.887709E-03
  -10   10    0 -10.790289123  10.790289123   0.443847E-02   0.887709E-03
    8   12    0   8.632231299  12.948346948   0.418041E-02   0.847003E-03
   -8  -12    0  -8.632231299 -12.948346948   0.418041E-02   0.847003E-03
   12   -8    0  12.948346948  -8.632231299   0.418041E-02   0.847003E-03
  -12    8    0 -12.948346948   8.632231299   0.418041E-02   0.847003E-03
    8  -12    0   8.632231299 -12.948346948   0.418041E-02   0.847003E-03
   -8   12    0  -8.632231299  12.948346948   0.418041E-02   0.847003E-03
   12    8    0  12.948346948   8.632231299   0.418041E-02   0.847003E-03
  -12   -8    0 -12.948346948  -8.632231299   0.418041E-02   0.847003E-03
   -4   14    0  -4.316115649  15.106404773  -0.359128E-02  -0.815979E-03
    4  -14    0   4.316115649 -15.106404773  -0.359128E-02  -0.815979E-03
    4   14    0   4.316115649  15.106404773  -0.359128E-02  -0.815979E-03
   -4  -14    0  -4.316115649 -15.106404773  -0.359128E-02  -0.815979E-03
  -14    4    0 -15.106404773   4.316115649  -0.359128E-02  -0.815979E-03
   14    4    0  15.106404773   4.316115649  -0.359128E-02  -0.815979E-03
   14   -4    0  15.106404773  -4.316115649  -0.359128E-02  -0.815979E-03
  -14   -4    0 -15.106404773  -4.316115649  -0.359128E-02  -0.815979E-03
   -6   14    0  -6.474173474  15.106404773   0.352911E-02   0.739839E-03
    6   14    0   6.474173474  15.106404773   0.352911E-02   0.739839E-03
  -14   -6    0 -15.106404773  -6.474173474   0.352911E-02   0.739839E-03
   14   -6    0  15.106404773  -6.474173474   0.352911E-02   0.739839E-03
   -6  -14    0  -6.474173474 -15.106404773   0.352911E-02   0.739839E-03
  -14    6    0 -15.106404773   6.474173474   0.352911E-02   0.739839E-03
   14    6    0  15.106404773   6.474173474   0.352911E-02   0.739839E-03
    6  -14    0   6.474173474 -15.106404773   0.352911E-02   0.739839E-03
  -10   12    0 -10.790289123  12.948346948  -0.296824E-02  -0.700835E-03
   10  -12    0  10.790289123 -12.948346948  -0.296824E-02  -0.700835E-03
  -10  -12    0 -10.790289123 -12.948346948  -0.296824E-02  -0.700835E-03
   12  -10    0  12.948346948 -10.790289123  -0.296824E-02  -0.700835E-03
   12   10    0  12.948346948  10.790289123  -0.296824E-02  -0.700835E-03
  -12   10    0 -12.948346948  10.790289123  -0.296824E-02  -0.700835E-03
  -12  -10    0 -12.948346948 -10.790289123  -0.296824E-02  -0.700835E-03
   10   12    0  10.790289123  12.948346948  -0.296824E-02  -0.700835E-03
   16    0    0  17.264462597  -0.000000000   0.301905E-02   0.650858E-03
    0  -16    0   0.000000000 -17.264462597   0.301905E-02   0.650858E-03
  -16    0    0 -17.264462597   0.000000000   0.301905E-02   0.650858E-03
    0   16    0  -0.000000000  17.264462597   0.301905E-02   0.650858E-03
  -14    8    0 -15.106404773   8.632231299  -0.271411E-02  -0.650264E-03
    8   14    0   8.632231299  15.106404773  -0.271411E-02  -0.650264E-03
  -14   -8    0 -15.106404773  -8.632231299  -0.271411E-02  -0.650264E-03
   14   -8    0  15.106404773  -8.632231299  -0.271411E-02  -0.650264E-03
    8  -14    0   8.632231299 -15.106404773  -0.271411E-02  -0.650264E-03
   14    8    0  15.106404773   8.632231299  -0.271411E-02  -0.650264E-03
   -8   14    0  -8.632231299  15.106404773  -0.271411E-02  -0.650264E-03
   -8  -14    0  -8.632231299 -15.106404773  -0.271411E-02  -0.650264E-03
    2   16    0   2.158057825  17.264462597  -0.271411E-02  -0.650264E-03
   -2   16    0  -2.158057825  17.264462597  -0.271411E-02  -0.650264E-03
  -16    2    0 -17.264462597   2.158057825  -0.271411E-02  -0.650264E-03
   16    2    0  17.264462597   2.158057825  -0.271411E-02  -0.650264E-03
  -16   -2    0 -17.264462597  -2.158057825  -0.271411E-02  -0.650264E-03
    2  -16    0   2.158057825 -17.264462597  -0.271411E-02  -0.650264E-03
   16   -2    0  17.264462597  -2.158057825  -0.271411E-02  -0.650264E-03
   -2  -16    0  -2.158057825 -17.264462597  -0.271411E-02  -0.650264E-03
    4   16    0   4.316115649  17.264462597   0.273754E-02   0.599538E-03
   -4   16    0  -4.316115649  17.264462597   0.273754E-02   0.599538E-03
   16    4    0  17.264462597   4.316115649   0.273754E-02   0.599538E-03
  -16   -4    0 -17.264462597  -4.316115649   0.273754E-02   0.599538E-03
   -4  -16    0  -4.316115649 -17.264462597   0.273754E-02   0.599538E-03
  -16    4    0 -17.264462597   4.316115649   0.273754E-02   0.599538E-03
   16   -4    0  17.264462597  -4.316115649   0.273754E-02   0.599538E-03
    4  -16    0   4.316115649 -17.264462597   0.273754E-02   0.599538E-03
  -12  -12    0 -12.948346948 -12.948346948   0.249291E-02   0.553498E-03
   12  -12    0  12.948346948 -12.948346948   0.249291E-02   0.553498E-03
   12   12    0  12.948346948  12.948346948   0.249291E-02   0.553498E-03
  -12   12    0 -12.948346948  12.948346948   0.249291E-02   0.553498E-03
   16   -6    0  17.264462597  -6.474173474  -0.229042E-02  -0.560928E-03
  -16    6    0 -17.264462597   6.474173474  -0.229042E-02  -0.560928E-03
  -16   -6    0 -17.264462597  -6.474173474  -0.229042E-02  -0.560928E-03
    6   16    0   6.474173474  17.264462597  -0.229042E-02  -0.560928E-03
   16    6    0  17.264462597   6.474173474  -0.229042E-02  -0.560928E-03
    6  -16    0   6.474173474 -17.264462597  -0.229042E-02  -0.560928E-03
   -6   16    0  -6.474173474  17.264462597  -0.229042E-02  -0.560928E-03
   -6  -16    0  -6.474173474 -17.264462597  -0.229042E-02  -0.560928E-03
  -14  -10    0 -15.106404773 -10.790289123   0.238237E-02   0.532215E-03
  -10   14    0 -10.790289123  15.106404773   0.238237E-02   0.532215E-03
  -10  -14    0 -10.790289123 -15.106404773   0.238237E-02   0.532215E-03
  -14   10    0 -15.106404773  10.790289123   0.238237E-02   0.532215E-03
   14  -10    0  15.106404773 -10.790289123   0.238237E-02   0.532215E-03
   14   10    0  15.106404773  10.790289123   0.238237E-02   0.532215E-03
   10  -14    0  10.790289123 -15.106404773   0.238237E-02   0.532215E-03
   10   14    0  10.790289123  15.106404773   0.238237E-02   0.532215E-03
  -16   -8    0 -17.264462597  -8.632231299   0.209008E-02   0.474357E-03
   16   -8    0  17.264462597  -8.632231299   0.209008E-02   0.474357E-03
   16    8    0  17.264462597   8.632231299   0.209008E-02   0.474357E-03
    8   16    0   8.632231299  17.264462597   0.209008E-02   0.474357E-03
  -16    8    0 -17.264462597   8.632231299   0.209008E-02   0.474357E-03
    8  -16    0   8.632231299 -17.264462597   0.209008E-02   0.474357E-03
   -8   16    0  -8.632231299  17.264462597   0.209008E-02   0.474357E-03
   -8  -16    0  -8.632231299 -17.264462597   0.209008E-02   0.474357E-03
  -18    0    0 -19.422520422   0.000000000  -0.195265E-02  -0.484945E-03
    0  -18    0   0.000000000 -19.422520422  -0.195265E-02  -0.484945E-03
   18    0    0  19.422520422  -0.000000000  -0.195265E-02  -0.484945E-03
    0   18    0  -0.000000000  19.422520422  -0.195265E-02  -0.484945E-03
   18    2    0  19.422520422   2.158057825   0.200399E-02   0.456842E-03
    2   18    0   2.158057825  19.422520422   0.200399E-02   0.456842E-03
   -2  -18    0  -2.158057825 -19.422520422   0.200399E-02   0.456842E-03
  -18    2    0 -19.422520422   2.158057825   0.200399E-02   0.456842E-03
   -2   18    0  -2.158057825  19.422520422   0.200399E-02   0.456842E-03
  -18   -2    0 -19.422520422  -2.158057825   0.200399E-02   0.456842E-03
   18   -2    0  19.422520422  -2.158057825   0.200399E-02   0.456842E-03
    2  -18    0   2.158057825 -19.422520422   0.200399E-02   0.456842E-03
  -12   14    0 -12.948346948  15.106404773  -0.180869E-02  -0.451208E-03
  -14  -12    0 -15.106404773 -12.948346948  -0.180869E-02  -0.451208E-03
   14  -12    0  15.106404773 -12.948346948  -0.180869E-02  -0.451208E-03
   14   12    0  15.106404773  12.948346948  -0.180869E-02  -0.451208E-03
   12   14    0  12.948346948  15.106404773  -0.180869E-02  -0.451208E-03
   12  -14    0  12.948346948 -15.106404773  -0.180869E-02  -0.451208E-03
  -14   12    0 -15.106404773  12.948346948  -0.180869E-02  -0.451208E-03
  -12  -14    0 -12.948346948 -15.106404773  -0.180869E-02  -0.451208E-03
   -4  -18    0  -4.316115649 -19.422520422  -0.180869E-02  -0.451208E-03
  -18   -4    0 -19.422520422  -4.316115649  -0.180869E-02  -0.451208E-03
    4  -18    0   4.316115649 -19.422520422  -0.180869E-02  -0.451208E-03
   -4   18    0  -4.316115649  19.422520422  -0.180869E-02  -0.451208E-03
   18   -4    0  19.422520422  -4.316115649  -0.180869E-02  -0.451208E-03
   18    4    0  19.422520422   4.316115649  -0.180869E-02  -0.451208E-03
  -18    4    0 -19.422520422   4.316115649  -0.180869E-02  -0.451208E-03
    4   18    0   4.316115649  19.422520422  -0.180869E-02  -0.451208E-03
   16  -10    0  17.264462597 -10.790289123  -0.167848E-02  -0.419970E-03
   16   10    0  17.264462597  10.790289123  -0.167848E-02  -0.419970E-03
   10   16    0  10.790289123  17.264462597  -0.167848E-02  -0.419970E-03
  -16   10    0 -17.264462597  10.790289123  -0.167848E-02  -0.419970E-03
   10  -16    0  10.790289123 -17.264462597  -0.167848E-02  -0.419970E-03
  -16  -10    0 -17.264462597 -10.790289123  -0.167848E-02  -0.419970E-03
  -10   16    0 -10.790289123  17.264462597  -0.167848E-02  -0.419970E-03
  -10  -16    0 -10.790289123 -17.264462597  -0.167848E-02  -0.419970E-03
   18   -6    0  19.422520422  -6.474173474   0.170520E-02   0.394184E-03
  -18    6    0 -19.422520422   6.474173474   0.170520E-02   0.394184E-03
   -6  -18    0  -6.474173474 -19.422520422   0.170520E-02   0.394184E-03
   -6   18    0  -6.474173474  19.422520422   0.170520E-02   0.394184E-03
    6  -18    0   6.474173474 -19.422520422   0.170520E-02   0.394184E-03
  -18   -6    0 -19.422520422  -6.474173474   0.170520E-02   0.394184E-03
   18    6    0  19.422520422   6.474173474   0.170520E-02   0.394184E-03
    6   18    0   6.474173474  19.422520422   0.170520E-02   0.394184E-03
    8  -18    0   8.632231299 -19.422520422  -0.145268E-02  -0.364135E-03
  -18   -8    0 -19.422520422  -8.632231299  -0.145268E-02  -0.364135E-03
  -18    8    0 -19.422520422   8.632231299  -0.145268E-02  -0.364135E-03
   -8  -18    0  -8.632231299 -19.422520422  -0.145268E-02  -0.364135E-03
   18   -8    0  19.422520422  -8.632231299  -0.145268E-02  -0.364135E-03
   -8   18    0  -8.632231299  19.422520422  -0.145268E-02  -0.364135E-03
   18    8    0  19.422520422   8.632231299  -0.145268E-02  -0.364135E-03
    8   18    0   8.632231299  19.422520422  -0.145268E-02  -0.364135E-03
  -14  -14    0 -15.106404773 -15.106404773   0.146459E-02   0.341342E-03
   14   14    0  15.106404773  15.106404773   0.146459E-02   0.341342E-03
   14  -14    0  15.106404773 -15.106404773   0.146459E-02   0.341342E-03
  -14   14    0 -15.106404773  15.106404773   0.146459E-02   0.341342E-03
  -12   16    0 -12.948346948  17.264462597   0.141172E-02   0.329410E-03
   12  -16    0  12.948346948 -17.264462597   0.141172E-02   0.329410E-03
   12   16    0  12.948346948  17.264462597   0.141172E-02   0.329410E-03
  -12  -16    0 -12.948346948 -17.264462597   0.141172E-02   0.329410E-03
   16   12    0  17.264462597  12.948346948   0.141172E-02   0.329410E-03
  -16  -12    0 -17.264462597 -12.948346948   0.141172E-02   0.329410E-03
  -16   12    0 -17.264462597  12.948346948   0.141172E-02   0.329410E-03
   16  -12    0  17.264462597 -12.948346948   0.141172E-02   0.329410E-03
    0  -20    0   0.000000000 -21.580578247   0.141172E-02   0.329410E-03
  -20    0    0 -21.580578247   0.000000000   0.141172E-02   0.329410E-03
    0   20    0  -0.000000000  21.580578247   0.141172E-02   0.329410E-03
   20    0    0  21.580578247  -0.000000000   0.141172E-02   0.329410E-03
    2  -20    0   2.158057825 -21.580578247  -0.135445E-02  -0.339164E-03
  -20   -2    0 -21.580578247  -2.158057825  -0.135445E-02  -0.339164E-03
   -2   20    0  -2.158057825  21.580578247  -0.135445E-02  -0.339164E-03
   20   -2    0  21.580578247  -2.158057825  -0.135445E-02  -0.339164E-03
  -20    2    0 -21.580578247   2.158057825  -0.135445E-02  -0.339164E-03
   -2  -20    0  -2.158057825 -21.580578247  -0.135445E-02  -0.339164E-03
   20    2    0  21.580578247   2.158057825  -0.135445E-02  -0.339164E-03
    2   20    0   2.158057825  21.580578247  -0.135445E-02  -0.339164E-03
   -4   20    0  -4.316115649  21.580578247   0.131341E-02   0.306890E-03
   20   -4    0  21.580578247  -4.316115649   0.131341E-02   0.306890E-03
   -4  -20    0  -4.316115649 -21.580578247   0.131341E-02   0.306890E-03
   20    4    0  21.580578247   4.316115649   0.131341E-02   0.306890E-03
    4  -20    0   4.316115649 -21.580578247   0.131341E-02   0.306890E-03
  -20   -4    0 -21.580578247  -4.316115649   0.131341E-02   0.306890E-03
  -20    4    0 -21.580578247   4.316115649   0.131341E-02   0.306890E-03
    4   20    0   4.316115649  21.580578247   0.131341E-02   0.306890E-03
  -18   10    0 -19.422520422  10.790289123   0.126766E-02   0.296256E-03
  -10  -18    0 -10.790289123 -19.422520422   0.126766E-02   0.296256E-03
  -10   18    0 -10.790289123  19.422520422   0.126766E-02   0.296256E-03
   18  -10    0  19.422520422 -10.790289123   0.126766E-02   0.296256E-03
   10   18    0  10.790289123  19.422520422   0.126766E-02   0.296256E-03
  -18  -10    0 -19.422520422 -10.790289123   0.126766E-02   0.296256E-03
   18   10    0  19.422520422  10.790289123   0.126766E-02   0.296256E-03
   10  -18    0  10.790289123 -19.422520422   0.126766E-02   0.296256E-03
  -20   -6    0 -21.580578247  -6.474173474  -0.118208E-02  -0.294316E-03
    6  -20    0   6.474173474 -21.580578247  -0.118208E-02  -0.294316E-03
  -20    6    0 -21.580578247   6.474173474  -0.118208E-02  -0.294316E-03
   -6   20    0  -6.474173474  21.580578247  -0.118208E-02  -0.294316E-03
   -6  -20    0  -6.474173474 -21.580578247  -0.118208E-02  -0.294316E-03
    6   20    0   6.474173474  21.580578247  -0.118208E-02  -0.294316E-03
   20   -6    0  21.580578247  -6.474173474  -0.118208E-02  -0.294316E-03
   20    6    0  21.580578247   6.474173474  -0.118208E-02  -0.294316E-03
  -16   14    0 -17.264462597  15.106404773  -0.110627E-02  -0.274167E-03
   16  -14    0  17.264462597 -15.106404773  -0.110627E-02  -0.274167E-03
  -16  -14    0 -17.264462597 -15.106404773  -0.110627E-02  -0.274167E-03
  -14   16    0 -15.106404773  17.264462597  -0.110627E-02  -0.274167E-03
   14  -16    0  15.106404773 -17.264462597  -0.110627E-02  -0.274167E-03
   14   16    0  15.106404773  17.264462597  -0.110627E-02  -0.274167E-03
   16   14    0  17.264462597  15.106404773  -0.110627E-02  -0.274167E-03
  -14  -16    0 -15.106404773 -17.264462597  -0.110627E-02  -0.274167E-03
   20    8    0  21.580578247   8.632231299   0.106780E-02   0.248560E-03
    8   20    0   8.632231299  21.580578247   0.106780E-02   0.248560E-03
   -8  -20    0  -8.632231299 -21.580578247   0.106780E-02   0.248560E-03
   20   -8    0  21.580578247  -8.632231299   0.106780E-02   0.248560E-03
  -20   -8    0 -21.580578247  -8.632231299   0.106780E-02   0.248560E-03
    8  -20    0   8.632231299 -21.580578247   0.106780E-02   0.248560E-03
  -20    8    0 -21.580578247   8.632231299   0.106780E-02   0.248560E-03
   -8   20    0  -8.632231299  21.580578247   0.106780E-02   0.248560E-03
  -18  -12    0 -19.422520422 -12.948346948  -0.103643E-02  -0.255375E-03
  -18   12    0 -19.422520422  12.948346948  -0.103643E-02  -0.255375E-03
  -12  -18    0 -12.948346948 -19.422520422  -0.103643E-02  -0.255375E-03
  -12   18    0 -12.948346948  19.422520422  -0.103643E-02  -0.255375E-03
   12   18    0  12.948346948  19.422520422  -0.103643E-02  -0.255375E-03
   18  -12    0  19.422520422 -12.948346948  -0.103643E-02  -0.255375E-03
   12  -18    0  12.948346948 -19.422520422  -0.103643E-02  -0.255375E-03
   18   12    0  19.422520422  12.948346948  -0.103643E-02  -0.255375E-03
   22    0    0  23.738636072  -0.000000000  -0.971987E-03  -0.237834E-03
  -22    0    0 -23.738636072   0.000000000  -0.971987E-03  -0.237834E-03
    0  -22    0   0.000000000 -23.738636072  -0.971987E-03  -0.237834E-03
    0   22    0  -0.000000000  23.738636072  -0.971987E-03  -0.237834E-03
   -2   22    0  -2.158057825  23.738636072   0.967223E-03   0.223738E-03
   22   -2    0  23.738636072  -2.158057825   0.967223E-03   0.223738E-03
    2  -22    0   2.158057825 -23.738636072   0.967223E-03   0.223738E-03
  -22    2    0 -23.738636072   2.158057825   0.967223E-03   0.223738E-03
   -2  -22    0  -2.158057825 -23.738636072   0.967223E-03   0.223738E-03
  -22   -2    0 -23.738636072  -2.158057825   0.967223E-03   0.223738E-03
   22    2    0  23.738636072   2.158057825   0.967223E-03   0.223738E-03
    2   22    0   2.158057825  23.738636072   0.967223E-03   0.223738E-03
    4   22    0   4.316115649  23.738636072  -0.912418E-03  -0.221449E-03
   -4  -22    0  -4.316115649 -23.738636072  -0.912418E-03  -0.221449E-03
   22    4    0  23.738636072   4.316115649  -0.912418E-03  -0.221449E-03
    4  -22    0   4.316115649 -23.738636072  -0.912418E-03  -0.221449E-03
   22   -4    0  23.738636072  -4.316115649  -0.912418E-03  -0.221449E-03
   -4   22    0  -4.316115649  23.738636072  -0.912418E-03  -0.221449E-03
  -22   -4    0 -23.738636072  -4.316115649  -0.912418E-03  -0.221449E-03
  -22    4    0 -23.738636072   4.316115649  -0.912418E-03  -0.221449E-03
   10  -20    0  10.790289123 -21.580578247  -0.912418E-03  -0.221449E-03
  -10  -20    0 -10.790289123 -21.580578247  -0.912418E-03  -0.221449E-03
  -10   20    0 -10.790289123  21.580578247  -0.912418E-03  -0.221449E-03
  -20   10    0 -21.580578247  10.790289123  -0.912418E-03  -0.221449E-03
   20  -10    0  21.580578247 -10.790289123  -0.912418E-03  -0.221449E-03
   20   10    0  21.580578247  10.790289123  -0.912418E-03  -0.221449E-03
   10   20    0  10.790289123  21.580578247  -0.912418E-03  -0.221449E-03
  -20  -10    0 -21.580578247 -10.790289123  -0.912418E-03  -0.221449E-03
  -16   16    0 -17.264462597  17.264462597   0.878413E-03   0.201326E-03
   16   16    0  17.264462597  17.264462597   0.878413E-03   0.201326E-03
   16  -16    0  17.264462597 -17.264462597   0.878413E-03   0.201326E-03
  -16  -16    0 -17.264462597 -17.264462597   0.878413E-03   0.201326E-03
  -22   -6    0 -23.738636072  -6.474173474   0.851112E-03   0.194340E-03
    6  -22    0   6.474173474 -23.738636072   0.851112E-03   0.194340E-03
   -6  -22    0  -6.474173474 -23.738636072   0.851112E-03   0.194340E-03
   22   -6    0  23.738636072  -6.474173474   0.851112E-03   0.194340E-03
   22    6    0  23.738636072   6.474173474   0.851112E-03   0.194340E-03
   -6   22    0  -6.474173474  23.738636072   0.851112E-03   0.194340E-03
  -22    6    0 -23.738636072   6.474173474   0.851112E-03   0.194340E-03
    6   22    0   6.474173474  23.738636072   0.851112E-03   0.194340E-03
   14  -18    0  15.106404773 -19.422520422   0.851112E-03   0.194340E-03
   18   14    0  19.422520422  15.106404773   0.851112E-03   0.194340E-03
  -14   18    0 -15.106404773  19.422520422   0.851112E-03   0.194340E-03
  -14  -18    0 -15.106404773 -19.422520422   0.851112E-03   0.194340E-03
   18  -14    0  19.422520422 -15.106404773   0.851112E-03   0.194340E-03
  -18  -14    0 -19.422520422 -15.106404773   0.851112E-03   0.194340E-03
   14   18    0  15.106404773  19.422520422   0.851112E-03   0.194340E-03
  -18   14    0 -19.422520422  15.106404773   0.851112E-03   0.194340E-03
  -20  -12    0 -21.580578247 -12.948346948   0.775331E-03   0.174704E-03
  -12   20    0 -12.948346948  21.580578247   0.775331E-03   0.174704E-03
   20  -12    0  21.580578247 -12.948346948   0.775331E-03   0.174704E-03
  -20   12    0 -21.580578247  12.948346948   0.775331E-03   0.174704E-03
   20   12    0  21.580578247  12.948346948   0.775331E-03   0.174704E-03
   12  -20    0  12.948346948 -21.580578247   0.775331E-03   0.174704E-03
   12   20    0  12.948346948  21.580578247   0.775331E-03   0.174704E-03
  -12  -20    0 -12.948346948 -21.580578247   0.775331E-03   0.174704E-03
    8   22    0   8.632231299  23.738636072  -0.758644E-03  -0.178397E-03
   22   -8    0  23.738636072  -8.632231299  -0.758644E-03  -0.178397E-03
    8  -22    0   8.632231299 -23.738636072  -0.758644E-03  -0.178397E-03
  -22    8    0 -23.738636072   8.632231299  -0.758644E-03  -0.178397E-03
   -8  -22    0  -8.632231299 -23.738636072  -0.758644E-03  -0.178397E-03
   -8   22    0  -8.632231299  23.738636072  -0.758644E-03  -0.178397E-03
   22    8    0  23.738636072   8.632231299  -0.758644E-03  -0.178397E-03
  -22   -8    0 -23.738636072  -8.632231299  -0.758644E-03  -0.178397E-03
    0  -24    0   0.000000000 -25.896693896   0.686821E-03   0.151306E-03
    0   24    0  -0.000000000  25.896693896   0.686821E-03   0.151306E-03
  -24    0    0 -25.896693896   0.000000000   0.686821E-03   0.151306E-03
   24    0    0  25.896693896  -0.000000000   0.686821E-03   0.151306E-03
   24   -2    0  25.896693896  -2.158057825  -0.673399E-03  -0.154075E-03
   18  -16    0  19.422520422 -17.264462597  -0.673399E-03  -0.154075E-03
  -24   -2    0 -25.896693896  -2.158057825  -0.673399E-03  -0.154075E-03
   -2  -24    0  -2.158057825 -25.896693896  -0.673399E-03  -0.154075E-03
   16  -18    0  17.264462597 -19.422520422  -0.673399E-03  -0.154075E-03
  -16  -18    0 -17.264462597 -19.422520422  -0.673399E-03  -0.154075E-03
    2  -24    0   2.158057825 -25.896693896  -0.673399E-03  -0.154075E-03
   -2   24    0  -2.158057825  25.896693896  -0.673399E-03  -0.154075E-03
   18   16    0  19.422520422  17.264462597  -0.673399E-03  -0.154075E-03
  -18  -16    0 -19.422520422 -17.264462597  -0.673399E-03  -0.154075E-03
   16   18    0  17.264462597  19.422520422  -0.673399E-03  -0.154075E-03
  -18   16    0 -19.422520422  17.264462597  -0.673399E-03  -0.154075E-03
    2   24    0   2.158057825  25.896693896  -0.673399E-03  -0.154075E-03
   24    2    0  25.896693896   2.158057825  -0.673399E-03  -0.154075E-03
  -24    2    0 -25.896693896   2.158057825  -0.673399E-03  -0.154075E-03
  -16   18    0 -17.264462597  19.422520422  -0.673399E-03  -0.154075E-03
   10  -22    0  10.790289123 -23.738636072   0.666660E-03   0.145906E-03
  -22   10    0 -23.738636072  10.790289123   0.666660E-03   0.145906E-03
  -10   22    0 -10.790289123  23.738636072   0.666660E-03   0.145906E-03
  -10  -22    0 -10.790289123 -23.738636072   0.666660E-03   0.145906E-03
   22  -10    0  23.738636072 -10.790289123   0.666660E-03   0.145906E-03
   22   10    0  23.738636072  10.790289123   0.666660E-03   0.145906E-03
  -22  -10    0 -23.738636072 -10.790289123   0.666660E-03   0.145906E-03
   10   22    0  10.790289123  23.738636072   0.666660E-03   0.145906E-03
   24    4    0  25.896693896   4.316115649   0.647214E-03   0.140673E-03
    4  -24    0   4.316115649 -25.896693896   0.647214E-03   0.140673E-03
  -24    4    0 -25.896693896   4.316115649   0.647214E-03   0.140673E-03
  -24   -4    0 -25.896693896  -4.316115649   0.647214E-03   0.140673E-03
   24   -4    0  25.896693896  -4.316115649   0.647214E-03   0.140673E-03
   -4  -24    0  -4.316115649 -25.896693896   0.647214E-03   0.140673E-03
   -4   24    0  -4.316115649  25.896693896   0.647214E-03   0.140673E-03
    4   24    0   4.316115649  25.896693896   0.647214E-03   0.140673E-03
  -14  -20    0 -15.106404773 -21.580578247  -0.635096E-03  -0.143047E-03
   20   14    0  21.580578247  15.106404773  -0.635096E-03  -0.143047E-03
  -14   20    0 -15.106404773  21.580578247  -0.635096E-03  -0.143047E-03
   20  -14    0  21.580578247 -15.106404773  -0.635096E-03  -0.143047E-03
   14  -20    0  15.106404773 -21.580578247  -0.635096E-03  -0.143047E-03
  -20  -14    0 -21.580578247 -15.106404773  -0.635096E-03  -0.143047E-03
   14   20    0  15.106404773  21.580578247  -0.635096E-03  -0.143047E-03
  -20   14    0 -21.580578247  15.106404773  -0.635096E-03  -0.143047E-03
   -6  -24    0  -6.474173474 -25.896693896  -0.599357E-03  -0.132706E-03
   24    6    0  25.896693896   6.474173474  -0.599357E-03  -0.132706E-03
    6   24    0   6.474173474  25.896693896  -0.599357E-03  -0.132706E-03
    6  -24    0   6.474173474 -25.896693896  -0.599357E-03  -0.132706E-03
  -24    6    0 -25.896693896   6.474173474  -0.599357E-03  -0.132706E-03
   24   -6    0  25.896693896  -6.474173474  -0.599357E-03  -0.132706E-03
  -24   -6    0 -25.896693896  -6.474173474  -0.599357E-03  -0.132706E-03
   -6   24    0  -6.474173474  25.896693896  -0.599357E-03  -0.132706E-03
  -22   12    0 -23.738636072  12.948346948  -0.565977E-03  -0.123005E-03
  -22  -12    0 -23.738636072 -12.948346948  -0.565977E-03  -0.123005E-03
   22  -12    0  23.738636072 -12.948346948  -0.565977E-03  -0.123005E-03
   12   22    0  12.948346948  23.738636072  -0.565977E-03  -0.123005E-03
   12  -22    0  12.948346948 -23.738636072  -0.565977E-03  -0.123005E-03
   22   12    0  23.738636072  12.948346948  -0.565977E-03  -0.123005E-03
  -12   22    0 -12.948346948  23.738636072  -0.565977E-03  -0.123005E-03
  -12  -22    0 -12.948346948 -23.738636072  -0.565977E-03  -0.123005E-03
   -8  -24    0  -8.632231299 -25.896693896   0.543899E-03   0.112477E-03
   24   -8    0  25.896693896  -8.632231299   0.543899E-03   0.112477E-03
  -24   -8    0 -25.896693896  -8.632231299   0.543899E-03   0.112477E-03
   -8   24    0  -8.632231299  25.896693896   0.543899E-03   0.112477E-03
   24    8    0  25.896693896   8.632231299   0.543899E-03   0.112477E-03
    8  -24    0   8.632231299 -25.896693896   0.543899E-03   0.112477E-03
  -24    8    0 -25.896693896   8.632231299   0.543899E-03   0.112477E-03
    8   24    0   8.632231299  25.896693896   0.543899E-03   0.112477E-03
  -18   18    0 -19.422520422  19.422520422   0.528662E-03   0.108265E-03
   18  -18    0  19.422520422 -19.422520422   0.528662E-03   0.108265E-03
   18   18    0  19.422520422  19.422520422   0.528662E-03   0.108265E-03
  -18  -18    0 -19.422520422 -19.422520422   0.528662E-03   0.108265E-03
   16  -20    0  17.264462597 -21.580578247   0.513929E-03   0.104180E-03
  -16   20    0 -17.264462597  21.580578247   0.513929E-03   0.104180E-03
  -20  -16    0 -21.580578247 -17.264462597   0.513929E-03   0.104180E-03
   20  -16    0  21.580578247 -17.264462597   0.513929E-03   0.104180E-03
  -20   16    0 -21.580578247  17.264462597   0.513929E-03   0.104180E-03
   20   16    0  21.580578247  17.264462597   0.513929E-03   0.104180E-03
  -16  -20    0 -17.264462597 -21.580578247   0.513929E-03   0.104180E-03
   16   20    0  17.264462597  21.580578247   0.513929E-03   0.104180E-03
  -26    0    0 -28.054751721   0.000000000  -0.478202E-03  -0.973373E-04
    0  -26    0   0.000000000 -28.054751721  -0.478202E-03  -0.973373E-04
   26    0    0  28.054751721  -0.000000000  -0.478202E-03  -0.973373E-04
    0   26    0  -0.000000000  28.054751721  -0.478202E-03  -0.973373E-04
  -10  -24    0 -10.790289123 -25.896693896  -0.478202E-03  -0.973373E-04
   24  -10    0  25.896693896 -10.790289123  -0.478202E-03  -0.973373E-04
  -10   24    0 -10.790289123  25.896693896  -0.478202E-03  -0.973373E-04
  -24   10    0 -25.896693896  10.790289123  -0.478202E-03  -0.973373E-04
   10  -24    0  10.790289123 -25.896693896  -0.478202E-03  -0.973373E-04
   10   24    0  10.790289123  25.896693896  -0.478202E-03  -0.973373E-04
   24   10    0  25.896693896  10.790289123  -0.478202E-03  -0.973373E-04
  -24  -10    0 -25.896693896 -10.790289123  -0.478202E-03  -0.973373E-04
   22   14    0  23.738636072  15.106404773   0.472558E-03   0.926492E-04
   14  -22    0  15.106404773 -23.738636072   0.472558E-03   0.926492E-04
   22  -14    0  23.738636072 -15.106404773   0.472558E-03   0.926492E-04
  -14   22    0 -15.106404773  23.738636072   0.472558E-03   0.926492E-04
  -22   14    0 -23.738636072  15.106404773   0.472558E-03   0.926492E-04
   14   22    0  15.106404773  23.738636072   0.472558E-03   0.926492E-04
  -22  -14    0 -23.738636072 -15.106404773   0.472558E-03   0.926492E-04
  -14  -22    0 -15.106404773 -23.738636072   0.472558E-03   0.926492E-04
   -2  -26    0  -2.158057825 -28.054751721   0.472558E-03   0.926492E-04
    2  -26    0   2.158057825 -28.054751721   0.472558E-03   0.926492E-04
   26    2    0  28.054751721   2.158057825   0.472558E-03   0.926492E-04
   26   -2    0  28.054751721  -2.158057825   0.472558E-03   0.926492E-04
  -26   -2    0 -28.054751721  -2.158057825   0.472558E-03   0.926492E-04
  -26    2    0 -28.054751721   2.158057825   0.472558E-03   0.926492E-04
    2   26    0   2.158057825  28.054751721   0.472558E-03   0.926492E-04
   -2   26    0  -2.158057825  28.054751721   0.472558E-03   0.926492E-04
  -26   -4    0 -28.054751721  -4.316115649  -0.452553E-03  -0.898054E-04
   -4   26    0  -4.316115649  28.054751721  -0.452553E-03  -0.898054E-04
    4   26    0   4.316115649  28.054751721  -0.452553E-03  -0.898054E-04
   -4  -26    0  -4.316115649 -28.054751721  -0.452553E-03  -0.898054E-04
    4  -26    0   4.316115649 -28.054751721  -0.452553E-03  -0.898054E-04
   26    4    0  28.054751721   4.316115649  -0.452553E-03  -0.898054E-04
  -26    4    0 -28.054751721   4.316115649  -0.452553E-03  -0.898054E-04
   26   -4    0  28.054751721  -4.316115649  -0.452553E-03  -0.898054E-04
  -26   -6    0 -28.054751721  -6.474173474   0.423326E-03   0.788277E-04
   26   -6    0  28.054751721  -6.474173474   0.423326E-03   0.788277E-04
   26    6    0  28.054751721   6.474173474   0.423326E-03   0.788277E-04
    6  -26    0   6.474173474 -28.054751721   0.423326E-03   0.788277E-04
   -6   26    0  -6.474173474  28.054751721   0.423326E-03   0.788277E-04
    6   26    0   6.474173474  28.054751721   0.423326E-03   0.788277E-04
   -6  -26    0  -6.474173474 -28.054751721   0.423326E-03   0.788277E-04
  -26    6    0 -28.054751721   6.474173474   0.423326E-03   0.788277E-04
  -24  -12    0 -25.896693896 -12.948346948   0.411971E-03   0.756273E-04
   12   24    0  12.948346948  25.896693896   0.411971E-03   0.756273E-04
   24   12    0  25.896693896  12.948346948   0.411971E-03   0.756273E-04
  -24   12    0 -25.896693896  12.948346948   0.411971E-03   0.756273E-04
   12  -24    0  12.948346948 -25.896693896   0.411971E-03   0.756273E-04
   24  -12    0  25.896693896 -12.948346948   0.411971E-03   0.756273E-04
  -12  -24    0 -12.948346948 -25.896693896   0.411971E-03   0.756273E-04
  -12   24    0 -12.948346948  25.896693896   0.411971E-03   0.756273E-04
   20  -18    0  21.580578247 -19.422520422  -0.405892E-03  -0.760881E-04
  -20  -18    0 -21.580578247 -19.422520422  -0.405892E-03  -0.760881E-04
  -18   20    0 -19.422520422  21.580578247  -0.405892E-03  -0.760881E-04
   18   20    0  19.422520422  21.580578247  -0.405892E-03  -0.760881E-04
   18  -20    0  19.422520422 -21.580578247  -0.405892E-03  -0.760881E-04
  -20   18    0 -21.580578247  19.422520422  -0.405892E-03  -0.760881E-04
   20   18    0  21.580578247  19.422520422  -0.405892E-03  -0.760881E-04
  -18  -20    0 -19.422520422 -21.580578247  -0.405892E-03  -0.760881E-04
   26    8    0  28.054751721   8.632231299  -0.384658E-03  -0.698475E-04
   26   -8    0  28.054751721  -8.632231299  -0.384658E-03  -0.698475E-04
  -26   -8    0 -28.054751721  -8.632231299  -0.384658E-03  -0.698475E-04
   16   22    0  17.264462597  23.738636072  -0.384658E-03  -0.698475E-04
  -16   22    0 -17.264462597  23.738636072  -0.384658E-03  -0.698475E-04
   22   16    0  23.738636072  17.264462597  -0.384658E-03  -0.698475E-04
    8  -26    0   8.632231299 -28.054751721  -0.384658E-03  -0.698475E-04
  -26    8    0 -28.054751721   8.632231299  -0.384658E-03  -0.698475E-04
  -22  -16    0 -23.738636072 -17.264462597  -0.384658E-03  -0.698475E-04
  -22   16    0 -23.738636072  17.264462597  -0.384658E-03  -0.698475E-04
   16  -22    0  17.264462597 -23.738636072  -0.384658E-03  -0.698475E-04
    8   26    0   8.632231299  28.054751721  -0.384658E-03  -0.698475E-04
  -16  -22    0 -17.264462597 -23.738636072  -0.384658E-03  -0.698475E-04
   22  -16    0  23.738636072 -17.264462597  -0.384658E-03  -0.698475E-04
   -8   26    0  -8.632231299  28.054751721  -0.384658E-03  -0.698475E-04
   -8  -26    0  -8.632231299 -28.054751721  -0.384658E-03  -0.698475E-04
   24   14    0  25.896693896  15.106404773  -0.345902E-03  -0.584789E-04
  -24  -14    0 -25.896693896 -15.106404773  -0.345902E-03  -0.584789E-04
   14  -24    0  15.106404773 -25.896693896  -0.345902E-03  -0.584789E-04
  -14   24    0 -15.106404773  25.896693896  -0.345902E-03  -0.584789E-04
  -24   14    0 -25.896693896  15.106404773  -0.345902E-03  -0.584789E-04
   14   24    0  15.106404773  25.896693896  -0.345902E-03  -0.584789E-04
  -14  -24    0 -15.106404773 -25.896693896  -0.345902E-03  -0.584789E-04
   24  -14    0  25.896693896 -15.106404773  -0.345902E-03  -0.584789E-04
  -26   10    0 -28.054751721  10.790289123   0.341660E-03   0.557557E-04
   26   10    0  28.054751721  10.790289123   0.341660E-03   0.557557E-04
   10  -26    0  10.790289123 -28.054751721   0.341660E-03   0.557557E-04
  -10   26    0 -10.790289123  28.054751721   0.341660E-03   0.557557E-04
   10   26    0  10.790289123  28.054751721   0.341660E-03   0.557557E-04
   26  -10    0  28.054751721 -10.790289123   0.341660E-03   0.557557E-04
  -26  -10    0 -28.054751721 -10.790289123   0.341660E-03   0.557557E-04
  -10  -26    0 -10.790289123 -28.054751721   0.341660E-03   0.557557E-04
    0  -28    0   0.000000000 -30.212809546   0.332789E-03   0.532474E-04
    0   28    0  -0.000000000  30.212809546   0.332789E-03   0.532474E-04
  -28    0    0 -30.212809546   0.000000000   0.332789E-03   0.532474E-04
   28    0    0  30.212809546  -0.000000000   0.332789E-03   0.532474E-04
  -28    2    0 -30.212809546   2.158057825  -0.328210E-03  -0.533066E-04
   -2   28    0  -2.158057825  30.212809546  -0.328210E-03  -0.533066E-04
   28   -2    0  30.212809546  -2.158057825  -0.328210E-03  -0.533066E-04
  -28   -2    0 -30.212809546  -2.158057825  -0.328210E-03  -0.533066E-04
   28    2    0  30.212809546   2.158057825  -0.328210E-03  -0.533066E-04
   -2  -28    0  -2.158057825 -30.212809546  -0.328210E-03  -0.533066E-04
    2   28    0   2.158057825  30.212809546  -0.328210E-03  -0.533066E-04
    2  -28    0   2.158057825 -30.212809546  -0.328210E-03  -0.533066E-04
    4  -28    0   4.316115649 -30.212809546   0.315825E-03   0.484551E-04
   28   -4    0  30.212809546  -4.316115649   0.315825E-03   0.484551E-04
   28    4    0  30.212809546   4.316115649   0.315825E-03   0.484551E-04
  -28    4    0 -30.212809546   4.316115649   0.315825E-03   0.484551E-04
   -4   28    0  -4.316115649  30.212809546   0.315825E-03   0.484551E-04
  -28   -4    0 -30.212809546  -4.316115649   0.315825E-03   0.484551E-04
    4   28    0   4.316115649  30.212809546   0.315825E-03   0.484551E-04
   -4  -28    0  -4.316115649 -30.212809546   0.315825E-03   0.484551E-04
   20  -20    0  21.580578247 -21.580578247   0.315825E-03   0.484551E-04
  -20  -20    0 -21.580578247 -21.580578247   0.315825E-03   0.484551E-04
  -20   20    0 -21.580578247  21.580578247   0.315825E-03   0.484551E-04
   20   20    0  21.580578247  21.580578247   0.315825E-03   0.484551E-04
  -22   18    0 -23.738636072  19.422520422   0.307714E-03   0.461669E-04
  -18   22    0 -19.422520422  23.738636072   0.307714E-03   0.461669E-04
   22  -18    0  23.738636072 -19.422520422   0.307714E-03   0.461669E-04
  -18  -22    0 -19.422520422 -23.738636072   0.307714E-03   0.461669E-04
   18  -22    0  19.422520422 -23.738636072   0.307714E-03   0.461669E-04
  -22  -18    0 -23.738636072 -19.422520422   0.307714E-03   0.461669E-04
   18   22    0  19.422520422  23.738636072   0.307714E-03   0.461669E-04
   22   18    0  23.738636072  19.422520422   0.307714E-03   0.461669E-04
   -6   28    0  -6.474173474  30.212809546  -0.295826E-03  -0.438865E-04
  -28   -6    0 -30.212809546  -6.474173474  -0.295826E-03  -0.438865E-04
   -6  -28    0  -6.474173474 -30.212809546  -0.295826E-03  -0.438865E-04
  -28    6    0 -30.212809546   6.474173474  -0.295826E-03  -0.438865E-04
   28   -6    0  30.212809546  -6.474173474  -0.295826E-03  -0.438865E-04
    6   28    0   6.474173474  30.212809546  -0.295826E-03  -0.438865E-04
   28    6    0  30.212809546   6.474173474  -0.295826E-03  -0.438865E-04
    6  -28    0   6.474173474 -30.212809546  -0.295826E-03  -0.438865E-04
   26  -12    0  28.054751721 -12.948346948  -0.295826E-03  -0.438865E-04
  -26  -12    0 -28.054751721 -12.948346948  -0.295826E-03  -0.438865E-04
   12   26    0  12.948346948  28.054751721  -0.295826E-03  -0.438865E-04
  -26   12    0 -28.054751721  12.948346948  -0.295826E-03  -0.438865E-04
   12  -26    0  12.948346948 -28.054751721  -0.295826E-03  -0.438865E-04
  -12  -26    0 -12.948346948 -28.054751721  -0.295826E-03  -0.438865E-04
  -12   26    0 -12.948346948  28.054751721  -0.295826E-03  -0.438865E-04
   26   12    0  28.054751721  12.948346948  -0.295826E-03  -0.438865E-04
  -16  -24    0 -17.264462597 -25.896693896   0.284769E-03   0.397096E-04
   24  -16    0  25.896693896 -17.264462597   0.284769E-03   0.397096E-04
   16  -24    0  17.264462597 -25.896693896   0.284769E-03   0.397096E-04
   16   24    0  17.264462597  25.896693896   0.284769E-03   0.397096E-04
  -16   24    0 -17.264462597  25.896693896   0.284769E-03   0.397096E-04
   24   16    0  25.896693896  17.264462597   0.284769E-03   0.397096E-04
  -24   16    0 -25.896693896  17.264462597   0.284769E-03   0.397096E-04
  -24  -16    0 -25.896693896 -17.264462597   0.284769E-03   0.397096E-04
  -28   -8    0 -30.212809546  -8.632231299   0.270550E-03   0.357251E-04
  -28    8    0 -30.212809546   8.632231299   0.270550E-03   0.357251E-04
    8  -28    0   8.632231299 -30.212809546   0.270550E-03   0.357251E-04
   -8   28    0  -8.632231299  30.212809546   0.270550E-03   0.357251E-04
   28   -8    0  30.212809546  -8.632231299   0.270550E-03   0.357251E-04
   28    8    0  30.212809546   8.632231299   0.270550E-03   0.357251E-04
    8   28    0   8.632231299  30.212809546   0.270550E-03   0.357251E-04
   -8  -28    0  -8.632231299 -30.212809546   0.270550E-03   0.357251E-04
  -14   26    0 -15.106404773  28.054751721   0.250699E-03   0.301935E-04
  -14  -26    0 -15.106404773 -28.054751721   0.250699E-03   0.301935E-04
  -26   14    0 -28.054751721  15.106404773   0.250699E-03   0.301935E-04
   14   26    0  15.106404773  28.054751721   0.250699E-03   0.301935E-04
   14  -26    0  15.106404773 -28.054751721   0.250699E-03   0.301935E-04
  -26  -14    0 -28.054751721 -15.106404773   0.250699E-03   0.301935E-04
   26   14    0  28.054751721  15.106404773   0.250699E-03   0.301935E-04
   26  -14    0  28.054751721 -15.106404773   0.250699E-03   0.301935E-04
  -28   10    0 -30.212809546  10.790289123  -0.241318E-03  -0.282636E-04
  -10  -28    0 -10.790289123 -30.212809546  -0.241318E-03  -0.282636E-04
   28  -10    0  30.212809546 -10.790289123  -0.241318E-03  -0.282636E-04
  -28  -10    0 -30.212809546 -10.790289123  -0.241318E-03  -0.282636E-04
   28   10    0  30.212809546  10.790289123  -0.241318E-03  -0.282636E-04
   10   28    0  10.790289123  30.212809546  -0.241318E-03  -0.282636E-04
  -10   28    0 -10.790289123  30.212809546  -0.241318E-03  -0.282636E-04
   10  -28    0  10.790289123 -30.212809546  -0.241318E-03  -0.282636E-04
  -22   20    0 -23.738636072  21.580578247  -0.241318E-03  -0.282636E-04
   20  -22    0  21.580578247 -23.738636072  -0.241318E-03  -0.282636E-04
   22  -20    0  23.738636072 -21.580578247  -0.241318E-03  -0.282636E-04
  -20   22    0 -21.580578247  23.738636072  -0.241318E-03  -0.282636E-04
  -20  -22    0 -21.580578247 -23.738636072  -0.241318E-03  -0.282636E-04
   20   22    0  21.580578247  23.738636072  -0.241318E-03  -0.282636E-04
   22   20    0  23.738636072  21.580578247  -0.241318E-03  -0.282636E-04
  -22  -20    0 -23.738636072 -21.580578247  -0.241318E-03  -0.282636E-04
   24  -18    0  25.896693896 -19.422520422  -0.229519E-03  -0.249407E-04
  -18  -24    0 -19.422520422 -25.896693896  -0.229519E-03  -0.249407E-04
  -24  -18    0 -25.896693896 -19.422520422  -0.229519E-03  -0.249407E-04
   24   18    0  25.896693896  19.422520422  -0.229519E-03  -0.249407E-04
  -18   24    0 -19.422520422  25.896693896  -0.229519E-03  -0.249407E-04
   18   24    0  19.422520422  25.896693896  -0.229519E-03  -0.249407E-04
  -24   18    0 -25.896693896  19.422520422  -0.229519E-03  -0.249407E-04
   18  -24    0  19.422520422 -25.896693896  -0.229519E-03  -0.249407E-04
   28  -12    0  30.212809546 -12.948346948   0.210434E-03   0.191427E-04
  -28  -12    0 -30.212809546 -12.948346948   0.210434E-03   0.191427E-04
  -12   28    0 -12.948346948  30.212809546   0.210434E-03   0.191427E-04
   12  -28    0  12.948346948 -30.212809546   0.210434E-03   0.191427E-04
  -28   12    0 -30.212809546  12.948346948   0.210434E-03   0.191427E-04
   28   12    0  30.212809546  12.948346948   0.210434E-03   0.191427E-04
  -12  -28    0 -12.948346948 -30.212809546   0.210434E-03   0.191427E-04
   12   28    0  12.948346948  30.212809546   0.210434E-03   0.191427E-04
  -16  -26    0 -17.264462597 -28.054751721  -0.207806E-03  -0.189032E-04
  -26  -16    0 -28.054751721 -17.264462597  -0.207806E-03  -0.189032E-04
   26   16    0  28.054751721  17.264462597  -0.207806E-03  -0.189032E-04
   16  -26    0  17.264462597 -28.054751721  -0.207806E-03  -0.189032E-04
   26  -16    0  28.054751721 -17.264462597  -0.207806E-03  -0.189032E-04
  -16   26    0 -17.264462597  28.054751721  -0.207806E-03  -0.189032E-04
   16   26    0  17.264462597  28.054751721  -0.207806E-03  -0.189032E-04
  -26   16    0 -28.054751721  17.264462597  -0.207806E-03  -0.189032E-04
   22  -22    0  23.738636072 -23.738636072   0.186094E-03   0.126312E-04
  -22  -22    0 -23.738636072 -23.738636072   0.186094E-03   0.126312E-04
   22   22    0  23.738636072  23.738636072   0.186094E-03   0.126312E-04
  -22   22    0 -23.738636072  23.738636072   0.186094E-03   0.126312E-04
  -20   24    0 -21.580578247  25.896693896   0.181610E-03   0.114510E-04
  -24   20    0 -25.896693896  21.580578247   0.181610E-03   0.114510E-04
  -24  -20    0 -25.896693896 -21.580578247   0.181610E-03   0.114510E-04
   24   20    0  25.896693896  21.580578247   0.181610E-03   0.114510E-04
  -20  -24    0 -21.580578247 -25.896693896   0.181610E-03   0.114510E-04
   20   24    0  21.580578247  25.896693896   0.181610E-03   0.114510E-04
   20  -24    0  21.580578247 -25.896693896   0.181610E-03   0.114510E-04
   24  -20    0  25.896693896 -21.580578247   0.181610E-03   0.114510E-04
  -28  -14    0 -30.212809546 -15.106404773  -0.179390E-03  -0.112021E-04
   14   28    0  15.106404773  30.212809546  -0.179390E-03  -0.112021E-04
  -14   28    0 -15.106404773  30.212809546  -0.179390E-03  -0.112021E-04
   28   14    0  30.212809546  15.106404773  -0.179390E-03  -0.112021E-04
  -14  -28    0 -15.106404773 -30.212809546  -0.179390E-03  -0.112021E-04
  -28   14    0 -30.212809546  15.106404773  -0.179390E-03  -0.112021E-04
   28  -14    0  30.212809546 -15.106404773  -0.179390E-03  -0.112021E-04
   14  -28    0  15.106404773 -30.212809546  -0.179390E-03  -0.112021E-04
   18  -26    0  19.422520422 -28.054751721   0.168862E-03   0.813469E-05
  -26  -18    0 -28.054751721 -19.422520422   0.168862E-03   0.813469E-05
  -18   26    0 -19.422520422  28.054751721   0.168862E-03   0.813469E-05
   26   18    0  28.054751721  19.422520422   0.168862E-03   0.813469E-05
   26  -18    0  28.054751721 -19.422520422   0.168862E-03   0.813469E-05
  -26   18    0 -28.054751721  19.422520422   0.168862E-03   0.813469E-05
   18   26    0  19.422520422  28.054751721   0.168862E-03   0.813469E-05
  -18  -26    0 -19.422520422 -28.054751721   0.168862E-03   0.813469E-05
  -16   28    0 -17.264462597  30.212809546   0.149752E-03   0.329519E-05
  -28   16    0 -30.212809546  17.264462597   0.149752E-03   0.329519E-05
   28  -16    0  30.212809546 -17.264462597   0.149752E-03   0.329519E-05
  -16  -28    0 -17.264462597 -30.212809546   0.149752E-03   0.329519E-05
   28   16    0  30.212809546  17.264462597   0.149752E-03   0.329519E-05
  -28  -16    0 -30.212809546 -17.264462597   0.149752E-03   0.329519E-05
   16  -28    0  17.264462597 -30.212809546   0.149752E-03   0.329519E-05
   16   28    0  17.264462597  30.212809546   0.149752E-03   0.329519E-05
  -24   22    0 -25.896693896  23.738636072  -0.141090E-03  -0.135301E-05
   22   24    0  23.738636072  25.896693896  -0.141090E-03  -0.135301E-05
  -22  -24    0 -23.738636072 -25.896693896  -0.141090E-03  -0.135301E-05
   24  -22    0  25.896693896 -23.738636072  -0.141090E-03  -0.135301E-05
   22  -24    0  23.738636072 -25.896693896  -0.141090E-03  -0.135301E-05
  -22   24    0 -23.738636072  25.896693896  -0.141090E-03  -0.135301E-05
  -24  -22    0 -25.896693896 -23.738636072  -0.141090E-03  -0.135301E-05
   24   22    0  25.896693896  23.738636072  -0.141090E-03  -0.135301E-05
  -26   20    0 -28.054751721  21.580578247  -0.134563E-03   0.240756E-06
  -26  -20    0 -28.054751721 -21.580578247  -0.134563E-03   0.240756E-06
   26  -20    0  28.054751721 -21.580578247  -0.134563E-03   0.240756E-06
  -20   26    0 -21.580578247  28.054751721  -0.134563E-03   0.240756E-06
   20  -26    0  21.580578247 -28.054751721  -0.134563E-03   0.240756E-06
   20   26    0  21.580578247  28.054751721  -0.134563E-03   0.240756E-06
   26   20    0  28.054751721  21.580578247  -0.134563E-03   0.240756E-06
  -20  -26    0 -21.580578247 -28.054751721  -0.134563E-03   0.240756E-06
   28  -18    0  30.212809546 -19.422520422  -0.122478E-03   0.310654E-05
  -28   18    0 -30.212809546  19.422520422  -0.122478E-03   0.310654E-05
   18  -28    0  19.422520422 -30.212809546  -0.122478E-03   0.310654E-05
  -18   28    0 -19.422520422  30.212809546  -0.122478E-03   0.310654E-05
   28   18    0  30.212809546  19.422520422  -0.122478E-03   0.310654E-05
  -18  -28    0 -19.422520422 -30.212809546  -0.122478E-03   0.310654E-05
  -28  -18    0 -30.212809546 -19.422520422  -0.122478E-03   0.310654E-05
   18   28    0  19.422520422  30.212809546  -0.122478E-03   0.310654E-05
   24   24    0  25.896693896  25.896693896   0.107754E-03  -0.651652E-05
   24  -24    0  25.896693896 -25.896693896   0.107754E-03  -0.651652E-05
  -24  -24    0 -25.896693896 -25.896693896   0.107754E-03  -0.651652E-05
  -24   24    0 -25.896693896  25.896693896   0.107754E-03  -0.651652E-05
   22   26    0  23.738636072  28.054751721   0.105289E-03  -0.704305E-05
  -26  -22    0 -28.054751721 -23.738636072   0.105289E-03  -0.704305E-05
  -22  -26    0 -23.738636072 -28.054751721   0.105289E-03  -0.704305E-05
  -26   22    0 -28.054751721  23.738636072   0.105289E-03  -0.704305E-05
  -22   26    0 -23.738636072  28.054751721   0.105289E-03  -0.704305E-05
   22  -26    0  23.738636072 -28.054751721   0.105289E-03  -0.704305E-05
   26  -22    0  28.054751721 -23.738636072   0.105289E-03  -0.704305E-05
   26   22    0  28.054751721  23.738636072   0.105289E-03  -0.704305E-05
  -28   20    0 -30.212809546  21.580578247   0.982538E-04  -0.850561E-05
  -28  -20    0 -30.212809546 -21.580578247   0.982538E-04  -0.850561E-05
   20  -28    0  21.580578247 -30.212809546   0.982538E-04  -0.850561E-05
   28  -20    0  30.212809546 -21.580578247   0.982538E-04  -0.850561E-05
   28   20    0  30.212809546  21.580578247   0.982538E-04  -0.850561E-05
  -20  -28    0 -21.580578247 -30.212809546   0.982538E-04  -0.850561E-05
  -20   28    0 -21.580578247  30.212809546   0.982538E-04  -0.850561E-05
   20   28    0  21.580578247  30.212809546   0.982538E-04  -0.850561E-05
  -24  -26    0 -25.896693896 -28.054751721  -0.809384E-04   0.117538E-04
   24  -26    0  25.896693896 -28.054751721  -0.809384E-04   0.117538E-04
  -26   24    0 -28.054751721  25.896693896  -0.809384E-04   0.117538E-04
  -26  -24    0 -28.054751721 -25.896693896  -0.809384E-04   0.117538E-04
   26   24    0  28.054751721  25.896693896  -0.809384E-04   0.117538E-04
  -24   26    0 -25.896693896  28.054751721  -0.809384E-04   0.117538E-04
   24   26    0  25.896693896  28.054751721  -0.809384E-04   0.117538E-04
   26  -24    0  28.054751721 -25.896693896  -0.809384E-04   0.117538E-04
   22  -28    0  23.738636072 -30.212809546  -0.773623E-04   0.123749E-04
  -22   28    0 -23.738636072  30.212809546  -0.773623E-04   0.123749E-04
  -28  -22    0 -30.212809546 -23.738636072  -0.773623E-04   0.123749E-04
  -28   22    0 -30.212809546  23.738636072  -0.773623E-04   0.123749E-04
  -22  -28    0 -23.738636072 -30.212809546  -0.773623E-04   0.123749E-04
   28  -22    0  30.212809546 -23.738636072  -0.773623E-04   0.123749E-04
   22   28    0  23.738636072  30.212809546  -0.773623E-04   0.123749E-04
   28   22    0  30.212809546  23.738636072  -0.773623E-04   0.123749E-04
  -26   26    0 -28.054751721  28.054751721   0.611725E-04  -0.148387E-04
   26   26    0  28.054751721  28.054751721   0.611725E-04  -0.148387E-04
  -26  -26    0 -28.054751721 -28.054751721   0.611725E-04  -0.148387E-04
   26  -26    0  28.054751721 -28.054751721   0.611725E-04  -0.148387E-04
   28  -24    0  30.212809546 -25.896693896   0.598318E-04  -0.150069E-04
  -24  -28    0 -25.896693896 -30.212809546   0.598318E-04  -0.150069E-04
   28   24    0  30.212809546  25.896693896   0.598318E-04  -0.150069E-04
   24  -28    0  25.896693896 -30.212809546   0.598318E-04  -0.150069E-04
   24   28    0  25.896693896  30.212809546   0.598318E-04  -0.150069E-04
  -28  -24    0 -30.212809546 -25.896693896   0.598318E-04  -0.150069E-04
  -24   28    0 -25.896693896  30.212809546   0.598318E-04  -0.150069E-04
  -28   24    0 -30.212809546  25.896693896   0.598318E-04  -0.150069E-04
  -28  -26    0 -30.212809546 -28.054751721  -0.454782E-04   0.163806E-04
   28   26    0  30.212809546  28.054751721  -0.454782E-04   0.163806E-04
  -26  -28    0 -28.054751721 -30.212809546  -0.454782E-04   0.163806E-04
  -26   28    0 -28.054751721  30.212809546  -0.454782E-04   0.163806E-04
   28  -26    0  30.212809546 -28.054751721  -0.454782E-04   0.163806E-04
   26   28    0  28.054751721  30.212809546  -0.454782E-04   0.163806E-04
   26  -28    0  28.054751721 -30.212809546  -0.454782E-04   0.163806E-04
  -28   26    0 -30.212809546  28.054751721  -0.454782E-04   0.163806E-04
  -28   28    0 -30.212809546  30.212809546   0.339911E-04  -0.167556E-04
   28  -28    0  30.212809546 -30.212809546   0.339911E-04  -0.167556E-04
  -28  -28    0 -30.212809546 -30.212809546   0.339911E-04  -0.167556E-04
   28   28    0  30.212809546  30.212809546   0.339911E-04  -0.167556E-04
