291630
191469
193997
107481
33402
113349
168098
95788
238806
153896
22972
70082
254296
261221
160028
238889
159135
184342
34981
138937
149165
157782
257770
171544
173199
258633
186483
147658
291573
416275
245498
156003
155712
188157
261136
422433
34964
412258
155600
184444
238335
117661
21939
155731
132053
173732
194221
148785
150234
433183
253768
161905
155561
427784
426866
138561
162145
182194
85031
110314
257531
290260
239416
138089
91339
169699
181525
234595
123078
261496
193123
161503
238999
96498
117759
174642
33424
167893
291591
146922
167891
33400
120100
73677
48883
148754
281081
163146
145707
118390
173768
99935
428532
291631
156960
263022
32270
412376
252931
171120
191564
290811
433241
182768
137236
171731
247502
238876
109171
57782
423442
186495
248187
155649
8521
291284
184077
147380
113509
111105
117429
253422
253787
122296
38990
281759
134602
154986
189221
411804
182252
34152
189359
29674
70793
138819
160720
247640
419736
425122
47411
188491
416710
251825
416990
32604
192589
118710
47592
191576
166452
92392
125944
98501
186710
193891
160498
118729
125995
251855
187282
409833
133315
266647
416358
247022
252362
250836
180034
239361
136566
195159
149215
184340
116136
422795
97674
230362
42975
188643
262085
117812
180670
188488
95401
118402
230350
260521
122371
121166
195862
112455
70083
252537
97386
119336
48331
155719
157333
131836
171482
160092
98098
168427
253194
109389
55115
189968
431355
147221
186152
22970
191697
427596
194244
420475
190399
98188
192322
48339
131886
36358
183089
117200
31510
186806
259250
194390
420420
158863
7789
95319
238382
144830
132722
115719
119334
118277
155229
116234
154524
187287
45265
413825
34988
152250
117810
249426
172629
258547
251599
262665
413854
121145
138092
433456
291325
237410
168215
290287
195407
85064
37693
117791
188793
185179
250166
258218
96744
180665
126015
42103
171823
119384
182666
239052
117758
252276
421880
89943
262837
48334
280736
155668
259957
118125
154721
237947
44470
422396
120663
48347
159649
418861
429520
126263
112039
121754
253387
173889
92213
110080
93214
181228
185475
89939
135345
85030
418502
111097
151852
417101
153728
421645
260486
241410
137881
117533
258809
180029
380344
18747
252394
194383
70797
169564
136303
138808
235859
291143
144944
113924
412998
759459
416531
154914
7768
22465
418658
169601
155277
248353
235896
144980
137786
171678
257405
230227
125978
107082
190634
163877
429224
34754
90317
194648
193499
263104
420444
417703
190468
421903
247302
170908
162891
51289
36775
94393
183031
252088
127153
98494
194342
16195
148740
146770
145187
137220
164683
34137
167046
154940
133765
33313
188727
191574
97013
259805
168094
249810
5260
180988
133438
240128
172082
258712
154716
42101
27175
122294
230416
90713
258610
187516
126098
421287
90649
290872
45676
73678
138712
63896
92444
33422
136271
194736
118603
119330
164229
154250
164373
427684
180039
411862
128237
252997
125150
94780
37388
237141
159247
130633
259381
230409
182922
157317
164761
193177
172281
155779
185115
99915
416528
257441
431971
257830
172285
21932
146067
138696
161319
137893
96558
245032
421277
145866
252605
255459
421109
262060
109556
257220
181239
290378
136313
247407
117703
247950
415293
425659
180689
191284
431968
172160
126019
117880
195259
430571
172801
164957
113734
249807
11918
148498
187201
51391
138196
12639
95459
180533
430698
230548
29813
93588
151494
147822
263032
236353
143811
159443
255805
250626
261942
245021
428908
14708
145835
34155
112390
195845
125597
147080
193737
146124
127829
38873
417698
168361
173169
159646
184447
64077
113153
125369
159731
168422
262351
428097
109897
45268
171485
195854
133338
13019
239761
97777
249095
5563
257234
257469
98218
183789
281083
415596
245811
143869
35541
253363
84228
247391
96000
153741
98951
250837
5620
423267
257379
84239
189206
264503
411204
31802
184198
248660
118412
244305
148358
189922
253781
121049
164005
94520
126310
89948
117202
22457
103745
261718
180448
426858
167506
125743
115718
429181
99512
188411
119417
11795
97388
163462
239564
258619
97937
182618
419069
196176
153402
118404
161018
409596
419492
156106
128360
98965
90325
119378
409853
257636
155977
161425
417940
261953
183613
136570
111102
19766
55738
146123
157863
5967
180149
153351
163660
249310
38202
136225
166507
33185
413530
417694
254058
242099
182424
70218
157416
181154
195346
98782
188648
180737
186709
165771
173663
195271
192784
128361
418266
96958
194640
153245
190175
194381
93547
258376
180645
426554
130791
416989
191333
172300
8296
42999
411276
248179
183733
245141
5524
57768
184199
125747
106935
55739
145865
147500
173673
143359
5565
246731
415342
161397
173812
161576
194767
21928
186983
253066
238907
424889
125405
55699
120144
17713
189220
195851
115568
155864
243383
98890
238367
165774
144981
18807
43082
257768
63349
14788
122293
134213
157668
245029
95654
193623
161339
118057
98502
93476
156961
160434
186669
186562
259353
185501
36678
19622
259351
51396
172697
163389
170897
147675
128296
143768
29699
169042
122961
136574
70800
257945
166349
191655
139049
160505
45042
166924
189783
410999
11788
174150
45982
181682
262661
244162
430972
187219
107598
42764
290989
42364
105484
142007
413491
159246
91708
193353
187823
138389
419226
35610
163251
91875
121781
155720
251515
98892
424154
96233
119323
253321
11641
180838
164830
426097
126039
113302
186810
8668
191535
410814
187323
253772
193179
36915
290006
414365
195531
118278
230691
243862
414363
54223
259032
262670
248260
147724
242280
163799
291300
64080
117424
122632
416124
248805
17666
89935
85230
248015
260529
145956
257485
19757
190748
193931
38942
161427
172657
125969
70259
64070
91286
17630
230346
159659
45261
239231
248882
247582
162159
240404
161387
7846
189060
172077
253567
252087
168707
144677
156183
257256
236012
152261
96181
160876
411448
49147
235838
14553
5526
245747
93826
14790
430364
5598
38762
230132
180925
290978
119443
163282
94341
230188
124322
254293
136352
7829
32371
32315
166790
137850
258554
154790
195592
185710
191757
236333
163607
120571
51816
183034
48361
161855
243947
432380
156353
96195
236948
290118
143770
156500
134645
4663
259976
91168
411442
257730
29712
259206
126055
160173
195180
250801
32498
184169
413297
187428
189043
243382
181233
128180
152253
248261
152636
122298
19198
93475
248662
98402
185146
93819
259702
418413
186272
147231
92226
180679
76103
422044
183222
421484
247828
189900
51808
158216
290982
230264
424921
247398
109460
173329
93363
103758
22459
291590
180119
155907
260489
161422
115524
241385
291636
413129
159794
17347
432040
173189
186270
234586
237193
161019
182527
70258
167040
168855
244142
109012
160012
12634
35917
391174
24436
247639
44441
151890
193391
423147
55729
184085
193170
237926
118445
418689
183842
230277
247001
162397
417691
424717
120345
152880
187670
70660
189300
147427
699
194758
121056
131580
183614
192363
173048
133279
185181
415886
184978
96495
121323
4536
194138
192979
171242
180643
180676
391184
136395
173182
98475
162365
51806
259115
416916
245092
246357
429207
104669
152620
118238
168734
246043
434617
421563
142166
89726
58924
415567
247581
54707
193511
125404
38748
147444
154679
44429
125496
32276
431969
258109
135104
99608
37471
151780
160443
94924
258713
158228
230354
32496
38825
147421
415249
418993
54232
43115
192558
173183
133890
190830
190745
166655
169756
243387
190820
31467
257861
261494
133429
160704
172710
281498
417704
259969
253386
247190
127919
186768
258557
249828
137567
133965
156136
164636
258173
170295
117411
41743
124525
96527
70525
187486
431391
160697
181216
98460
421902
160151
252244
251504
70653
263031
163278
156423
258552
117618
432906
114309
119337
148402
190493
98284
164230
47590
136832
182970
152816
250723
96170
193561
433182
432209
261960
134081
91169
5616
247023
29892
160017
128195
138562
421193
96956
195196
239579
38758
146190
33182
261235
262427
29920
159157
92249
421548
184974
251318
238685
136386
432615
90510
230414
138774
36711
413731
130916
253695
47288
70900
154189
167705
95639
101764
186665
194774
261771
291102
426760
172162
169548
172097
143273
185244
139064
125742
32354
174138
420113
248550
37657
91821
154090
127510
252323
160024
118776
245370
260923
240568
243922
429192
8726
97907
260520
155215
262732
187995
96981
38760
47588
14822
164375
243500
162122
121223
136503
192887
111346
127751
230380
414354
248175
150394
115753
112172
107085
426731
262998
409837
237963
417043
132102
191140
142338
51621
159423
230311
182306
291192
148757
414244
19623
252465
164551
42983
196397
190536
184765
196182
241011
252228
422752
167177
426375
12809
128239
188161
163741
14684
248473
172522
157035
121690
119324
147727
161654
156331
29685
259765
162102
163424
181841
19688
128421
191324
91689
160967
173767
189044
113000
246741
122045
153250
8782
252247
96316
38227
95996
192278
257164
419070
291638
128080
247390
99627
240046
144667
261237
417471
91549
264138
181241
55664
159663
499448
261688
163976
257221
290120
180678
279575
430574
433336
260518
29811
11517
155228
134311
140988
248945
261704
19145
264759
118308
245541
243659
33443
8669
132836
173229
252563
418272
141710
281757
94873
419796
253364
6050
430604
186540
99187
246092
158764
185114
12972
230701
411238
4679
89933
246502
5261
153672
182935
124229
35822
424151
161396
147681
159166
415248
415957
430438
254261
134167
195158
135348
5525
248889
169559
7844
158196
160705
142223
245275
230348
244303
172735
257839
138813
417687
249229
126027
238374
36993
237967
131885
118414
90006
153072
57895
247724
248920
166111
70798
59197
42973
144476
244011
160162
94424
91468
290364
12010
230189
172378
113917
70214
132219
58521
8422
246970
9178
253266
29812
121950
161574
145220
431964
159793
126017
170670
416917
434439
188297
186052
267195
290038
190615
240748
165454
253549
760465
245326
249158
409551
37651
181234
427685
159105
19178
234585
162355
240245
51598
262261
155636
24965
56244
17710
183085
183091
131226
123490
243384
159658
238897
417046
251023
248097
189970
262990
243957
188369
247002
157140
190047
250114
131974
421820
91465
144664
148362
107251
240907
194765
429875
421823
185901
194738
190197
111839
230128
148905
412257
421826
12814
147204
418257
136240
164981
17661
417692
163419
160088
189532
151827
153411
433338
94314
33358
248132
180464
97479
172829
136239
186180
172015
238858
163388
255804
92921
244040
429190
169849
163148
421210
422476
97717
248553
424860
419753
230466
5338
237674
189199
165777
126192
230375
136223
154468
76692
421289
99457
13418
185619
420371
259789
195989
245937
247531
180841
185094
760467
149217
426316
419048
180637
6006
246409
36313
280553
44389
230609
187996
154145
131937
245360
258534
190000
248723
247538
5305
119366
426381
261134
4835
253099
159103
238220
132637
230636
147480
49498
248928
29908
140497
417038
236010
260721
183114
11917
290462
132214
99723
90397
122197
89947
194519
236625
261707
51814
14618
105976
33035
131829
180810
181840
237730
191134
116882
158247
416915
243409
188355
267202
281680
259004
180982
195152
248622
51403
182830
171191
194999
17489
159873
263033
248255
191569
155594
116391
64210
160034
257744
238306
195586
258567
101870
156593
47419
126118
281751
230580
253332
126037
73708
184201
245085
93490
131884
160007
237861
166232
245687
418267
141254
119326
184082
414356
187997
413498
119497
32275
171484
180169
35848
432215
156409
262092
36665
423136
59214
239151
415603
250182
41719
194756
155302
99964
429495
183296
241476
158998
195828
145362
8849
236052
160444
415566
170882
145284
47489
47593
260492
141775
95561
246096
180663
90447
189261
428541
166285
186898
192573
42971
96125
105989
260070
138194
138799
46851
134598
281500
260490
247866
163879
11081
119270
257727
172762
246401
260389
432198
418207
259186
12170
90607
165415
124999
171534
120020
117410
191530
245294
120971
267741
58917
189204
180646
99262
47445
252274
13888
230586
238562
124232
110020
184317
38965
34144
430928
252128
152886
126206
112536
291256
187338
247638
107084
262935
249812
427174
252360
13968
196179
185865
93771
246397
182314
259270
413497
115942
157784
258546
290281
8675
167318
424900
12476
430970
160160
257394
118388
90669
192807
137234
153719
189906
143988
107245
253377
258061
97072
422427
7839
51397
235858
257311
264139
180677
91763
182693
95478
291460
148489
64149
180839
236258
154517
418016
119383
36700
259341
290751
235387
411240
144680
193134
183033
173480
11801
164771
152462
243848
191111
180816
63897
159696
114314
230537
421482
38731
43858
247011
427115
51734
185403
230927
99290
48899
19316
195150
194406
252989
22969
157367
241006
290810
192816
136279
43117
426861
261568
185247
417684
182772
173392
169341
149280
116078
166230
155387
126214
257116
70345
260510
187822
96939
238373
421376
115720
45983
37661
167702
430751
29770
237142
161426
134495
147357
14668
188321
47591
194817
252242
290990
252008
192566
147938
416132
144946
432947
158765
253238
150240
14669
155602
37709
38857
253390
234596
37472
184754
127511
172517
172284
128244
118399
431388
12171
415226
149279
54574
38960
119368
432434
422858
180597
188836
249157
98025
166156
35022
77259
257630
155539
188310
86005
261606
121224
191512
182766
155056
248236
168796
151829
253267
236268
165453
150366
238894
150241
237112
149272
116080
262678
150233
12709
34898
192316
5253
195400
419611
251842
142336
426112
430576
434093
115731
187615
180640
420421
142436
429512
429310
126189
14746
34442
230662
417829
156616
37462
6040
171545
151705
125746
137132
99926
120565
246448
31429
54229
290845
425441
185192
237494
239128
160927
160452
248883
291635
423177
262082
137958
172631
183032
38764
250282
38123
252327
252324
261897
258631
192596
143985
92396
262659
195436
152213
94519
44443
158373
7391
31416
249988
238216
157144
90719
29894
290363
421821
416908
190480
159699
174644
37526
47543
261133
32274
125582
95916
419066
45277
434088
236083
261766
137967
182421
261417
21936
191848
261098
131604
185848
291146
163394
257395
186956
59930
260631
246522
96974
15918
143361
168467
146600
172056
55727
246402
186142
173327
143885
237889
145183
138576
380226
90171
195756
37483
180027
37492
250764
186871
246081
134511
51342
291108
261841
134256
138978
97472
4669
249720
230955
141881
160925
141700
135823
117786
117878
258564
192792
417501
429034
158219
180370
93348
18517
260397
239119
259346
146356
181219
262941
187263
253193
186541
36710
93987
163801
19194
290953
254297
391183
107504
252027
91077
37692
247295
11653
38214
251137
153718
135822
156065
182908
194755
194498
99621
157658
260505
164641
159164
5304
38826
155216
290280
155315
37653
93535
117622
97822
195978
181398
123153
180975
246100
253062
98976
237925
145181
165410
248555
420672
116405
431392
153398
152053
128193
92553
230592
411218
185052
230224
239060
196178
8847
139001
90665
291431
93626
431021
258519
136198
249635
181127
262766
253011
185399
166677
33477
164568
185112
243366
161656
252634
247838
37571
161647
258773
413528
190494
193031
417380
168857
118366
94779
258740
160661
117559
162606
417939
230245
193970
12474
236072
154915
422797
19831
123353
51301
259624
424583
94760
90703
280609
419798
157676
258895
191049
146375
145890
136498
241843
260865
154460
14554
172615
253009
194422
237281
237407
161537
115717
147820
115749
415051
267402
182647
190752
45923
183108
66716
230505
160289
101277
253102
252426
142246
124231
195848
165772
190347
190986
190829
190104
21933
193099
141580
172674
196180
89934
159020
429725
251024
185098
412777
29907
161854
260487
174190
51693
145256
257526
174408
7221
290755
380386
99720
252015
280737
137851
260133
237711
425123
7776
18512
257490
258057
64447
261683
238996
186478
159697
57739
249420
194506
239223
252962
159420
182198
249086
94390
5645
247839
97533
166136
430565
258529
238873
148701
194432
245358
160469
134961
196053
18224
191430
185284
131263
154942
257383
19353
91471
34948
247545
252132
118551
196528
259344
93398
189908
258273
152283
244041
154824
91261
250624
418738
121951
171473
421288
34059
191561
118506
8754
433121
192019
133436
192349
259238
76697
279579
115991
188125
115742
260686
147295
156125
55736
11254
147395
759639
259073
180943
422083
48698
99626
245716
230388
117180
192340
81950
259695
143973
145290
152251
261860
258274
98505
180653
187279
13424
104625
154146
254188
130075
33175
429876
151830
162400
291103
195397
248075
413086
144756
414343
238888
11798
160888
291029
99054
189807
249997
169810
161481
158210
180683
11655
257550
25981
147555
430971
434079
91518
137409
23494
119365
191122
180470
187498
415944
22988
194925
180948
59614
185198
193043
98947
22994
146140
127852
249093
145863
5670
138842
192364
261044
183615
428519
262655
426867
111094
173682
39007
158570
281499
12707
154391
139061
186050
150239
99353
193527
117192
418208
172372
259033
186276
8667
122302
190832
250276
164376
153872
145294
412493
45262
93825
173060
9934
145286
161359
90484
121991
163440
189902
139060
189120
188639
96193
246000
5306
174631
183465
432202
158841
90372
281758
128168
248797
159425
185136
173054
93587
239360
119362
246227
245174
192359
194761
236014
260474
160154
262973
166286
183920
166919
230593
119265
186481
132774
431916
258935
253947
14791
45044
131550
173703
403509
248627
135032
94422
249824
133764
182042
261711
424822
241390
180026
121966
185287
243615
291270
123598
236013
418967
237778
130643
152220
10623
188162
123488
194225
118723
171483
45770
248625
180987
259116
58933
144675
247392
173066
184983
162224
38738
183702
97970
151558
425440
184166
427957
127856
183330
158232
130101
188195
90647
119338
418176
431352
258503
290632
35601
37481
165422
237849
411462
248050
154465
180121
146122
162593
124246
63904
181207
230410
12092
192006
191510
172632
196334
156002
413698
37627
26112
238488
424863
258838
46126
154455
249069
37544
411062
49856
250284
33325
163197
25445
63938
118520
5562
156067
124721
291574
184980
120119
92215
238884
142745
157836
193121
115737
260984
247397
38754
252278
31670
107543
291287
93813
156490
37490
181227
158586
428177
64443
158231
170912
246824
159592
131487
30302
137618
157544
145347
36942
237143
35027
237862
416743
143458
422137
248167
181669
187283
185930
14610
186959
431357
174556
172704
130254
165061
417702
117203
246212
97436
253791
125741
26113
126052
417502
153747
290324
254044
192595
291126
193534
239227
266973
258939
161423
252623
143870
98963
98669
255825
248547
171115
122931
170198
193501
151638
152262
165179
154463
237854
138682
196117
259951
147397
419213
64219
48902
239712
259385
167639
42767
230012
246182
155827
126090
5585
123354
156985
146146
425725
119382
424343
181401
123348
260687
237379
172059
93261
152785
429726
76701
247667
261571
143769
237050
180642
418090
186171
48880
168101
137801
257173
263105
34084
164233
70537
117784
248740
173534
190385
85062
188366
119493
159169
184073
391088
94839
432680
187921
55442
261547
188293
429519
243929
116081
189042
143021
32278
262997
161428
241978
194972
134380
32565
184933
137858
94307
263091
90323
193401
430603
291080
413257
236439
190432
136301
279594
189772
260867
39032
134083
153897
189121
249085
189951
166791
153344
149216
247871
155230
253853
151695
154086
189017
190052
11635
253237
121972
115810
419805
415696
186305
237176
127982
99986
193473
425546
76691
172183
170293
258468
36743
131348
162576
33362
188363
144744
415950
195991
183769
85037
122035
759797
162362
180639
185373
136212
155929
159233
184976
45562
118007
8673
237087
17631
185273
95609
174196
127061
250600
167704
144082
93364
5552
250534
131528
250091
258905
92195
259249
11636
73679
189921
260242
133284
252427
150803
191614
237162
161258
186482
291602
32221
189383
32161
51685
403414
37488
110081
167031
251886
170776
96163
433238
423608
248894
147220
182528
119335
259352
258692
262672
182464
49859
160371
185096
5573
188372
118720
241841
181314
192208
34885
35916
107090
291632
5288
22454
290379
147662
250794
38733
98099
146064
11650
120559
257040
122000
248661
411280
142170
421644
196326
8753
258615
195241
154686
247867
143275
97714
262554
145311
171481
167503
134496
119538
163393
169037
230327
29893
259343
147067
127835
170668
258553
185907
187876
165036
94871
259956
11259
424920
427639
170907
97476
185410
192228
113508
234591
22455
158197
168358
184954
172680
422794
262664
162123
261574
9143
156341
174149
117550
146141
194419
156585
64415
32271
431580
144978
237139
45739
290908
168425
29772
245154
154073
195122
133281
290129
5567
431823
11806
189040
428699
257375
239627
262196
185113
174576
264711
420847
146103
414259
259006
430699
157780
111098
192782
291327
260927
259704
9438
157779
195249
192579
193533
182280
234587
180814
188365
247091
163885
159149
148751
33444
416714
142964
94963
246408
29689
418015
37500
137231
193164
250658
171592
56199
110022
126097
188100
145097
121150
238217
257884
191990
258515
193329
153528
131630
59581
119376
168654
112392
157417
428095
157886
181524
230347
147726
195239
117195
156186
238222
180840
54706
161653
253356
139052
147343
95830
254393
418013
190491
434437
191325
92034
19738
251602
38155
192035
190469
161432
132921
413496
60458
4849
416712
245353
97439
184266
409743
189205
250835
173823
136497
429407
32232
132339
267194
261401
118178
37506
181011
245640
894
259119
155295
241563
17637
191849
160015
429878
105982
55484
189930
413501
90200
147390
5530
97927
195759
132366
159160
230405
249021
117984
190833
130099
12706
5269
248549
14811
230560
236624
138817
243377
187650
59831
236088
190476
409994
10625
250640
171404
246527
98165
162729
417382
18580
22993
230428
230943
126308
168426
122844
133314
170464
165894
291314
31501
246575
259907
173201
188737
187413
250246
148688
429307
430616
243864
196114
19632
160035
245111
8750
413499
291458
121968
126081
290041
152218
160113
235711
162356
188405
141313
165421
245513
19204
17636
125153
420132
281497
183663
420370
191330
121753
165450
144679
122852
409856
170868
423772
90512
195758
34294
147598
238977
45052
64168
182769
167835
195070
413734
238340
760259
230945
8522
267197
418501
280190
184145
33034
422690
192796
170687
192339
16100
433077
258921
423636
230274
134882
261858
98286
411820
244198
195450
147825
151733
174171
134509
43081
63919
186598
247017
66935
172094
70092
412044
154687
145382
236006
12005
155621
185108
259071
22957
97676
11643
131079
418994
8678
172306
35915
260859
281501
92102
172382
253844
280547
419212
251135
173592
113106
428956
257713
85028
51587
109417
32700
165874
160038
243406
263093
185927
193532
185137
263094
155620
90518
251483
96173
419528
415606
172678
195398
193530
230464
250210
148051
148762
188789
260864
99511
230044
183111
172307
253566
243415
70911
188936
249110
152807
254284
121517
164455
154934
111347
6025
192008
134031
7220
169413
426373
417941
249850
186534
54810
194766
14789
146459
6639
166989
5529
194878
164226
426031
237146
411553
262094
51471
181691
246017
47273
250502
157138
196515
257398
173607
167669
39031
252372
27176
11090
160889
239782
180661
421818
190003
55741
155587
180578
193619
236296
186582
29691
174409
96746
240328
230217
156532
152479
249989
238906
159727
127951
238887
97337
45743
259392
161764
290984
230431
237819
170159
230976
417701
145301
267276
173095
55950
239240
236007
111084
246165
120079
240958
160022
126318
39033
280513
59761
33177
70347
96522
247546
253959
262098
411481
181743
9174
122041
237400
249832
257687
164831
290032
90448
174613
22990
130388
125151
759364
145305
230463
12820
19739
185397
17320
85036
98886
250724
59881
137782
99478
96174
425260
252166
165163
259201
884
246097
93985
45725
419612
183088
245870
247583
193193
249723
247642
146956
237111
107092
168887
151533
43120
93823
162403
261139
33686
155551
189793
429312
291562
149051
193902
128079
107098
125917
17789
431027
180687
158244
193863
8385
261710
137732
169461
188126
421988
257388
187070
14667
2994
412842
37125
260182
91900
134883
194515
152488
230130
128231
165409
154928
24358
131611
92212
191519
416922
96167
132422
34188
92214
193422
192991
192955
239184
414559
180028
94998
253478
195261
250840
262654
115721
107094
157470
165418
418745
181839
125337
96943
245090
136838
180681
411756
427184
168919
95297
254177
63870
38827
163147
184986
29771
180460
144652
237153
138848
93632
291222
183788
181686
174147
188364
166346
153054
119445
237751
90427
125149
266644
153226
70230
234593
252322
12051
112462
253918
9118
128064
73670
54681
168116
160096
98569
51461
182771
253029
251657
251590
49253
154453
188550
165776
172303
189530
230329
291433
254072
155562
161644
194257
70219
167576
238001
163733
117701
148422
63900
434419
195954
186566
260135
246498
258952
157677
245201
251077
247092
73680
417685
414360
155019
264533
185218
260527
54614
246729
426125
159875
257406
161353
91226
97941
258110
138129
192352
237946
230337
138193
188308
147290
147425
428540
118791
195406
70256
124233
139015
259348
55224
152264
425444
151903
238883
183870
172712
251658
188705
236260
174634
261012
97505
253784
260134
151826
174444
95036
185864
35609
19284
64208
230539
254060
252143
161573
174527
38750
93253
37512
253765
151706
155742
93983
171478
426096
32873
245867
85237
132491
238893
172078
249882
243916
122957
163459
250185
237887
196529
9175
32340
247872
192783
194159
98893
230352
137481
161027
163679
182426
7218
151448
168104
235988
237115
132577
163565
76685
9177
185135
244241
150824
431972
98948
420139
241337
136222
185106
190753
166048
260777
90487
185903
249049
260860
134168
250802
34984
32035
92986
412780
186595
115565
192229
230036
182923
149128
195256
260689
167581
117721
128227
146844
259076
194424
136568
169985
154228
187692
97779
90446
137421
5559
51737
245496
193165
253376
99267
432112
413391
155595
162228
424342
143291
425661
125799
291639
111082
171531
184987
253761
159292
165703
238875
427095
245732
433268
150237
94783
194260
183632
260051
160447
172676
230013
130015
189461
170911
191112
246214
249160
180462
99988
34900
236263
184446
37586
380383
169381
12813
91572
419227
261416
415498
155906
107081
45746
125259
5650
189045
427686
146597
172905
124239
253910
195269
95321
154466
145838
195417
291104
112381
253197
119333
109416
188359
262366
252627
237692
172098
416813
257161
160045
257766
48901
35078
150315
262081
259607
133132
14738
247580
32268
94961
433371
250541
92299
151534
237766
248574
155666
422884
35928
34166
123151
257178
152461
127838
195345
90702
184369
159421
171119
259824
195857
248559
34499
259799
146743
147910
194421
238338
193633
119264
186861
238213
145954
186496
429182
264522
183588
144135
194753
132220
122386
38961
246957
64211
93803
38203
193622
416910
91876
97403
120556
262446
159106
235806
419801
418014
194420
125345
119110
138987
422719
114310
147083
85066
163461
194389
158566
430133
171000
19134
138557
423252
262841
18839
155588
245606
416405
248545
76707
155585
185846
37581
262589
160150
249080
193508
143485
262680
426405
260688
245608
37531
250839
120107
126205
161318
166918
10697
153060
236267
14763
196111
13512
138698
195164
118808
427458
30963
411975
99996
187225
118015
183107
249320
426380
160648
32267
51910
103553
5119
37542
36667
290939
94901
257728
11617
421917
118582
245497
63894
247047
158218
92220
133133
258711
262195
248621
64213
426509
154384
238723
155540
432199
152211
250833
237147
120122
245557
246311
161702
148790
189114
147780
424861
144832
54777
96501
266259
70215
153725
144508
147527
111968
113923
248189
122292
118179
47538
430973
47617
237318
186250
138467
185116
257932
171491
259035
112006
93907
263084
99981
138391
165413
141223
167740
161856
42197
151844
172302
95806
192159
154060
19740
145645
191542
188472
122308
421488
413185
161734
125977
163881
193626
230175
191577
290457
190828
133374
96171
192909
154469
51733
167158
6319
146133
14671
251942
112040
416919
380482
264190
291633
185194
156577
148399
86019
237493
165408
237326
56231
170664
190497
99105
111083
196284
130387
162350
260926
48238
117551
250629
187221
126209
187925
94512
153726
238214
391131
148773
181665
237808
413697
114312
5610
155559
239445
291141
253936
242110
119219
186661
89936
5644
193175
290999
238305
170748
267196
120574
160448
148715
183697
159045
165932
191559
259666
149050
161772
257217
185541
189846
258370
90987
157674
22995
112293
264523
253487
41694
246217
39034
51446
159046
92913
170150
94997
145434
189923
134313
89945
180686
290327
252936
62634
107498
96061
131349
104645
156184
391089
119267
245138
11618
240749
174545
247544
119345
70254
52076
420480
760317
131579
241870
54596
51428
424496
237113
38160
411307
121103
253673
181021
151561
120146
258731
188835
261573
171029
418567
254636
51738
162226
421011
134523
42356
238772
251598
180926
414359
193178
418270
249228
141681
5619
143276
36679
290986
152214
181469
12007
191568
123355
184234
195976
194375
70539
21934
141499
169338
188729
192356
163671
245806
290944
51791
409614
189201
27177
64065
14678
253759
419211
113735
237965
426551
49093
147292
418726
118189
164140
234594
189347
146599
173187
47622
98878
172646
429178
90326
253790
189945
153466
167256
101867
33183
155276
35853
190434
186732
245793
93400
241849
35874
168749
258718
258258
161345
429967
191989
760466
156580
416988
118618
14787
426030
92770
167903
8383
119369
30303
162957
173731
425202
117785
155382
260027
230778
250820
185205
238551
237405
191846
134207
429416
5963
158567
43083
185193
8399
413127
411024
172666
92394
130021
136504
290121
252137
150344
70133
258112
51893
403298
151922
54214
760464
250252
230116
4680
163392
99923
92577
247029
168097
238904
158225
263097
290283
419806
187069
3056
25980
193484
121052
98796
291520
409647
247396
417676
95623
162354
415604
243498
184162
85035
94342
413207
181480
425066
258477
125907
143871
147259
98277
261533
173228
91839
94781
34376
92795
147296
163276
17727
118860
135205
182530
418096
186447
91692
147426
257862
290027
267273
245366
166196
192318
230255
134713
99458
124997
8623
37822
157560
99057
125399
93906
155281
97590
157750
19193
140987
192588
159851
51819
185693
416406
14670
33470
187927
184314
290981
134536
182529
149175
258909
237178
37482
194751
154756
262058
189890
249103
280301
22436
249823
46796
92196
257767
289986
85986
431970
164697
131075
5209
150809
257381
185471
192794
249076
134082
90324
171136
117894
5541
243414
167972
186539
247541
165899
162144
253264
172644
257408
230262
96957
185359
93687
172231
186730
426372
168860
32563
173535
93871
291285
22992
187730
262602
98496
192207
417384
150191
144656
427745
417453
99064
99443
262365
193172
94343
144406
259424
147739
185539
14752
230174
150458
237860
183750
261552
172661
51790
150238
249811
153501
195258
34389
247412
47488
158843
37654
91946
172093
236331
147725
157397
173331
127824
186731
413495
54235
89938
196420
194599
38829
710060
147498
230216
159189
154403
95403
190496
55319
422804
22819
54793
194466
55749
162196
118124
119380
116680
255853
154482
193621
172696
191408
423637
146769
121149
55731
250710
154775
140254
184589
239152
192317
148760
171590
59769
131346
230249
187342
188159
188296
260925
148320
132255
413105
172682
268018
168468
186989
138681
158211
11048
99721
423254
169434
90055
143771
126204
147396
167041
117530
153244
4817
21930
172371
99978
162658
70534
55663
101256
244025
195165
188959
417962
185240
98952
409849
408970
253773
291613
259743
99722
423582
162393
249072
120572
174079
144745
248885
190929
253764
169989
168998
62633
113108
121250
230782
152559
118623
172277
261864
22956
37474
73675
249423
184279
48785
107216
172012
8727
92793
183226
189210
169983
290040
105828
259001
190348
117814
11652
185122
13417
246966
132000
291106
41725
187275
257219
97438
181213
259166
132423
182663
241789
141316
409578
193408
420818
258550
230014
261623
416741
63918
417037
267198
144684
254046
167921
17193
113914
192630
120576
14666
153255
90728
185100
51735
259820
423854
148756
136565
164907
136069
259667
149088
125412
420183
47820
29902
427234
196256
237612
8537
281455
149263
149099
194741
181824
259165
133891
27141
84124
418735
139312
418545
166348
195151
163927
118813
290625
240929
238877
157315
121155
51710
230349
64079
432214
12816
238564
182920
143661
261057
173821
167738
188833
120560
190092
237694
153425
189942
257876
131848
115745
116235
186776
192957
255446
246740
291637
119444
428533
157051
96571
424862
138544
133283
247239
259772
426094
70196
151537
241123
245792
188469
180740
181680
423640
236276
90717
188099
156115
418271
128422
246234
258101
63893
37602
246313
420846
126156
116082
180577
95315
256319
253782
166990
115196
252085
8655
162366
32499
253568
157781
35020
180680
33469
33232
12819
21355
237277
156119
244204
250911
418744
137256
160866
14679
241012
160041
172719
39156
160023
99625
243657
189122
58913
119325
47490
138703
112124
93989
183770
165683
90506
192981
237585
54725
247522
260768
247585
112292
413298
190431
760018
258908
51586
172014
171118
239580
92197
429812
64167
253001
181748
70076
172660
263103
237202
98891
248893
191509
290630
90018
33694
182071
36696
239716
186179
130417
11633
188791
99563
241115
99062
253793
149171
189237
253760
188751
120021
47921
92548
246050
291353
171448
186456
97553
411801
159730
157313
185297
415064
422533
136935
36740
190328
192808
248177
153746
180675
46988
161561
45045
51419
159431
14794
181397
188444
173620
182773
169026
34411
162575
97613
112296
36697
188964
247393
237577
183703
250800
172301
156154
154396
33244
136351
158214
147355
247975
138176
187546
431022
187029
257933
182045
134875
49497
246887
12812
173591
22452
189531
180924
238988
421716
166795
29912
149134
184586
195047
139022
18511
267275
11634
193865
118735
47540
416924
173050
240007
91822
29475
185201
290003
46162
248169
161808
230781
174450
409993
27026
257222
191841
412778
189368
230315
174311
193228
236144
131343
238606
258843
38753
138392
90666
173822
412838
431382
19530
154935
188803
419210
162352
126066
261558
193531
181687
238892
117136
122038
158104
244206
158587
159652
17629
237361
885
48900
188292
193625
118318
169013
118280
245649
90618
49860
188996
416123
168858
94953
105141
70799
260507
14696
115516
186053
118871
161421
240476
137411
391173
181230
186599
180692
194092
249820
245010
291107
255579
189905
168114
412003
63903
162886
158157
182532
143700
93026
249082
262050
237259
97096
185097
260524
173826
22269
193560
33999
162222
144958
92397
184597
107006
165803
116222
89942
291264
186780
249354
244163
239281
184165
124236
237377
190743
253395
230377
119379
99963
159446
118495
151290
261685
122738
180647
418095
154525
237145
194977
290126
34825
259606
260779
165665
414361
11800
90437
32612
185245
153463
172669
249636
51497
139063
250619
114245
161999
259663
142220
257840
257470
194750
145038
47625
110083
59765
181220
126076
35856
138923
120973
142562
432113
428028
169232
133714
291111
70232
46828
117324
259349
32223
153386
37656
136226
257765
251847
187476
122798
4816
153210
191604
192597
151557
118875
186455
167607
195408
186170
115747
125997
17712
230412
94455
267200
164954
422573
433818
263521
248632
97087
254407
174298
118624
194975
252933
189924
167582
120023
148765
191019
66907
163944
291116
25067
191150
180742
133333
44434
5558
412841
115523
259167
184579
161853
413193
248548
167030
116657
11996
249097
149270
138363
183332
280622
290812
280390
98897
291114
8749
89944
195993
253696
419441
251068
121227
409615
70251
70087
95602
262501
158101
168423
141581
35914
161355
247192
157678
259806
98895
412042
147205
154373
409623
193745
33170
416709
36712
115736
142164
248663
172672
248560
245024
194462
181315
119416
38638
248562
425958
253767
180867
195048
417693
6074
428429
710030
261936
163387
46819
117425
253946
124119
180173
235839
250864
418688
427388
154142
421285
73682
165702
240164
126077
247050
713
142222
12807
55725
148753
247238
125402
252677
144945
167032
239118
258102
70813
97336
170035
241131
125408
254179
258565
191694
139056
135181
59770
425109
193091
426703
241386
230975
259709
5250
148698
189901
143972
97938
240102
171474
105728
147430
168117
142245
183634
163909
124887
194430
96295
160863
184168
124043
433235
193512
19993
237888
238872
429761
192351
134307
257504
239593
92910
262285
192501
195064
18544
23459
93743
142639
137977
14793
144134
142740
14761
95314
70521
130416
280551
120094
19947
126072
56138
167919
159768
157027
429033
259783
118222
264458
156308
152556
253869
107599
110309
244196
133344
182338
153727
121819
47786
51895
166226
432904
64150
260101
239558
243379
195995
166229
182036
193968
48266
291026
46989
93391
239224
151522
188736
92768
247389
117415
149132
59768
70913
173194
99110
124244
107503
48875
98214
10624
172017
117658
172282
51252
247875
137484
19678
189795
251940
17634
157651
159600
189239
98498
151948
415803
142248
147347
251034
155730
157407
259190
247527
291326
253195
417044
430695
172515
189912
241852
153125
193862
94392
236867
135718
99051
135827
260022
173450
239048
163306
187344
154722
14764
19759
259770
247543
152397
116677
184952
236264
128177
417680
255640
241241
249177
131936
291268
148778
257155
126212
237676
22936
409467
145360
21929
137568
759452
429314
126089
118190
184083
291634
98428
235897
426726
84425
84218
19634
126190
173819
158312
189349
258840
184696
192560
37626
84440
152210
291614
793
104312
173330
191328
113297
166794
148779
255641
260778
154936
151841
146132
149265
37690
172700
241392
291593
109553
267272
33171
93824
122739
7833
182933
171112
254451
261251
250841
189943
237001
48332
127981
250763
260776
418488
150463
185711
159312
196221
161758
246211
118535
169846
144746
147386
96235
419797
190927
409604
182040
147210
195046
191578
51344
194338
165455
194802
19282
247465
118859
247021
111104
5531
195268
194641
51264
42155
144651
147567
241154
181313
188795
236330
237411
118626
247411
263095
11265
138380
165168
11914
170584
416655
253843
182921
132584
251506
38875
137849
13990
185241
253949
419479
248262
247395
123156
260244
241481
166789
280322
127042
33404
260772
249300
253208
96001
160394
167714
96973
424184
104648
97068
145309
182694
181232
194642
246517
19899
186807
132424
251139
257635
36681
172539
21938
126086
49599
128293
38964
194775
133282
236262
186735
165063
189909
238745
164227
262367
33305
248790
90134
153724
96190
93727
188124
239711
248809
98949
94902
93961
98285
160014
424715
172305
126260
4661
240037
159150
33337
170146
156295
183820
189227
154759
264477
192793
192292
155303
185110
126084
187726
172706
147415
166137
184330
251941
138975
172640
192471
173792
195923
42718
262262
249088
128348
170628
157384
247505
153399
266272
14760
243412
138930
247019
245173
134498
259005
411239
134379
180651
245306
248794
253780
290882
23158
195266
192885
192581
70238
38981
243388
247641
55714
262460
172513
166873
167250
165839
156617
262848
174270
160031
51805
161648
161420
5539
188851
64142
189004
245186
412639
9172
115364
248150
262936
262191
117417
189794
150095
429501
257745
160161
251140
39198
118722
138131
247234
37582
230358
230363
169343
157052
164232
247241
168445
249075
126099
12510
36357
54917
118522
38963
17707
11640
116091
250400
130344
260494
257377
173195
151980
38201
146104
174189
183220
194385
5152
37823
47539
257146
18516
117885
422572
183823
167998
38859
117662
97940
171116
254024
25982
236004
186667
167159
5546
244302
136207
182919
32613
125898
123359
70936
183731
141882
136048
170568
253024
243497
98950
173328
280735
164624
171566
169982
147682
33323
153977
248623
169364
64145
156426
37624
153108
5213
163410
117525
416814
263035
11791
99624
187649
247235
411923
35926
59894
12958
10672
112038
181236
431966
38625
248115
183011
174554
195990
187923
169863
11045
157003
46314
93773
154461
248720
105140
172708
143968
116221
185368
262625
230432
167010
98977
416679
118617
263090
42734
190954
116649
249081
27605
194334
253319
419440
190747
5521
133312
163390
98474
14797
138705
126018
290043
171597
155335
237192
190045
188164
32605
145302
183562
160467
9513
290421
123856
174135
290748
182432
412045
127488
254166
183301
148033
430929
427232
97097
230631
25065
240188
253365
48784
430681
432611
146061
106938
262017
30304
38872
159870
92478
189888
230436
117549
259801
122198
131529
254212
415029
253766
191650
239282
118788
132254
37650
238916
49858
96191
187673
44284
164407
194980
180192
14564
153274
236070
99980
193859
163744
165416
250620
164231
194384
152035
240917
173831
94420
34129
36773
183106
258271
169757
155558
236332
416996
154480
155546
7396
414557
125406
110317
193371
416997
119083
137854
173010
239449
182001
258060
173325
5566
163281
172707
114246
195270
186525
156980
134029
140984
249090
403366
161346
261684
257315
107222
246355
131976
118554
70090
190825
391186
160445
33366
263099
8696
47537
91285
246410
188623
194160
171683
172304
281088
55481
416631
421130
240668
186564
125967
55476
280374
249818
250838
142495
147230
261857
141699
252996
156531
163415
35159
257380
237752
39066
171533
54664
37477
230053
35531
109551
260311
250795
154386
98506
118335
254071
247579
403512
183686
143928
187879
253373
119271
128410
430593
169934
159654
266645
70661
193432
412496
91690
32846
181654
192452
157339
409929
118509
118856
147659
184084
252130
167920
259906
194061
5321
24889
155908
418765
4796
5962
180690
412048
89941
151610
183600
281375
168443
95068
138699
191203
45051
423410
118368
127953
192472
124717
34773
131607
257931
172016
55872
180942
195914
19741
430566
98795
126101
91675
155993
260928
101871
290128
11916
194461
409716
427235
433627
153686
185238
264721
194757
188148
417739
51469
11802
250656
159154
59762
126078
11783
37570
107574
247520
46849
48242
230569
257874
97070
258556
99985
242200
55223
257384
153342
59696
159153
123596
130173
183086
246013
180966
163731
196330
186737
193818
189920
258990
152661
188790
153873
98880
142499
142743
59763
6028
174635
136045
188373
239830
263021
188407
191567
34120
11052
417697
169751
119244
230226
186526
55742
253101
257159
169877
195437
239220
237969
98288
117523
253320
38874
261566
116675
155647
290628
159874
171541
153421
90637
57060
434092
97435
24961
760463
195865
188706
121165
93886
234588
187066
417424
242111
252325
34148
391177
194224
186139
252326
97782
417040
116608
131606
182767
172635
254050
157907
237272
156135
157561
188442
258852
29588
423773
172036
94421
259383
159670
183464
157669
240594
195824
194749
230585
165411
92963
154941
155599
124614
253788
169842
421545
421066
230250
12959
245499
260522
236562
267199
118387
121195
141683
92536
159448
193194
192033
64215
250910
260606
51666
172309
172698
9145
43036
428060
192571
426340
151828
196236
418862
95128
192946
171498
246255
412375
35025
257332
36354
70901
257867
257527
426759
133345
189123
236011
247026
136394
91691
51470
39065
18876
70902
111474
133399
248973
259787
95900
159602
237191
195263
9936
262656
156309
36680
411976
152347
193853
168106
181742
168113
247012
33401
423519
155394
173976
243413
46978
255578
165873
421271
291258
182558
145297
29905
429734
169024
13510
425660
259002
98183
423653
29911
159396
412238
409959
164449
252965
125988
135824
419747
260493
158940
55734
183035
159733
148772
158372
422574
426168
258555
159291
166798
290127
415735
17667
182953
143987
253067
34150
32874
258478
254215
183881
258922
413809
93901
186251
123144
187731
249819
250834
156010
172514
193402
159263
99081
432114
159198
133288
132421
96944
426758
249991
117531
181212
161352
113301
98366
90651
250535
181226
156535
185612
145308
247193
36691
37475
259773
46285
34198
31760
260535
48560
237201
70081
59743
183231
191842
118370
14813
63923
32337
35905
57127
17709
42970
95316
195593
32497
85038
426404
165666
148472
189209
184072
244047
138595
193358
99623
171113
38716
425694
247016
419334
155874
99617
148697
253103
423444
262662
194650
11915
230506
91337
250907
46830
412840
259744
423441
113001
98797
126070
144670
431512
195167
249817
236865
189119
91081
428427
236864
111969
190435
153969
238881
134170
194764
160054
187852
290991
290029
425845
245031
154056
191570
151768
97905
7393
191652
260523
193124
126217
426730
237968
183087
96456
114313
157484
230043
245198
32745
96315
146456
38860
258516
94891
193174
195154
240669
130644
253394
239109
152252
107087
259665
167997
95914
172694
138693
257330
133347
165931
421273
173176
125410
136202
195532
157368
38959
149081
247014
130546
261721
148418
188158
98888
155370
190043
434089
254057
290746
188441
257386
8377
163797
195197
180649
195153
230462
230404
248185
132718
252391
253888
240155
248230
427579
245540
265024
115461
147490
250283
289994
118724
430247
191467
230589
193950
160037
169937
264191
194762
98504
90322
37509
38869
6072
118855
143810
194649
186864
156009
261686
4660
181214
291313
188322
257488
241562
181218
180172
183859
55662
141314
252361
426869
240015
114296
291459
429205
193171
123148
8405
421470
118602
237283
180036
419802
172703
161560
121970
417678
159408
150915
429309
165667
51496
265592
421819
173766
12848
425442
137293
93428
96561
192357
238976
116270
157610
236758
131827
97554
239725
29904
149241
181656
261565
24936
290124
162358
170666
261575
230190
5544
4659
190327
93630
54878
93986
258748
118307
171241
17803
258681
415224
187348
96059
194743
248891
258470
249066
236637
29587
259117
113874
32269
170322
143773
189903
143974
157672
188403
112391
189364
291575
260239
127068
5749
81242
147252
260517
195438
189350
193122
112005
95320
181754
122042
161646
155573
95378
146066
188800
21321
422343
193044
196419
183749
127980
12962
163849
160646
169862
98273
149083
51813
161351
244042
759691
173787
5970
164582
186952
126071
55743
156489
191845
125908
156984
258614
97936
419613
101868
172084
416912
193113
153900
91085
427107
262117
171543
192789
135071
192884
247721
98507
248796
257466
196494
173170
97776
142335
120091
188399
172642
35808
33297
151447
190540
125323
11841
117184
191557
262499
45267
51690
37493
236266
147424
174633
429311
106925
160647
118416
171593
183113
91704
167640
141885
46127
259023
190925
262426
93726
186777
421842
133372
97095
145312
54226
254068
248884
246218
155596
432206
188624
238902
51402
8626
418699
411063
137848
160042
151559
111840
267201
425779
260496
55229
181217
237576
155822
19975
182305
93814
257709
95956
32324
170946
261867
154385
166058
290007
37507
192886
11660
259320
244026
258656
124240
181732
44462
123489
132223
98989
168704
252791
125325
31438
107036
159163
234580
195237
150094
194768
420192
48701
5632
90721
12818
258450
421483
19636
193680
189124
180579
259745
107089
245061
182468
34132
19129
45248
258146
22472
152784
291576
93502
34822
63924
93899
290125
245717
190482
36943
409854
18578
196260
236067
97743
5560
161430
418690
154723
155279
236066
261859
251639
262660
96168
193176
192590
147387
421817
151693
261576
35843
145272
11638
97015
162187
25442
253998
31931
118237
14801
426374
149085
419209
164640
244567
189887
155111
109559
261034
187404
21356
166139
98499
54605
162225
174553
127828
196335
96574
416463
50225
252016
49598
162353
258775
155603
259768
192844
58914
249065
91082
37508
187585
428738
46110
252358
169078
183022
189919
186480
290131
118011
163439
11642
19743
241372
99489
415198
46105
136798
249071
262229
154891
166201
160865
96937
247244
423443
188102
258739
236257
147388
185102
182423
146121
118001
159770
196530
153688
186668
169231
417682
120561
184161
246964
290750
181683
119367
244279
196113
230583
238303
259408
417372
99710
165901
112498
160290
168469
161400
281750
258723
247873
230355
415294
51681
183331
191046
152258
98885
11659
191323
131549
414558
165452
138683
5576
188123
43116
194388
159289
427183
186734
91078
260565
118763
194423
127047
259775
248840
119446
90483
25066
417777
248975
247015
257528
261943
184973
90650
230244
240665
153420
12808
133343
132420
63917
249102
249821
189520
180858
759688
89841
174148
182554
167255
159238
253778
291149
136347
171587
157891
93256
192341
186535
141510
161398
259888
262624
157399
97939
126174
413500
99548
192554
188370
120585
110318
422618
190053
230780
95127
145250
117998
115567
245689
62705
169366
153461
423306
291563
262671
259340
411758
419799
181700
250842
186926
416914
433628
117876
184588
290886
409932
44380
124461
96062
759799
93973
55713
64212
149168
169988
195500
52077
163487
251027
76687
194379
247327
425581
172702
194594
126016
36714
187202
120082
105150
243405
153099
291266
159428
6030
172802
146062
173061
190103
193500
241790
165898
32828
188635
32564
260514
255854
98962
153905
18509
37820
93822
237575
159444
187729
112309
152254
182467
230460
247259
126073
291561
142766
121999
159651
239054
264712
45041
154147
132225
247331
186967
51785
36927
110082
239584
238196
156583
230254
266257
241850
158486
153242
5569
186767
238879
245868
97633
251939
241008
153968
257160
230747
230819
51425
156310
45665
290318
125260
133287
185931
291151
14807
421918
291136
172283
238865
196473
161570
46135
416885
157533
54222
150314
250115
174013
8838
195988
120275
37694
119320
113740
170784
192788
161146
91676
93448
138974
391185
187068
258476
192781
237258
193524
154459
38763
243863
263034
90019
181467
126216
182962
432250
183224
249816
58463
168145
145039
153404
136043
430979
138468
153744
38832
192210
98898
172690
190826
192988
413539
154981
261550
182076
181519
155576
112527
193897
267274
101866
155226
151696
193525
99456
262667
391189
29877
47541
11515
236387
148764
49874
411483
117416
186711
235940
99346
185933
114250
155606
98896
163277
107576
291252
31417
426729
38190
194163
262933
93725
253265
126304
19132
93856
251514
32212
156986
258738
90722
194404
252090
116290
417426
189899
253488
144130
119552
153225
257764
432121
243838
431389
254059
245688
417251
136353
415890
253785
186596
74587
99620
144672
183105
98162
48358
119377
149271
14784
163469
29746
144803
258466
98883
96318
433078
188047
153419
421217
89905
434091
14795
239397
119418
416174
159165
230779
8632
122264
186453
173341
153505
93815
93821
149166
191048
417700
45742
238005
423646
98140
138804
144678
391280
46310
259072
409655
166227
264460
145307
246358
190196
44472
411000
124241
35542
185141
433122
262091
249079
121055
427597
259763
250623
145285
90436
144674
247240
259141
109419
164633
99141
417499
147525
159647
143476
429189
162645
120555
101766
160021
246385
422341
158537
156529
99045
134309
257871
33962
171589
62626
171114
126091
155887
29683
182043
124245
84223
230415
145185
49847
173342
54704
181911
133316
145300
130353
11796
167584
192032
174544
251383
126193
55871
180168
11050
156775
5584
240711
131609
252932
151538
115805
94456
416913
169753
167668
51692
91253
230225
54182
153424
159286
145292
263096
172679
148421
164956
117620
138967
115521
415888
187637
247408
252089
5517
230552
195045
186273
31940
13326
14854
99129
125999
104615
126266
424888
117608
186581
184758
169610
262553
35952
153055
153742
145273
113228
91224
252013
252998
412495
421891
237114
261548
136495
290631
145119
418947
239222
194417
118442
153259
25057
166922
111101
169987
165700
281754
180660
166155
99806
251478
11637
187504
116003
38628
42360
16089
152460
144804
33687
35031
416998
180941
160435
260690
264192
142807
180187
165719
180164
35611
192226
247027
261560
39060
239299
122804
128228
29914
182328
14802
193509
247532
92538
260912
144599
34182
39036
46286
172691
186217
29668
261762
247328
183819
260771
85056
90648
411415
426868
117197
237175
187422
247236
248563
192355
247458
49124
117648
150807
187850
156578
46852
194735
51807
230635
253937
409537
155122
189931
184103
247499
125976
70887
193114
173820
185189
188827
55069
186659
119268
259159
153039
34980
246521
46853
174580
252043
160195
380356
181215
160999
249129
249050
238545
156994
163492
157880
125739
70231
91076
142742
51815
430556
36662
36744
241406
114258
261810
162648
189799
165778
157139
148768
291132
9103
123149
421286
248650
248000
94964
173788
243656
5543
230177
19966
145283
235803
180033
428098
114003
195418
186182
137173
137563
188880
257838
38824
101275
188323
431957
254294
153895
12169
168705
252212
136670
240166
143767
196327
421477
192631
280833
9150
42765
33388
119159
248571
172024
424636
93938
126221
98429
183841
430132
47822
230783
183636
164374
123155
11651
166134
155597
119143
124996
181523
262846
126068
246501
160061
120575
195130
167317
251716
137836
141709
94518
257163
147911
192209
186664
154939
259203
155464
37699
169025
249721
173752
260198
257156
409715
159187
194240
237962
183590
259710
243376
125146
193150
261846
240013
248929
181209
144319
419739
416868
191843
184086
416586
250621
163396
185474
260532
238304
253366
142167
163850
117423
161407
192294
55949
430564
257529
409710
237859
151548
432333
267277
238909
63902
433119
291112
6521
95072
182201
36970
230973
280946
258236
96103
262765
152456
190926
164366
153465
185139
248401
245659
195160
155393
230535
280370
115740
137853
190495
252083
11263
165704
159262
182531
433278
194520
173796
193529
5973
163759
111971
19756
70170
90320
11921
186809
253423
134647
187278
193510
146060
127713
240021
117193
134964
426167
156366
32234
31807
230411
759643
118004
148718
94995
196112
187800
257525
126049
29936
262174
55483
121228
246094
245121
185101
147428
166241
254301
90672
158105
253769
6065
187888
14778
187289
257048
193434
31927
181231
92547
192324
14792
42972
81716
230173
422549
246971
120558
420477
180656
252393
192858
188653
147066
180151
185473
196325
171546
125409
246404
230382
111247
191511
117619
123154
143360
194966
243958
189929
131332
421960
172650
246041
185472
239452
290179
422288
25457
157184
280996
144661
414358
194248
156576
423426
185589
184013
96162
248183
183732
144676
145289
422718
41782
184414
195262
429907
169340
143653
182433
431038
138818
5965
91080
156581
263121
259798
98953
157369
117522
261274
55226
95417
55485
413988
185476
239985
189847
411505
181749
130100
5550
91745
116515
162223
119321
152248
249941
97906
243410
434767
160281
184448
262419
122831
416746
290387
186145
420824
125991
95594
70620
186220
169456
113912
182422
174567
291160
160966
117649
164616
252084
160436
133134
247799
12627
237519
64066
94952
137968
196285
32611
391475
146033
152609
238864
412043
99298
136936
244743
127430
127154
140200
253912
156469
173503
194645
160036
188912
190044
258710
162007
126025
257486
159152
137733
194223
118597
237163
180157
257382
237713
248664
85236
8523
122663
257391
190329
121776
45046
258177
194815
117621
246213
121146
134601
134374
158213
193407
163775
98783
261564
135905
51389
262715
138215
55707
422796
250368
91254
240954
188707
111081
262621
252086
236724
64290
237961
144104
33363
160928
194311
164404
110041
161357
152663
151621
173191
248659
45571
123857
247093
252275
237693
195823
187280
172095
236008
110021
13774
122297
162959
247171
170155
380483
247951
29709
47293
125970
145387
156537
117194
147552
163913
184170
247949
184117
252935
23497
252950
251601
136854
134648
194052
191145
251347
421959
159615
252615
252697
258065
138558
93903
158195
90199
247723
246099
280849
260241
142801
184730
172653
153748
154692
133286
14957
186279
156990
52070
194974
95496
138685
25856
173858
29708
421931
262587
246101
433370
117717
96319
147291
163493
195264
235713
172013
196398
194378
137480
37473
148750
96192
239438
254213
160163
430927
29768
759458
8881
260340
120577
31409
5527
247635
5617
126213
11797
117532
29687
154458
181043
416715
262601
11789
189800
174573
246215
97088
194602
8418
98495
239432
412494
135030
104710
11792
260310
230762
257331
5746
172654
89844
145255
152798
137880
433625
260531
259622
117534
418601
63920
145083
235802
152207
134084
258475
131629
117582
241847
261019
195807
33467
245663
409852
191351
190478
37724
186592
261497
244046
710036
174536
33184
422654
187345
266688
51820
147485
239246
257934
427049
165705
29671
144786
157906
267270
154457
252633
252363
290994
424582
84230
161459
250798
38095
117887
194964
260004
261764
181912
141035
434514
189207
154479
163215
37652
193503
11784
32851
238004
261551
171540
195535
246965
153208
48787
280999
101655
12817
170291
115520
428512
137785
258632
191695
11799
759651
115722
126075
51817
40805
245655
33304
29477
134032
245195
195189
185233
421290
159151
185183
97056
419734
193995
4691
430976
253792
259735
157053
241362
237998
423736
122933
70659
260769
12475
261935
91287
161643
17804
93207
92387
248546
237199
418743
131078
195181
52122
159650
235712
85072
190689
181522
259771
162829
260361
259354
290367
76705
5549
265063
261495
238550
239053
3302
95563
111838
245000
257743
160703
262756
38772
241391
42361
98961
421628
188708
116120
258736
112461
117204
429179
145867
170675
42755
188546
262325
170867
131345
169725
91705
195243
36772
33468
95820
257829
245495
158584
189007
84194
412667
126305
123782
128294
259108
19667
136790
167641
259788
237110
147213
759800
125810
144673
149092
5251
32380
281753
98095
183768
173605
168424
29762
239717
192896
259912
162384
38958
112036
236065
148490
418746
167606
34841
91240
168362
162781
165062
11639
189917
422380
188798
266878
193132
181152
118733
138708
416601
47589
238112
126023
430466
90718
172714
259742
144838
117719
180658
127544
146134
237999
158212
244186
238218
25857
22991
14728
291105
164667
188446
70807
173109
194744
247526
230420
8378
157671
188837
238725
116077
257530
193682
196333
291470
181744
243951
117757
51909
190535
187614
162363
147393
166792
180842
153345
173814
93762
182898
169469
173057
249078
186593
422011
34836
152452
70089
187801
93489
31805
243946
11261
246503
118741
156124
111096
161343
109793
259260
185109
413983
413390
8384
131074
5537
142113
257872
186326
113922
158198
18749
162760
258597
432553
163441
180668
47486
290809
230465
162759
253775
185138
189967
34266
156153
193433
191558
237848
426382
120093
253786
172709
36774
149032
128295
193100
421478
241237
128347
89932
247268
194222
191132
172671
257313
246528
8621
171538
59753
45946
13511
126215
33324
173729
193133
45269
245362
230587
230253
96530
230419
183500
409848
182434
262500
11790
194785
425843
153716
230181
241844
189848
418185
187340
181699
107271
148761
110310
118858
238878
258951
122043
161669
152464
54868
145180
138812
97944
183112
419804
187851
244300
44474
189003
249825
237164
168442
125396
92390
246400
165169
126092
246968
32838
248551
180030
134646
163745
157418
189898
64068
161651
165449
155068
187013
138746
33364
169544
123150
246219
253318
39062
196222
93347
29767
48879
95697
133313
128052
409616
194345
184339
55726
186813
247869
252632
194189
417039
151732
36935
125407
144982
188878
170168
156381
186729
391346
137410
247524
195394
194981
92391
261567
189223
97778
36666
91130
418849
415884
173765
241365
194773
133285
260530
8851
96164
247242
118548
37625
95450
37489
185391
142198
173231
159158
136576
430926
63901
422587
291161
244299
99085
21790
116665
258230
249064
123330
416995
431390
97908
230316
250354
180747
193404
8625
118336
258517
146771
116083
120089
230384
165773
164169
48173
191651
291312
173064
130082
32834
48359
128230
432252
429966
36940
230341
22959
89907
51915
258936
195826
156096
418490
409872
171972
243385
51607
180641
97942
94874
33403
163940
230516
193668
160008
64209
169095
171237
141318
33229
193681
90319
117426
5519
96568
143967
248629
5324
195204
259860
230941
34002
258366
160887
186860
180927
149126
18843
191563
37291
70348
247528
148788
154062
171117
153871
125540
134372
164096
159655
37580
423113
239693
252009
113737
93747
170690
162146
250792
230417
186307
123110
47856
49832
290747
161157
195344
290727
54180
70794
51404
152345
427051
12143
33230
144507
112680
119263
422712
122932
258912
416987
45591
247010
163391
180134
432041
138195
418532
186605
122387
70168
261622
149278
5553
156015
134671
153722
135826
252538
290376
257905
418685
258596
159760
5204
64146
99982
149164
260488
5533
259075
253412
172701
111109
43095
120080
155030
159714
155741
253779
118616
54918
189008
92042
185370
759689
29673
119313
194065
156307
155123
247870
194431
190750
117886
237174
54855
194251
93393
116001
237930
180682
93690
424155
160011
187875
403510
118846
171030
136577
253271
258467
127494
152215
97437
419065
184985
159926
186454
291260
45264
166347
235989
250213
230340
17486
411795
157783
115219
247720
98360
91084
147232
59808
290958
160875
38852
170906
96945
184131
90894
189792
55033
125411
172689
131828
160016
99052
255576
90724
187887
99368
125745
169984
99061
191119
415714
121721
261577
180363
263101
261357
140989
253248
103771
173794
190769
428778
429497
193454
189918
55649
148767
243645
161399
239305
173857
432353
160112
280760
39059
261569
166287
188420
96969
239718
235800
180041
101869
117585
244150
252428
262679
415565
252514
143474
252695
166666
258853
290122
257399
247542
142438
185928
230101
259363
261043
254244
35821
160064
144788
141883
34086
92227
261687
188095
98935
158768
153348
91294
159732
127043
145868
33176
143278
37491
230413
195972
290117
186663
412508
90005
174378
240092
163279
150090
37662
193645
241387
154411
19512
166923
168799
14727
169619
249074
246972
7395
194618
417515
183453
261400
281674
160091
423425
194635
29901
166892
128016
264760
195123
415227
192348
172571
117702
159104
433517
169449
76706
258299
141315
257467
19131
236269
13667
182253
51812
187343
14798
290895
429879
130782
155586
29987
38962
425458
43118
92920
194737
432201
136671
142496
421131
243726
236003
194745
93112
194245
94546
51340
253776
135340
42964
101819
253916
423107
185372
48576
260801
164228
170581
421373
137102
196425
261964
64069
145252
22460
172656
127994
196332
173198
138724
149150
431555
253675
12144
172028
391133
230248
253565
153614
185867
181399
123109
411863
48362
187339
159156
13887
17619
115813
91784
193166
123147
290123
57988
193107
120024
255807
185209
237960
420031
234557
416963
138522
166153
239583
38755
118841
253783
191551
239055
162229
264710
35913
188797
249318
91703
180671
192160
4662
54227
5652
239728
95130
164759
168342
259608
194382
183115
239801
169023
190827
264720
261222
171586
54231
32374
158209
243660
160155
264486
173684
37604
24964
127512
154387
239359
42208
154088
417540
144943
230688
190490
138802
187071
97014
194482
30141
51809
190808
99984
51418
155116
113474
141919
260195
145264
235941
291311
31804
190058
134080
247410
190668
252219
239629
117418
259736
244194
241561
117580
94993
168383
142337
126222
174152
235801
154091
109464
154778
168888
168595
150802
155280
98984
151748
143881
37821
257165
230140
192013
159855
413184
37476
160645
188641
249100
95616
24268
37478
56170
183092
253485
417738
163770
165933
240247
425844
234592
136073
118538
116667
167995
55480
33168
409561
123459
125583
169558
187065
417516
248397
264461
172616
250278
416918
260243
98216
246447
95877
433337
422798
413492
113299
120010
35160
257264
252186
181511
181655
180863
247525
252619
145275
238607
190636
115741
280825
107086
165775
180669
153251
156016
157145
169454
98096
70217
12006
187680
251589
427042
93904
117384
186726
125608
90662
153740
195182
139055
248499
187922
426029
192990
148700
250653
245785
417905
5580
194243
189969
29918
252012
151694
156385
42738
246226
261862
95395
147738
29586
138548
99628
247827
38847
252999
243658
146505
83730
32298
97898
195166
391172
158106
237805
417454
235808
158223
126050
37660
248676
109465
186258
432203
183633
170329
90064
172637
189892
230102
195860
117811
122306
124786
246739
182952
185151
119269
58470
126344
38858
99604
159766
166832
25859
90318
29664
93255
157534
253919
160062
196238
238890
126208
159778
413339
257579
430602
155622
186660
137412
259786
92334
35872
51811
194969
146779
90132
165902
164377
260516
42128
32273
169876
124234
55730
291432
143277
174446
192176
257174
154937
156579
137477
230940
144461
136396
417324
423424
190724
35849
183116
253993
106936
17801
259708
31040
95999
156993
261945
163470
125744
160446
99300
91820
33478
55479
101872
137844
429306
191047
47821
93402
418736
159123
119329
119204
192321
260262
174188
415885
173352
170261
145253
21884
93844
146780
138925
165804
11803
417679
113337
430246
180946
245033
157871
17714
113167
145282
174464
91528
426383
253586
37514
195745
240199
144668
152795
19992
156962
99044
257218
95804
264699
160387
180684
249083
235841
95899
136575
432538
192034
171539
152455
410770
173184
429880
29910
251078
120972
418436
144825
421279
411859
192451
95559
173190
144587
235939
99043
258568
257392
64408
249002
247874
172665
253196
432208
193227
246183
248658
426169
260501
39022
113152
37579
251136
181235
25063
173200
119348
185246
241424
5538
133111
194064
230351
186477
419068
36925
122959
259436
98470
96169
182567
250357
48561
161323
188622
126080
36770
152767
291140
101696
159769
172090
173828
248049
160026
241393
250280
169535
246220
121263
167157
164445
237964
133375
259160
94759
51880
258771
170775
153721
144326
409928
291254
186960
188456
190744
259887
155598
248626
247797
248806
59907
11654
261689
55456
243643
248804
89294
185204
250908
256219
190492
185200
252211
171749
186051
169752
258910
173196
433267
249096
125147
95301
153808
258504
120346
240477
165980
190633
172630
173855
136242
90438
45587
45986
12811
170949
121226
418183
39192
80951
99455
423131
258103
434658
192591
236009
127979
194322
115221
238913
8821
260633
31019
248734
249809
290626
29672
249048
250212
189016
47508
196220
250832
248624
235990
64214
192004
251625
241114
149130
236627
189873
165053
433079
147824
146138
237809
109375
94088
186233
111732
168052
194772
141222
194386
413926
182465
52072
192787
161347
258709
137136
144648
258187
249829
112257
156014
171536
161401
93820
258115
99979
194976
134958
248149
137569
422264
162777
290894
252424
73717
149005
420935
413034
173059
417452
432256
432207
33188
11786
90297
194967
42766
117199
249003
422340
159188
425767
155224
146502
261682
413699
146063
95413
247018
37659
159693
163769
281746
98881
261223
157965
425682
183873
9173
158766
99913
189202
99547
188295
59764
172649
416711
418850
290985
249004
235900
147420
248735
29917
168102
290116
411860
57017
187802
416461
112037
26932
156017
125598
421950
99629
39016
149147
181657
7845
426407
151528
136067
235903
144853
291109
36636
421178
257489
142730
409936
194254
418686
247273
237319
422524
249947
418164
159161
246262
162351
280725
162143
248114
154251
96745
138700
111095
159155
152450
759798
147497
235857
156963
423939
159313
124243
126054
118536
380389
172718
95035
111385
113366
425726
96773
188357
418737
120937
246980
137103
122960
188799
125987
152219
185896
182035
195405
188792
162953
230699
32610
49604
131999
147293
237858
70349
245355
144913
142094
156357
196475
246042
248887
410992
37576
5577
236056
18514
245364
250486
422859
6049
424011
98473
167971
97589
141711
261218
153970
423919
419525
45703
195251
146105
421620
235186
266258
156584
180174
122832
125400
147356
98497
194186
128298
25858
245291
19998
144166
2997
17633
417953
138810
145344
433277
51694
161395
254472
172025
117189
247501
12095
147212
174338
35135
163545
48704
280793
173967
164758
194335
246958
165494
421291
238372
93491
48174
122937
48559
142741
41028
91803
29700
246193
252014
152263
173232
419631
90321
759449
260695
185849
93586
5556
64446
187613
119275
252134
138951
141293
98472
137619
157957
174322
18510
281456
117877
107215
161350
145291
291162
18513
257702
98894
247584
169545
253774
186597
248620
249911
759444
259762
290014
125916
173798
138726
5672
24959
174632
244521
172308
163269
429631
134214
172715
138847
32840
193355
144681
93818
46128
249342
238319
130645
181679
260341
99965
94454
254295
45747
94926
180277
118223
132520
188704
164370
138972
241940
251488
241842
145810
173532
148789
157679
190834
168255
184273
145298
259766
62817
433232
172326
124120
159287
193993
143872
252035
119082
94903
120101
49857
156774
247013
429208
115463
240202
166231
93558
249815
259764
146372
159424
172692
264729
163195
29666
172675
5961
192575
17632
149148
19742
258735
18413
9443
180745
185234
17802
154066
162929
258751
159583
51818
186884
181301
54234
133280
117756
118507
418457
167156
190181
164403
186306
91086
118850
245308
173230
411861
51596
64132
114028
182147
145310
238874
168859
134171
155469
29906
98219
260770
186713
159673
19820
257769
180746
112397
192989
415882
29900
257468
116352
253023
5333
247675
98026
263100
174295
163938
153967
118334
412159
134172
253952
426370
159395
245869
243823
93900
22938
132785
249831
126036
182079
85009
421278
172080
156333
144509
47587
255447
195486
186485
261570
64445
92973
163484
115751
164372
130415
162761
157185
416745
243799
151734
90723
127661
107083
257310
184076
94391
193486
144801
415602
240038
257866
420934
413224
413984
190400
193562
93500
193788
419527
182044
259168
252862
156008
260506
415050
90988
259242
259749
93260
245022
162577
95817
173188
94898
196399
182066
192577
244674
195191
112338
94504
38732
426371
412047
261706
49090
267271
243948
149033
111384
118721
239244
230213
5615
172663
423941
155067
431354
133348
113300
35850
253486
420476
417951
128053
144655
166642
156979
154058
158870
417690
241407
182425
421822
167141
118596
189893
103738
97551
151854
156992
144071
29903
131350
180667
260922
167999
188361
240012
157340
250657
111085
48622
125910
266726
236638
187273
409566
415605
11729
122300
126062
59212
258902
191465
196183
163677
122044
255849
8692
409480
125915
260511
59920
8752
290860
126306
237910
181696
155593
267962
253098
99630
35546
163485
259169
280419
167589
125326
427928
38749
241872
155575
98500
190054
112535
96108
139000
180541
245935
90425
33669
48348
380390
34328
189927
260921
166650
93258
247509
291113
155761
153333
157741
191131
162081
186728
191601
189075
194748
152260
152454
152348
183221
249140
141255
73674
244077
255577
95603
150097
117858
236032
230223
195267
160391
248628
96687
125336
415196
391425
157905
89940
36944
253236
5934
11656
237929
191329
146114
160187
32237
99533
121221
45947
172695
260528
431581
186781
152259
95528
260472
240920
230408
244048
192350
98911
194647
166114
37689
120109
155930
253777
152457
138553
150808
181521
192084
290119
11730
151556
158487
115744
94906
99186
185923
117723
121051
127960
158220
154933
257634
8297
158185
257797
417699
250867
164481
134381
159695
183043
192358
237116
191334
230581
245197
160388
420706
291110
428744
157670
34127
153229
98934
152038
31511
243542
146778
148758
162220
147084
162395
189041
63892
6003
99306
185195
186269
11555
245293
182188
163880
412294
8694
415028
237928
156406
186969
126293
119274
95398
45260
189208
10903
252425
97552
134370
241657
118857
122789
188802
173639
11645
184969
427560
180691
252421
99983
184975
120563
122291
164581
249169
162221
173197
759450
192409
164999
70169
290603
118016
253418
5252
416926
193867
259800
173818
95129
168257
33231
98097
432042
144585
262592
186209
163926
95608
90668
290624
143040
164006
145274
163395
32381
248237
187999
241409
166991
186479
150810
117663
33032
52137
257122
259018
156776
194518
237710
423423
117895
138727
247048
170148
14750
131849
162359
290993
190488
253911
152209
190061
258548
259283
193969
34992
413251
136227
126021
5554
8622
173672
8336
247394
99912
173730
133346
125595
188147
173353
15656
196474
154680
151467
429313
254003
93908
420481
190330
432569
37530
154087
148741
181698
238638
188621
262228
137413
160114
76704
148743
252075
119331
194405
188351
121530
118545
422653
413389
193406
182924
144225
186783
250659
145429
164639
161877
423255
259410
5748
158222
98503
165420
120660
195247
149274
193676
167993
93254
98798
235842
291283
144983
421552
419625
131826
55294
183617
96496
164997
267278
193410
260147
48878
96194
96569
117883
260504
259342
258691
260515
415027
243724
241853
230441
172092
109466
92300
32671
5618
139202
187224
47428
125981
34767
182566
99047
25058
411476
173856
254049
262840
235899
174609
11144
426338
195970
160753
169998
22983
35021
127044
291483
6317
5574
248608
93392
188094
184977
192155
132035
131605
127712
260866
95917
84231
45040
126317
409930
154347
153422
180652
434620
426871
260924
150198
156536
34001
97503
260100
196329
126051
49861
157016
119554
152594
126085
420224
419453
159712
64590
195435
51725
196531
190730
94959
409605
64151
43119
126210
261769
164431
13513
189125
160027
32338
165038
427233
48382
153467
19635
417412
36745
433217
92543
124998
42741
182402
238900
11599
257333
182191
159908
93401
415804
239290
148208
243386
262663
43008
172096
253378
118719
42266
160019
63916
259049
51736
258469
45745
64203
54233
413696
186973
14748
132222
38853
8700
245307
122037
96735
172648
237290
19827
8897
159264
29758
47776
429308
186975
235184
249722
291144
34777
118010
48333
194617
181745
8380
8819
5648
416443
250796
147188
35930
189014
185187
252698
64147
132221
418499
160390
192277
261709
239289
29681
415568
147373
280418
117787
290627
414357
98170
98739
29881
249827
29741
173533
167120
230108
146065
245185
419526
419208
429169
119327
248469
156982
150092
186896
183223
411925
159294
120110
147443
168053
141256
192315
14928
168501
12810
64075
6017
188303
120108
173068
146790
150367
253951
55728
54552
280417
246093
12850
259003
427050
166796
430630
152270
261708
194816
7394
241845
165417
91053
196116
96933
154320
187882
160442
188166
136071
253375
403513
193046
163675
257396
163862
238880
13425
261644
155386
167973
157777
245786
238605
434696
133135
96166
187285
290992
38856
421825
427047
252856
57740
237461
147496
164982
188368
113913
160660
154462
186527
134310
259700
427389
98023
27606
188307
95322
187928
380295
11731
230251
113298
117859
417518
431353
18515
115566
45266
245356
185542
134106
418687
163882
163772
154757
180688
193864
428745
143887
70531
236002
424887
254061
193624
12974
136677
155321
144475
238882
131358
189346
117753
21954
92301
118514
230252
173062
97992
415825
290285
245257
188367
236005
172677
70592
196471
132538
184167
239058
241010
93898
33221
91079
98599
191468
414602
172683
241425
14799
119344
118600
416204
143961
184315
429877
106924
94282
429472
249098
135187
238549
710062
138761
252937
131608
32193
96141
194763
248056
186862
118403
180672
85453
161578
161415
164583
95430
187924
119363
37541
189926
168143
252940
187621
119572
189797
38611
252359
252213
45740
153974
172511
239448
180673
124121
189348
94011
36771
241405
43084
181153
249881
153211
254018
422744
126079
254048
189907
138654
99987
430187
418659
189225
255842
241371
418693
34170
4658
230263
151546
184200
132732
110590
94899
420154
22451
166797
5602
54228
93383
234578
193868
180860
258904
193535
151853
244298
192015
123356
153743
253762
117884
258259
252126
31777
420509
116135
113004
117412
5535
90050
163271
136569
759649
163990
138591
172651
157054
181653
138513
187836
260700
173751
77890
423855
247332
239781
195825
112399
257385
188374
416157
97073
153874
237944
94457
111841
160115
127642
93628
182303
426865
91037
158217
418045
133724
152257
64216
186882
116671
247025
156012
119415
54599
148742
421479
180741
183811
55070
417047
122290
247170
163438
194162
14803
138831
147660
151639
187286
168258
181671
160392
63891
290130
230514
258808
132724
115733
247578
86501
243381
33365
237343
190178
180644
168343
7811
413109
90663
196237
151845
56233
133892
159729
138192
48957
184729
279580
154664
152655
248552
156991
185237
113358
409469
259767
145299
195193
90131
172209
168703
155740
130885
239050
166712
38216
254925
191562
163355
153511
181693
136041
194344
11511
261605
417049
164834
52085
261712
196286
260269
108780
98359
170913
237404
258842
172299
146596
192729
29710
153867
114010
137422
195757
162360
113369
93742
259750
115522
45054
145251
189961
8822
194752
70351
422547
92974
97921
45632
14776
93113
432205
169452
186169
194759
163280
112264
112534
98936
91783
190091
45734
245034
267203
164365
243791
163941
158221
32272
151842
263108
148755
190173
163984
252010
191556
11644
122734
291030
418130
184932
92612
17243
247020
260533
249419
142247
118332
194770
244149
153714
127855
90426
22456
248181
32266
433311
418265
230378
258062
32364
150093
189894
55737
193403
70346
193354
115750
33426
160159
248482
153228
186484
193746
117813
145377
252011
195821
143046
247519
19989
409630
243380
120145
51488
73683
55831
34799
245335
156574
158229
262847
254214
195485
161506
409530
155548
5974
173479
239721
246981
154252
250846
244027
249830
124370
136241
262045
195594
239061
110315
172664
195992
249910
187727
261559
260025
116660
118601
122934
144660
391187
158279
257487
243923
130794
118852
427140
248148
230121
431463
154526
250183
172377
155032
192275
122295
254181
194158
192956
162654
162165
164471
191326
138809
92501
14930
5547
253010
257493
37485
167039
250622
113920
126069
238886
181849
258024
422395
251567
261220
237543
193569
5578
159426
251826
149031
32230
168007
17635
51731
19127
247530
35938
113918
180655
170161
415487
147391
159645
160097
93882
173049
251564
171542
195273
97504
120083
258275
237927
189005
128242
4640
160126
256037
118775
115715
194403
194434
98467
241413
185401
32833
416321
256603
34775
158226
191565
93772
251600
90727
153347
161645
138976
167504
291139
415518
136811
170263
257378
239283
240198
161655
123791
161281
256222
144391
194418
427670
155601
759445
261861
188371
34761
169936
235756
84219
290377
421480
418766
188090
261719
26306
253909
230313
172081
121147
190101
431464
99758
185236
262095
433086
128320
160020
152563
166206
239059
6048
118598
252865
185477
248350
26296
128051
290042
91531
260519
33186
118537
264215
189111
170674
152212
133373
99631
237378
251025
110316
99291
246999
161559
239630
161001
180591
97071
120578
113003
123220
426550
260245
186278
162396
12708
90715
166157
380384
416909
159856
153527
31803
120553
167009
163774
391181
97943
94992
61080
127639
156384
34378
290629
258721
95687
416742
46136
117583
46850
163042
55478
174471
291028
156533
253763
94345
160709
70538
91170
427635
189911
247265
96137
414264
191151
433136
70079
192353
81437
11649
259774
262666
128409
230345
188753
163722
192475
134203
168708
133439
14785
418500
181237
191146
149084
185235
42719
124344
195760
261870
190813
41073
245030
413255
171278
98975
153070
247051
97514
128292
147823
191110
192109
236045
238954
184582
260150
230357
234590
116134
426863
93636
163883
230118
38837
113417
415195
37658
184313
433308
54597
190726
162401
240860
115746
19970
258551
280320
91785
251498
417456
196218
139004
5747
426859
194139
143966
95379
183017
93883
91706
237847
186500
415197
117669
161670
414342
99055
291262
172166
146598
247500
145713
142165
416911
159852
47650
33442
153972
235804
122935
121153
253771
189928
31411
237909
421209
131152
195987
153349
759423
184231
29618
413529
168653
185243
124572
243416
246931
173185
253950
121097
184312
253479
19720
138636
193173
193016
11787
19744
409735
123157
91278
416276
160090
250367
190742
126211
118728
112057
167115
431356
230379
155667
120025
423638
118806
257285
99185
165900
125899
11053
152216
180341
258064
193411
290988
133430
152217
192017
163732
259413
251138
150096
152451
419421
98027
70260
425842
194514
38861
163771
138780
239663
185196
432257
117407
168144
249068
180738
257877
252422
420193
91838
98022
159920
31794
255718
257389
189115
39061
97620
6060
90710
95997
180739
184232
19853
115220
7788
172089
243616
426761
239727
158215
190177
138805
415246
122936
97904
153223
249424
156306
189944
188398
5590
98985
185099
262078
259297
124235
18577
33695
248921
172643
138692
119008
160165
167948
251015
425125
147394
19229
173103
21931
186962
248278
230633
183704
98618
114311
239056
249091
96185
49597
165897
31806
409832
101191
140784
432978
5647
181238
168139
32836
122930
185185
262284
290896
249425
98960
10738
237200
191847
169754
121812
172079
195794
421179
420823
145293
164548
96172
166827
429397
35032
171108
290477
258598
112294
46841
149087
237128
169417
155443
64218
36682
433307
166653
186708
185591
759690
192365
192158
5646
235937
14709
163373
415563
189897
172639
266646
164586
180674
97077
93439
147065
230942
159691
45945
248046
70240
66931
281563
192183
96234
195534
172516
41690
193528
165728
169455
240339
194220
235805
261855
281082
142739
167952
159422
162752
171547
122384
132365
246225
118619
196181
236286
37585
280304
94960
416744
136077
428059
247033
195265
237495
414371
118470
119310
143886
159728
140985
160373
422849
173326
55475
153909
34895
168256
239664
432204
190474
190433
128532
64067
421246
420131
258741
64071
174197
118553
415247
432258
150464
261022
156408
51667
139297
183700
120478
11913
45561
193093
147228
250356
104657
117623
187094
99048
253517
121104
238903
99340
138971
194499
7941
425945
35532
186778
37603
409796
59926
134308
188360
158839
280768
37484
166651
380228
138390
97410
261643
260132
171109
151535
186252
85951
434090
136388
126100
113002
90384
245025
430697
249996
160415
156575
185239
110134
180040
51600
145359
119084
250277
246166
167906
153971
148766
240903
118842
410778
195355
235854
192154
152036
25895
158227
425857
90521
187555
32008
172685
38876
238804
19355
38862
428096
230112
165896
168142
252951
170227
145955
162731
174526
174151
120573
184981
118599
193363
155390
126316
46312
187783
413503
14675
172367
155637
167905
99056
99053
164955
147484
145190
248807
248048
124973
419800
94872
124890
238495
418455
161424
17339
246221
46331
5297
427181
171986
96111
54230
416925
191335
155858
192499
237857
92222
242112
126309
189222
252934
260920
154467
19999
257376
239051
155619
259074
193670
180743
21941
99459
33296
117548
188288
281735
249814
249105
144313
236046
171565
4682
125989
173204
19281
246487
138702
118595
144093
89977
152662
248733
182039
241658
260871
248219
426406
153246
42261
64144
91837
434621
51911
253389
153230
45555
153898
45622
99622
187479
195272
34797
121534
37698
19646
189212
250279
160194
418269
183020
120019
99073
241417
194051
194740
143413
193364
109468
258212
45043
254069
230591
239057
171585
117879
19356
155336
159698
230011
138973
187860
169728
172164
48898
422397
119332
154089
118849
236259
38966
421283
94344
194979
152396
426308
409465
89946
149183
112398
96954
161002
34140
182466
241389
259355
38156
153745
184075
180657
91901
98039
128182
163884
33354
111348
160945
230214
247237
186494
156185
252699
189131
153240
247000
190056
416260
110313
163755
91239
118650
161852
160657
280400
138191
162361
32231
19637
759462
426860
173531
33428
164580
168095
259070
253948
254302
29919
137051
126207
193620
189238
429404
157532
236866
194702
281412
152343
182431
117201
125965
148763
36748
281066
430977
189166
244249
187728
119170
419610
161876
186174
172076
111970
147229
124276
250625
8880
237148
63888
410838
247294
153720
180755
11658
121222
55660
14555
433221
172647
114038
192354
154416
250797
140986
431186
12009
260775
138718
258459
128240
230690
163442
195484
24927
257904
155388
121998
257309
280998
119243
174289
117198
237065
96521
136224
184034
160060
259211
55227
181206
163566
191332
117882
22971
240775
96936
164699
196118
98462
37463
32566
257875
167685
258549
194926
117196
126056
98884
172297
257397
248561
427197
411800
120003
188165
22955
422540
235898
186213
29665
260339
240006
34142
36719
42237
290987
254635
257407
5555
189965
192883
157050
119322
185119
415997
155323
92224
189891
190489
38855
98664
431617
195260
290622
426552
186227
97478
172365
139258
414364
54741
264478
195149
252270
143772
185248
157531
49830
427393
118627
193090
262134
155278
181842
250503
180744
153717
257042
106939
17800
138211
262596
416994
18581
249880
260649
76104
152208
433080
422691
138549
138130
415030
45263
247523
262658
161028
172633
180685
117191
142497
419228
140082
119361
262118
250863
124238
252700
258224
249813
189384
137847
47813
94900
76690
16088
55482
193789
95402
109467
93396
190057
164983
188983
253770
14683
180638
5488
128229
95052
97998
70535
194803
421824
252939
149149
118191
169565
418657
192360
189203
8620
97781
138401
412839
258720
160018
241408
182041
187222
70762
14556
48876
185203
243411
5528
257464
431008
181046
190002
169460
138689
51620
181433
291510
180086
118851
246967
19659
156983
8379
145189
257182
158769
161348
57271
253379
122199
144826
172662
120092
5270
190928
5588
36936
148786
126064
171732
258903
51487
149086
251561
126063
48756
147211
195977
150759
159630
34167
193526
261901
189500
260525
194161
154388
247267
70658
380227
230045
262348
257873
96976
261174
153243
64444
132425
193506
7392
415228
95876
432905
98616
249998
162039
159171
33356
121105
34154
5594
33355
64073
144794
123158
171537
419067
186671
169342
156978
99916
181125
117183
111100
258937
168706
159767
180035
8639
18587
418258
154249
169482
181736
418691
113890
172667
119266
145321
132013
173816
113354
192725
169419
419626
246098
194377
411022
187067
433384
168100
117432
51390
160039
260509
155447
99909
153224
173789
54595
99718
161000
259623
174015
166836
182951
36193
409865
29701
162266
21476
186736
190746
7940
867
33436
180949
262764
121225
415883
64217
415789
37461
184585
189889
42725
42083
47487
238898
25064
186712
37687
257158
162958
131825
38999
192791
255719
409539
120105
181229
409758
92393
431822
14777
163427
186779
97477
430978
167577
5649
234589
84229
122963
5982
409903
162647
185822
54179
237282
185274
257724
29915
147280
51426
263768
38982
247868
181515
196472
193861
155916
125267
149082
154689
189369
38851
173977
240107
120974
92216
148420
110040
120120
48231
422394
239221
157284
147821
173094
57780
105820
145082
16131
290005
149161
418177
191844
8820
141317
186651
152717
54224
251869
172645
194497
90711
29916
39023
183090
19144
230286
172276
247301
94378
257387
95296
93816
244108
138894
180008
36741
183730
194336
4639
135070
118736
252423
186863
185202
181510
162890
117725
262999
419454
433247
119364
416986
134522
120130
173791
247533
131347
123278
237406
193030
115716
159445
258690
258722
419529
118620
429405
14677
148699
430975
147507
184202
167892
258848
257041
155753
153056
145303
290983
246251
37697
257390
96497
261604
238046
258719
36695
181470
248808
154890
152936
120106
85070
180535
238905
145288
280398
194343
34131
95915
247049
254308
51427
125590
173588
258518
193109
249330
93382
185286
136354
132253
70350
148200
11087
153687
280997
433626
257044
144818
193994
161575
70621
160010
95234
186924
419839
250806
239049
415889
419162
51441
291545
194771
37543
135180
257214
122039
238896
46104
92211
261716
173186
239396
239826
128165
234597
59767
150445
258849
98954
169755
55740
190802
138133
150236
188794
241475
194814
127738
260136
156011
262788
189870
26316
149160
147389
98882
138935
93047
168115
189374
162937
230037
164996
160893
157351
242122
8677
415225
257393
98508
132728
257157
237150
190225
180458
235938
160032
70814
170290
190590
152887
145306
238000
187025
246500
14882
151587
163486
174337
251507
112007
138132
157675
251452
261720
427182
180162
416921
168141
185617
174574
246499
412776
258901
158230
173181
186666
291150
258175
172652
185393
55695
135072
235942
188093
170465
162727
230637
164810
107419
166654
188735
195192
258590
144831
95930
249822
414355
89840
423639
125401
170052
425545
160025
242037
153241
119339
238817
168099
170289
184972
156091
261621
263778
260240
121054
125324
106937
230179
193646
192323
193360
169415
70301
98431
163437
107097
249826
187288
259737
51810
128243
185140
90007
170623
159159
145822
259345
290004
138811
259751
99263
195157
191322
127993
433313
155550
125403
116079
95615
156230
116653
184329
161342
46103
260498
259947
192227
421274
188443
252949
186594
242113
122265
148770
156420
250275
246051
164765
252565
257465
33353
248272
134217
188423
171472
19848
416203
118550
248277
48170
183812
97069
159854
415707
253239
191350
251692
93116
48882
51343
172083
180664
259350
417045
180534
422652
145715
125397
190331
29880
5651
135001
167970
33165
165664
137784
31407
37546
181697
70536
246738
280549
97501
21937
94890
191653
251566
37510
181400
25860
35528
162101
240278
244010
126065
113921
96526
121974
409840
44412
89906
153077
118746
196110
183665
148717
252595
138480
163668
36694
237748
423660
154980
194616
240094
230218
259769
127968
191566
257175
412144
14762
96140
142846
145254
241404
188294
116407
238688
125368
429406
238805
174551
148496
184235
257746
710091
167267
48621
145222
162743
193356
166793
240531
250909
124901
260427
186275
113005
182976
416992
267403
