1000
100018
10009
100098
100099
1001
100102
100149
100174
100179
100202
100219
100258
100267
100268
100290
100309
10035
100401
100420
10046
100510
100517
10052
100522
100569
100570
100614
100615
100616
100617
100618
100619
100620
100621
100622
100728
100731
100787
100789
100823
100851
100852
100856
100857
100878
10112
10113
10122
10160
10172
10179
10180
10181
10197
102010
102032
102039
102045
102056
102072
102089
102148
102273
1023
102351
102352
102353
102354
102356
102358
102359
102381
102382
102383
10251
102513
10255
102606
102712
102758
10288
102918
102990
103090
103158
10335
103395
103434
103446
103620
10364
103708
103711
103737
103863
103910
103939
103975
104070
104100
104129
104196
10420
10438
104380
10439
104393
10440
10441
104616
104654
104715
104766
10480
104861
104862
104888
104898
104935
1050
1051
10510
105167
105170
105172
105173
105208
105374
105431
105432
105475
105510
105544
105545
105565
105756
105891
105922
105923
105936
106043
106238
106251
106322
106361
106380
106400
106482
106534
106556
106567
106646
106670
106701
106748
106781
106808
106950
106997
106998
107145
107215
107216
107394
107469
107528
107533
107538
107542
107543
107551
107574
107576
107598
107599
107605
107648
107649
107690
107708
107808
107845
107850
107946
108001
108048
108075
108093
108099
108193
108297
108392
108406
108419
108565
108615
108643
108763
108781
108783
108872
108873
108888
108905
108940
108966
109012
109107
109136
109138
109266
109271
109289
109323
109342
109346
109363
109376
109377
109389
109419
109460
109477
109545
109708
109709
109718
109719
109793
110020
110021
110022
110033
110040
110041
110042
110080
110081
110082
110083
110166
110244
110309
110312
110313
110314
110315
110317
110318
110390
110393
110394
110399
110730
110748
110750
11144
1125
1126
1127
119
120
121
12102
12173
1278
1286
130009
130010
130019
130021
1301
13019
1302
13020
13021
13022
13023
1303
130415
130416
130417
13326
1341
1360
1361
1362
1388
14000
140546
14082
14090
1412
14122
14123
1414
14162
14236
14279
14306
14316
14337
14354
14359
14374
14387
14388
14394
14395
14396
150090
150092
150093
150094
150095
150096
150097
150098
150099
150118
15012
150137
150138
150171
150184
150186
150198
150233
150234
150236
150237
150238
150239
150240
150241
150242
150314
150315
150344
150394
150395
150445
150446
150458
150463
150464
150470
150476
150645
150649
150655
150677
150775
150777
150813
150824
15084
150922
150973
150976
151197
15134
151371
151433
151444
151445
151467
151494
151495
151496
151497
151498
151499
151500
151501
151502
151503
151504
151505
151506
151507
151508
151509
151510
151511
151512
151513
151514
151515
151516
151517
151518
151519
151528
151544
151545
151559
151561
151587
151631
151632
15171
151748
151749
151768
151769
151770
151826
151841
151880
151948
151980
151981
152035
152036
152038
152128
152237
152245
152246
152247
152248
152249
152250
152251
152252
152253
152254
152255
152257
152258
152259
152260
152261
152262
152263
152264
152283
152346
152348
152396
152397
15242
152449
152450
152451
152452
152453
152454
152455
152456
152457
152458
152459
15246
152460
152461
152462
152465
152466
152563
152784
152786
152794
152795
152796
152797
152798
152877
1529
152987
1530
153056
153060
153070
153071
153072
153099
15310
153108
153125
153126
15313
153174
153208
153210
153211
153240
153241
153242
153243
153244
153245
153246
153250
153255
153259
153260
153340
15336
153386
153397
153398
153399
153400
153401
153402
153403
153404
153405
153419
153420
153421
153422
153423
153461
153462
153463
153464
153465
153466
153467
153500
153501
153510
153511
15368
153685
153686
153687
153688
153714
153715
153716
153717
153718
153719
153720
153721
153722
153723
153724
153725
153726
153727
153728
153729
153730
153731
153732
153733
153734
153735
153736
153737
153738
153739
153740
153741
153742
153743
153744
153745
153746
153747
153748
153749
153750
153751
153752
153753
153754
153755
153756
153757
153758
153759
153760
153761
153762
153763
153808
153809
153810
153895
153905
153909
15392
15393
153933
153934
153935
153936
153937
153967
153968
153969
153970
153971
153972
153973
153974
153975
153976
153977
154076
154086
154087
154090
154091
154145
154146
154147
154189
154320
154347
154348
154349
154350
154351
154352
15438
15439
154391
154393
154400
154411
154412
154416
154479
154480
154482
154524
154525
154526
15456
15457
15458
1546
154664
154686
1547
154716
15472
154778
1548
1549
15490
154914
154915
154928
154929
154930
154931
154932
154933
154934
154935
154936
154937
154938
154939
154941
154942
155018
155019
155029
155056
155173
155178
155179
155180
155181
155182
155183
155184
155185
155186
155187
155188
155215
155226
155227
155230
155302
155303
15536
155382
155383
155386
155387
155388
155390
155394
155443
155444
155495
155712
155719
155720
155753
15577
155822
155823
15583
156002
156096
156230
156232
156258
156295
15638
156438
156439
156464
156465
156466
156468
156469
156470
156490
156491
156492
156493
156494
156495
156496
156497
156498
1565
156528
156529
156530
156531
156532
156533
156534
156535
156536
156537
156593
156594
156595
156688
156776
15698
156981
156982
156983
156985
156986
157313
157315
15732
15733
15734
157431
157470
15749
157560
15757
157628
157639
157640
157641
157642
157643
157644
157645
157646
157750
157879
157880
15794
157957
157965
15800
158018
158019
158101
158102
15811
158157
158158
158159
158160
158161
158162
158163
158164
158165
158166
158180
158194
158195
158196
158197
158198
158244
158247
158312
15837
158372
158373
158486
158487
158537
158566
158567
158568
1586
15862
15863
158634
158635
158636
158637
158638
158639
158640
158854
158856
158857
158860
158863
158870
158958
158961
158962
159044
159198
159205
159247
159281
159333
159395
159396
159426
159431
159592
159673
159691
159692
159693
159694
159695
159696
159697
159698
159699
159714
159715
159728
159729
159730
159731
159732
159733
159760
159766
159767
159768
159769
15981
159865
15991
159920
159926
15999
16
160045
16006
160096
160173
160289
160290
160436
16044
160452
160453
160647
160648
160657
16066
160700
160720
160797
160886
160888
160889
160890
160945
160966
160999
161000
161001
161002
161018
161127
161146
16127
161323
161342
161343
161345
161346
161347
161348
161349
161350
161351
161352
161353
161354
161355
161356
161357
161358
161359
161360
161386
161387
161388
161389
161420
161421
161422
161423
161424
161425
161426
161427
161428
161432
161491
161643
161644
161645
161646
161647
161648
161669
161670
161692
161693
161734
161764
16177
161772
161807
161808
161852
161853
161854
161855
161856
161857
161858
161859
161860
161861
161862
161863
161864
161865
161877
1619
161949
161950
161987
162000
162007
162008
162009
162100
162101
162102
162119
162159
162160
162161
162162
162163
162164
162165
162166
162167
162168
162169
162170
162171
162172
162173
162174
162175
162176
162177
162178
162179
162180
162181
162182
162183
162184
162185
162186
162196
162197
162198
162392
162393
162394
162395
162396
162397
162405
162406
162491
1625
162606
162688
162727
162729
162731
162759
162760
162761
16277
162778
162779
162781
162782
162806
162929
162937
162953
162957
162958
162959
163042
163145
163148
163306
163308
163355
163411
163412
163413
163414
163415
163416
163417
163418
163419
163420
163421
163422
163423
163424
163427
163428
163429
163430
163431
163432
163433
163434
163435
163437
163438
163439
163440
163441
163442
163443
163565
163730
163731
163732
163733
163858
16386
163860
163861
163909
163926
163936
163939
16394
163944
164005
164006
164080
164081
164229
16423
164230
164231
164232
164233
16428
164349
16435
164365
164366
164403
164404
164407
164431
164432
164434
164435
164436
164437
164438
164439
164440
164441
164442
164443
164444
164449
164451
164481
164543
164544
164545
164546
164547
16462
164624
16463
164633
164634
164667
164762
164907
16491
164954
164955
16510
16511
165113
165114
165115
165163
165179
165230
165231
165232
165261
165285
165286
165287
165307
165308
165309
16533
165365
165368
165369
165370
165393
165394
165408
165409
165410
165411
165454
165664
165665
165666
165667
16569
16571
16572
165770
165771
165772
165773
165774
165775
165776
165777
165778
165779
165803
165804
165910
165911
16592
166058
16640
166500
16655
166585
166591
166596
166597
166599
166642
166650
166651
166653
166654
166709
166710
166711
166712
166827
166836
166892
166918
166919
166920
166922
166923
166924
166991
167009
167071
167120
167141
167156
167157
167158
167159
167250
167267
167355
167378
167392
167400
167401
167402
167403
167404
167405
167406
167425
167426
167427
167428
167429
167430
167446
16750
16755
167576
167577
167578
167579
167580
167622
167684
167685
167702
167703
167731
167738
167739
167740
167741
167742
167743
167905
167948
167950
168005
168007
16811
168137
168139
168141
168142
168143
168144
168145
16823
16826
168341
168342
168343
168358
168383
168501
168633
168634
168693
168734
168859
168887
168888
168889
168890
168891
168919
168980
169042
169095
169138
169139
169140
169141
169142
169143
169144
169145
169146
169147
169148
169149
169150
169151
169152
169153
169154
169155
169156
169157
169158
169159
169160
169161
169162
169163
169164
169165
169172
16922
169231
169232
16927
169413
169420
169423
169426
169429
169432
169434
169482
169544
169545
169546
169547
16955
169725
169728
169753
169755
169756
169757
16980
169810
169842
169862
169863
169866
169934
169935
169936
169937
169968
170035
170052
170146
170147
170148
170149
170150
170151
170152
170153
170154
170155
170156
170157
170158
170159
170160
170161
170162
170163
170164
170165
170166
170167
170168
170169
17018
170263
170289
170290
170291
170292
170293
170294
170295
170296
170297
170298
170299
170300
170301
170302
170303
170304
170322
17036
17056
170568
170581
170584
170585
170623
170624
170625
170626
170628
170656
170657
170674
170675
170687
170690
17073
170776
170784
170861
170862
170863
170882
170906
170907
170946
170949
171003
171029
171136
171137
171168
171169
171170
171171
171191
171237
171241
171242
171352
171353
171404
171448
171463
171498
171565
171566
171682
171749
171823
171830
171831
171832
171833
171834
171835
171836
171837
171838
171839
1719
171959
171972
172024
172059
172076
172077
172174
172209
172210
172365
172366
172367
172368
172369
172370
172371
172372
172377
172378
172379
172382
172437
172511
172525
172791
172792
172793
172829
172830
172831
172832
172833
172834
172836
172837
172838
172839
172840
172841
172842
172843
173094
173127
173131
173169
173170
173237
173325
173326
173327
173328
173329
173330
173331
173333
173334
173335
173336
173337
173338
173339
173340
173341
173342
173343
173344
173345
173346
173347
173392
173503
173605
173606
173607
173620
173682
173683
173684
173729
173730
173731
173732
173890
173900
173971
173972
173973
173974
173975
173976
173977
173978
173979
173980
173981
173982
173983
173984
173996
174031
174037
174043
174044
174045
174046
174087
174088
174089
174090
174091
174092
174203
174270
174378
174379
174444
174445
174446
174551
174552
174553
174554
174555
174556
174567
174573
174574
174575
174576
174612
174613
174614
174615
174616
174617
174642
174644
179
180119
180192
180193
180276
180277
180363
180370
180371
180372
180373
180374
180403
180404
180405
180406
180458
180459
180460
180461
180462
180463
180464
180465
180491
180492
180493
180810
180837
180838
180839
180840
180841
180842
180843
180846
180890
180891
180966
18111
18113
18125
181377
181469
181470
181525
181653
181654
181655
181657
181754
181824
181859
181860
181861
181862
181863
181864
182021
182035
182036
182066
182068
182069
182071
182076
182265
182266
182371
182372
182373
182374
182375
182376
182377
182378
182379
182380
182381
182382
182383
182384
182385
182386
182387
182388
182389
182390
182391
182421
182422
182423
182424
182425
182426
182554
182717
182766
182767
182768
182769
182770
182771
182772
182773
182789
182792
182891
182909
182917
182921
182922
182923
182931
182932
182933
182934
182935
182936
182937
183031
183085
183086
183087
183088
183089
183116
183117
183118
183132
183231
183301
183607
183663
183686
183687
183697
183698
183699
183700
183701
183788
183789
183797
183819
183820
183841
183842
183870
183871
183873
183920
184034
1841
184329
184330
184331
184414
184587
184588
184589
184590
184591
184592
184593
184594
184595
184754
184972
184973
184974
184975
184976
185218
185242
185243
185244
185245
185354
185358
185359
185368
185369
185370
185371
185372
185373
185393
185474
185475
185476
185477
185501
185524
185539
185540
185583
185584
185587
185822
185904
185905
185906
185907
185912
185923
185931
185932
185933
186213
186447
186605
186651
186726
186775
186776
186777
186778
186779
186780
186781
186782
186783
186819
186862
186863
186864
186871
186952
186954
186989
187013
187226
187273
187323
187413
187516
187517
187555
187612
187613
187614
187615
187616
187617
187618
187692
187730
187731
187783
187804
1879
187907
187908
187909
187910
187911
187912
187913
187914
187915
187916
187917
187918
187919
187927
187928
187995
188293
188294
188295
188321
188322
188323
188355
188356
188357
188358
188359
188360
188361
188362
188363
188364
188365
188366
188367
188368
188369
188370
188371
188372
188373
188374
188423
188620
188622
188623
188624
188635
188639
188648
188653
188703
188704
188706
188707
188725
188726
188727
188728
188729
188730
188751
188752
188753
188754
188787
188788
188789
188791
188792
188793
188794
188795
188796
188797
188798
188799
188800
188801
188802
188833
188834
188835
188851
188936
188940
188964
189075
189115
189166
189201
189359
189360
189361
189364
189365
189366
189374
189461
189530
189531
189534
189538
189543
189550
189551
189555
189559
189564
189571
189572
189576
189580
189585
189592
189597
189601
189607
189614
189617
189618
189622
189628
189635
189638
189647
189648
189652
189794
189795
189796
189797
189800
189807
189846
189847
189848
189887
189888
189889
189890
189891
189892
189893
189894
189895
189896
189911
189912
189917
189919
189920
189921
189922
189923
189927
189928
189929
189930
189931
189932
189942
189943
189967
189968
189969
189970
190000
190001
19006
190117
190145
190198
19022
190224
190225
190344
190345
190346
190347
190348
190396
190431
190432
190433
190434
190435
190441
19047
190535
190536
190571
190572
190573
190574
190575
190576
190577
190650
190651
190652
190653
19068
19069
190726
190742
190743
190744
190745
190746
190747
190748
190954
191284
191303
191304
191322
191323
191325
191326
191327
191328
191329
191330
191350
191351
191408
191519
191520
191521
191522
191523
191524
191525
191526
191527
191542
191556
191557
191558
191559
191841
191842
191843
191844
191845
191846
191847
191848
191849
191896
191989
191990
1920
192181
192182
192183
192184
192338
192339
192340
192341
192501
192502
192503
192504
192523
192807
192808
192816
192858
192909
192957
192979
192980
192981
192989
192990
192991
193107
193113
193150
193151
193168
193432
193433
193434
193473
193633
193634
193635
193636
193637
193638
193639
193645
193646
193647
193670
1937
193818
193891
193892
193893
193894
194092
194137
194138
194139
194245
194322
194334
194335
194336
194337
194338
194339
194342
194343
194344
194345
194374
194375
194376
194377
194378
194379
1944
194430
194431
194432
194433
194434
194467
194482
194513
194514
194515
194599
194600
194601
194602
194644
194645
194664
194734
194735
194736
194737
194738
194739
194748
194749
194751
194753
194755
194757
194759
194762
194763
194764
194765
194766
194767
194768
194769
194770
194771
194772
194773
194774
194775
194802
194803
194814
194815
194816
194817
194878
194925
194973
194974
194975
194976
194977
195028
195064
195070
195122
195123
195124
195164
195166
195168
195172
195180
195181
195182
195197
195198
195204
195237
195239
195241
195243
195245
195247
195249
195251
195252
195256
195261
195262
195263
195264
195265
195344
195345
195346
195355
195356
195394
195395
195396
195397
195398
195399
195400
195435
195436
195437
195438
195439
195450
195500
195586
195633
195668
195745
195756
195757
195758
195760
195794
195807
195845
195846
195847
195848
195849
195850
195851
195852
195853
195854
195855
195856
195857
195858
195859
195860
195861
195862
195863
195864
195971
196053
196120
196132
196284
196285
196286
196325
196326
196327
196328
196329
196330
1964
196425
196494
196721
196892
196893
196925
196987
197001
197006
197157
197221
197227
197338
197373
197434
197557
197664
197686
197703
197717
197818
197819
197820
197859
197860
197861
197874
197901
198005
198037
198070
198190
198200
198201
198269
198288
198289
198348
198384
198423
198449
198524
198525
198584
198585
198586
198587
198611
198624
198625
198633
198723
198724
198725
198735
198761
198762
198765
198766
198778
198779
198780
198787
198788
20008
2001
200144
20015
200209
200256
200257
200258
200259
200270
200307
200309
200437
200460
200472
200476
200657
200817
200827
200862
200870
2009
20090
20091
200972
200973
200980
200981
200984
2010
201012
201013
201045
201061
201160
2012
201210
201211
201212
201213
201214
201215
201216
201217
201246
201346
201347
201348
201361
201362
201363
201470
20154
201583
201587
201636
201637
201638
201639
201640
201641
201642
20166
20169
201701
201744
201745
201753
201783
201785
201796
201856
201875
20203
20211
202124
202125
202126
202127
20214
20215
20216
202273
202304
202322
202323
202328
20233
202339
20234
202548
202549
202558
20259
202597
202657
202744
202768
202769
202810
202850
202904
202905
202960
202961
202962
202963
202964
202965
202998
202999
203002
203046
203065
203102
203176
20351
20400
2043
20523
20645
20721
20731
20732
20748
20771
20805
20831
20834
20863
2088
209
2092
20927
2093
2094
20945
210
21059
2108
2109
211
2110
21107
2111
21114
21115
21116
21117
212
213
2133
2136
214
2156
2157
2179
2180
2181
2182
2183
2184
2185
21884
22009
22031
22032
22033
22054
22055
2206
22073
22076
22096
22100
22177
2218
22207
22215
22221
22274
22277
22282
22381
22386
22392
22398
22399
2242
2243
2245
2246
22502
2276
228
2295
2296
2297
230036
230037
230043
230132
230142
230146
230147
230262
230263
230264
23027
230274
230280
230340
230341
230344
230345
230346
230347
230348
230349
230350
230351
230352
230388
23042
230428
230441
230460
23076
23100
23101
23107
23115
23116
23142
23143
23144
23145
23186
23204
23223
23241
23285
23332
23346
23347
23522
23529
235387
235896
235897
235898
235899
2359
235900
235901
235902
235903
236004
236005
236007
236008
236032
236045
236046
23607
23614
236145
236333
236347
236348
236349
23644
236589
236637
236638
23682
23683
23684
236973
236974
236975
236976
237001
237063
237065
23708
23710
23711
237110
237111
237112
237113
237114
237115
23712
23713
237139
23714
237140
237141
237142
237143
237144
237145
237146
237164
237191
237192
237193
237246
237247
237290
237297
237324
237343
237361
237399
237400
237401
237402
237403
237404
237405
237406
237407
237408
237409
237410
237411
237412
237413
237414
237415
237416
237417
237418
237419
237420
237421
237422
237423
237424
237461
237494
237495
237519
237558
237575
237576
237577
237578
237579
2376
237616
237674
237675
237676
23769
237692
237693
237694
23770
23771
237748
237749
237750
237751
237752
237753
237766
23778
237805
237808
237809
237847
237848
237849
237910
237925
237926
237927
237928
237929
237930
237944
237945
237946
237947
237962
237963
237964
237965
237966
237967
237968
237969
237970
237998
237999
238000
238001
238005
23804
238046
238047
238048
2381
23811
238112
238113
238114
238115
238117
238118
238119
238120
238153
238196
238287
238303
238304
238305
238306
238319
238338
238339
23845
23846
23847
23848
23849
238492
238494
23850
23851
23852
23853
23854
23855
238550
238551
23856
23857
238745
238746
238747
238748
238749
238750
238751
238752
238753
238754
238755
238756
238757
238772
238941
238952
238953
238976
238977
238978
238988
238989
2390
239151
239165
239220
239221
239222
239223
239224
23929
239361
239396
239558
23962
23965
239652
239653
239663
239664
239711
239712
239716
239717
239718
239761
239766
239769
239772
239774
239826
240006
240007
240011
240012
240013
240014
240015
240021
240025
240037
240038
240046
240054
240055
240092
240094
240166
240188
240198
24020
24021
240245
240246
240328
240339
240477
240665
240666
240667
240668
240669
240748
240775
240903
240917
240920
241000
241001
241002
241003
2411
241114
241123
241131
241154
241155
241156
241157
241158
241159
241160
241161
241162
241163
241241
241242
241243
241244
241330
241337
241404
241405
241406
241407
241408
241409
241410
241413
241414
241425
241426
24145
241475
241476
241481
241482
241483
241484
241485
241486
241487
241488
241489
241490
241491
241492
24154
24156
24174
241798
241799
241800
241801
241802
241803
241804
241805
241806
241807
241808
241809
241810
241811
241812
241813
241814
241815
241816
241817
241818
241819
241820
241821
241822
241823
241824
241825
241826
241827
241828
241845
241848
241854
24186
241869
24187
241870
241871
241872
241873
24190
241906
241937
241938
24200
24201
24202
24203
242039
242122
242200
24221
24242
24243
24254
2429
243
24303
24326
24333
243354
243404
243405
243406
243407
243642
243643
243644
243645
243646
243656
24373
243838
243862
243863
243864
243922
243923
243929
24393
244010
244011
244143
244146
244241
244298
244299
244300
244301
244302
244303
244304
244305
2444
24441
2445
244521
244567
2446
24468
2447
24472
244743
244746
2448
24485
24486
24487
24488
24489
2449
24498
24499
24500
245000
24502
245021
245022
24504
24505
24506
245061
245069
24507
245070
245071
245072
245092
245154
245293
245294
24531
24532
245326
24533
24534
24536
24537
245370
24538
24539
24540
24541
24542
24543
24544
24545
24546
24547
24549
245494
245495
245496
245497
245498
2456
245608
245640
245641
245649
245650
245653
245654
24567
245794
245808
245866
245934
245935
245936
245937
2460
246000
246001
246093
246094
246155
24620
246234
246255
246311
246313
246355
246356
246357
246358
246372
246397
246408
246409
246410
246447
246448
246517
246518
246519
246520
246575
24662
246631
246662
246729
246739
246740
246741
246781
246852
24686
246887
246903
246904
246931
246964
246965
246966
246967
246968
246976
247000
247001
247002
247003
247033
2471
24710
24719
2472
247295
247327
247328
247329
247330
247331
247332
247407
247408
247409
247410
247411
247412
247519
247520
247521
247522
247523
247524
247525
247526
247528
247529
247530
247531
247532
247533
247534
24763
247638
247639
247640
247641
247642
247675
24769
247724
247725
247726
247727
247728
247729
247786
247787
247821
247838
247839
247975
24800
248000
24801
248013
248014
248056
248075
248114
248132
248139
248148
248149
248150
248168
248170
248172
248174
248176
248178
248180
248182
248184
248186
248188
248190
248230
248234
248235
248236
248237
248255
248256
248353
24854
248572
248578
248579
248598
248599
248600
248601
248602
248603
248604
248605
248606
248607
248608
248609
248610
248611
248612
248613
248614
248615
248620
248621
248622
248623
248624
248632
248676
248678
248680
248682
248684
248733
248734
248735
248803
248804
248805
248806
248807
248808
248809
248882
248883
248884
248885
248886
248887
248888
248889
248890
248891
248892
248893
248894
248920
248921
248945
24901
249048
249110
249129
249158
249160
249169
249228
249229
249318
249320
249354
24940
24941
249419
24942
249420
249425
249426
24943
24944
24945
24946
24951
24962
249634
249635
249636
249720
249721
249722
249723
249756
249807
249850
249941
249948
249949
249950
249951
249996
249997
249998
249999
25
250093
250094
250195
250210
250211
250212
25024
250246
250252
250460
250486
250541
250619
250620
250621
250622
250623
250624
250625
250626
250627
250628
250629
250630
250640
250653
250654
250655
250656
250657
250658
250659
250723
250724
250792
250793
250806
250807
250832
250833
250834
250835
250836
250837
250838
250839
250840
250841
250842
250843
250844
250845
250846
250906
250907
250908
250909
250910
250911
250912
251023
251024
251025
251026
251027
251028
251034
251135
251136
251137
251138
251139
251140
251141
251142
251143
251144
251145
251146
251318
251383
251384
251385
251452
251473
251474
251475
251476
251477
251478
251479
251480
251481
251482
251483
251484
251485
251486
251487
251488
251489
251490
251491
251492
251498
251499
251500
251561
251562
251563
251564
251565
251566
251567
251568
251589
251590
251657
251658
251692
251825
251826
251827
251828
251842
251843
251844
251845
251846
251847
251848
251849
251850
251851
251852
251853
251854
251855
251856
251857
251858
251859
251886
251939
251940
251941
251942
252047
252071
252137
252143
252144
252186
252270
252322
252323
252324
252325
252326
252327
252369
252373
252390
252391
252514
252595
252596
252597
252619
252620
252632
252633
252634
252635
252677
252678
252791
252836
252989
253023
253193
253194
253195
253208
253264
253265
253266
253267
253268
253318
253319
253320
253321
253421
253422
253478
253479
253485
253486
253487
25349
253549
253673
253675
25373
253843
253844
253869
253877
253878
253879
253880
253888
254057
254058
254059
254060
254061
254068
254069
254071
254072
25413
25414
254166
254201
254202
254308
254451
254472
254635
254636
25538
255459
255576
255577
255578
255579
25565
25566
25567
255718
25576
255804
255805
255806
255807
25582
25583
25584
255842
255849
255853
255854
256037
256209
256210
256219
25622
256220
256222
256319
256603
256677
25681
257048
257049
257050
257051
257052
25707
257078
257116
257122
257173
257174
257175
25718
257181
257182
25719
257214
257215
257216
257217
257218
257219
257220
257221
257222
257224
257225
257226
257227
257231
257233
257234
25724
25725
257272
257375
257376
257377
257378
257379
257380
257381
257382
257383
257384
257385
257386
257387
257388
257389
257390
257391
257392
257393
257394
257395
257396
257397
257398
257408
257409
257493
257504
257709
257710
257711
257712
257713
257714
257715
257716
257728
257797
257798
25787
257990
257991
258026
258115
258116
258117
258118
258119
258120
258121
258122
258123
258124
258125
258126
258127
258128
258129
258130
258131
258132
258133
258134
258135
258136
258137
258138
258139
258140
258141
258142
258143
258144
258145
258146
258147
258148
258149
258150
258151
258152
258153
258154
258155
258156
258176
258177
2582
25821
25822
25823
25824
25825
258450
258503
258504
258631
258681
258718
258754
258842
258843
258905
258921
258922
258936
258937
258938
258939
259001
259002
259003
259004
259005
259006
259023
259032
259049
259139
259140
259141
259142
259144
259158
259159
259160
259161
259162
259164
259165
259166
259167
259168
259169
259170
259238
259239
2593
259340
259341
259342
259343
259344
259345
259346
259347
259348
259349
259350
259351
259352
259353
259354
259355
259363
259424
259437
259438
259479
259849
259850
259851
259860
259861
260022
260195
260198
260212
260262
260282
260310
260311
260324
26036
26041
26042
26046
260470
260472
260473
260474
260556
260560
260565
260606
26063
26068
260695
260697
260853
260854
260855
260856
260857
260858
260859
260860
260864
260865
260866
260920
260921
260922
260923
260924
260925
260926
260927
260928
260947
26104
261043
261044
261133
261137
261138
261174
261220
261221
261222
261223
261302
261319
261400
261530
261547
261548
261549
261550
261551
261552
261586
261604
261605
261606
261607
261643
261644
26169
261704
261715
261716
261717
261718
261719
261720
261721
261762
261764
261765
261766
261778
261810
261853
261901
261926
261945
26195
261953
261964
261965
261966
262016
262045
262058
262059
262060
262062
262228
262229
26228
26229
262426
262427
262446
26255
262553
262554
262589
262601
262621
262678
262679
26268
262680
26269
26270
262732
262756
262788
262855
262856
262857
262858
262859
262860
262933
262934
262935
262936
262941
262998
262999
263031
263032
263033
263034
263035
263062
263084
263090
263099
263100
263101
263102
263103
263104
263105
263106
263107
26344
263521
264138
264139
264191
264192
264215
264523
26467
26468
264710
264729
26476
26477
26482
265063
26517
265179
265180
265592
26577
26582
26585
26588
26619
26724
26746
26747
26749
26759
26780
26787
26789
26797
26798
26813
26841
26875
26914
26942
26945
26963
26990
26994
27006
27035
27043
27054
2709
27103
27128
27129
27150
27152
27187
2720
27203
27204
27237
27238
27250
2728
2729
27302
27305
27306
27318
27349
27357
27362
27364
27365
27366
27367
27368
27369
27370
2738
27399
27400
27401
27402
27423
2744
27480
2749
27497
27498
2750
27523
27525
27539
27547
27649
27660
27661
2767
27680
27682
27717
27741
27764
27765
27767
27772
27773
27774
27775
27815
27816
27817
27818
27819
27836
27838
27839
27843
27858
27877
27920
27921
27922
27945
27946
27948
279581
27988
27990
27992
27993
27994
27995
27997
27998
280003
280047
280048
280049
28006
28007
2801
280104
280105
280106
280107
280108
280118
280119
280120
280121
280122
280123
280124
280125
280126
28030
280301
280304
280320
280321
280322
280323
280398
280399
280400
280401
280417
280418
280419
280547
280548
280549
280550
280551
280552
280553
280554
280693
280725
280760
280793
280825
280849
280879
280946
281041
281081
281082
281083
28110
28111
281136
28122
28123
28132
28133
281378
281412
281413
281455
281456
281457
28153
281550
28159
281601
281757
28179
28214
28260
28327
28340
28345
28377
28387
2840
2843
28465
28466
28479
28480
28481
28482
28483
28503
28545
28557
28558
28559
28562
2860
28644
28645
28646
28647
28648
28649
28650
28651
28671
28676
28732
288
28836
28838
28891
28899
289
290
290324
290379
29047
290477
290599
290601
290602
290624
290625
290626
290627
290628
290629
29063
290630
290631
290632
290756
290757
290758
290759
290760
290761
290762
290763
290764
290765
290766
290908
290909
290978
291
291126
29115
291160
291280
291281
291282
291283
291284
291285
291286
291287
291288
291311
291325
291326
291327
291328
291329
291331
291332
291333
291334
291335
291431
291545
291561
291562
291563
291613
291614
291615
291630
291631
291632
291633
291634
291635
291636
291637
291638
291639
291928
29193
291944
291945
29195
29196
29197
292070
292097
29212
29222
29223
29224
29235
29239
29240
29241
29242
29247
29248
29249
29250
29251
29283
29350
29353
29355
29357
29358
29390
29393
29407
29443
29509
29540
29541
29542
29543
29544
30015
30018
300224
300225
300277
30093
30115
30221
30237
30246
30263
30272
30315
30333
30351
30373
30381
30390
30403
30529
30530
30561
30582
30583
30592
30615
30692
30693
30695
30703
30704
30740
30747
30748
30756
30805
30814
30815
30816
30850
30851
30854
30891
30897
30898
30899
30903
30904
31033
31057
31058
31077
31078
31085
31090
31092
31093
31097
31111
31112
31113
31118
31121
31137
31138
31171
31175
31250
31289
31361
31362
31369
31370
31371
31372
31373
31375
31376
31377
31378
31379
31380
31381
31390
31508
31537
31567
31568
316
31600
31601
31602
31619
31636
31637
31638
31677
31722
31723
31724
31832
31868
31897
31985
31988
31989
32002
32003
32037
32038
32053
32054
32509
32525
32549
32550
32558
32559
32560
32567
32591
32675
32718
32740
32741
32742
33276
33502
33503
33505
33561
33588
33591
33592
33593
33594
33595
33596
33602
33603
33626
33627
33637
33646
33647
33648
33649
33650
33651
33652
33653
33655
33656
33657
33658
33659
33660
33685
33716
33726
33727
33728
33729
33738
33758
33794
33872
33874
33876
33896
33897
33898
33899
33920
33925
33927
33928
33929
33960
33981
33982
33983
33994
34046
34047
34048
34050
34051
34052
34085
34094
34100
34201
34203
34316
34388
34452
34639
34678
34838
34845
35056
35093
35119
35136
35137
35138
35152
35153
35165
35166
35204
35288
35329
35379
35455
35479
35494
35495
35509
35537
35540
35544
35545
35555
35572
35573
35574
35636
35637
35651
35669
35670
35680
35691
35692
35693
35694
35734
35755
35769
35771
36002
36031
36050
36082
36083
36135
36146
36148
36151
36156
36169
36204
36254
36256
36280
36298
36309
36341
36343
36425
36453
36454
36473
36512
36513
36522
36523
36545
36546
36547
36548
36549
36550
36559
36560
36561
36562
36572
36573
36574
36600
36638
370032
37052
37053
37078
37106
37145
37239
37254
37262
37300
37301
37302
37303
37304
37305
37306
37307
37308
37309
37323
37367
37404
37405
37406
37407
37408
37409
37410
37440
380114
380115
380184
380356
380383
380386
38044
38058
38074
38136
38140
38153
38171
38229
38232
38233
38286
38293
38294
38295
38346
38385
38386
38404
38405
38406
38407
38418
38419
38427
38428
38441
38442
38811
39014
3909
39104
39105
391088
391089
391131
391132
391133
391189
39130
39161
39162
39163
39164
39179
39180
39181
39182
39183
39184
39185
39186
39187
39188
39189
39190
39193
39212
39227
39228
39231
39234
39235
39240
39241
39288
39300
39331
39336
39337
39389
39391
39407
39408
39437
39438
39467
39514
39515
39521
39533
39558
39596
39597
39604
39611
39614
39619
39626
39652
39672
39673
39674
39675
39685
39686
39691
39693
39694
39772
39827
39828
39831
39832
39833
39834
39847
39848
39895
39905
39906
39907
39908
39952
39955
39956
400222
40029
400339
40046
400465
40050
40051
40052
40056
40057
40070
40089
401210
40129
40170
402173
402372
402503
402574
40278
402784
40279
40280
402882
402891
40298
40299
403025
40307
40313
40315
40328
40329
40330
40350
4040
40409
40412
40413
404375
404376
404478
404479
40456
40463
40464
40465
40466
404694
404695
404696
404697
40471
40472
40473
40474
40475
40476
40477
404779
40482
40483
40507
40508
40518
40562
40563
40564
40565
40566
40567
40582
40583
40584
40587
405958
405959
40606
40607
40608
406525
406526
406531
406532
40656
406612
406613
406614
4067
406745
40707
407293
40740
4075
40751
40766
4077
407752
407803
407876
407877
40794
407957
407958
407962
408145
4083
408313
408314
40840
408431
408569
40861
40871
40872
40873
40885
40886
40912
40914
40924
409266
409272
409273
409449
40947
40948
409480
40949
409501
409511
409530
409539
409551
409561
409578
409596
409623
409647
40965
409655
40966
40967
409698
409713
409715
409716
409735
40974
409758
409796
409832
409833
409848
409849
409850
409852
409853
409854
409856
409865
409885
409928
409929
409930
409993
409994
410000
41002
410090
410097
41014
410144
410158
410238
410239
41024
41025
410328
41038
41039
41050
410709
410754
410866
410958
410992
411023
411024
411025
411026
411075
411144
411145
411179
411204
411210
411218
411219
411238
411239
411240
411276
411325
411327
41140
41141
411415
41142
41143
41144
41145
411462
411476
411481
411483
411553
411554
411795
4118
411800
411801
411803
411804
411820
41186
41188
411887
41189
41191
41193
412003
41203
41204
41208
41209
412317
41234
412375
412376
412390
412493
412494
412495
412496
412508
412561
412639
41264
41265
41266
412667
41267
41268
41269
41270
41271
412776
412777
412778
412779
412780
413035
413036
413037
413038
413086
413098
413099
41310
413100
413101
413102
413103
413104
413105
413106
413107
413108
413109
41311
413110
413111
413112
41312
413127
413129
41313
41314
41315
41316
413174
413193
413207
413224
41324
41325
413251
413255
41326
41327
413390
413391
413491
413492
413493
413494
413495
413496
413497
413498
413499
413500
413501
413502
413503
41351
41352
413539
413594
413696
413697
413698
413699
413700
413714
413823
413824
413825
413983
413984
413988
41399
41402
414162
414163
414174
414179
41421
41422
41423
41424
41425
414259
41426
414260
414264
41427
414350
414371
414372
414373
414374
414375
414376
414377
414378
414379
414380
414381
414382
414383
414384
414385
414386
414387
414388
414389
414390
414391
414392
414393
414394
414395
414396
414557
414558
4146
414602
415303
415342
415489
415498
415518
415565
415566
415567
415568
415602
415603
415604
415605
415606
415714
415715
415716
415735
415767
415809
415810
415811
415812
415813
415882
415883
415884
415885
415886
415887
415888
415889
415890
415950
415957
415997
4162
41620
416321
416586
416619
416679
416680
416807
416808
416809
416810
416811
416812
416813
416814
416815
416885
416886
416926
416927
416928
416929
416963
417037
417038
417039
417040
417049
417101
417251
41732
417384
417412
417424
417425
417426
417467
41753
41754
417634
417676
417677
417678
417679
417680
417681
417682
417683
417684
417685
417686
417687
417688
417689
417690
417691
417692
417693
417694
417695
417696
417697
417698
417699
417700
417701
417702
417703
417704
417705
41772
41775
41776
417777
41786
417962
417969
41803
418095
418096
418130
41816
418257
418258
418413
418436
418499
418500
418501
418502
418545
418600
418601
418645
41865
418685
418686
418687
418688
418689
418690
418691
418692
418693
418699
418726
418849
418947
41895
419137
419162
419226
419227
419228
419334
41934
41936
41937
4194
419479
419492
41951
419624
419625
419626
419631
419747
419796
419797
419798
419799
419800
419801
419802
419803
419804
419805
419806
419807
419808
419840
419841
41997
41998
4200
42012
420139
420154
420155
420183
420428
420475
420476
420477
42057
42071
4208
420846
420847
421178
421179
421193
421217
421373
421376
421470
421488
421548
421549
421555
421563
421628
421629
421644
421645
42168
421716
421842
421891
421902
421903
421917
421950
422011
422259
422264
422340
422380
422385
422386
422387
422388
422389
422394
422395
422396
422397
422427
422433
422523
422524
422533
422540
422618
422690
422691
422794
422795
422796
422797
422798
422804
422849
422884
4231
423107
423147
423177
423252
423254
423255
423267
423306
423423
423441
423442
423443
423444
423519
423582
4237
424496
424582
424583
424636
424716
424717
424900
424920
424921
42497
425109
425122
425123
42516
425440
425441
425442
425443
425444
425581
425657
425659
425660
425681
425682
425694
425845
426095
426096
426097
426098
426308
426404
426405
426406
426407
426550
42671
42685
427042
427045
427046
427047
427048
427049
427050
427051
427107
427140
427174
427388
42743
427458
427561
427562
427596
427597
42760
427635
427670
42774
427870
427985
428059
428095
428096
428097
428098
428378
428379
428505
428512
428519
428540
428541
428543
428738
428744
428745
428778
428908
428956
42903
42917
429178
429179
429180
429181
429182
429189
429207
429208
429397
429404
429405
429406
429407
429416
429501
429512
429519
42961
42962
42963
429686
429725
429726
429727
429734
429761
42980
42987
429907
429966
429967
430132
430133
43031
43038
430466
43054
430556
430571
430574
430575
430576
43058
430602
430603
430604
430616
430681
430695
430751
430821
430970
430971
430972
430973
430974
430975
430976
430977
430978
430979
431008
431038
431052
431053
431369
431370
431388
431389
431390
431391
431392
431393
431463
431464
431512
431580
431617
431822
431957
43199
432040
432041
432042
432112
432113
432114
432198
432199
43220
432201
432202
432205
432206
432207
432208
43229
43235
43240
432434
432569
43259
432740
432904
432905
432906
43300
433183
433184
433185
433186
433187
433232
433233
433235
433236
433238
433239
433241
433242
433244
433245
433247
433248
433307
433308
433311
433312
433313
433370
433371
43352
4337
433818
43385
434079
43414
434188
43420
43421
43425
43464
43504
43515
43516
43517
43518
43519
43520
43568
43569
43570
43571
43572
43578
43619
43667
43676
43689
43691
43709
43718
43724
43742
43743
43799
43800
43883
439
43939
43941
43969
43990
4403
44045
44298
44322
44323
44349
44367
44368
44391
44392
44393
44395
44494
44498
44509
44514
44516
44517
44523
44524
44613
44670
44692
44707
44714
44715
44716
44717
44719
44720
44723
44728
44729
44731
44749
44754
44755
44756
44757
44759
44761
44762
44764
44812
44849
44863
44869
44907
44932
44970
4532
4533
4534
4536
4537
4538
45666
45667
4669
4679
4680
4681
4682
47121
47160
48005
48008
48137
48140
48146
48147
48154
48178
48179
48208
4849
4851
49028
49521
49522
49566
49567
49648
49649
49663
49720
49734
49743
49759
49760
49772
50006
50025
50026
50027
50161
50162
50163
50164
50197
50211
50215
50226
50275
50288
50289
50290
50291
50292
50295
50296
50297
50313
50378
50379
50471
50472
50473
5048
50489
50491
50492
50493
50494
50495
50502
50503
50518
50565
50566
50572
50580
50590
50595
50596
5060
50617
50618
50619
50620
50621
50622
50623
50624
50625
50626
50627
50628
50684
50699
5070
50726
5074
50754
50796
5081
50815
50839
50846
50847
50848
50849
50871
50872
50873
50894
50895
50896
50897
50898
50899
5090
50900
50901
50902
50903
50904
50905
50906
50907
50908
50909
50910
50911
50937
50938
50991
50995
51093
51120
51132
51135
51139
51206
51208
51211
51252
51264
51289
51290
51301
51340
51389
51390
51391
51396
51397
5140
51409
51418
51419
51441
51446
51461
51487
51488
51495
5152
51571
51596
51598
51600
51612
51613
51620
51621
5165
51659
51665
51666
51681
51682
51688
51731
51732
51733
51734
51735
51736
51737
51738
51785
51790
51791
51880
51893
51894
51895
51896
51897
51909
51910
51911
51915
51998
52026
52033
52034
52035
52036
52037
52043
52054
52113
52153
52178
52179
52267
52268
52285
52288
52347
52348
52431
5248
52487
52490
52528
52537
52538
52542
52544
52548
52575
52598
5260
52603
52613
52615
52623
52626
52631
52633
52725
52749
52785
5279
52852
52868
52905
52938
52939
52996
53023
5306
53103
53118
53128
5321
53218
5324
53240
53241
53292
53295
53322
53330
53332
53335
53341
53358
53388
53406
53422
53424
53452
53490
53656
53752
53753
53754
53792
53793
53798
53799
53800
53802
53804
5392
5393
54009
54017
54018
54043
54055
54056
54068
54069
54070
54071
54161
54243
54247
54268
54314
54321
54367
54368
54385
54387
54388
54390
54404
54420
54421
54465
54510
54511
54546
54552
54574
54594
54599
54605
54614
54681
54725
5475
54775
54777
54793
54810
54811
54812
54813
54814
54815
54816
54817
54818
54819
54820
54821
54864
54865
54867
54868
54877
54878
54915
54916
54917
54918
55033
55284
55294
55319
55456
55462
55463
55464
55465
55466
55467
55468
55469
55470
55471
55472
55473
55498
55509
55515
55517
55518
55525
55545
55559
55561
55562
55589
55599
55620
55649
55657
55660
55661
55662
55663
55664
55694
55695
55713
55714
55749
55831
55832
55834
55871
55872
55950
56132
56133
56134
56167
56189
56254
56300
56301
5632
56324
56365
56381
56412
56434
56437
56472
56497
56498
56499
56500
56501
56502
56504
56505
56538
56539
56540
56546
56547
56548
56552
56554
56555
56556
56565
56591
56592
56643
5671
56710
5672
56782
56815
56964
56970
56980
56991
57000
57034
57035
57036
57037
57038
57058
57069
57127
57152
57207
57212
57213
57214
57241
57243
57273
57384
57409
57500
57512
57540
57569
57658
57660
57670
57688
57690
57694
57714
57803
57863
57875
57911
57964
57968
58003
58024
58150
58168
58207
58275
58285
58311
58385
58389
58454
58494
58555
58560
58633
58639
58651
58652
58653
58680
58692
58694
58696
58707
58708
58713
58720
58727
58731
58733
58735
58737
58740
58741
58742
58747
58748
58749
58750
58751
58753
58758
58818
58862
58868
58896
58899
58903
58930
58931
58932
58933
58939
58956
58957
58978
59179
59191
59192
59195
59196
59200
59226
59255
59272
59290
59362
59378
59387
59391
59440
59500
59555
59581
59582
59583
59584
59614
59655
59696
59743
59744
59753
59808
59831
59881
59891
59894
59907
59920
59928
59929
59930
59931
59956
59957
59958
59959
60013
60014
600174
600175
600177
600266
600285
600286
600287
600289
600485
600486
600562
600563
6011
601475
60152
60173
60174
60175
60176
60177
60178
60179
60180
60181
60182
60191
602043
60207
60208
6022
602228
602453
6027
60372
603924
603926
60393
60394
60395
60396
60397
60398
60399
604
60400
60415
60416
604514
604887
605
60506
60537
60538
605381
605385
60539
60540
60541
60542
60559
60560
60561
60562
605623
60563
605632
605634
60564
60565
605665
6058
605805
60597
606170
60618
60620
606235
606237
606257
606259
606363
60642
606424
60643
60644
60652
60682
606927
606971
606979
607038
607052
607229
6073
607358
607555
607558
607560
607580
607808
607842
607911
608177
608269
60840
608458
608469
608629
60894
60926
6093
609471
60965
60966
60967
609762
6100
61021
61022
61023
61024
61025
61026
61027
61029
610352
610353
61058
610619
61070
6110
6113
611409
61144
61151
611670
61184
61192
61193
612013
61216
612191
612194
612209
61224
61227
612282
612316
612556
61269
61270
61271
613597
61362
613700
614306
614461
61465
614675
615220
615454
615560
615610
615718
615738
615825
615905
616147
616172
616177
616187
616189
616192
616196
616200
616257
616260
616261
616262
616276
616277
616281
616289
616292
616296
616302
616304
616313
616323
616325
616327
616354
616361
616385
616416
616422
616423
616437
616445
616448
616468
616470
616488
616491
616509
616511
616516
6166
61749
61750
61751
61752
61753
61754
61782
618337
618714
619196
619232
619367
619600
619629
619636
619730
620063
620301
62040
62084
62098
62110
62111
62113
62115
62116
621325
62164
62165
621651
62178
62190
62191
62192
62193
62195
62196
622
62225
622452
622453
622458
622460
62260
62275
62285
62286
62302
623101
62312
62342
623536
62358
62368
62393
62394
62395
62396
623975
623991
624
624022
624035
624042
624184
62479
62480
6249
625
625376
625521
625663
626
62615
62616
62618
62667
62668
62669
62670
62671
626749
62683
62691
62698
626999
6270
6271
627105
62719
627389
627393
627394
627395
627457
627752
627995
628342
628466
628471
628472
628473
628475
628476
628478
628479
628485
628487
628489
628494
628495
6287
62871
62872
62873
628739
62874
628839
628841
628842
628897
628903
628907
628945
628947
628955
62904
629100
629106
629116
629117
629147
629148
629308
629351
62937
62980
62988
63013
63022
63037
63038
63095
63096
63097
63098
63099
631441
6315
63157
63164
63165
631685
631709
632069
63220
63221
63222
63223
63224
63225
632494
63281
63289
633212
633213
63362
63427
63461
634618
63462
634631
634722
63495
63496
63506
635099
63555
635637
63570
63589
63604
63605
63606
63607
636075
63646
63657
63658
63659
63670
636729
63673
636733
63675
63677
636880
636995
63715
63716
637163
637667
637669
637680
639148
639950
639951
640953
641377
641378
642085
642091
642192
642250
642370
642384
642400
642934
642937
643067
643739
643934
644866
645
645054
645626
646094
64613
646265
64652
646586
646670
64708
64711
64714
64715
64752
64763
64773
64774
64787
64791
64795
64902
64974
64998
64999
65004
650059
65007
65037
65038
65039
65057
65058
65059
65060
65061
65062
65065
65141
65147
65152
65153
65169
652289
65263
65265
65266
652888
652896
652897
65338
65339
65340
65341
653482
65367
65368
65440
65465
65487
65500
65502
65503
65507
65508
65549
65624
65625
65626
65627
65628
65629
65664
65665
65666
65671
65672
65680
656879
65728
65730
65731
65732
65733
657600
657616
657720
65779
65800
658001
65801
658160
65838
65866
65867
658880
658980
659106
659403
659405
659553
659561
659562
65968
659824
66039
66040
66062
66063
66064
66065
66100
66101
66102
66103
66104
66105
66118
66119
66128
66129
66130
66131
66132
66133
66158
66159
66160
66161
66162
66200
66238
66242
66243
66244
66245
66253
66255
66261
66262
66274
66317
66321
66345
66352
66353
66383
66408
66480
66528
66552
66647
66667
66669
66670
66671
66672
66723
66724
66725
66726
66728
66729
66730
66731
66732
66733
66734
66735
66736
66742
66743
66831
66861
66879
66880
66937
66938
66939
67005
67006
67017
67020
67021
67022
67023
67024
67025
67045
67050
67055
67071
67072
67095
67096
67097
67098
67099
67102
67103
67106
67127
67146
67147
67215
67216
67227
67286
67319
67320
67330
67331
67348
67349
67351
67355
67356
67357
67358
67361
67401
67404
67405
67433
67441
67450
67456
67505
67518
67560
67567
67568
67571
67589
67590
67592
67621
67622
67623
67653
67709
67739
67740
67741
67753
67755
67756
67757
67758
67759
67760
67761
67762
67763
67764
67765
67766
67819
67820
67846
67847
67880
67895
67989
67992
67993
67994
67995
68028
68031
68067
68068
68080
68082
68119
68120
68121
68125
68127
68128
68129
68130
68131
68132
68144
68167
68168
68169
68238
68251
68252
68265
68284
68291
68300
68301
68318
68327
68337
68338
68339
68363
68412
68426
68427
68428
68430
68431
68432
68433
68472
68473
68537
68611
68612
68627
68647
68667
68714
68715
68733
68750
68763
68764
68765
68766
68780
68799
68873
68890
68934
68935
68936
68937
68938
68955
68956
68957
68958
68959
68960
68982
68998
69008
69017
69024
69045
69062
69075
69076
69078
69101
69102
69111
69112
69142
69162
69163
69169
69191
69339
69356
69360
69422
69423
69430
69431
69432
69435
69436
69437
69441
69461
69490
69567
69588
69595
69596
69597
69612
69637
69638
69639
69646
69663
69664
69665
69666
69669
69718
69723
69724
69725
69791
69823
69889
69890
69891
69892
69893
69894
69895
69896
69897
69952
70023
70024
70025
70026
70027
70028
70029
70030
70031
70045
70046
70055
70060
70062
70063
70064
710060
71019
71029
71062
71146
71147
71148
71149
71168
71190
71191
71202
71212
71213
71214
71235
71241
71256
71257
71258
71282
71283
71284
71285
71286
71301
71322
71323
71324
71420
71422
71430
71431
71432
71433
71434
71437
71449
71474
71515
71532
71564
71604
71627
71628
71629
71630
71631
71632
71633
71678
71679
71680
71685
71686
71687
71771
71777
71789
71802
71804
71805
71830
71831
71832
71860
71861
71884
71887
71888
71889
71890
71891
71892
71893
71894
71895
71896
71899
71900
71917
71939
71949
71950
71951
71952
71953
71954
71955
71956
71959
71987
71989
71994
71995
72005
72006
72010
72014
72040
72059
72060
72061
72112
72127
72148
72149
72155
7218
72194
72209
72211
72226
72269
72305
72322
72350
72351
72372
72373
72484
72504
72579
72580
72581
72582
72640
72678
72690
72691
72716
72717
72772
72773
72774
72775
72818
72822
72823
72905
72942
72955
72956
73043
73044
73052
73053
73054
73055
73056
73107
73108
73166
73170
73192
73217
73231
73232
73233
73234
73253
73255
73275
73346
73409
73461
73462
73503
73527
73529
73600
73601
73603
73604
73656
73657
73658
73659
73660
73661
73687
73705
73722
73735
73743
73746
73771
73787
73788
73789
73790
73791
73792
73793
73794
73795
73796
73797
73798
73799
73808
73809
73810
73811
73815
73816
73817
73956
73962
73963
73969
73972
73973
73976
73977
73981
73982
74003
74004
74017
74018
74029
74039
74056
74057
74090
74218
74366
74367
74382
74394
74504
74514
74523
74525
74526
74547
74570
74604
74605
74606
74607
74656
74660
74661
74662
74663
74675
74676
74677
74679
74759
74772
74790
74850
74855
74856
74907
74908
74909
74910
74915
74959
74991
74992
74994
74995
74997
74998
74999
75010
75011
75079
75126
75135
75173
75205
75206
75207
75208
75209
75210
75211
75212
75213
75239
75264
75270
75298
75299
75316
75325
75326
75327
75352
75354
75355
75356
75360
75361
75366
75381
75389
75390
75391
75392
75393
75394
75395
75396
75397
75398
75399
75402
75409
75410
75411
75499
75508
75513
75525
75531
75579
75640
75641
75642
75643
75644
75645
75646
75708
75709
75710
75711
75907
75908
75909
75910
75911
75912
75913
75914
759651
759652
75980
75993
75994
75999
76011
76014
76038
76043
76087
76122
76147
76151
76152
76156
76164
76165
76167
76168
76262
76264
76269
76279
76304
76305
76313
76412
76415
76416
76417
76422
76440
76524
76554
76593
76611
76653
76747
76782
76859
76867
76927
76928
76946
76968
76969
76972
76976
77057
77072
77073
77074
77075
77081
77087
77088
77090
77091
77092
77100
77101
77102
77103
77109
77111
77271
77294
77295
77296
77297
77298
77299
77300
77330
77356
77367
77370
77384
77396
77419
77515
77561
77572
77599
77600
77636
77640
77651
77654
77678
77691
77704
77714
77721
77763
7788
7789
77919
78017
78018
78019
78020
78021
78052
78053
78054
78055
78056
78057
78060
78114
78115
78116
78117
78118
78119
78120
78121
78122
78123
78124
78125
78126
78127
78128
78129
78130
78131
78132
78133
78134
78135
78136
78137
78138
78139
78140
78141
78142
78143
78144
78145
78146
78147
78148
78149
78150
78151
78152
78153
78181
78182
78183
78184
78185
78281
78312
78313
78314
78367
78368
78389
78390
78391
78394
78395
78399
78400
78402
78403
78404
78405
78406
78407
78408
78409
78410
78411
78412
78413
78414
78415
78420
78424
78491
78495
78496
78554
78555
78556
78557
78558
78559
78560
78566
78571
78572
78573
78581
78582
78583
78665
78666
78686
78709
78710
78713
78718
78730
78759
78766
78767
78779
78804
78808
78809
78810
78811
78812
78813
78814
78815
78816
78817
78827
78834
78841
78849
78851
78853
78854
78855
78856
78859
78860
78861
78862
78863
78864
78865
78875
78876
78877
78890
78955
78986
79022
79086
79087
79099
79112
79113
79126
79196
79201
79202
79230
79231
79232
79233
79240
79241
79263
79277
79396
79400
79411
79412
79414
79415
79422
79446
79449
79473
79474
79475
79490
79509
79510
79524
79605
79628
79645
79646
79669
79671
79691
79785
79793
79859
79866
79869
79910
79917
79918
79919
79920
79921
79922
79925
79926
79927
79928
79929
79980
79988
79989
79990
79997
79998
800
80020
80021
80033
80034
80035
80036
80037
80038
80051
80063
80064
80068
80077
80096
80097
80098
80099
80102
80117
80140
80141
80142
80143
80144
80145
80146
80147
80148
80149
80218
80219
80220
80221
80222
80223
80224
80225
80226
80227
80228
80229
8024
80245
80246
80247
80248
80249
80250
80282
80283
80301
80320
80337
80338
80339
80340
80341
80382
80385
80386
80387
80388
80402
80403
80404
80410
80414
80419
80420
8043
80458
80472
80512
80517
80518
80520
80521
80522
80543
8055
80580
80581
80582
80588
80589
80612
80622
80623
80670
80671
80672
80673
80674
80799
80825
80844
80845
80846
80847
80871
80872
80873
80874
80878
80879
80880
80883
80885
80887
80888
80921
80955
80956
81066
81067
81082
81083
81205
81206
81207
81208
81213
81216
81217
8124
81301
81305
81316
81321
81322
81323
81325
8134
81350
81358
81359
81364
81365
81366
81372
81373
81412
81453
81459
81480
81481
81482
81483
81484
81485
81486
81487
81495
81496
81497
81498
81499
81500
81501
81526
81527
81546
81609
81654
81737
8177
81830
81831
81832
81861
81868
81869
81917
81918
81919
81920
81921
81922
81925
81940
81941
81942
81943
81944
81945
81946
81947
8195
81992
82109
82118
82312
82313
82347
82404
82405
82406
82407
82408
82409
8241
82420
82421
82422
82423
82569
82606
82607
82608
82609
82610
82633
82634
82721
82744
82745
82746
82748
82872
82873
82910
82927
82928
82981
82982
82983
82984
83000
83001
83002
83003
83004
83016
83083
831
832
83267
83282
83323
83324
83325
83326
83336
83337
83338
83339
83340
83347
83378
834
83407
83419
83457
83458
83459
83460
83461
83475
83476
83481
83581
83658
83659
83728
83729
83838
83839
83840
83841
83842
83865
83866
83898
83900
83902
83928
83968
84017
84082
84131
84132
84133
84134
84135
84136
84137
84138
84175
84201
84225
84238
84258
84264
84320
84321
84361
844
84448
84451
84452
84453
84458
84459
84460
84461
84462
84463
84464
84465
84466
84467
845
84519
84561
84571
84572
84580
84581
84582
84583
84584
84585
84586
84587
84588
84589
84590
84591
84592
84593
84646
84647
84663
84665
84666
84667
84677
84681
84714
84756
84757
84758
84759
84766
84767
84883
84884
84885
84886
84887
84917
84918
84929
84930
84931
84932
84967
84968
84969
84971
84972
84973
84974
84983
84987
85007
85139
85140
85207
85209
85210
85211
85290
85318
85349
85350
85351
85352
85355
85356
85357
85358
85359
85360
85361
85397
85398
85399
85400
85401
85402
85410
85411
85412
85415
85443
85512
85513
85514
85516
85518
85520
85521
85522
85556
85568
85596
85612
85614
85615
85620
85621
85622
85623
85624
85625
85663
85665
85699
85701
85702
85705
85706
85713
85755
85773
85819
85820
85821
85883
859
85953
85991
86040
86063
86130
86151
86155
86156
86158
86165
86166
86167
86168
86169
86170
86203
86212
86224
86276
86277
86291
86292
86293
86294
86305
86306
86307
86308
86351
86352
86353
86354
86355
86356
86357
86432
86508
86509
86510
86511
86516
86621
86633
86634
86642
86643
86644
86673
86687
86688
86710
86711
86712
86713
86714
86715
86716
86717
86740
86756
86774
86813
86814
86815
86816
86817
86818
86859
86908
86909
86910
86911
86912
86913
86914
86935
86936
86941
87109
87110
87111
87112
87113
87114
87115
87119
87120
87207
87208
87209
87210
87211
87212
87213
87214
87215
87216
87217
87328
87329
87420
87429
87431
8749
8750
8751
8752
87522
87525
87527
87528
87529
8753
87530
8754
8755
87560
87564
87611
87612
87731
87735
87752
87790
87850
87870
87871
87872
87873
87874
87875
87885
87886
87887
87947
87948
87982
87987
87988
87989
87990
87991
87992
87995
88051
88072
88138
88139
88140
88141
88142
88143
88144
88145
88237
88263
88264
88318
88322
88329
88343
88355
88378
88421
88422
88445
88446
88447
88461
885
88502
88504
88506
88520
88521
88532
88533
88545
88547
88553
88554
88555
88556
88616
88666
88667
88668
88669
88724
88725
88726
88727
88728
88736
88752
88904
88906
88907
88908
88909
88910
88914
88915
88920
88927
88928
88929
88958
88959
88981
88982
89032
89045
89093
89110
89299
89300
89301
89302
89303
89386
89397
894
89442
89443
89444
89445
89446
89447
89464
89500
89513
89607
89608
89609
89647
89648
89687
89689
89690
89691
89840
89841
89844
89905
89906
89907
89964
89977
89980
90002
90040
90049
90050
90055
90056
90057
90064
90093
90131
90132
90134
90135
90172
90173
90174
90175
90176
90177
90178
90179
90180
90181
90182
90199
90200
9021
9022
9023
9026
90297
90326
90372
90384
90397
904
9043
90439
90446
90465
90466
90467
9048
90483
90484
90487
90506
90507
90508
90509
90648
90662
90663
90664
90665
90666
90667
90668
90669
90686
90703
90711
90715
90716
90717
90718
90719
90720
90727
9076
9077
9078
9079
908
9080
9091
9092
91052
91053
91062
91086
91096
91097
91103
91130
91168
91169
91170
91171
9118
91224
91225
91226
91253
91254
91285
91286
91287
913
9143
91439
9145
91465
91471
9148
9150
91528
91530
91531
91572
91574
91675
91676
91689
91690
91691
91692
91706
91708
9172
9173
9174
91745
9175
9176
91763
9177
9178
91783
91784
91785
91803
91827
91828
91829
9188
91946
91955
91956
91957
91958
91959
91960
91961
92034
92042
92099
92102
9213
92216
92217
92218
92219
92220
92221
92249
9227
92301
9232
9233
92334
92335
9234
9235
9236
9237
9238
92387
92390
92391
92392
92393
92394
92396
92397
92492
92501
9254
92553
92561
92562
92576
92577
9270
9272
9273
92794
92795
92910
92911
92913
92963
92974
92986
93047
93112
93113
93114
93116
9319
93207
93252
93258
93316
93317
93318
93319
93320
93321
93322
93323
93324
93325
93326
93327
93328
93363
93364
93382
93421
93428
93429
93430
93439
93448
93455
93456
93457
9347
93475
93476
93502
93543
93586
93587
93588
9362
93626
93627
93628
93629
93630
93631
93632
93633
93634
93635
93636
93687
93725
93726
93727
93747
93803
93844
93872
93898
93899
93900
93901
93902
93903
93904
93905
93906
93907
93908
93938
9394
93943
93944
93945
93959
93964
93983
93984
93985
93986
93987
93989
94015
94016
94017
94018
94019
94020
94021
94022
94023
94071
94251
94252
94253
94254
94296
94297
94298
94378
94390
94391
94392
94393
9442
94420
94421
94422
94457
94504
94518
94519
94520
94546
94573
94597
94598
94599
94600
94601
94602
94603
94604
94605
94606
94607
94608
94609
94610
94611
94612
94613
94614
94615
94616
94617
94618
94630
94631
94632
94633
94634
94635
94636
94637
9464
9466
9471
94757
94758
94759
94839
94870
94871
94872
94873
94874
94888
94889
94890
94891
94892
94906
94951
94953
94954
94962
94963
94964
94993
94997
94998
94999
95035
95036
95052
95053
95072
95127
95128
95129
95130
95273
95296
95301
95378
95379
95401
95402
95403
95417
95437
95450
95459
9547
95478
95479
9548
95482
9549
95494
95496
95563
9560
95615
95616
95621
95622
95623
95624
95625
95626
9566
9567
9568
95687
9569
957
9570
95714
95788
95817
95830
9586
9587
95876
95877
95899
95900
95913
95914
95915
95916
95917
95930
95956
95996
95997
96012
9605
96059
96060
96061
96103
96108
96111
96119
96125
96140
96162
96163
96164
96165
96166
96167
96168
96169
96170
96171
96181
96185
96189
96190
96191
96192
96193
96194
96195
96291
96319
9633
9634
9639
9640
96416
96417
96456
96521
96522
96524
96561
96631
96639
96744
96745
96746
96765
96771
96772
96773
96931
96933
96935
96936
96937
96938
96939
96940
96943
96944
96945
96953
96954
96955
96956
96957
96959
97012
97013
97014
97015
97068
97069
97070
97071
97072
97073
97077
97078
97079
97080
97088
97403
97459
97460
97461
97462
97472
97473
97476
97477
97478
97479
97480
97514
97551
97552
97553
97554
97555
97588
97589
97590
97616
97617
97618
97619
97633
97674
97676
97743
97780
97781
97782
97898
97904
97921
97970
97997
97998
98047
98050
98053
98056
98095
98096
98097
98140
98162
98163
98170
9818
98183
98188
982
98214
9827
98360
98366
98428
98429
98459
98460
98474
98475
98493
98547
98569
98579
98616
98617
98618
9863
9864
9865
9866
98669
98672
98774
98775
98776
98781
98782
98783
98784
98795
98796
98797
98798
98807
98808
98809
98810
98811
98812
98813
98814
98815
98816
98817
98818
98819
98820
98871
98878
98879
9888
98880
98881
98882
98883
98884
98885
98886
98887
98888
98889
98890
98891
98892
98893
98894
98895
98896
98897
98898
98902
98911
98912
98934
98935
98952
98953
98954
98955
98960
98961
98962
98963
98965
98975
98976
98977
99057
99081
99085
99129
99164
9923
99300
99302
99306
99346
99442
99443
99478
99479
99489
99532
99533
99547
99548
99604
99617
99620
99621
99622
99623
99624
99625
99626
99627
99628
99629
99630
99631
99718
99719
99720
99721
99722
99723
99736
99775
99806
9988
99963
99964
99965
99996
