    0    0    0   0.000000000   0.000000000   0.220623E-18   0.100078E-03
    0    1    0   0.000000000   0.585918537  -0.394620E-16   0.192026E-04
   -1    0    0  -0.585918537   0.000000000  -0.432711E-16   0.192026E-04
    1    0    0   0.585918537  -0.000000000  -0.432711E-16   0.192026E-04
    0   -1    0  -0.000000000  -0.585918537  -0.394620E-16   0.192026E-04
    1   -1    0   0.585918537  -0.585918537  -0.339745E-02  -0.902005E-04
   -1    1    0  -0.585918537   0.585918537  -0.339745E-02  -0.902005E-04
    1    1    0   0.585918537   0.585918537  -0.339745E-02  -0.902005E-04
   -1   -1    0  -0.585918537  -0.585918537  -0.339745E-02  -0.902005E-04
   -2    0    0  -1.171837074   0.000000000   0.416840E-02  -0.262581E-04
    0    2    0   0.000000000   1.171837074   0.416840E-02  -0.262581E-04
    2    0    0   1.171837074  -0.000000000   0.416840E-02  -0.262581E-04
    0   -2    0  -0.000000000  -1.171837074   0.416840E-02  -0.262581E-04
    2   -1    0   1.171837074  -0.585918537   0.764176E-02   0.700163E-04
    1   -2    0   0.585918537  -1.171837074  -0.764176E-02   0.700163E-04
   -1   -2    0  -0.585918537  -1.171837074  -0.764176E-02   0.700163E-04
   -2    1    0  -1.171837074   0.585918537   0.764176E-02   0.700163E-04
   -2   -1    0  -1.171837074  -0.585918537   0.764176E-02   0.700163E-04
    1    2    0   0.585918537   1.171837074  -0.764176E-02   0.700163E-04
    2    1    0   1.171837074   0.585918537   0.764176E-02   0.700163E-04
   -1    2    0  -0.585918537   1.171837074  -0.764176E-02   0.700163E-04
    2    2    0   1.171837074   1.171837074  -0.551969E-02  -0.423827E-04
   -2   -2    0  -1.171837074  -1.171837074  -0.551969E-02  -0.423827E-04
    2   -2    0   1.171837074  -1.171837074  -0.551969E-02  -0.423827E-04
   -2    2    0  -1.171837074   1.171837074  -0.551969E-02  -0.423827E-04
    0   -3    0  -0.000000000  -1.757755611   0.118753E-16   0.357466E-04
    0    3    0   0.000000000   1.757755611   0.118753E-16   0.357466E-04
   -3    0    0  -1.757755611   0.000000000   0.154719E-16   0.357466E-04
    3    0    0   1.757755611  -0.000000000   0.154719E-16   0.357466E-04
   -1    3    0  -0.585918537   1.757755611  -0.565571E-02  -0.336324E-04
   -3   -1    0  -1.757755611  -0.585918537  -0.565571E-02  -0.336324E-04
    3   -1    0   1.757755611  -0.585918537  -0.565571E-02  -0.336324E-04
    1    3    0   0.585918537   1.757755611  -0.565571E-02  -0.336324E-04
    1   -3    0   0.585918537  -1.757755611  -0.565571E-02  -0.336324E-04
   -1   -3    0  -0.585918537  -1.757755611  -0.565571E-02  -0.336324E-04
    3    1    0   1.757755611   0.585918537  -0.565571E-02  -0.336324E-04
   -3    1    0  -1.757755611   0.585918537  -0.565571E-02  -0.336324E-04
   -3    2    0  -1.757755611   1.171837074  -0.227075E-01  -0.102372E-03
    3    2    0   1.757755611   1.171837074  -0.227075E-01  -0.102372E-03
   -2   -3    0  -1.171837074  -1.757755611   0.227075E-01  -0.102372E-03
   -3   -2    0  -1.757755611  -1.171837074  -0.227075E-01  -0.102372E-03
    2   -3    0   1.171837074  -1.757755611   0.227075E-01  -0.102372E-03
   -2    3    0  -1.171837074   1.757755611   0.227075E-01  -0.102372E-03
    3   -2    0   1.757755611  -1.171837074  -0.227075E-01  -0.102372E-03
    2    3    0   1.171837074   1.757755611   0.227075E-01  -0.102372E-03
    0    4    0   0.000000000   2.343674148   0.286626E-01   0.163070E-03
    0   -4    0  -0.000000000  -2.343674148   0.286626E-01   0.163070E-03
   -4    0    0  -2.343674148   0.000000000   0.286626E-01   0.163070E-03
    4    0    0   2.343674148  -0.000000000   0.286626E-01   0.163070E-03
   -1    4    0  -0.585918537   2.343674148   0.161786E-01   0.538818E-04
   -4   -1    0  -2.343674148  -0.585918537  -0.161786E-01   0.538818E-04
    4    1    0   2.343674148   0.585918537  -0.161786E-01   0.538818E-04
    1    4    0   0.585918537   2.343674148   0.161786E-01   0.538818E-04
   -1   -4    0  -0.585918537  -2.343674148   0.161786E-01   0.538818E-04
   -4    1    0  -2.343674148   0.585918537  -0.161786E-01   0.538818E-04
    1   -4    0   0.585918537  -2.343674148   0.161786E-01   0.538818E-04
    4   -1    0   2.343674148  -0.585918537  -0.161786E-01   0.538818E-04
    3   -3    0   1.757755611  -1.757755611   0.133812E-01   0.148777E-04
    3    3    0   1.757755611   1.757755611   0.133812E-01   0.148777E-04
   -3   -3    0  -1.757755611  -1.757755611   0.133812E-01   0.148777E-04
   -3    3    0  -1.757755611   1.757755611   0.133812E-01   0.148777E-04
   -4   -2    0  -2.343674148  -1.171837074   0.860136E-02   0.601602E-04
    4   -2    0   2.343674148  -1.171837074   0.860136E-02   0.601602E-04
   -2    4    0  -1.171837074   2.343674148   0.860136E-02   0.601602E-04
    4    2    0   2.343674148   1.171837074   0.860136E-02   0.601602E-04
   -4    2    0  -2.343674148   1.171837074   0.860136E-02   0.601602E-04
    2   -4    0   1.171837074  -2.343674148   0.860136E-02   0.601602E-04
   -2   -4    0  -1.171837074  -2.343674148   0.860136E-02   0.601602E-04
    2    4    0   1.171837074   2.343674148   0.860136E-02   0.601602E-04
    4    3    0   2.343674148   1.757755611   0.421069E-02   0.411539E-04
   -3    4    0  -1.757755611   2.343674148  -0.421069E-02   0.411539E-04
    0    5    0   0.000000000   2.929592685  -0.721864E-17   0.123799E-04
    3    4    0   1.757755611   2.343674148  -0.421069E-02   0.411539E-04
    4   -3    0   2.343674148  -1.757755611   0.421069E-02   0.411539E-04
   -3   -4    0  -1.757755611  -2.343674148  -0.421069E-02   0.411539E-04
    5    0    0   2.929592685  -0.000000000  -0.196947E-16   0.123799E-04
   -4   -3    0  -2.343674148  -1.757755611   0.421069E-02   0.411539E-04
   -4    3    0  -2.343674148   1.757755611   0.421069E-02   0.411539E-04
   -5    0    0  -2.929592685   0.000000000  -0.196947E-16   0.123799E-04
    3   -4    0   1.757755611  -2.343674148  -0.421069E-02   0.411539E-04
    0   -5    0  -0.000000000  -2.929592685  -0.721864E-17   0.123799E-04
    1   -5    0   0.585918537  -2.929592685  -0.416668E-02   0.743517E-04
    5   -1    0   2.929592685  -0.585918537  -0.416668E-02   0.743517E-04
   -1    5    0  -0.585918537   2.929592685  -0.416668E-02   0.743517E-04
   -1   -5    0  -0.585918537  -2.929592685  -0.416668E-02   0.743517E-04
    1    5    0   0.585918537   2.929592685  -0.416668E-02   0.743517E-04
    5    1    0   2.929592685   0.585918537  -0.416668E-02   0.743517E-04
   -5    1    0  -2.929592685   0.585918537  -0.416668E-02   0.743517E-04
   -5   -1    0  -2.929592685  -0.585918537  -0.416668E-02   0.743517E-04
   -2   -5    0  -1.171837074  -2.929592685   0.722977E-02   0.515157E-04
   -5    2    0  -2.929592685   1.171837074  -0.722977E-02   0.515157E-04
    5   -2    0   2.929592685  -1.171837074  -0.722977E-02   0.515157E-04
    2    5    0   1.171837074   2.929592685   0.722977E-02   0.515157E-04
    5    2    0   2.929592685   1.171837074  -0.722977E-02   0.515157E-04
   -2    5    0  -1.171837074   2.929592685   0.722977E-02   0.515157E-04
    2   -5    0   1.171837074  -2.929592685   0.722977E-02   0.515157E-04
   -5   -2    0  -2.929592685  -1.171837074  -0.722977E-02   0.515157E-04
    4    4    0   2.343674148   2.343674148   0.100888E-01   0.104105E-03
    4   -4    0   2.343674148  -2.343674148   0.100888E-01   0.104105E-03
   -4   -4    0  -2.343674148  -2.343674148   0.100888E-01   0.104105E-03
   -4    4    0  -2.343674148   2.343674148   0.100888E-01   0.104105E-03
   -3    5    0  -1.757755611   2.929592685  -0.221610E-01  -0.846660E-04
    5    3    0   2.929592685   1.757755611  -0.221610E-01  -0.846660E-04
   -5   -3    0  -2.929592685  -1.757755611  -0.221610E-01  -0.846660E-04
    3   -5    0   1.757755611  -2.929592685  -0.221610E-01  -0.846660E-04
    5   -3    0   2.929592685  -1.757755611  -0.221610E-01  -0.846660E-04
   -3   -5    0  -1.757755611  -2.929592685  -0.221610E-01  -0.846660E-04
   -5    3    0  -2.929592685   1.757755611  -0.221610E-01  -0.846660E-04
    3    5    0   1.757755611   2.929592685  -0.221610E-01  -0.846660E-04
    6    0    0   3.515511222  -0.000000000   0.252809E-01   0.822345E-04
    0    6    0   0.000000000   3.515511222   0.252809E-01   0.822345E-04
    0   -6    0  -0.000000000  -3.515511222   0.252809E-01   0.822345E-04
   -6    0    0  -3.515511222   0.000000000   0.252809E-01   0.822345E-04
    1    6    0   0.585918537   3.515511222   0.431273E-02  -0.219848E-04
   -6   -1    0  -3.515511222  -0.585918537  -0.431273E-02  -0.219848E-04
   -1    6    0  -0.585918537   3.515511222   0.431273E-02  -0.219848E-04
   -1   -6    0  -0.585918537  -3.515511222   0.431273E-02  -0.219848E-04
   -6    1    0  -3.515511222   0.585918537  -0.431273E-02  -0.219848E-04
    6   -1    0   3.515511222  -0.585918537  -0.431273E-02  -0.219848E-04
    6    1    0   3.515511222   0.585918537  -0.431273E-02  -0.219848E-04
    1   -6    0   0.585918537  -3.515511222   0.431273E-02  -0.219848E-04
   -2   -6    0  -1.171837074  -3.515511222  -0.122231E-01  -0.722204E-04
    2    6    0   1.171837074   3.515511222  -0.122231E-01  -0.722204E-04
    6    2    0   3.515511222   1.171837074  -0.122231E-01  -0.722204E-04
    6   -2    0   3.515511222  -1.171837074  -0.122231E-01  -0.722204E-04
   -6   -2    0  -3.515511222  -1.171837074  -0.122231E-01  -0.722204E-04
   -2    6    0  -1.171837074   3.515511222  -0.122231E-01  -0.722204E-04
    2   -6    0   1.171837074  -3.515511222  -0.122231E-01  -0.722204E-04
   -6    2    0  -3.515511222   1.171837074  -0.122231E-01  -0.722204E-04
    4   -5    0   2.343674148  -2.929592685  -0.896569E-02  -0.402507E-04
    5    4    0   2.929592685   2.343674148   0.896569E-02  -0.402507E-04
   -4   -5    0  -2.343674148  -2.929592685  -0.896569E-02  -0.402507E-04
   -4    5    0  -2.343674148   2.929592685  -0.896569E-02  -0.402507E-04
   -5   -4    0  -2.929592685  -2.343674148   0.896569E-02  -0.402507E-04
    4    5    0   2.343674148   2.929592685  -0.896569E-02  -0.402507E-04
   -5    4    0  -2.929592685   2.343674148   0.896569E-02  -0.402507E-04
    5   -4    0   2.929592685  -2.343674148   0.896569E-02  -0.402507E-04
   -6   -3    0  -3.515511222  -1.757755611   0.275811E-02   0.408441E-04
    6    3    0   3.515511222   1.757755611   0.275811E-02   0.408441E-04
    6   -3    0   3.515511222  -1.757755611   0.275811E-02   0.408441E-04
    3    6    0   1.757755611   3.515511222  -0.275811E-02   0.408441E-04
   -6    3    0  -3.515511222   1.757755611   0.275811E-02   0.408441E-04
   -3    6    0  -1.757755611   3.515511222  -0.275811E-02   0.408441E-04
   -3   -6    0  -1.757755611  -3.515511222  -0.275811E-02   0.408441E-04
    3   -6    0   1.757755611  -3.515511222  -0.275811E-02   0.408441E-04
   -7    0    0  -4.101429759   0.000000000  -0.358949E-16   0.169532E-04
    7    0    0   4.101429759  -0.000000000  -0.358949E-16   0.169532E-04
    0   -7    0  -0.000000000  -4.101429759  -0.385098E-16   0.169532E-04
    0    7    0   0.000000000   4.101429759  -0.385098E-16   0.169532E-04
    5   -5    0   2.929592685  -2.929592685   0.317225E-02   0.410174E-04
    5    5    0   2.929592685   2.929592685   0.317225E-02   0.410174E-04
   -5   -5    0  -2.929592685  -2.929592685   0.317225E-02   0.410174E-04
   -5    5    0  -2.929592685   2.929592685   0.317225E-02   0.410174E-04
   -1    7    0  -0.585918537   4.101429759   0.403958E-02   0.166855E-04
    1   -7    0   0.585918537  -4.101429759   0.403958E-02   0.166855E-04
   -7    1    0  -4.101429759   0.585918537   0.403958E-02   0.166855E-04
   -1   -7    0  -0.585918537  -4.101429759   0.403958E-02   0.166855E-04
    7   -1    0   4.101429759  -0.585918537   0.403958E-02   0.166855E-04
   -7   -1    0  -4.101429759  -0.585918537   0.403958E-02   0.166855E-04
    7    1    0   4.101429759   0.585918537   0.403958E-02   0.166855E-04
    1    7    0   0.585918537   4.101429759   0.403958E-02   0.166855E-04
    4    6    0   2.343674148   3.515511222  -0.189459E-02  -0.381796E-04
   -4   -6    0  -2.343674148  -3.515511222  -0.189459E-02  -0.381796E-04
    6   -4    0   3.515511222  -2.343674148  -0.189459E-02  -0.381796E-04
   -6    4    0  -3.515511222   2.343674148  -0.189459E-02  -0.381796E-04
    4   -6    0   2.343674148  -3.515511222  -0.189459E-02  -0.381796E-04
   -4    6    0  -2.343674148   3.515511222  -0.189459E-02  -0.381796E-04
    6    4    0   3.515511222   2.343674148  -0.189459E-02  -0.381796E-04
   -6   -4    0  -3.515511222  -2.343674148  -0.189459E-02  -0.381796E-04
   -2    7    0  -1.171837074   4.101429759  -0.761797E-03  -0.156060E-04
    2   -7    0   1.171837074  -4.101429759  -0.761797E-03  -0.156060E-04
    2    7    0   1.171837074   4.101429759  -0.761797E-03  -0.156060E-04
   -2   -7    0  -1.171837074  -4.101429759  -0.761797E-03  -0.156060E-04
   -7    2    0  -4.101429759   1.171837074   0.761797E-03  -0.156060E-04
    7    2    0   4.101429759   1.171837074   0.761797E-03  -0.156060E-04
    7   -2    0   4.101429759  -1.171837074   0.761797E-03  -0.156060E-04
   -7   -2    0  -4.101429759  -1.171837074   0.761797E-03  -0.156060E-04
   -3    7    0  -1.757755611   4.101429759   0.713012E-02   0.339408E-04
    3    7    0   1.757755611   4.101429759   0.713012E-02   0.339408E-04
   -7   -3    0  -4.101429759  -1.757755611   0.713012E-02   0.339408E-04
    7   -3    0   4.101429759  -1.757755611   0.713012E-02   0.339408E-04
   -3   -7    0  -1.757755611  -4.101429759   0.713012E-02   0.339408E-04
   -7    3    0  -4.101429759   1.757755611   0.713012E-02   0.339408E-04
    7    3    0   4.101429759   1.757755611   0.713012E-02   0.339408E-04
    3   -7    0   1.757755611  -4.101429759   0.713012E-02   0.339408E-04
   -5    6    0  -2.929592685   3.515511222   0.627806E-02   0.120924E-04
    5   -6    0   2.929592685  -3.515511222   0.627806E-02   0.120924E-04
   -5   -6    0  -2.929592685  -3.515511222   0.627806E-02   0.120924E-04
    6   -5    0   3.515511222  -2.929592685  -0.627806E-02   0.120924E-04
    6    5    0   3.515511222   2.929592685  -0.627806E-02   0.120924E-04
   -6    5    0  -3.515511222   2.929592685  -0.627806E-02   0.120924E-04
   -6   -5    0  -3.515511222  -2.929592685  -0.627806E-02   0.120924E-04
    5    6    0   2.929592685   3.515511222   0.627806E-02   0.120924E-04
    8    0    0   4.687348296  -0.000000000   0.268900E-02   0.409580E-05
    0   -8    0  -0.000000000  -4.687348296   0.268900E-02   0.409580E-05
   -8    0    0  -4.687348296   0.000000000   0.268900E-02   0.409580E-05
    0    8    0   0.000000000   4.687348296   0.268900E-02   0.409580E-05
    1    8    0   0.585918537   4.687348296   0.277705E-02  -0.163666E-04
   -1   -8    0  -0.585918537  -4.687348296   0.277705E-02  -0.163666E-04
    1   -8    0   0.585918537  -4.687348296   0.277705E-02  -0.163666E-04
   -1    8    0  -0.585918537   4.687348296   0.277705E-02  -0.163666E-04
   -8   -1    0  -4.687348296  -0.585918537  -0.277705E-02  -0.163666E-04
   -8    1    0  -4.687348296   0.585918537  -0.277705E-02  -0.163666E-04
    8   -1    0   4.687348296  -0.585918537  -0.277705E-02  -0.163666E-04
    8    1    0   4.687348296   0.585918537  -0.277705E-02  -0.163666E-04
   -7    4    0  -4.101429759   2.343674148   0.128919E-02   0.513453E-04
    4   -7    0   2.343674148  -4.101429759  -0.128919E-02   0.513453E-04
   -7   -4    0  -4.101429759  -2.343674148   0.128919E-02   0.513453E-04
   -4    7    0  -2.343674148   4.101429759  -0.128919E-02   0.513453E-04
    4    7    0   2.343674148   4.101429759  -0.128919E-02   0.513453E-04
    7    4    0   4.101429759   2.343674148   0.128919E-02   0.513453E-04
   -4   -7    0  -2.343674148  -4.101429759  -0.128919E-02   0.513453E-04
    7   -4    0   4.101429759  -2.343674148   0.128919E-02   0.513453E-04
    2    8    0   1.171837074   4.687348296   0.980348E-02   0.842011E-04
   -2    8    0  -1.171837074   4.687348296   0.980348E-02   0.842011E-04
    8    2    0   4.687348296   1.171837074   0.980348E-02   0.842011E-04
   -8   -2    0  -4.687348296  -1.171837074   0.980348E-02   0.842011E-04
   -2   -8    0  -1.171837074  -4.687348296   0.980348E-02   0.842011E-04
   -8    2    0  -4.687348296   1.171837074   0.980348E-02   0.842011E-04
    8   -2    0   4.687348296  -1.171837074   0.980348E-02   0.842011E-04
    2   -8    0   1.171837074  -4.687348296   0.980348E-02   0.842011E-04
   -6   -6    0  -3.515511222  -3.515511222   0.626619E-02   0.177828E-04
    6   -6    0   3.515511222  -3.515511222   0.626619E-02   0.177828E-04
    6    6    0   3.515511222   3.515511222   0.626619E-02   0.177828E-04
   -6    6    0  -3.515511222   3.515511222   0.626619E-02   0.177828E-04
    8   -3    0   4.687348296  -1.757755611   0.570767E-02  -0.102951E-05
   -8    3    0  -4.687348296   1.757755611   0.570767E-02  -0.102951E-05
   -8   -3    0  -4.687348296  -1.757755611   0.570767E-02  -0.102951E-05
    3    8    0   1.757755611   4.687348296  -0.570767E-02  -0.102951E-05
    8    3    0   4.687348296   1.757755611   0.570767E-02  -0.102951E-05
    3   -8    0   1.757755611  -4.687348296  -0.570767E-02  -0.102951E-05
   -3    8    0  -1.757755611   4.687348296  -0.570767E-02  -0.102951E-05
   -3   -8    0  -1.757755611  -4.687348296  -0.570767E-02  -0.102951E-05
   -7   -5    0  -4.101429759  -2.929592685  -0.702078E-02  -0.323107E-04
   -5    7    0  -2.929592685   4.101429759  -0.702078E-02  -0.323107E-04
   -5   -7    0  -2.929592685  -4.101429759  -0.702078E-02  -0.323107E-04
   -7    5    0  -4.101429759   2.929592685  -0.702078E-02  -0.323107E-04
    7   -5    0   4.101429759  -2.929592685  -0.702078E-02  -0.323107E-04
    7    5    0   4.101429759   2.929592685  -0.702078E-02  -0.323107E-04
    5   -7    0   2.929592685  -4.101429759  -0.702078E-02  -0.323107E-04
    5    7    0   2.929592685   4.101429759  -0.702078E-02  -0.323107E-04
   -8   -4    0  -4.687348296  -2.343674148   0.797236E-02   0.672552E-04
    8   -4    0   4.687348296  -2.343674148   0.797236E-02   0.672552E-04
    8    4    0   4.687348296   2.343674148   0.797236E-02   0.672552E-04
    4    8    0   2.343674148   4.687348296   0.797236E-02   0.672552E-04
   -8    4    0  -4.687348296   2.343674148   0.797236E-02   0.672552E-04
    4   -8    0   2.343674148  -4.687348296   0.797236E-02   0.672552E-04
   -4    8    0  -2.343674148   4.687348296   0.797236E-02   0.672552E-04
   -4   -8    0  -2.343674148  -4.687348296   0.797236E-02   0.672552E-04
   -9    0    0  -5.273266833   0.000000000  -0.157238E-16   0.179545E-04
    0   -9    0  -0.000000000  -5.273266833  -0.965851E-18   0.179545E-04
    9    0    0   5.273266833  -0.000000000  -0.157238E-16   0.179545E-04
    0    9    0   0.000000000   5.273266833  -0.965851E-18   0.179545E-04
    9    1    0   5.273266833   0.585918537   0.239010E-02  -0.517979E-04
    1    9    0   0.585918537   5.273266833   0.239010E-02  -0.517979E-04
   -1   -9    0  -0.585918537  -5.273266833   0.239010E-02  -0.517979E-04
   -9    1    0  -5.273266833   0.585918537   0.239010E-02  -0.517979E-04
   -1    9    0  -0.585918537   5.273266833   0.239010E-02  -0.517979E-04
   -9   -1    0  -5.273266833  -0.585918537   0.239010E-02  -0.517979E-04
    9   -1    0   5.273266833  -0.585918537   0.239010E-02  -0.517979E-04
    1   -9    0   0.585918537  -5.273266833   0.239010E-02  -0.517979E-04
   -2    9    0  -1.171837074   5.273266833  -0.617290E-02  -0.589332E-04
   -2   -9    0  -1.171837074  -5.273266833  -0.617290E-02  -0.589332E-04
   -9   -2    0  -5.273266833  -1.171837074   0.617290E-02  -0.589332E-04
   -9    2    0  -5.273266833   1.171837074   0.617290E-02  -0.589332E-04
    9   -2    0   5.273266833  -1.171837074   0.617290E-02  -0.589332E-04
    2    9    0   1.171837074   5.273266833  -0.617290E-02  -0.589332E-04
    2   -9    0   1.171837074  -5.273266833  -0.617290E-02  -0.589332E-04
    9    2    0   5.273266833   1.171837074   0.617290E-02  -0.589332E-04
    7    6    0   4.101429759   3.515511222   0.323989E-02   0.718565E-05
    7   -6    0   4.101429759  -3.515511222   0.323989E-02   0.718565E-05
   -7    6    0  -4.101429759   3.515511222   0.323989E-02   0.718565E-05
   -6    7    0  -3.515511222   4.101429759  -0.323989E-02   0.718565E-05
   -7   -6    0  -4.101429759  -3.515511222   0.323989E-02   0.718565E-05
   -6   -7    0  -3.515511222  -4.101429759  -0.323989E-02   0.718565E-05
    6   -7    0   3.515511222  -4.101429759  -0.323989E-02   0.718565E-05
    6    7    0   3.515511222   4.101429759  -0.323989E-02   0.718565E-05
    8   -5    0   4.687348296  -2.929592685   0.720183E-02   0.225320E-04
    8    5    0   4.687348296   2.929592685   0.720183E-02   0.225320E-04
    5    8    0   2.929592685   4.687348296  -0.720183E-02   0.225320E-04
   -8    5    0  -4.687348296   2.929592685   0.720183E-02   0.225320E-04
    5   -8    0   2.929592685  -4.687348296  -0.720183E-02   0.225320E-04
   -8   -5    0  -4.687348296  -2.929592685   0.720183E-02   0.225320E-04
   -5    8    0  -2.929592685   4.687348296  -0.720183E-02   0.225320E-04
   -5   -8    0  -2.929592685  -4.687348296  -0.720183E-02   0.225320E-04
    9   -3    0   5.273266833  -1.757755611   0.115063E-01   0.769931E-04
   -9    3    0  -5.273266833   1.757755611   0.115063E-01   0.769931E-04
   -3   -9    0  -1.757755611  -5.273266833   0.115063E-01   0.769931E-04
   -3    9    0  -1.757755611   5.273266833   0.115063E-01   0.769931E-04
    3   -9    0   1.757755611  -5.273266833   0.115063E-01   0.769931E-04
   -9   -3    0  -5.273266833  -1.757755611   0.115063E-01   0.769931E-04
    9    3    0   5.273266833   1.757755611   0.115063E-01   0.769931E-04
    3    9    0   1.757755611   5.273266833   0.115063E-01   0.769931E-04
    4   -9    0   2.343674148  -5.273266833  -0.340351E-02   0.930824E-04
   -9   -4    0  -5.273266833  -2.343674148   0.340351E-02   0.930824E-04
   -9    4    0  -5.273266833   2.343674148   0.340351E-02   0.930824E-04
   -4   -9    0  -2.343674148  -5.273266833  -0.340351E-02   0.930824E-04
    9   -4    0   5.273266833  -2.343674148   0.340351E-02   0.930824E-04
   -4    9    0  -2.343674148   5.273266833  -0.340351E-02   0.930824E-04
    9    4    0   5.273266833   2.343674148   0.340351E-02   0.930824E-04
    4    9    0   2.343674148   5.273266833  -0.340351E-02   0.930824E-04
   -7   -7    0  -4.101429759  -4.101429759   0.624736E-02   0.410061E-04
    7    7    0   4.101429759   4.101429759   0.624736E-02   0.410061E-04
    7   -7    0   4.101429759  -4.101429759   0.624736E-02   0.410061E-04
   -7    7    0  -4.101429759   4.101429759   0.624736E-02   0.410061E-04
   -6    8    0  -3.515511222   4.687348296  -0.117387E-02   0.362999E-05
    0  -10    0  -0.000000000  -5.859185370   0.129702E-01   0.152862E-04
    6    8    0   3.515511222   4.687348296  -0.117387E-02   0.362999E-05
   -6   -8    0  -3.515511222  -4.687348296  -0.117387E-02   0.362999E-05
    6   -8    0   3.515511222  -4.687348296  -0.117387E-02   0.362999E-05
   -8   -6    0  -4.687348296  -3.515511222  -0.117387E-02   0.362999E-05
   -8    6    0  -4.687348296   3.515511222  -0.117387E-02   0.362999E-05
    0   10    0   0.000000000   5.859185370   0.129702E-01   0.152862E-04
  -10    0    0  -5.859185370   0.000000000   0.129702E-01   0.152862E-04
   10    0    0   5.859185370  -0.000000000   0.129702E-01   0.152862E-04
    8    6    0   4.687348296   3.515511222  -0.117387E-02   0.362999E-05
    8   -6    0   4.687348296  -3.515511222  -0.117387E-02   0.362999E-05
    1  -10    0   0.585918537  -5.859185370   0.263445E-02  -0.292980E-04
  -10   -1    0  -5.859185370  -0.585918537  -0.263445E-02  -0.292980E-04
   -1   10    0  -0.585918537   5.859185370   0.263445E-02  -0.292980E-04
   10   -1    0   5.859185370  -0.585918537  -0.263445E-02  -0.292980E-04
  -10    1    0  -5.859185370   0.585918537  -0.263445E-02  -0.292980E-04
   -1  -10    0  -0.585918537  -5.859185370   0.263445E-02  -0.292980E-04
   10    1    0   5.859185370   0.585918537  -0.263445E-02  -0.292980E-04
    1   10    0   0.585918537   5.859185370   0.263445E-02  -0.292980E-04
   -2   10    0  -1.171837074   5.859185370  -0.451080E-02   0.621788E-04
   10   -2    0   5.859185370  -1.171837074  -0.451080E-02   0.621788E-04
   -2  -10    0  -1.171837074  -5.859185370  -0.451080E-02   0.621788E-04
   10    2    0   5.859185370   1.171837074  -0.451080E-02   0.621788E-04
    2  -10    0   1.171837074  -5.859185370  -0.451080E-02   0.621788E-04
  -10   -2    0  -5.859185370  -1.171837074  -0.451080E-02   0.621788E-04
  -10    2    0  -5.859185370   1.171837074  -0.451080E-02   0.621788E-04
    2   10    0   1.171837074   5.859185370  -0.451080E-02   0.621788E-04
   -9    5    0  -5.273266833   2.929592685  -0.771638E-02  -0.360144E-04
   -5   -9    0  -2.929592685  -5.273266833  -0.771638E-02  -0.360144E-04
   -5    9    0  -2.929592685   5.273266833  -0.771638E-02  -0.360144E-04
    9   -5    0   5.273266833  -2.929592685  -0.771638E-02  -0.360144E-04
    5    9    0   2.929592685   5.273266833  -0.771638E-02  -0.360144E-04
   -9   -5    0  -5.273266833  -2.929592685  -0.771638E-02  -0.360144E-04
    9    5    0   5.273266833   2.929592685  -0.771638E-02  -0.360144E-04
    5   -9    0   2.929592685  -5.273266833  -0.771638E-02  -0.360144E-04
  -10   -3    0  -5.859185370  -1.757755611  -0.865136E-03  -0.735052E-05
    3  -10    0   1.757755611  -5.859185370   0.865136E-03  -0.735052E-05
  -10    3    0  -5.859185370   1.757755611  -0.865136E-03  -0.735052E-05
   -3   10    0  -1.757755611   5.859185370   0.865136E-03  -0.735052E-05
   -3  -10    0  -1.757755611  -5.859185370   0.865136E-03  -0.735052E-05
    3   10    0   1.757755611   5.859185370   0.865136E-03  -0.735052E-05
   10   -3    0   5.859185370  -1.757755611  -0.865136E-03  -0.735052E-05
   10    3    0   5.859185370   1.757755611  -0.865136E-03  -0.735052E-05
   -8    7    0  -4.687348296   4.101429759   0.222441E-02   0.221349E-04
    8   -7    0   4.687348296  -4.101429759   0.222441E-02   0.221349E-04
   -8   -7    0  -4.687348296  -4.101429759   0.222441E-02   0.221349E-04
   -7    8    0  -4.101429759   4.687348296  -0.222441E-02   0.221349E-04
    7   -8    0   4.101429759  -4.687348296  -0.222441E-02   0.221349E-04
    7    8    0   4.101429759   4.687348296  -0.222441E-02   0.221349E-04
    8    7    0   4.687348296   4.101429759   0.222441E-02   0.221349E-04
   -7   -8    0  -4.101429759  -4.687348296  -0.222441E-02   0.221349E-04
   10    4    0   5.859185370   2.343674148  -0.258718E-02  -0.378275E-04
    4   10    0   2.343674148   5.859185370  -0.258718E-02  -0.378275E-04
   -4  -10    0  -2.343674148  -5.859185370  -0.258718E-02  -0.378275E-04
   10   -4    0   5.859185370  -2.343674148  -0.258718E-02  -0.378275E-04
  -10   -4    0  -5.859185370  -2.343674148  -0.258718E-02  -0.378275E-04
    4  -10    0   2.343674148  -5.859185370  -0.258718E-02  -0.378275E-04
  -10    4    0  -5.859185370   2.343674148  -0.258718E-02  -0.378275E-04
   -4   10    0  -2.343674148   5.859185370  -0.258718E-02  -0.378275E-04
   -9   -6    0  -5.273266833  -3.515511222   0.543713E-02   0.527850E-04
   -9    6    0  -5.273266833   3.515511222   0.543713E-02   0.527850E-04
   -6   -9    0  -3.515511222  -5.273266833  -0.543713E-02   0.527850E-04
   -6    9    0  -3.515511222   5.273266833  -0.543713E-02   0.527850E-04
    6    9    0   3.515511222   5.273266833  -0.543713E-02   0.527850E-04
    9   -6    0   5.273266833  -3.515511222   0.543713E-02   0.527850E-04
    6   -9    0   3.515511222  -5.273266833  -0.543713E-02   0.527850E-04
    9    6    0   5.273266833   3.515511222   0.543713E-02   0.527850E-04
   11    0    0   6.445103907  -0.000000000  -0.241972E-16   0.461391E-04
  -11    0    0  -6.445103907   0.000000000  -0.241972E-16   0.461391E-04
    0  -11    0  -0.000000000  -6.445103907  -0.293486E-16   0.461391E-04
    0   11    0   0.000000000   6.445103907  -0.293486E-16   0.461391E-04
   -1   11    0  -0.585918537   6.445103907   0.267688E-02   0.676541E-04
   11   -1    0   6.445103907  -0.585918537   0.267688E-02   0.676541E-04
    1  -11    0   0.585918537  -6.445103907   0.267688E-02   0.676541E-04
  -11    1    0  -6.445103907   0.585918537   0.267688E-02   0.676541E-04
   -1  -11    0  -0.585918537  -6.445103907   0.267688E-02   0.676541E-04
  -11   -1    0  -6.445103907  -0.585918537   0.267688E-02   0.676541E-04
   11    1    0   6.445103907   0.585918537   0.267688E-02   0.676541E-04
    1   11    0   0.585918537   6.445103907   0.267688E-02   0.676541E-04
    5  -10    0   2.929592685  -5.859185370   0.302787E-02   0.446407E-04
   -5  -10    0  -2.929592685  -5.859185370   0.302787E-02   0.446407E-04
    5   10    0   2.929592685   5.859185370   0.302787E-02   0.446407E-04
  -10   -5    0  -5.859185370  -2.929592685  -0.302787E-02   0.446407E-04
   -5   10    0  -2.929592685   5.859185370   0.302787E-02   0.446407E-04
   10   -5    0   5.859185370  -2.929592685  -0.302787E-02   0.446407E-04
   10    5    0   5.859185370   2.929592685  -0.302787E-02   0.446407E-04
  -10    5    0  -5.859185370   2.929592685  -0.302787E-02   0.446407E-04
   11    2    0   6.445103907   1.171837074   0.412262E-02  -0.100606E-03
    2   11    0   1.171837074   6.445103907  -0.412262E-02  -0.100606E-03
   11   -2    0   6.445103907  -1.171837074   0.412262E-02  -0.100606E-03
   -2   11    0  -1.171837074   6.445103907  -0.412262E-02  -0.100606E-03
   -2  -11    0  -1.171837074  -6.445103907  -0.412262E-02  -0.100606E-03
    2  -11    0   1.171837074  -6.445103907  -0.412262E-02  -0.100606E-03
  -11    2    0  -6.445103907   1.171837074   0.412262E-02  -0.100606E-03
  -11   -2    0  -6.445103907  -1.171837074   0.412262E-02  -0.100606E-03
   -8    8    0  -4.687348296   4.687348296   0.756900E-02   0.506292E-04
    8    8    0   4.687348296   4.687348296   0.756900E-02   0.506292E-04
    8   -8    0   4.687348296  -4.687348296   0.756900E-02   0.506292E-04
   -8   -8    0  -4.687348296  -4.687348296   0.756900E-02   0.506292E-04
    9    7    0   5.273266833   4.101429759   0.658964E-02   0.500577E-04
    7   -9    0   4.101429759  -5.273266833   0.658964E-02   0.500577E-04
    7    9    0   4.101429759   5.273266833   0.658964E-02   0.500577E-04
   -9    7    0  -5.273266833   4.101429759   0.658964E-02   0.500577E-04
   -7    9    0  -4.101429759   5.273266833   0.658964E-02   0.500577E-04
   -7   -9    0  -4.101429759  -5.273266833   0.658964E-02   0.500577E-04
    9   -7    0   5.273266833  -4.101429759   0.658964E-02   0.500577E-04
   -9   -7    0  -5.273266833  -4.101429759   0.658964E-02   0.500577E-04
  -11   -3    0  -6.445103907  -1.757755611  -0.696613E-02  -0.218624E-04
   11   -3    0   6.445103907  -1.757755611  -0.696613E-02  -0.218624E-04
    3  -11    0   1.757755611  -6.445103907  -0.696613E-02  -0.218624E-04
   -3   11    0  -1.757755611   6.445103907  -0.696613E-02  -0.218624E-04
   -3  -11    0  -1.757755611  -6.445103907  -0.696613E-02  -0.218624E-04
   11    3    0   6.445103907   1.757755611  -0.696613E-02  -0.218624E-04
    3   11    0   1.757755611   6.445103907  -0.696613E-02  -0.218624E-04
  -11    3    0  -6.445103907   1.757755611  -0.696613E-02  -0.218624E-04
  -10   -6    0  -5.859185370  -3.515511222   0.699916E-02   0.553996E-04
   -6   10    0  -3.515511222   5.859185370   0.699916E-02   0.553996E-04
   10   -6    0   5.859185370  -3.515511222   0.699916E-02   0.553996E-04
  -10    6    0  -5.859185370   3.515511222   0.699916E-02   0.553996E-04
   10    6    0   5.859185370   3.515511222   0.699916E-02   0.553996E-04
    6  -10    0   3.515511222  -5.859185370   0.699916E-02   0.553996E-04
    6   10    0   3.515511222   5.859185370   0.699916E-02   0.553996E-04
   -6  -10    0  -3.515511222  -5.859185370   0.699916E-02   0.553996E-04
    4   11    0   2.343674148   6.445103907  -0.422957E-02   0.367913E-05
   11   -4    0   6.445103907  -2.343674148   0.422957E-02   0.367913E-05
    4  -11    0   2.343674148  -6.445103907  -0.422957E-02   0.367913E-05
  -11    4    0  -6.445103907   2.343674148   0.422957E-02   0.367913E-05
   -4  -11    0  -2.343674148  -6.445103907  -0.422957E-02   0.367913E-05
   -4   11    0  -2.343674148   6.445103907  -0.422957E-02   0.367913E-05
   11    4    0   6.445103907   2.343674148   0.422957E-02   0.367913E-05
  -11   -4    0  -6.445103907  -2.343674148   0.422957E-02   0.367913E-05
    0  -12    0  -0.000000000  -7.031022444   0.394155E-02  -0.800703E-04
    0   12    0   0.000000000   7.031022444   0.394155E-02  -0.800703E-04
  -12    0    0  -7.031022444   0.000000000   0.394155E-02  -0.800703E-04
   12    0    0   7.031022444  -0.000000000   0.394155E-02  -0.800703E-04
    9   -8    0   5.273266833  -4.687348296  -0.897562E-03  -0.235441E-05
   -8   -9    0  -4.687348296  -5.273266833   0.897562E-03  -0.235441E-05
    8    9    0   4.687348296   5.273266833   0.897562E-03  -0.235441E-05
   -9    8    0  -5.273266833   4.687348296  -0.897562E-03  -0.235441E-05
    8   -9    0   4.687348296  -5.273266833   0.897562E-03  -0.235441E-05
    9    8    0   5.273266833   4.687348296  -0.897562E-03  -0.235441E-05
   -9   -8    0  -5.273266833  -4.687348296  -0.897562E-03  -0.235441E-05
   -8    9    0  -4.687348296   5.273266833   0.897562E-03  -0.235441E-05
   -1   12    0  -0.585918537   7.031022444   0.781258E-02   0.114467E-03
   12    1    0   7.031022444   0.585918537  -0.781258E-02   0.114467E-03
   12   -1    0   7.031022444  -0.585918537  -0.781258E-02   0.114467E-03
  -12   -1    0  -7.031022444  -0.585918537  -0.781258E-02   0.114467E-03
    1  -12    0   0.585918537  -7.031022444   0.781258E-02   0.114467E-03
   -1  -12    0  -0.585918537  -7.031022444   0.781258E-02   0.114467E-03
    1   12    0   0.585918537   7.031022444   0.781258E-02   0.114467E-03
  -12    1    0  -7.031022444   0.585918537  -0.781258E-02   0.114467E-03
    5  -11    0   2.929592685  -6.445103907   0.368683E-02   0.724418E-04
  -11    5    0  -6.445103907   2.929592685   0.368683E-02   0.724418E-04
   -5   11    0  -2.929592685   6.445103907   0.368683E-02   0.724418E-04
   -5  -11    0  -2.929592685  -6.445103907   0.368683E-02   0.724418E-04
   11   -5    0   6.445103907  -2.929592685   0.368683E-02   0.724418E-04
   11    5    0   6.445103907   2.929592685   0.368683E-02   0.724418E-04
  -11   -5    0  -6.445103907  -2.929592685   0.368683E-02   0.724418E-04
    5   11    0   2.929592685   6.445103907   0.368683E-02   0.724418E-04
   12    2    0   7.031022444   1.171837074   0.650203E-03  -0.133158E-04
    2  -12    0   1.171837074  -7.031022444   0.650203E-03  -0.133158E-04
  -12    2    0  -7.031022444   1.171837074   0.650203E-03  -0.133158E-04
  -12   -2    0  -7.031022444  -1.171837074   0.650203E-03  -0.133158E-04
   12   -2    0   7.031022444  -1.171837074   0.650203E-03  -0.133158E-04
   -2  -12    0  -1.171837074  -7.031022444   0.650203E-03  -0.133158E-04
   -2   12    0  -1.171837074   7.031022444   0.650203E-03  -0.133158E-04
    2   12    0   1.171837074   7.031022444   0.650203E-03  -0.133158E-04
   -7  -10    0  -4.101429759  -5.859185370   0.205991E-02  -0.226990E-04
   10    7    0   5.859185370   4.101429759  -0.205991E-02  -0.226990E-04
   -7   10    0  -4.101429759   5.859185370   0.205991E-02  -0.226990E-04
   10   -7    0   5.859185370  -4.101429759  -0.205991E-02  -0.226990E-04
    7  -10    0   4.101429759  -5.859185370   0.205991E-02  -0.226990E-04
  -10   -7    0  -5.859185370  -4.101429759  -0.205991E-02  -0.226990E-04
    7   10    0   4.101429759   5.859185370   0.205991E-02  -0.226990E-04
  -10    7    0  -5.859185370   4.101429759  -0.205991E-02  -0.226990E-04
   -3  -12    0  -1.757755611  -7.031022444  -0.352355E-03   0.632522E-04
   12    3    0   7.031022444   1.757755611   0.352355E-03   0.632522E-04
    3   12    0   1.757755611   7.031022444  -0.352355E-03   0.632522E-04
    3  -12    0   1.757755611  -7.031022444  -0.352355E-03   0.632522E-04
  -12    3    0  -7.031022444   1.757755611   0.352355E-03   0.632522E-04
   12   -3    0   7.031022444  -1.757755611   0.352355E-03   0.632522E-04
  -12   -3    0  -7.031022444  -1.757755611   0.352355E-03   0.632522E-04
   -3   12    0  -1.757755611   7.031022444  -0.352355E-03   0.632522E-04
  -11    6    0  -6.445103907   3.515511222   0.689236E-02   0.841446E-04
  -11   -6    0  -6.445103907  -3.515511222   0.689236E-02   0.841446E-04
   11   -6    0   6.445103907  -3.515511222   0.689236E-02   0.841446E-04
    6   11    0   3.515511222   6.445103907  -0.689236E-02   0.841446E-04
    6  -11    0   3.515511222  -6.445103907  -0.689236E-02   0.841446E-04
   11    6    0   6.445103907   3.515511222   0.689236E-02   0.841446E-04
   -6   11    0  -3.515511222   6.445103907  -0.689236E-02   0.841446E-04
   -6  -11    0  -3.515511222  -6.445103907  -0.689236E-02   0.841446E-04
   -4  -12    0  -2.343674148  -7.031022444  -0.109929E-02   0.316918E-04
   12   -4    0   7.031022444  -2.343674148  -0.109929E-02   0.316918E-04
  -12   -4    0  -7.031022444  -2.343674148  -0.109929E-02   0.316918E-04
   -4   12    0  -2.343674148   7.031022444  -0.109929E-02   0.316918E-04
   12    4    0   7.031022444   2.343674148  -0.109929E-02   0.316918E-04
    4  -12    0   2.343674148  -7.031022444  -0.109929E-02   0.316918E-04
  -12    4    0  -7.031022444   2.343674148  -0.109929E-02   0.316918E-04
    4   12    0   2.343674148   7.031022444  -0.109929E-02   0.316918E-04
   -9    9    0  -5.273266833   5.273266833   0.652466E-02   0.501663E-04
    9   -9    0   5.273266833  -5.273266833   0.652466E-02   0.501663E-04
    9    9    0   5.273266833   5.273266833   0.652466E-02   0.501663E-04
   -9   -9    0  -5.273266833  -5.273266833   0.652466E-02   0.501663E-04
    8  -10    0   4.687348296  -5.859185370   0.190409E-03  -0.598977E-05
   -8   10    0  -4.687348296   5.859185370   0.190409E-03  -0.598977E-05
  -10   -8    0  -5.859185370  -4.687348296   0.190409E-03  -0.598977E-05
   10   -8    0   5.859185370  -4.687348296   0.190409E-03  -0.598977E-05
  -10    8    0  -5.859185370   4.687348296   0.190409E-03  -0.598977E-05
   10    8    0   5.859185370   4.687348296   0.190409E-03  -0.598977E-05
   -8  -10    0  -4.687348296  -5.859185370   0.190409E-03  -0.598977E-05
    8   10    0   4.687348296   5.859185370   0.190409E-03  -0.598977E-05
  -13    0    0  -7.616940981   0.000000000  -0.437384E-16  -0.283416E-05
    0  -13    0  -0.000000000  -7.616940981  -0.495182E-16  -0.283416E-05
   13    0    0   7.616940981  -0.000000000  -0.437384E-16  -0.283416E-05
    0   13    0   0.000000000   7.616940981  -0.495182E-16  -0.283416E-05
   -5  -12    0  -2.929592685  -7.031022444   0.371320E-02   0.686828E-04
   12   -5    0   7.031022444  -2.929592685  -0.371320E-02   0.686828E-04
   -5   12    0  -2.929592685   7.031022444   0.371320E-02   0.686828E-04
  -12    5    0  -7.031022444   2.929592685  -0.371320E-02   0.686828E-04
    5  -12    0   2.929592685  -7.031022444   0.371320E-02   0.686828E-04
    5   12    0   2.929592685   7.031022444   0.371320E-02   0.686828E-04
   12    5    0   7.031022444   2.929592685  -0.371320E-02   0.686828E-04
  -12   -5    0  -7.031022444  -2.929592685  -0.371320E-02   0.686828E-04
   -1  -13    0  -0.585918537  -7.616940981   0.218169E-02  -0.683415E-04
   -1   13    0  -0.585918537   7.616940981   0.218169E-02  -0.683415E-04
    1  -13    0   0.585918537  -7.616940981   0.218169E-02  -0.683415E-04
   13   -1    0   7.616940981  -0.585918537   0.218169E-02  -0.683415E-04
    1   13    0   0.585918537   7.616940981   0.218169E-02  -0.683415E-04
   13    1    0   7.616940981   0.585918537   0.218169E-02  -0.683415E-04
  -13   -1    0  -7.616940981  -0.585918537   0.218169E-02  -0.683415E-04
  -13    1    0  -7.616940981   0.585918537   0.218169E-02  -0.683415E-04
   -7   11    0  -4.101429759   6.445103907  -0.235001E-02   0.891925E-05
    7  -11    0   4.101429759  -6.445103907  -0.235001E-02   0.891925E-05
   11   -7    0   6.445103907  -4.101429759  -0.235001E-02   0.891925E-05
  -11   -7    0  -6.445103907  -4.101429759  -0.235001E-02   0.891925E-05
   11    7    0   6.445103907   4.101429759  -0.235001E-02   0.891925E-05
    7   11    0   4.101429759   6.445103907  -0.235001E-02   0.891925E-05
  -11    7    0  -6.445103907   4.101429759  -0.235001E-02   0.891925E-05
   -7  -11    0  -4.101429759  -6.445103907  -0.235001E-02   0.891925E-05
  -13   -2    0  -7.616940981  -1.171837074  -0.813697E-03   0.175389E-04
   -2   13    0  -1.171837074   7.616940981   0.813697E-03   0.175389E-04
    2   13    0   1.171837074   7.616940981   0.813697E-03   0.175389E-04
   -2  -13    0  -1.171837074  -7.616940981   0.813697E-03   0.175389E-04
    2  -13    0   1.171837074  -7.616940981   0.813697E-03   0.175389E-04
   13    2    0   7.616940981   1.171837074  -0.813697E-03   0.175389E-04
  -13    2    0  -7.616940981   1.171837074  -0.813697E-03   0.175389E-04
   13   -2    0   7.616940981  -1.171837074  -0.813697E-03   0.175389E-04
  -13   -3    0  -7.616940981  -1.757755611   0.446734E-02   0.142666E-03
   13   -3    0   7.616940981  -1.757755611   0.446734E-02   0.142666E-03
   13    3    0   7.616940981   1.757755611   0.446734E-02   0.142666E-03
    3  -13    0   1.757755611  -7.616940981   0.446734E-02   0.142666E-03
   -3   13    0  -1.757755611   7.616940981   0.446734E-02   0.142666E-03
    3   13    0   1.757755611   7.616940981   0.446734E-02   0.142666E-03
   -3  -13    0  -1.757755611  -7.616940981   0.446734E-02   0.142666E-03
  -13    3    0  -7.616940981   1.757755611   0.446734E-02   0.142666E-03
  -12   -6    0  -7.031022444  -3.515511222   0.261707E-02   0.765282E-04
    6   12    0   3.515511222   7.031022444   0.261707E-02   0.765282E-04
   12    6    0   7.031022444   3.515511222   0.261707E-02   0.765282E-04
  -12    6    0  -7.031022444   3.515511222   0.261707E-02   0.765282E-04
    6  -12    0   3.515511222  -7.031022444   0.261707E-02   0.765282E-04
   12   -6    0   7.031022444  -3.515511222   0.261707E-02   0.765282E-04
   -6  -12    0  -3.515511222  -7.031022444   0.261707E-02   0.765282E-04
   -6   12    0  -3.515511222   7.031022444   0.261707E-02   0.765282E-04
   10   -9    0   5.859185370  -5.273266833  -0.258968E-02   0.291445E-04
  -10   -9    0  -5.859185370  -5.273266833  -0.258968E-02   0.291445E-04
   -9   10    0  -5.273266833   5.859185370   0.258968E-02   0.291445E-04
    9   10    0   5.273266833   5.859185370   0.258968E-02   0.291445E-04
    9  -10    0   5.273266833  -5.859185370   0.258968E-02   0.291445E-04
  -10    9    0  -5.859185370   5.273266833  -0.258968E-02   0.291445E-04
   10    9    0   5.859185370   5.273266833  -0.258968E-02   0.291445E-04
   -9  -10    0  -5.273266833  -5.859185370   0.258968E-02   0.291445E-04
   13    4    0   7.616940981   2.343674148  -0.346419E-02  -0.328116E-04
   -4   13    0  -2.343674148   7.616940981   0.346419E-02  -0.328116E-04
  -13   -4    0  -7.616940981  -2.343674148  -0.346419E-02  -0.328116E-04
   13   -4    0   7.616940981  -2.343674148  -0.346419E-02  -0.328116E-04
  -13    4    0  -7.616940981   2.343674148  -0.346419E-02  -0.328116E-04
    4   13    0   2.343674148   7.616940981   0.346419E-02  -0.328116E-04
    4  -13    0   2.343674148  -7.616940981   0.346419E-02  -0.328116E-04
   -4  -13    0  -2.343674148  -7.616940981   0.346419E-02  -0.328116E-04
    8   11    0   4.687348296   6.445103907   0.508693E-02   0.674299E-04
  -11    8    0  -6.445103907   4.687348296  -0.508693E-02   0.674299E-04
  -11   -8    0  -6.445103907  -4.687348296  -0.508693E-02   0.674299E-04
    8  -11    0   4.687348296  -6.445103907   0.508693E-02   0.674299E-04
   -8  -11    0  -4.687348296  -6.445103907   0.508693E-02   0.674299E-04
   11   -8    0   6.445103907  -4.687348296  -0.508693E-02   0.674299E-04
   11    8    0   6.445103907   4.687348296  -0.508693E-02   0.674299E-04
   -8   11    0  -4.687348296   6.445103907   0.508693E-02   0.674299E-04
   12    7    0   7.031022444   4.101429759  -0.418989E-03  -0.480073E-04
  -12   -7    0  -7.031022444  -4.101429759  -0.418989E-03  -0.480073E-04
    7  -12    0   4.101429759  -7.031022444   0.418989E-03  -0.480073E-04
   -7   12    0  -4.101429759   7.031022444   0.418989E-03  -0.480073E-04
  -12    7    0  -7.031022444   4.101429759  -0.418989E-03  -0.480073E-04
    7   12    0   4.101429759   7.031022444   0.418989E-03  -0.480073E-04
   -7  -12    0  -4.101429759  -7.031022444   0.418989E-03  -0.480073E-04
   12   -7    0   7.031022444  -4.101429759  -0.418989E-03  -0.480073E-04
  -13    5    0  -7.616940981   2.929592685  -0.616539E-02  -0.318771E-04
   13    5    0   7.616940981   2.929592685  -0.616539E-02  -0.318771E-04
    5  -13    0   2.929592685  -7.616940981  -0.616539E-02  -0.318771E-04
   -5   13    0  -2.929592685   7.616940981  -0.616539E-02  -0.318771E-04
    5   13    0   2.929592685   7.616940981  -0.616539E-02  -0.318771E-04
   13   -5    0   7.616940981  -2.929592685  -0.616539E-02  -0.318771E-04
  -13   -5    0  -7.616940981  -2.929592685  -0.616539E-02  -0.318771E-04
   -5  -13    0  -2.929592685  -7.616940981  -0.616539E-02  -0.318771E-04
    0  -14    0  -0.000000000  -8.202859519  -0.918944E-02  -0.161721E-03
    0   14    0   0.000000000   8.202859519  -0.918944E-02  -0.161721E-03
  -14    0    0  -8.202859519   0.000000000  -0.918944E-02  -0.161721E-03
   14    0    0   8.202859519  -0.000000000  -0.918944E-02  -0.161721E-03
  -14    1    0  -8.202859519   0.585918537  -0.441967E-02  -0.100070E-03
   -1   14    0  -0.585918537   8.202859519   0.441967E-02  -0.100070E-03
   14   -1    0   8.202859519  -0.585918537  -0.441967E-02  -0.100070E-03
  -14   -1    0  -8.202859519  -0.585918537  -0.441967E-02  -0.100070E-03
   14    1    0   8.202859519   0.585918537  -0.441967E-02  -0.100070E-03
   -1  -14    0  -0.585918537  -8.202859519   0.441967E-02  -0.100070E-03
    1   14    0   0.585918537   8.202859519   0.441967E-02  -0.100070E-03
    1  -14    0   0.585918537  -8.202859519   0.441967E-02  -0.100070E-03
  -10   10    0  -5.859185370   5.859185370   0.956177E-02   0.129103E-03
   10  -10    0   5.859185370  -5.859185370   0.956177E-02   0.129103E-03
  -10  -10    0  -5.859185370  -5.859185370   0.956177E-02   0.129103E-03
   10   10    0   5.859185370   5.859185370   0.956177E-02   0.129103E-03
    2  -14    0   1.171837074  -8.202859519   0.358279E-03  -0.238441E-04
   14    2    0   8.202859519   1.171837074   0.358279E-03  -0.238441E-04
   14   -2    0   8.202859519  -1.171837074   0.358279E-03  -0.238441E-04
  -14   -2    0  -8.202859519  -1.171837074   0.358279E-03  -0.238441E-04
   -2   14    0  -1.171837074   8.202859519   0.358279E-03  -0.238441E-04
  -14    2    0  -8.202859519   1.171837074   0.358279E-03  -0.238441E-04
   -2  -14    0  -1.171837074  -8.202859519   0.358279E-03  -0.238441E-04
    2   14    0   1.171837074   8.202859519   0.358279E-03  -0.238441E-04
  -11    9    0  -6.445103907   5.273266833  -0.462670E-02  -0.238384E-04
   -9   11    0  -5.273266833   6.445103907  -0.462670E-02  -0.238384E-04
   11   -9    0   6.445103907  -5.273266833  -0.462670E-02  -0.238384E-04
   -9  -11    0  -5.273266833  -6.445103907  -0.462670E-02  -0.238384E-04
    9  -11    0   5.273266833  -6.445103907  -0.462670E-02  -0.238384E-04
  -11   -9    0  -6.445103907  -5.273266833  -0.462670E-02  -0.238384E-04
    9   11    0   5.273266833   6.445103907  -0.462670E-02  -0.238384E-04
   11    9    0   6.445103907   5.273266833  -0.462670E-02  -0.238384E-04
   13   -6    0   7.616940981  -3.515511222   0.230158E-02  -0.231241E-04
   -6   13    0  -3.515511222   7.616940981  -0.230158E-02  -0.231241E-04
  -13   -6    0  -7.616940981  -3.515511222   0.230158E-02  -0.231241E-04
    6   13    0   3.515511222   7.616940981  -0.230158E-02  -0.231241E-04
   -6  -13    0  -3.515511222  -7.616940981  -0.230158E-02  -0.231241E-04
  -13    6    0  -7.616940981   3.515511222   0.230158E-02  -0.231241E-04
    6  -13    0   3.515511222  -7.616940981  -0.230158E-02  -0.231241E-04
   13    6    0   7.616940981   3.515511222   0.230158E-02  -0.231241E-04
  -14   -3    0  -8.202859519  -1.757755611   0.170473E-02   0.309874E-04
   -3  -14    0  -1.757755611  -8.202859519  -0.170473E-02   0.309874E-04
  -14    3    0  -8.202859519   1.757755611   0.170473E-02   0.309874E-04
   14   -3    0   8.202859519  -1.757755611   0.170473E-02   0.309874E-04
    3  -14    0   1.757755611  -8.202859519  -0.170473E-02   0.309874E-04
   14    3    0   8.202859519   1.757755611   0.170473E-02   0.309874E-04
    3   14    0   1.757755611   8.202859519  -0.170473E-02   0.309874E-04
   -3   14    0  -1.757755611   8.202859519  -0.170473E-02   0.309874E-04
   -8  -12    0  -4.687348296  -7.031022444  -0.685668E-03  -0.774994E-05
   12   -8    0   7.031022444  -4.687348296  -0.685668E-03  -0.774994E-05
    8  -12    0   4.687348296  -7.031022444  -0.685668E-03  -0.774994E-05
    8   12    0   4.687348296   7.031022444  -0.685668E-03  -0.774994E-05
   -8   12    0  -4.687348296   7.031022444  -0.685668E-03  -0.774994E-05
   12    8    0   7.031022444   4.687348296  -0.685668E-03  -0.774994E-05
  -12    8    0  -7.031022444   4.687348296  -0.685668E-03  -0.774994E-05
  -12   -8    0  -7.031022444  -4.687348296  -0.685668E-03  -0.774994E-05
  -14   -4    0  -8.202859519  -2.343674148  -0.409811E-02   0.191717E-04
  -14    4    0  -8.202859519   2.343674148  -0.409811E-02   0.191717E-04
    4  -14    0   2.343674148  -8.202859519  -0.409811E-02   0.191717E-04
   -4   14    0  -2.343674148   8.202859519  -0.409811E-02   0.191717E-04
   14   -4    0   8.202859519  -2.343674148  -0.409811E-02   0.191717E-04
   14    4    0   8.202859519   2.343674148  -0.409811E-02   0.191717E-04
    4   14    0   2.343674148   8.202859519  -0.409811E-02   0.191717E-04
   -4  -14    0  -2.343674148  -8.202859519  -0.409811E-02   0.191717E-04
   -7   13    0  -4.101429759   7.616940981   0.252031E-02   0.684460E-04
   -7  -13    0  -4.101429759  -7.616940981   0.252031E-02   0.684460E-04
  -13    7    0  -7.616940981   4.101429759   0.252031E-02   0.684460E-04
    7   13    0   4.101429759   7.616940981   0.252031E-02   0.684460E-04
    7  -13    0   4.101429759  -7.616940981   0.252031E-02   0.684460E-04
  -13   -7    0  -7.616940981  -4.101429759   0.252031E-02   0.684460E-04
   13    7    0   7.616940981   4.101429759   0.252031E-02   0.684460E-04
   13   -7    0   7.616940981  -4.101429759   0.252031E-02   0.684460E-04
  -11   10    0  -6.445103907   5.859185370   0.298912E-02   0.503197E-04
   10  -11    0   5.859185370  -6.445103907  -0.298912E-02   0.503197E-04
   10   11    0   5.859185370   6.445103907  -0.298912E-02   0.503197E-04
   11  -10    0   6.445103907  -5.859185370   0.298912E-02   0.503197E-04
   11   10    0   6.445103907   5.859185370   0.298912E-02   0.503197E-04
  -10  -11    0  -5.859185370  -6.445103907  -0.298912E-02   0.503197E-04
  -11  -10    0  -6.445103907  -5.859185370   0.298912E-02   0.503197E-04
  -10   11    0  -5.859185370   6.445103907  -0.298912E-02   0.503197E-04
  -14    5    0  -8.202859519   2.929592685  -0.220790E-02  -0.238376E-04
   14    5    0   8.202859519   2.929592685  -0.220790E-02  -0.238376E-04
   14   -5    0   8.202859519  -2.929592685  -0.220790E-02  -0.238376E-04
   -5  -14    0  -2.929592685  -8.202859519   0.220790E-02  -0.238376E-04
    5   14    0   2.929592685   8.202859519   0.220790E-02  -0.238376E-04
   -5   14    0  -2.929592685   8.202859519   0.220790E-02  -0.238376E-04
  -14   -5    0  -8.202859519  -2.929592685  -0.220790E-02  -0.238376E-04
    5  -14    0   2.929592685  -8.202859519   0.220790E-02  -0.238376E-04
   12   -9    0   7.031022444  -5.273266833  -0.101942E-02  -0.215985E-04
   -9  -12    0  -5.273266833  -7.031022444   0.101942E-02  -0.215985E-04
  -12   -9    0  -7.031022444  -5.273266833  -0.101942E-02  -0.215985E-04
   12    9    0   7.031022444   5.273266833  -0.101942E-02  -0.215985E-04
   -9   12    0  -5.273266833   7.031022444   0.101942E-02  -0.215985E-04
    9   12    0   5.273266833   7.031022444   0.101942E-02  -0.215985E-04
  -12    9    0  -7.031022444   5.273266833  -0.101942E-02  -0.215985E-04
    9  -12    0   5.273266833  -7.031022444   0.101942E-02  -0.215985E-04
   14   -6    0   8.202859519  -3.515511222  -0.456142E-02  -0.452216E-04
  -14   -6    0  -8.202859519  -3.515511222  -0.456142E-02  -0.452216E-04
   -6   14    0  -3.515511222   8.202859519  -0.456142E-02  -0.452216E-04
    6  -14    0   3.515511222  -8.202859519  -0.456142E-02  -0.452216E-04
  -14    6    0  -8.202859519   3.515511222  -0.456142E-02  -0.452216E-04
   14    6    0   8.202859519   3.515511222  -0.456142E-02  -0.452216E-04
   -6  -14    0  -3.515511222  -8.202859519  -0.456142E-02  -0.452216E-04
    6   14    0   3.515511222   8.202859519  -0.456142E-02  -0.452216E-04
   -8  -13    0  -4.687348296  -7.616940981   0.703176E-02   0.994236E-04
  -13   -8    0  -7.616940981  -4.687348296  -0.703176E-02   0.994236E-04
   13    8    0   7.616940981   4.687348296  -0.703176E-02   0.994236E-04
    8  -13    0   4.687348296  -7.616940981   0.703176E-02   0.994236E-04
   13   -8    0   7.616940981  -4.687348296  -0.703176E-02   0.994236E-04
   -8   13    0  -4.687348296   7.616940981   0.703176E-02   0.994236E-04
    8   13    0   4.687348296   7.616940981   0.703176E-02   0.994236E-04
  -13    8    0  -7.616940981   4.687348296  -0.703176E-02   0.994236E-04
   11  -11    0   6.445103907  -6.445103907   0.229816E-02   0.518294E-04
  -11  -11    0  -6.445103907  -6.445103907   0.229816E-02   0.518294E-04
   11   11    0   6.445103907   6.445103907   0.229816E-02   0.518294E-04
  -11   11    0  -6.445103907   6.445103907   0.229816E-02   0.518294E-04
  -10   12    0  -5.859185370   7.031022444   0.242433E-02  -0.312079E-04
  -12   10    0  -7.031022444   5.859185370   0.242433E-02  -0.312079E-04
  -12  -10    0  -7.031022444  -5.859185370   0.242433E-02  -0.312079E-04
   12   10    0   7.031022444   5.859185370   0.242433E-02  -0.312079E-04
  -10  -12    0  -5.859185370  -7.031022444   0.242433E-02  -0.312079E-04
   10   12    0   5.859185370   7.031022444   0.242433E-02  -0.312079E-04
   10  -12    0   5.859185370  -7.031022444   0.242433E-02  -0.312079E-04
   12  -10    0   7.031022444  -5.859185370   0.242433E-02  -0.312079E-04
  -14   -7    0  -8.202859519  -4.101429759  -0.124124E-02   0.380187E-04
    7   14    0   4.101429759   8.202859519   0.124124E-02   0.380187E-04
   -7   14    0  -4.101429759   8.202859519   0.124124E-02   0.380187E-04
   14    7    0   8.202859519   4.101429759  -0.124124E-02   0.380187E-04
   -7  -14    0  -4.101429759  -8.202859519   0.124124E-02   0.380187E-04
  -14    7    0  -8.202859519   4.101429759  -0.124124E-02   0.380187E-04
   14   -7    0   8.202859519  -4.101429759  -0.124124E-02   0.380187E-04
    7  -14    0   4.101429759  -8.202859519   0.124124E-02   0.380187E-04
    9  -13    0   5.273266833  -7.616940981   0.434101E-02  -0.228698E-04
  -13   -9    0  -7.616940981  -5.273266833   0.434101E-02  -0.228698E-04
   -9   13    0  -5.273266833   7.616940981   0.434101E-02  -0.228698E-04
   13    9    0   7.616940981   5.273266833   0.434101E-02  -0.228698E-04
   13   -9    0   7.616940981  -5.273266833   0.434101E-02  -0.228698E-04
  -13    9    0  -7.616940981   5.273266833   0.434101E-02  -0.228698E-04
    9   13    0   5.273266833   7.616940981   0.434101E-02  -0.228698E-04
   -9  -13    0  -5.273266833  -7.616940981   0.434101E-02  -0.228698E-04
   -8   14    0  -4.687348296   8.202859519   0.356754E-02  -0.388901E-04
  -14    8    0  -8.202859519   4.687348296   0.356754E-02  -0.388901E-04
   14   -8    0   8.202859519  -4.687348296   0.356754E-02  -0.388901E-04
   -8  -14    0  -4.687348296  -8.202859519   0.356754E-02  -0.388901E-04
   14    8    0   8.202859519   4.687348296   0.356754E-02  -0.388901E-04
  -14   -8    0  -8.202859519  -4.687348296   0.356754E-02  -0.388901E-04
    8  -14    0   4.687348296  -8.202859519   0.356754E-02  -0.388901E-04
    8   14    0   4.687348296   8.202859519   0.356754E-02  -0.388901E-04
  -12   11    0  -7.031022444   6.445103907  -0.365006E-03   0.347857E-04
   11   12    0   6.445103907   7.031022444   0.365006E-03   0.347857E-04
  -11  -12    0  -6.445103907  -7.031022444   0.365006E-03   0.347857E-04
   12  -11    0   7.031022444  -6.445103907  -0.365006E-03   0.347857E-04
   11  -12    0   6.445103907  -7.031022444   0.365006E-03   0.347857E-04
  -11   12    0  -6.445103907   7.031022444   0.365006E-03   0.347857E-04
  -12  -11    0  -7.031022444  -6.445103907  -0.365006E-03   0.347857E-04
   12   11    0   7.031022444   6.445103907  -0.365006E-03   0.347857E-04
  -13   10    0  -7.616940981   5.859185370   0.146131E-02   0.490056E-04
  -13  -10    0  -7.616940981  -5.859185370   0.146131E-02   0.490056E-04
   13  -10    0   7.616940981  -5.859185370   0.146131E-02   0.490056E-04
  -10   13    0  -5.859185370   7.616940981  -0.146131E-02   0.490056E-04
   10  -13    0   5.859185370  -7.616940981  -0.146131E-02   0.490056E-04
   10   13    0   5.859185370   7.616940981  -0.146131E-02   0.490056E-04
   13   10    0   7.616940981   5.859185370   0.146131E-02   0.490056E-04
  -10  -13    0  -5.859185370  -7.616940981  -0.146131E-02   0.490056E-04
   14   -9    0   8.202859519  -5.273266833  -0.276125E-02  -0.689389E-04
  -14    9    0  -8.202859519   5.273266833  -0.276125E-02  -0.689389E-04
    9  -14    0   5.273266833  -8.202859519   0.276125E-02  -0.689389E-04
   -9   14    0  -5.273266833   8.202859519   0.276125E-02  -0.689389E-04
   14    9    0   8.202859519   5.273266833  -0.276125E-02  -0.689389E-04
   -9  -14    0  -5.273266833  -8.202859519   0.276125E-02  -0.689389E-04
  -14   -9    0  -8.202859519  -5.273266833  -0.276125E-02  -0.689389E-04
    9   14    0   5.273266833   8.202859519   0.276125E-02  -0.689389E-04
   12   12    0   7.031022444   7.031022444  -0.610030E-03   0.641315E-04
   12  -12    0   7.031022444  -7.031022444  -0.610030E-03   0.641315E-04
  -12  -12    0  -7.031022444  -7.031022444  -0.610030E-03   0.641315E-04
  -12   12    0  -7.031022444   7.031022444  -0.610030E-03   0.641315E-04
   11   13    0   6.445103907   7.616940981  -0.495873E-02  -0.667706E-04
  -13  -11    0  -7.616940981  -6.445103907  -0.495873E-02  -0.667706E-04
  -11  -13    0  -6.445103907  -7.616940981  -0.495873E-02  -0.667706E-04
  -13   11    0  -7.616940981   6.445103907  -0.495873E-02  -0.667706E-04
  -11   13    0  -6.445103907   7.616940981  -0.495873E-02  -0.667706E-04
   11  -13    0   6.445103907  -7.616940981  -0.495873E-02  -0.667706E-04
   13  -11    0   7.616940981  -6.445103907  -0.495873E-02  -0.667706E-04
   13   11    0   7.616940981   6.445103907  -0.495873E-02  -0.667706E-04
  -14   10    0  -8.202859519   5.859185370  -0.167543E-03   0.947429E-04
  -14  -10    0  -8.202859519  -5.859185370  -0.167543E-03   0.947429E-04
   10  -14    0   5.859185370  -8.202859519  -0.167543E-03   0.947429E-04
   14  -10    0   8.202859519  -5.859185370  -0.167543E-03   0.947429E-04
   14   10    0   8.202859519   5.859185370  -0.167543E-03   0.947429E-04
  -10  -14    0  -5.859185370  -8.202859519  -0.167543E-03   0.947429E-04
  -10   14    0  -5.859185370   8.202859519  -0.167543E-03   0.947429E-04
   10   14    0   5.859185370   8.202859519  -0.167543E-03   0.947429E-04
  -12  -13    0  -7.031022444  -7.616940981   0.488770E-02  -0.417945E-04
   12  -13    0   7.031022444  -7.616940981   0.488770E-02  -0.417945E-04
  -13   12    0  -7.616940981   7.031022444  -0.488770E-02  -0.417945E-04
  -13  -12    0  -7.616940981  -7.031022444  -0.488770E-02  -0.417945E-04
   13   12    0   7.616940981   7.031022444  -0.488770E-02  -0.417945E-04
  -12   13    0  -7.031022444   7.616940981   0.488770E-02  -0.417945E-04
   12   13    0   7.031022444   7.616940981   0.488770E-02  -0.417945E-04
   13  -12    0   7.616940981  -7.031022444  -0.488770E-02  -0.417945E-04
   11  -14    0   6.445103907  -8.202859519   0.242041E-02  -0.441100E-04
  -11   14    0  -6.445103907   8.202859519   0.242041E-02  -0.441100E-04
  -14  -11    0  -8.202859519  -6.445103907  -0.242041E-02  -0.441100E-04
  -14   11    0  -8.202859519   6.445103907  -0.242041E-02  -0.441100E-04
  -11  -14    0  -6.445103907  -8.202859519   0.242041E-02  -0.441100E-04
   14  -11    0   8.202859519  -6.445103907  -0.242041E-02  -0.441100E-04
   11   14    0   6.445103907   8.202859519   0.242041E-02  -0.441100E-04
   14   11    0   8.202859519   6.445103907  -0.242041E-02  -0.441100E-04
  -13   13    0  -7.616940981   7.616940981  -0.386503E-03  -0.164397E-04
   13   13    0   7.616940981   7.616940981  -0.386503E-03  -0.164397E-04
  -13  -13    0  -7.616940981  -7.616940981  -0.386503E-03  -0.164397E-04
   13  -13    0   7.616940981  -7.616940981  -0.386503E-03  -0.164397E-04
   14  -12    0   8.202859519  -7.031022444  -0.724630E-03  -0.353478E-04
  -12  -14    0  -7.031022444  -8.202859519  -0.724630E-03  -0.353478E-04
   14   12    0   8.202859519   7.031022444  -0.724630E-03  -0.353478E-04
   12  -14    0   7.031022444  -8.202859519  -0.724630E-03  -0.353478E-04
   12   14    0   7.031022444   8.202859519  -0.724630E-03  -0.353478E-04
  -14  -12    0  -8.202859519  -7.031022444  -0.724630E-03  -0.353478E-04
  -12   14    0  -7.031022444   8.202859519  -0.724630E-03  -0.353478E-04
  -14   12    0  -8.202859519   7.031022444  -0.724630E-03  -0.353478E-04
  -14  -13    0  -8.202859519  -7.616940981   0.182171E-02   0.600706E-04
   14   13    0   8.202859519   7.616940981   0.182171E-02   0.600706E-04
  -13  -14    0  -7.616940981  -8.202859519  -0.182171E-02   0.600706E-04
  -13   14    0  -7.616940981   8.202859519  -0.182171E-02   0.600706E-04
   14  -13    0   8.202859519  -7.616940981   0.182171E-02   0.600706E-04
   13   14    0   7.616940981   8.202859519  -0.182171E-02   0.600706E-04
   13  -14    0   7.616940981  -8.202859519  -0.182171E-02   0.600706E-04
  -14   13    0  -8.202859519   7.616940981   0.182171E-02   0.600706E-04
  -14   14    0  -8.202859519   8.202859519   0.444977E-02  -0.407208E-04
   14  -14    0   8.202859519  -8.202859519   0.444977E-02  -0.407208E-04
  -14  -14    0  -8.202859519  -8.202859519   0.444977E-02  -0.407208E-04
   14   14    0   8.202859519   8.202859519   0.444977E-02  -0.407208E-04
